security_code,trade_date,close,turnover_rate,turnover_rate_f,volume_ratio,pe,pe_ttm,pb,ps,ps_ttm,dv_ratio,dv_ttm,total_share,float_share,free_share,total_mv,circ_mv,data_date
000949.SZ,2001-12-31,5.69,0.2357,0.2357,0.97,28.3217,31.2765,2.8299,4.3893,4.1279,4.3108,2.8739,49057.1412,15000.0,15000.0,279135.1334,85350.0,2023-08-05
600727.SH,2001-12-31,13.15,0.158,0.158,0.83,25.4406,27.4045,2.3221,5.9539,6.4631,0.0,1.8964,37930.0,15210.0,15210.0,498779.5,200011.5,2023-08-05
600761.SH,2001-12-31,9.13,0.4384,0.4384,1.07,32.0332,25.1261,2.7345,3.8516,3.4956,0.0,7.1366,20463.6311,9422.0311,9422.0311,186832.9519,86023.1439,2023-08-05
000903.SZ,2001-12-31,11.53,0.3005,0.3005,1.49,25.9583,19.8292,3.2083,5.0619,3.6775,,3.0356,18000.0,6000.0,6000.0,207540.0,69180.0,2023-08-05
600075.SH,2001-12-31,9.69,0.1713,0.1713,0.7,25.1048,21.9308,1.9938,1.5559,1.5841,0.0,2.408,22680.0,9720.0,9720.0,219769.2,94186.8,2023-08-05
600650.SH,2001-12-31,11.88,0.1349,0.1349,0.56,1049.2643,752.8774,3.9556,27.3774,25.0114,0.0,,50146.3733,3801.6,3801.6,595738.9148,45163.008,2023-08-05
000549.SZ,2001-12-31,23.06,0.4581,0.4581,0.55,111.634,109.0258,10.186,6.2174,5.6463,0.0,0.8478,41612.736,26604.864,26604.864,959589.6922,613508.1638,2023-08-05
600734.SH,2001-12-31,10.18,0.2883,0.2883,0.35,,,6.5952,1.1178,1.0783,0.0,,35155.8394,13273.2144,13273.2144,357886.4451,135121.3226,2023-08-05
600877.SH,2001-12-31,6.16,0.1126,0.1126,0.4,123.9871,261.2259,2.1072,1.1347,1.0622,4.2037,,47387.084,21960.0,21960.0,291904.4374,135273.6,2023-08-05
600791.SH,2001-12-31,15.72,0.3752,0.3752,0.74,,,14.8452,13.1099,17.3837,0.0,,9900.0,3300.0,3300.0,155628.0,51876.0,2023-08-05
000404.SZ,2001-12-31,7.13,0.1675,0.1675,0.63,55.5401,87.3833,2.8244,9.3546,9.1738,0.0,3.4847,26085.3837,9548.6037,9548.6037,185988.7858,68081.5444,2023-08-05
000877.SZ,2001-12-31,14.44,0.4596,0.5515,1.11,36.9053,30.9089,3.5354,6.2,4.5648,1.7238,2.5652,17335.2,7800.0,6500.0,250320.288,112632.0,2023-08-05
000893.SZ,2001-12-31,8.93,0.224,0.224,0.5,,,4.3603,14.2815,9.6567,0.0,,22200.0,5700.0,5700.0,198246.0,50901.0,2023-08-05
600783.SH,2001-12-31,9.85,0.3424,0.3424,0.52,,,6.7532,9.7259,10.3335,0.0,,20227.89,6489.6,6489.6,199244.7165,63922.56,2023-08-05
000593.SZ,2001-12-31,13.9,0.6709,0.6709,0.73,114.5966,110.5061,7.8264,7.5938,6.667,2.1969,,17300.6626,5665.3758,5665.3758,240479.2101,78748.7236,2023-08-05
600813.SH,2001-12-31,5.12,11.2511,11.2511,3.39,,,,10.1064,13.9516,0.0,,25800.0,9960.0,9960.0,132096.0,50995.2,2023-08-05
600233.SH,2001-12-31,16.26,0.5546,0.5546,3.02,60.2749,60.558,4.3743,6.1932,6.1918,0.0,386.58,11000.0,3500.0,3500.0,178860.0,56910.0,2023-08-05
600623.SH,2001-12-31,12.18,0.2734,0.2734,0.82,,,10.3458,2.9847,3.7906,0.0,,88946.7722,2288.0,2288.0,1083371.6854,27867.84,2023-08-05
000034.SZ,2001-12-31,9.88,0.1742,0.1742,0.69,11.3234,10.5187,8.8114,7.3916,3.3569,0.0,,31113.94,8465.8866,8465.8866,307405.7272,83642.9596,2023-08-05
600057.SH,2001-12-31,6.9,0.1322,0.1322,0.98,,,5.0846,2.4878,2.5697,0.0,,35820.0,14400.0,14400.0,247158.0,99360.0,2023-08-05
000716.SZ,2001-12-31,13.15,0.2803,0.2803,1.22,300.6577,301.8915,5.5027,13.3426,14.0863,0.0,,13712.2722,7796.0603,7796.0603,180316.3794,102518.1929,2023-08-05
600323.SH,2001-12-31,13.77,0.2583,0.2583,1.08,72.1449,51.2768,4.2326,21.8054,16.9471,,1.8155,20851.4168,6500.0,6500.0,287124.0093,89505.0,2023-08-05
000790.SZ,2001-12-31,15.69,0.3707,0.7229,0.9,81.5839,69.741,7.9749,11.2074,8.9941,1.5227,0.6835,12798.0,3978.0,2040.0,200800.62,62414.82,2023-08-05
600105.SH,2001-12-31,12.62,0.0753,0.0753,0.57,50.8689,37.5002,4.6258,4.399,3.3975,0.0,2.6372,24961.0462,7500.0,7500.0,315008.403,94650.0,2023-08-05
600756.SH,2001-12-31,18.16,0.527,2.1027,1.73,171.74,60.5645,11.0795,52.5119,13.9432,0.0,0.8828,16522.08,6870.24,1722.0,300040.9728,124763.5584,2023-08-05
600310.SH,2001-12-31,17.43,0.2659,0.2659,0.27,58.7391,48.6783,4.5356,6.828,7.1343,,,15675.0,4500.0,4500.0,273215.25,78435.0,2023-08-05
600178.SH,2001-12-31,8.89,2.0107,2.6139,5.04,29.3545,30.0875,2.7298,2.6433,2.2907,8.5736,8.5736,46208.0,13858.0,10660.0,410789.12,123197.62,2023-08-05
600419.SH,2001-12-31,19.52,1.5062,1.5062,1.19,122.5718,122.5718,5.625,10.6224,10.6224,,,8016.0,3000.0,3000.0,156472.32,58560.0,2023-08-05
600217.SH,2001-12-31,11.78,0.1805,0.1805,0.52,78.5422,73.105,7.1266,12.2742,11.3229,0.6367,0.2122,41300.0,14000.0,14000.0,486514.0,164920.0,2023-08-05
600295.SH,2001-12-31,15.17,0.2185,0.2185,0.75,37.9251,32.3212,2.6499,4.2967,3.4671,,,51600.0,8000.0,8000.0,782772.0,121360.0,2023-08-05
000049.SZ,2001-12-31,10.35,0.2698,0.2698,0.27,3239.2654,,7.3422,50.1172,48.6701,0.0,,13682.9159,4472.3572,4472.3572,141618.1796,46288.897,2023-08-05
600289.SH,2001-12-31,31.21,0.7358,0.7358,3.21,53.3735,44.8204,3.7945,6.9776,5.9457,0.0,169.64,10589.0,4000.0,4000.0,330482.69,124840.0,2023-08-05
000656.SZ,2001-12-31,6.31,1.5278,1.5278,1.13,547.9107,,4.5442,2.8342,2.9259,0.0,,20582.1847,7370.0,7370.0,129873.5855,46504.7,2023-08-05
000545.SZ,2001-12-31,9.15,0.2268,0.2268,0.77,254.7233,131.0734,7.485,8.3295,8.3648,0.0,,13563.582,6809.582,6809.582,124106.7753,62307.6753,2023-08-05
600246.SH,2001-12-31,19.98,0.9786,0.9786,0.85,101.7379,108.9709,6.1646,9.7016,9.8159,,1.2279,9200.0,3000.0,3000.0,183816.0,59940.0,2023-08-05
600698.SH,2001-12-31,4.87,0.1292,0.1292,0.94,,,1.9311,8.8609,7.719,0.0,,97181.744,30671.004,30671.004,473275.0933,149367.7895,2023-08-05
000028.SZ,2001-12-31,16.47,2.6811,2.6811,1.35,,118.466,12.6245,43.9839,5.5501,0.0,,28814.94,5488.56,5488.56,474582.0618,90396.5832,2023-08-05
600796.SH,2001-12-31,14.54,1.3883,1.3883,0.94,39.579,41.452,5.831,7.7981,7.7525,6.7642,3.3821,10651.4,3249.0,3249.0,154871.356,47240.46,2023-08-05
600219.SH,2001-12-31,13.76,0.9574,0.9574,6.19,25.5077,21.8656,2.845,3.8106,3.7369,0.0,373.55,25700.0,7500.0,7500.0,353632.0,103200.0,2023-08-05
000765.SZ,2001-12-31,8.31,0.5151,0.8242,0.72,122.5822,234.1879,7.1151,7.8527,8.2875,0.0,0.3313,24885.6652,7061.6448,4413.528,206799.8778,58682.2683,2023-08-05
000012.SZ,2001-12-31,12.18,0.32,0.32,1.57,50.2078,50.5194,4.4885,7.3856,7.2857,0.0,0.9852,67697.5416,10716.5997,10716.5997,824556.0567,130528.1843,2023-08-05
000892.SZ,2001-12-31,11.45,0.5182,0.7774,0.75,59.4057,53.831,8.0058,18.0536,14.9517,0.0,0.4367,41387.688,12000.0,8000.0,473889.0276,137400.0,2023-08-05
600635.SH,2001-12-31,10.05,0.2554,0.2554,0.57,37.3389,37.268,3.993,20.7013,22.7844,2.7622,3.683,47618.1666,25729.9166,25729.9166,478562.5743,258585.6618,2023-08-05
600774.SH,2001-12-31,14.61,0.7064,0.7064,0.72,50.7124,57.677,3.0463,2.2105,2.3825,0.0,1.8682,9446.72,3461.12,3461.12,138016.5792,50566.9632,2023-08-05
600740.SH,2001-12-31,11.54,0.5583,0.5583,0.94,49.0606,42.0193,3.4925,7.1884,5.1395,0.0,2.0802,20285.0,8450.0,8450.0,234088.9,97513.0,2023-08-05
600072.SH,2001-12-31,9.27,0.4282,0.4282,0.5,127.9778,113.4361,2.6735,7.1994,6.7769,0.0,,27458.08,12480.0,12480.0,254536.4016,115689.6,2023-08-05
600006.SH,2001-12-31,11.01,0.2936,0.2936,0.27,29.4511,24.2594,3.7946,3.1963,2.9181,0.9083,7.5689,100000.0,30000.0,30000.0,1101000.0,330300.0,2023-08-05
600897.SH,2001-12-31,12.38,0.341,0.341,0.9,64.9871,64.9407,2.8893,18.4899,18.6194,0.0,3.231,27000.0,6750.0,6750.0,334260.0,83565.0,2023-08-05
600225.SH,2001-12-31,9.45,0.1567,0.1567,0.26,57.5422,56.8408,4.6887,5.1299,5.2129,0.0,105.04,20100.0,6750.0,6750.0,189945.0,63787.5,2023-08-05
600612.SH,2001-12-31,11.91,3.1789,3.1789,1.35,245.6899,447.8049,6.6374,2.9964,3.0106,0.0,,25177.9396,2908.7916,2908.7916,299869.2606,34643.708,2023-08-05
000001.SZ,2001-12-31,12.25,0.1501,0.1903,0.91,47.056,43.1966,4.8039,13.1482,9.0663,0.0,,194582.2149,140936.1965,111159.3935,2383632.1325,1726468.4071,2023-08-05
600726.SH,2001-12-31,7.19,0.1121,0.1121,0.62,35.8785,40.5451,2.8224,9.9838,7.8342,0.0,1.0431,112126.496,16800.0,16800.0,806189.5062,120792.0,2023-08-05
000530.SZ,2001-12-31,8.41,0.1249,0.1249,0.65,37.6657,35.3574,2.5999,3.6764,3.5108,1.1891,1.1891,35001.4975,9837.0225,9837.0225,294362.594,82729.3592,2023-08-05
600889.SH,2001-12-31,9.32,0.112,0.112,0.23,37.8649,39.9922,3.2046,5.1647,4.7195,0.0,1.2971,16154.7393,6681.8544,6681.8544,150562.1703,62274.883,2023-08-05
000010.SZ,2001-12-31,10.15,0.1648,0.2257,0.65,74.8256,62.5069,9.7121,2.7982,2.8145,0.0,,14701.7448,6779.3844,4950.0874,149222.7097,68810.7517,2023-08-05
600145.SH,2001-12-31,10.58,0.1027,0.1027,0.37,72.5558,31.7585,6.5994,13.1985,9.2211,0.3315,0.3647,24750.0,8910.0,8910.0,261855.0,94267.8,2023-08-05
000498.SZ,2001-12-31,6.91,1.0772,1.0772,1.14,380.196,627.2716,3.7116,3.2104,3.2113,0.0,,39000.0,17400.0,17400.0,269490.0,120234.0,2023-08-05
600337.SH,2001-12-31,22.6,0.2941,0.2941,1.68,56.0072,56.0072,3.2759,8.8155,8.8155,,0.885,9208.0,4000.0,4000.0,208100.8,90400.0,2023-08-05
600151.SH,2001-12-31,10.21,0.2131,0.2131,0.64,32.7128,29.3524,3.8326,4.955,4.5701,1.4126,4.0496,46784.0,14144.0,14144.0,477664.64,144410.24,2023-08-05
600673.SH,2001-12-31,12.0,1.7119,1.7119,1.06,1058.857,124.9002,10.1383,11.6883,10.4591,0.0,,11079.4394,4554.0,4554.0,132953.2728,54648.0,2023-08-05
000999.SZ,2001-12-31,11.14,0.2363,0.2597,0.79,41.6137,44.4778,3.1613,4.5887,4.3496,0.0,8.7873,75300.0,20000.0,18200.0,838842.0,222800.0,2023-08-05
000522.SZ,2001-12-31,8.69,1.1873,1.1873,1.85,45.3294,56.3979,41.2008,3.9549,3.8922,0.0,,37434.4355,15654.4355,15654.4355,325305.2445,136037.0445,2023-08-05
600150.SH,2001-12-31,9.0,0.517,0.517,0.76,,,4.6993,3.0069,2.5937,0.0,,24149.312,7700.0,7700.0,217343.808,69300.0,2023-08-05
600760.SH,2001-12-31,7.89,0.1459,0.1459,1.04,84.024,155.1818,2.6265,7.3525,7.9562,0.0,1.3148,27299.9973,13158.5987,13158.5987,215396.9787,103821.3437,2023-08-05
600122.SH,2001-12-31,10.16,0.7173,0.7173,1.32,40.4706,61.4474,3.5528,2.7417,2.3375,1.3451,,31920.0,14400.0,14400.0,324307.2,146304.0,2023-08-05
600608.SH,2001-12-31,11.56,0.5108,0.5108,1.74,81.5636,36.7464,5.3943,9.6515,6.5525,0.0,0.7019,15126.2212,9320.7704,9320.7704,174859.1171,107748.1058,2023-08-05
000045.SZ,2001-12-31,15.9,0.9366,0.9366,3.06,114.3772,104.2952,8.8505,8.8711,8.2497,0.0,,16341.6,2217.6,2217.6,259831.44,35259.84,2023-08-05
600316.SH,2001-12-31,11.39,0.5972,0.8959,0.62,58.2485,58.2485,2.2579,8.2847,8.2847,,0.5853,21000.0,9000.0,6000.0,239190.0,102510.0,2023-08-05
600002.SH,2001-12-31,4.34,0.1283,0.1283,0.73,19.463,24.0084,1.7078,1.1827,1.0868,11.5537,11.5537,195000.0,35000.0,35000.0,846300.0,151900.0,2023-08-05
600069.SH,2001-12-31,5.66,1.3264,1.3264,0.68,201.3862,,3.5917,13.6355,13.4847,0.0,,37160.0,14560.0,14560.0,210325.6,82409.6,2023-08-05
600266.SH,2001-12-31,11.49,0.1603,0.1603,0.74,46.8048,46.4067,4.6094,0.9564,1.5246,0.0,1160.43,60000.0,15000.0,15000.0,689400.0,172350.0,2023-08-05
600686.SH,2001-12-31,11.56,0.7046,0.7046,2.07,47.6633,29.7717,5.3377,2.0293,1.6894,0.0,4.5511,15151.7592,5760.0,5760.0,175154.3364,66585.6,2023-08-05
000732.SZ,2001-12-31,8.23,0.2714,0.2714,0.39,169.6816,62.5611,2.658,2.7021,2.6999,0.0,,15266.88,8869.0,8869.0,125646.4224,72991.87,2023-08-05
600117.SH,2001-12-31,6.17,0.1221,0.1221,0.85,44.9455,67.3186,2.6818,2.725,2.9421,0.0,3.5386,58222.0,16000.0,16000.0,359229.74,98720.0,2023-08-05
600659.SH,2001-12-31,16.56,1.3775,1.3775,1.13,114.8072,129.3259,11.7931,8.2926,6.9582,0.0,1.4266,17342.1772,4457.0064,4457.0064,287186.4544,73808.026,2023-08-05
600780.SH,2001-12-31,8.21,0.1416,0.1416,0.44,33.497,27.8318,3.4103,7.3584,7.3708,0.0,3.5098,21569.4612,9356.7247,9356.7247,177085.2765,76818.7098,2023-08-05
600843.SH,2001-12-31,14.35,0.7032,0.7032,0.4,103.4862,65.0611,5.2081,6.48,4.9638,0.0,,25246.637,1560.0,1560.0,362289.241,22386.0,2023-08-05
000851.SZ,2001-12-31,7.32,0.6056,0.6056,0.5,,,4.2444,10.3348,10.4611,0.0,,22490.0,7748.0,7748.0,164626.8,56715.36,2023-08-05
600712.SH,2001-12-31,14.25,0.3705,0.3705,0.37,71.8308,72.5431,4.931,2.7538,2.4699,0.9629,0.9629,9042.0,3954.0,3954.0,128848.5,56344.5,2023-08-05
600111.SH,2001-12-31,12.25,0.2607,0.2607,1.05,50.4175,49.0661,4.8198,12.5978,13.3646,0.0,2.7159,40367.4,14560.0,14560.0,494500.65,178360.0,2023-08-05
600861.SH,2001-12-31,8.46,0.0857,0.0857,0.77,35.3847,32.5225,2.1252,3.225,2.8109,0.0,2.2932,40573.8946,16731.0,16731.0,343255.1483,141544.26,2023-08-05
000998.SZ,2001-12-31,26.24,0.6219,0.6219,2.31,72.5819,50.0032,3.4154,16.9504,13.4955,,2.6192,10500.0,5500.0,5500.0,275520.0,144320.0,2023-08-05
600637.SH,2001-12-31,14.55,0.2524,0.2524,0.66,62.3988,49.4225,3.0866,4.0195,3.7546,0.0,2.7646,74528.4077,18527.7419,18527.7419,1084388.332,269578.6446,2023-08-05
000925.SZ,2001-12-31,23.02,0.2169,,0.63,67.8668,78.0864,5.5711,8.8712,7.7028,1.3032,2.3458,9000.0,3000.0,,207180.0,69060.0,2023-08-05
000573.SZ,2001-12-31,5.27,0.0973,0.0973,1.01,398.264,1751.0891,1.7405,12.738,10.7501,0.0,,45128.3864,29227.8169,29227.8169,237826.5963,154030.5951,2023-08-05
600665.SH,2001-12-31,7.68,0.4107,0.4107,0.79,431.5313,408.0704,4.4058,7.35,7.3104,0.0,,72010.2101,14700.0,14700.0,553038.4136,112896.0,2023-08-05
600600.SH,2001-12-31,7.65,0.1269,0.1269,0.82,80.3557,74.1558,2.515,2.0312,1.6645,0.6536,1.3072,100000.0,20000.0,20000.0,765000.0,153000.0,2023-08-05
600328.SH,2001-12-31,13.02,0.3283,0.3283,1.07,59.6411,72.1031,3.5952,8.9702,9.3481,,1.3057,17265.2899,6000.0,6000.0,224794.0745,78120.0,2023-08-05
000566.SZ,2001-12-31,5.76,1.7064,1.7064,1.36,,,14.2025,6.6417,6.994,0.0,,20234.8992,8354.8992,8354.8992,116553.0194,48124.2194,2023-08-05
600588.SH,2001-12-31,50.64,1.5627,1.5627,0.67,126.4645,126.4645,4.9596,23.7875,23.7875,,,10000.0,2500.0,2500.0,506400.0,126600.0,2023-08-05
600724.SH,2001-12-31,11.64,0.1408,0.2253,0.29,97.9827,81.5809,8.647,9.0472,7.7237,0.0,2.4848,36436.8856,15747.5762,9842.2354,424125.3484,183301.787,2023-08-05
000059.SZ,2001-12-31,5.37,0.0979,0.0979,0.81,1525.2826,1898.2428,2.6215,3.1772,3.6791,29.2321,,66322.5214,16900.0,16900.0,356151.9399,90753.0,2023-08-05
600878.SH,2001-12-31,9.03,0.1075,0.1075,0.79,79.056,213.5717,4.8126,9.8861,19.8863,0.0,,28443.0707,8863.6288,8863.6288,256840.9284,80038.5681,2023-08-05
000527.SZ,2001-12-31,10.12,0.164,0.164,0.8,16.1863,16.7934,2.267,0.5573,0.4967,4.6015,4.9302,48488.9726,29155.2595,29155.2595,490708.4027,295051.2261,2023-08-05
600308.SH,2001-12-31,14.72,0.1095,0.1095,0.46,32.2608,32.2608,2.016,4.5246,4.5246,,2.038,19247.3308,9000.0,9000.0,283320.7094,132480.0,2023-08-05
600730.SH,2001-12-31,12.7,0.3478,0.3478,1.25,75.4366,48.9997,6.5803,2.5617,1.8682,0.0,,17460.0,5460.0,5460.0,221742.0,69342.0,2023-08-05
600133.SH,2001-12-31,11.64,0.1453,0.1453,0.88,64.3733,78.0171,5.0785,9.213,9.3863,3.9651,2.8457,27559.22,8320.0,8320.0,320789.3208,96844.8,2023-08-05
600809.SH,2001-12-31,8.08,0.253,0.253,1.02,274.8705,159.7205,4.4356,9.3914,8.6345,0.0,,43292.4133,7668.4133,7668.4133,349802.6995,61960.7795,2023-08-05
000752.SZ,2001-12-31,18.78,0.2119,0.2119,0.19,118.941,118.8809,9.8657,30.0007,27.0845,0.0,0.213,17583.8994,7342.595,7342.595,330225.6307,137893.9341,2023-08-05
000096.SZ,2001-12-31,13.48,0.8679,0.8679,0.71,62.7511,59.0214,4.6114,3.9784,3.9354,,0.816,33000.0,8500.0,8500.0,444840.0,114580.0,2023-08-05
000408.SZ,2001-12-31,15.38,0.1508,0.1508,0.29,88.9221,136.3821,4.139,3.9464,4.7773,4.9739,,11472.0,4071.6,4071.6,176439.36,62621.208,2023-08-05
600846.SH,2001-12-31,9.25,0.0838,0.0838,0.96,74.4446,79.491,7.1636,3.8057,4.88,0.0,2.2247,27808.9731,11871.9248,11871.9248,257233.0012,109815.3044,2023-08-05
600856.SH,2001-12-31,8.48,0.1492,0.1492,1.14,64.078,71.9647,4.162,4.5957,4.0506,6.0197,1.2541,18273.7712,8591.4832,8591.4832,154961.5798,72855.7775,2023-08-05
600107.SH,2001-12-31,7.19,0.114,0.114,0.85,38.2787,43.891,3.0214,8.2988,9.8481,0.0,3.759,36000.0,13320.0,13320.0,258840.0,95770.8,2023-08-05
600831.SH,2001-12-31,19.33,0.5981,0.5981,2.07,,,24.027,76.0371,147.8888,0.0,,11128.67,4634.54,4634.54,215117.1911,89585.6582,2023-08-05
600729.SH,2001-12-31,13.83,0.7282,0.7282,0.74,39.8053,39.5082,6.9068,1.3857,1.2856,1.6631,1.9523,20400.0003,5100.0003,5100.0003,282132.0041,70533.0041,2023-08-05
600640.SH,2001-12-31,18.1,0.3898,0.3898,0.97,106.9954,116.0188,5.7701,17.1202,22.6223,7.2862,3.6431,36488.27,5533.5571,5533.5571,660437.687,100157.3835,2023-08-05
000889.SZ,2001-12-31,8.42,1.7638,2.293,1.86,43.4464,42.247,3.6199,5.5355,5.3428,0.0,0.8389,29452.8322,16038.2408,12337.1084,247992.8471,135041.9875,2023-08-05
000880.SZ,2001-12-31,7.28,0.7774,0.7774,1.28,29.1633,28.3028,2.8182,1.1841,1.1803,0.4485,0.4784,27610.05,13213.5,13213.5,201001.164,96194.28,2023-08-05
000760.SZ,2001-12-31,11.25,0.6937,0.6937,2.02,39.0461,37.8279,3.4372,7.353,7.2168,0.0,1.8749,10932.23,5183.1,5183.1,122987.5875,58309.875,2023-08-05
600288.SH,2001-12-31,21.42,0.2762,0.2762,1.4,77.835,63.1405,4.3979,2.5235,2.2771,,0.6536,14000.0,5000.0,5000.0,299880.0,107100.0,2023-08-05
000401.SZ,2001-12-31,6.18,0.1182,0.1182,0.69,58.5014,62.684,3.4393,8.3216,7.0025,4.8816,7.3998,88178.555,26995.0215,26995.0215,544943.4699,166829.2329,2023-08-05
000509.SZ,2001-12-31,10.25,1.0526,1.3684,1.95,85.1842,76.08,6.6643,8.8913,7.8377,0.0,1.3912,25000.9885,15090.6925,11608.225,256260.1321,154679.5981,2023-08-05
600500.SH,2001-12-31,13.85,0.1895,0.1895,0.99,39.5178,41.5456,3.4587,0.9082,0.8175,0.361,1.8051,37265.0,12000.0,12000.0,516120.25,166200.0,2023-08-05
600011.SH,2001-12-31,12.57,1.4392,1.4392,0.61,28.5225,28.5225,3.1209,6.0055,6.0055,,,600000.0,14660.5,14660.5,7542000.0,184282.485,2023-08-05
000832.SZ,2001-12-31,7.25,0.1989,0.1989,0.75,25.32,27.6053,2.0618,2.181,2.2959,0.0,2.645,35206.9773,18360.0,18360.0,255250.5854,133110.0,2023-08-05
600896.SH,2001-12-31,8.3,0.1352,0.1352,0.7,39.0433,35.38,3.2106,6.1434,5.1753,3.6738,2.4492,31728.255,15607.8,15607.8,263344.5165,129544.74,2023-08-05
600627.SH,2001-12-31,10.72,0.1617,0.1617,0.63,52.2929,56.9601,6.4604,2.3478,2.3995,0.0,2.8422,51796.5449,5100.0,5100.0,555258.9613,54672.0,2023-08-05
600488.SH,2001-12-31,23.83,2.2892,2.2892,1.52,54.1429,54.1429,5.0883,7.1587,7.1587,,,14900.8883,4500.0,4500.0,355088.1682,107235.0,2023-08-05
600398.SH,2001-12-31,13.55,0.3769,0.6406,0.78,66.0499,66.0499,3.922,8.558,8.558,,0.8682,16439.1411,7650.0,4500.0,222750.3619,103657.5,2023-08-05
600238.SH,2001-12-31,14.0,1.1862,1.1862,1.42,70.9815,63.5262,5.9,11.1063,8.6498,0.0,142.29,16600.0,5000.0,5000.0,232400.0,70000.0,2023-08-05
000675.SZ,2001-12-31,6.95,0.1309,0.1309,0.24,,,11.6325,3.786,3.5388,0.0,,11435.0262,3315.0,3315.0,79473.4321,23039.25,2023-08-05
000036.SZ,2001-12-31,7.05,0.1596,0.1596,0.32,26.7564,28.217,2.783,1.0394,1.0171,0.0,2.8786,35955.5085,17717.25,17717.25,253486.3349,124906.6125,2023-08-05
600803.SH,2001-12-31,10.21,0.2802,0.2802,0.12,52.3273,54.4688,3.8512,5.0968,4.7832,0.0,1.7518,11822.1713,6609.6,6609.6,120704.369,67484.016,2023-08-05
000670.SZ,2001-12-31,8.06,0.0868,0.1128,0.7,41.9015,50.0001,1.8814,1.7844,1.7516,0.0,1.8779,27220.912,15466.88,11897.6,219400.5507,124663.0528,2023-08-05
600163.SH,2001-12-31,9.13,0.1197,0.1197,0.62,40.3928,49.4732,2.5712,2.9279,2.6201,3.347,5.5236,30594.664,9100.0,9100.0,279329.2823,83083.0,2023-08-05
000937.SZ,2001-12-31,11.76,0.2056,0.2056,0.85,26.4147,25.0688,3.1071,5.6037,4.861,0.0,4.5174,42500.0,10000.0,10000.0,499800.0,117600.0,2023-08-05
600186.SH,2001-12-31,12.23,2.2201,2.2201,3.03,48.4016,44.2115,3.6592,6.3464,6.4773,0.0,,68000.0,28000.0,28000.0,831640.0,342440.0,2023-08-05
600372.SH,2001-12-31,10.11,0.2435,0.2435,0.51,45.8603,45.8603,3.1093,1.4663,1.4663,,,41000.0,11000.0,11000.0,414510.0,111210.0,2023-08-05
600652.SH,2001-12-31,10.11,0.1885,0.1885,1.02,45.062,40.1886,5.0314,9.5451,9.3281,0.0,0.6924,29962.4832,29962.4832,29962.4832,302920.7052,302920.7052,2023-08-05
000996.SZ,2001-12-31,16.64,0.2829,0.2829,1.02,77.6836,93.338,4.5968,8.7358,9.5583,,0.601,11500.0,3500.0,3500.0,191360.0,58240.0,2023-08-05
600305.SH,2001-12-31,16.28,0.4631,0.4631,0.95,117.5995,117.5995,5.4513,14.4642,14.4642,,0.9763,12715.0,4000.0,4000.0,207000.2,65120.0,2023-08-05
000833.SZ,2001-12-31,8.62,0.2174,0.2679,0.86,57.2919,36.4864,3.4725,3.3657,2.9391,0.0,,25268.85,9858.95,8000.0,217817.487,84984.149,2023-08-05
000050.SZ,2001-12-31,16.75,0.6667,0.6667,1.5,68.3897,65.7902,3.1091,7.0019,7.0913,1.9072,3.8142,13277.0,3639.7,3639.7,222389.75,60964.975,2023-08-05
000825.SZ,2001-12-31,6.93,1.1806,1.1806,1.14,25.5876,24.0551,2.3926,1.5107,1.3394,2.22,2.8032,107617.0,48750.0,48750.0,745785.81,337837.5,2023-08-05
600222.SH,2001-12-31,18.18,0.3489,0.3489,2.08,57.7301,55.066,5.8877,17.6892,17.167,0.0,534.91,13614.524,3500.0,3500.0,247512.0463,63630.0,2023-08-05
600736.SH,2001-12-31,9.17,0.0848,0.0848,0.96,38.813,69.0784,3.0411,9.1049,8.0236,3.0537,4.958,45747.0,15093.0,15093.0,419499.99,138402.81,2023-08-05
000961.SZ,2001-12-31,7.7,0.3459,0.4497,0.82,31.275,35.3114,3.0091,1.9698,1.98,0.0,0.8108,30053.0,13000.0,10000.0,231408.1,100100.0,2023-08-05
600229.SH,2001-12-31,9.12,0.1305,0.1305,0.65,41.5636,44.8696,2.9859,3.416,2.9681,0.0,6.4721,29512.621,9000.0,9000.0,269155.1035,82080.0,2023-08-05
600196.SH,2001-12-31,14.91,0.2072,0.2072,0.69,34.0812,27.9503,3.6546,7.5579,6.51,0.0,3.1524,29376.0,11250.0,11250.0,437996.16,167737.5,2023-08-05
000723.SZ,2001-12-31,7.83,1.1573,1.1573,0.99,,,3.3462,2.8687,2.8591,0.0,,13959.9195,6967.917,6967.917,109306.1697,54558.7901,2023-08-05
600611.SH,2001-12-31,10.01,0.2254,0.2931,1.11,30.5701,28.8612,3.0288,4.4399,4.3791,1.6905,1.921,59870.158,14232.34,10947.34,599300.2816,142465.7234,2023-08-05
000626.SZ,2001-12-31,12.98,0.2868,0.2868,1.91,463.42,1677.1004,10.9031,0.659,0.5573,0.0,,13500.0,3375.0,3375.0,175230.0,43807.5,2023-08-05
600330.SH,2001-12-31,16.27,1.3742,2.0613,1.56,74.3754,47.5144,6.7821,14.8245,12.8975,,0.4098,22947.0,6000.0,4000.0,373347.69,97620.0,2023-08-05
600749.SH,2001-12-31,16.09,0.1638,0.1638,0.55,192.8996,297.7183,11.2891,33.7543,38.0069,0.0,,8000.0,2400.0,2400.0,128720.0,38616.0,2023-08-05
000037.SZ,2001-12-31,13.27,0.1701,0.1701,0.4,50.0488,38.839,7.4737,8.1729,7.5276,1.1031,0.3627,54796.5998,6484.6135,6484.6135,727150.8793,86050.8211,2023-08-05
600378.SH,2001-12-31,15.99,1.0292,1.0292,0.88,99.8247,76.4424,5.8862,17.3494,16.6546,,0.3849,15044.107,5850.0,5850.0,240555.2709,93541.5,2023-08-05
000763.SZ,2001-12-31,5.85,0.1601,0.1601,0.69,69.8783,12.7344,2.9244,0.5083,0.5019,0.0,,78750.0,15000.0,15000.0,460687.5,87750.0,2023-08-05
000056.SZ,2001-12-31,9.12,0.2202,0.2202,1.67,55.771,55.11,5.2823,4.2904,4.8986,0.5482,,22090.1184,5522.2272,5522.2272,201461.8798,50362.7121,2023-08-05
600876.SH,2001-12-31,8.67,0.5999,0.5999,0.47,91.9671,145.3548,3.8887,6.7319,7.0126,0.0,,70000.0,5000.0,5000.0,606900.0,43350.0,2023-08-05
600825.SH,2001-12-31,13.43,0.611,0.611,0.74,72.4865,40.796,9.1892,1.2164,0.6751,0.0,99.28,15427.5248,3856.8998,3856.8998,207191.6581,51798.1643,2023-08-05
000728.SZ,2001-12-31,7.0,0.4384,0.4384,0.91,32.0716,1118.0272,2.3349,2.1168,2.4189,4.7419,,34521.0,10400.0,10400.0,241647.0,72800.0,2023-08-05
600177.SH,2001-12-31,11.14,0.1894,0.2293,0.61,21.7739,16.2582,3.3685,4.4018,4.1256,3.0877,4.5312,56809.5052,22508.6558,18590.0,632857.8879,250746.4256,2023-08-05
600645.SH,2001-12-31,14.64,1.3592,2.1747,3.68,77.2252,75.0048,8.7858,18.2167,16.7254,0.0,0.0427,25002.7992,9815.536,6134.71,366040.9803,143699.447,2023-08-05
600826.SH,2001-12-31,9.72,0.109,0.109,0.93,46.1116,45.132,3.36,1.5887,1.5334,1.5202,,28042.8192,9514.0,9514.0,272576.2026,92476.08,2023-08-05
000956.SZ,2001-12-31,10.34,0.7882,0.9458,1.07,10.5725,11.3431,3.0478,4.4121,4.3978,0.4,1.61,81600.0,20400.0,17000.0,843744.0,210936.0,2023-08-05
600055.SH,2001-12-31,18.31,2.1563,2.1563,0.9,65.4516,60.7736,6.139,7.3262,7.1454,1.5544,3.1089,11100.0,3900.0,3900.0,203241.0,71409.0,2023-08-05
000551.SZ,2001-12-31,8.09,0.1426,0.1426,1.37,43.5156,39.5453,3.8188,5.7585,3.3832,0.0,2.6969,24172.6394,11079.4284,11079.4284,195556.6527,89632.5758,2023-08-05
000818.SZ,2001-12-31,8.29,0.3694,0.3694,0.81,102.1961,,2.9136,3.7913,3.2549,0.0,,34000.0,9000.0,9000.0,281860.0,74610.0,2023-08-05
000668.SZ,2001-12-31,12.11,1.199,1.199,8.41,37.6809,44.8324,5.3141,1.5309,1.4215,0.0,1.4525,14684.189,4173.975,4173.975,177825.5288,50546.8373,2023-08-05
600862.SH,2001-12-31,10.08,1.1047,1.1047,0.54,26.6814,19.7475,2.4094,5.9314,5.2623,0.0,1.9331,23844.4764,12236.784,12236.784,240352.3221,123346.7827,2023-08-05
600339.SH,2001-12-31,17.46,1.6418,2.2986,1.78,115.1679,96.5481,6.4984,13.3287,12.341,,0.6136,23800.0,8400.0,6000.0,415548.0,146664.0,2023-08-05
600338.SH,2001-12-31,12.27,0.4583,0.4583,0.82,58.3897,58.3897,3.2719,1.9224,1.9224,,0.2445,15833.3333,5000.0,5000.0,194274.9996,61350.0,2023-08-05
000869.SZ,2001-12-31,18.45,0.5934,0.5934,1.07,37.6294,31.4667,3.5521,5.491,5.4153,,1.084,26000.0,3200.0,3200.0,479700.0,59040.0,2023-08-05
000993.SZ,2001-12-31,10.27,0.2098,0.2098,0.96,70.7939,52.7577,2.1136,17.1169,13.4046,,0.9737,30000.0,10000.0,10000.0,308100.0,102700.0,2023-08-05
000960.SZ,2001-12-31,8.08,0.1304,0.1304,1.16,29.7282,38.3627,2.447,2.4301,2.4792,8.1775,3.4073,35790.4,13000.0,13000.0,289186.432,105040.0,2023-08-05
000816.SZ,2001-12-31,8.73,0.1685,0.1685,1.41,33.9295,37.1006,2.1338,1.7923,1.8104,0.0,1.533,30620.0,11440.0,11440.0,267312.6,99871.2,2023-08-05
600165.SH,2001-12-31,17.89,2.1876,2.1876,8.0,89.4572,89.7342,6.8928,13.354,11.8038,0.0,4.1104,25120.0,9360.0,9360.0,449396.8,167450.4,2023-08-05
600173.SH,2001-12-31,8.81,0.4785,0.4785,1.08,34.7177,37.3483,3.2947,4.8966,5.1639,5.874,5.874,23000.0,8000.0,8000.0,202630.0,70480.0,2023-08-05
600216.SH,2001-12-31,7.98,0.3748,0.3748,1.36,173.4693,217.0446,5.7292,3.333,4.3083,3.0687,,45006.0,11310.0,11310.0,359147.88,90253.8,2023-08-05
600281.SH,2001-12-31,9.31,0.1221,0.1221,0.67,72.2025,67.5308,3.2784,4.2542,4.0861,,0.6445,35890.6,10500.0,10500.0,334141.486,97755.0,2023-08-05
600800.SH,2001-12-31,7.89,0.3822,0.5733,0.77,39.2527,37.2236,4.3012,11.5542,7.6461,0.0,0.4452,55165.9203,26173.9128,17449.2752,435259.1112,206512.172,2023-08-05
000672.SZ,2001-12-31,14.46,0.097,0.097,0.66,143.0139,152.6595,6.1053,17.1498,16.4421,0.0,0.2676,10854.9997,5039.8213,5039.8213,156963.2957,72875.816,2023-08-05
600115.SH,2001-12-31,4.56,0.101,0.101,0.65,1105.1384,,3.7049,1.9377,1.856,0.0,0.4386,486695.0,30000.0,30000.0,2219329.2,136800.0,2023-08-05
600672.SH,2001-12-31,7.35,0.0624,0.0624,0.74,27.8819,31.8054,4.7722,5.1011,5.3167,0.0,1.4062,44097.696,25600.0,25600.0,324118.0656,188160.0,2023-08-05
600801.SH,2001-12-31,9.38,1.1717,1.1717,1.39,186.4294,137.5332,4.2488,5.1804,4.9202,0.0,0.4264,32840.0,4800.0,4800.0,308039.2,45024.0,2023-08-05
600112.SH,2001-12-31,10.99,0.4891,0.4891,2.04,53.7208,55.9713,4.0226,10.3662,10.7655,3.0097,1.5049,17200.0,5200.0,5200.0,189028.0,57148.0,2023-08-05
600870.SH,2001-12-31,8.64,1.0171,1.0171,1.43,,,2.9335,0.9281,1.2681,0.0,,37081.8715,15151.3539,15151.3539,320387.3698,130907.6977,2023-08-05
000985.SZ,2001-12-31,17.55,0.4231,0.4231,1.52,54.2464,51.6996,5.0818,5.0432,4.6745,0.0,5.4606,11500.0,3000.0,3000.0,201825.0,52650.0,2023-08-05
600007.SH,2001-12-31,9.36,0.1644,0.1644,0.68,51.2884,44.7379,3.5106,13.7948,13.1143,6.6774,5.5556,80000.0,16000.0,16000.0,748800.0,149760.0,2023-08-05
000755.SZ,2001-12-31,8.38,0.1179,0.1179,0.76,45.2395,35.759,2.7127,6.3099,5.7302,0.0,4.5522,27771.3851,10920.0,10920.0,232724.2071,91509.6,2023-08-05
000980.SZ,2001-12-31,12.18,0.1545,0.1545,0.57,47.8608,49.3951,3.5327,6.5187,7.0074,0.0,2.6542,15000.0,5800.0,5800.0,182700.0,70644.0,2023-08-05
000609.SZ,2001-12-31,12.48,0.143,0.143,0.35,44.7189,53.5213,4.2882,8.6634,8.3475,0.0,3.1701,12960.6749,4913.9999,4913.9999,161749.2228,61326.7188,2023-08-05
000967.SZ,2001-12-31,14.8,0.3104,0.3104,1.77,53.7778,53.5959,4.4278,14.5514,14.5918,,0.8108,13678.608,4500.0,4500.0,202443.3984,66600.0,2023-08-05
000883.SZ,2001-12-31,8.74,0.3177,0.3177,1.33,38.5386,30.8671,2.6284,2.0828,1.4745,0.0,2.5555,23585.76,10560.0,10560.0,206139.5424,92294.4,2023-08-05
000598.SZ,2001-12-31,11.01,0.693,0.9009,1.25,30.2502,29.199,3.2802,7.8631,6.9573,0.0,1.4097,17626.5,9886.5,7605.0,194067.765,108850.365,2023-08-05
600758.SH,2001-12-31,9.11,0.2366,0.2366,0.38,288.852,380.9491,4.2032,2.4539,2.2785,0.0,,15975.52,6159.52,6159.52,145536.9872,56113.2272,2023-08-05
600834.SH,2001-12-31,13.59,0.9702,1.1157,0.7,98.8642,98.7504,9.3399,49.669,42.5691,0.0,,39453.05,8004.0,6960.0,536166.9495,108774.36,2023-08-05
600832.SH,2001-12-31,20.41,0.2217,0.2217,1.06,70.2573,64.7107,5.0503,19.5906,20.76,3.6329,4.4263,68802.871,15688.6773,15688.6773,1404266.5971,320205.9037,2023-08-05
000971.SZ,2001-12-31,11.61,0.8341,0.8341,3.35,55.4721,63.5095,5.1512,8.9439,8.9441,0.0,5.491,18700.0,5500.0,5500.0,217107.0,63855.0,2023-08-05
600814.SH,2001-12-31,7.31,0.1065,0.1065,0.48,52.7179,57.8011,4.2691,2.0204,1.8448,0.0,1.6012,23737.0419,10139.7592,10139.7592,173517.7763,74121.6398,2023-08-05
000418.SZ,2001-12-31,12.01,0.2233,0.2233,0.65,23.2969,27.0604,2.1039,1.6092,1.8416,2.4979,2.4979,36510.384,7200.0,7200.0,438489.7118,86472.0,2023-08-05
600755.SH,2001-12-31,11.4,1.2091,1.2091,2.59,546.4082,,3.6121,0.993,1.1138,0.0,,19812.0,12700.0,12700.0,225856.8,144780.0,2023-08-05
600651.SH,2001-12-31,14.39,0.8949,1.5212,1.03,76.4851,37.3941,9.0227,22.1378,12.6126,0.0,,42416.5123,42416.5123,24950.8896,610373.612,610373.612,2023-08-05
600519.SH,2001-12-31,38.55,7.3001,7.3001,2.84,38.3806,38.3806,17.1625,8.6513,8.6513,,,25000.0,7150.0,7150.0,963750.0,275632.5,2023-08-05
600808.SH,2001-12-31,3.07,0.1168,0.1168,0.6,112.5811,81.6318,1.8836,2.421,2.16,0.0,0.6515,645530.0,60000.0,60000.0,1981777.1,184200.0,2023-08-05
600616.SH,2001-12-31,13.81,1.1901,1.1901,3.64,66.1409,55.0995,5.3812,2.9522,2.7648,0.8638,2.2146,12693.0408,4565.4036,4565.4036,175290.8934,63048.2237,2023-08-05
000823.SZ,2001-12-31,9.42,0.1052,0.1052,0.64,43.9784,37.752,3.6719,5.4125,4.846,2.8204,4.2306,35920.0,13520.0,13520.0,338366.4,127358.4,2023-08-05
000423.SZ,2001-12-31,11.36,0.1984,0.1984,0.59,36.6547,30.568,4.0346,7.6359,6.84,0.9029,1.9244,27247.4366,19175.3443,19175.3443,309530.8798,217831.9112,2023-08-05
600771.SH,2001-12-31,13.5,0.0691,0.0691,0.69,47.4649,39.5426,7.8525,8.1114,7.3668,0.0,,18688.696,4950.0,4950.0,252297.396,66825.0,2023-08-05
000778.SZ,2001-12-31,14.24,2.4923,3.24,3.22,24.149,21.7355,4.3367,3.285,3.0188,6.7706,10.8329,47806.75,16900.0,13000.0,680768.12,240656.0,2023-08-05
600078.SH,2001-12-31,12.95,0.2432,0.2432,0.8,64.6829,52.9983,3.8165,4.307,3.8119,0.0,8.3917,18006.1968,6627.672,6627.672,233180.2486,85828.3524,2023-08-05
000534.SZ,2001-12-31,8.8,0.1122,0.1122,0.64,122.6544,105.2843,3.3575,21.2108,19.5651,0.0,2.6823,20826.1325,8822.9325,8822.9325,183269.966,77641.806,2023-08-05
000922.SZ,2001-12-31,12.13,0.4347,0.4347,0.78,76.5068,67.5084,3.9375,9.8484,8.3399,0.0,6.8415,17555.0,5500.0,5500.0,212942.15,66715.0,2023-08-05
600100.SH,2001-12-31,20.17,0.209,0.209,0.48,49.1149,40.3012,4.4002,3.4922,2.6007,0.0,0.767,57461.1951,24760.8627,24760.8627,1158992.3052,499426.6007,2023-08-05
600293.SH,2001-12-31,15.01,0.7855,0.7855,1.21,72.3636,94.7658,4.5096,7.8722,10.0377,,1.2779,21100.0,5500.0,5500.0,316711.0,82555.0,2023-08-05
600691.SH,2001-12-31,11.27,0.3506,0.3506,0.45,,,9.4438,13.87,14.7137,0.0,,7727.4499,3321.6,3321.6,87088.3604,37434.432,2023-08-05
000619.SZ,2001-12-31,23.37,1.1318,1.1318,1.55,35.8965,30.0912,9.3347,6.3491,4.6557,0.7174,,15000.0,5100.0,5100.0,350550.0,119187.0,2023-08-05
000524.SZ,2001-12-31,7.27,0.8162,0.8162,1.05,95.9831,170.2119,2.8152,8.739,8.1093,0.0,3.7475,26967.3744,9898.4714,9898.4714,196052.8119,71961.8871,2023-08-05
600286.SH,2001-12-31,17.5,0.3956,0.3956,0.44,58.2598,51.1813,5.1894,6.6864,5.9516,0.0,155.1,9500.0,3500.0,3500.0,166250.0,61250.0,2023-08-05
000950.SZ,2001-12-31,14.51,1.5244,1.5244,2.25,60.3997,75.5425,5.2716,5.8154,5.0084,0.0,2.9134,15500.0,5500.0,5500.0,224905.0,79805.0,2023-08-05
600292.SH,2001-12-31,16.97,0.1742,0.1742,0.66,38.7721,38.7721,3.7211,10.2272,10.2272,,1.1786,16725.0,6000.0,6000.0,283823.25,101820.0,2023-08-05
600220.SH,2001-12-31,10.56,0.1211,0.1211,0.61,27.56,25.1602,2.6466,6.4781,5.5699,0.0,1.2429,31238.1652,11900.0,11900.0,329875.0245,125664.0,2023-08-05
600884.SH,2001-12-31,11.89,0.5865,0.7625,5.21,27.1523,34.5761,3.6802,4.0354,3.9969,0.0,1.316,27390.5498,15198.988,11691.5292,325673.6371,180715.9673,2023-08-05
600798.SH,2001-12-31,8.22,0.1084,0.1084,0.7,50.4604,48.6521,5.5255,16.0502,16.3506,1.5207,5.503,51187.5,14145.0,14145.0,420761.25,116271.9,2023-08-05
600063.SH,2001-12-31,9.15,0.1327,0.1327,0.66,42.7771,36.4498,3.574,5.9805,5.072,2.0772,4.1878,25290.0,9900.0,9900.0,231403.5,90585.0,2023-08-05
600061.SH,2001-12-31,8.99,0.3694,0.3694,1.33,53.6369,48.149,5.4564,3.6318,3.569,0.4278,0.8527,28701.2,9360.0,9360.0,258023.788,84146.4,2023-08-05
600315.SH,2001-12-31,15.54,0.6028,0.6028,1.47,73.2711,73.2711,3.9271,3.5341,3.5341,,,27000.0,8000.0,8000.0,419580.0,124320.0,2023-08-05
000621.SZ,2001-12-31,12.71,0.2946,0.2946,0.44,56.2186,64.351,5.6585,17.6406,20.2062,0.0,,14968.3198,5567.6948,5567.6948,190247.3447,70765.4009,2023-08-05
000611.SZ,2001-12-31,7.92,0.8135,0.8135,0.76,1656.5998,,4.7382,6.1557,6.5382,0.0,,17504.0565,7548.1522,7548.1522,138632.1275,59781.3654,2023-08-05
000662.SZ,2001-12-31,11.98,0.7298,0.7298,0.93,,,41.5587,10.3373,19.8554,0.0,,10713.75,3857.25,3857.25,128350.725,46209.855,2023-08-05
600629.SH,2001-12-31,6.16,2.8786,2.8786,0.78,,,10.4474,32.8277,32.2027,0.0,,15137.7598,5776.0548,5776.0548,93248.6004,35580.4976,2023-08-05
000559.SZ,2001-12-31,10.58,0.1614,0.1614,0.87,26.4507,26.1156,2.8036,3.1506,3.1477,0.0,3.9372,36628.1202,13580.7659,13580.7659,387525.5117,143684.5032,2023-08-05
000697.SZ,2001-12-31,10.06,0.1829,0.1829,0.95,31.0328,55.4482,2.9294,4.946,4.269,0.0,2.7924,21746.17,7741.17,7741.17,218766.4702,77876.1702,2023-08-05
000151.SZ,2001-12-31,11.11,0.817,1.2255,0.25,52.1081,52.1081,4.0682,8.2696,8.2696,,0.9601,29598.0,10500.0,7000.0,328833.78,116655.0,2023-08-05
600156.SH,2001-12-31,8.52,0.3586,0.3586,1.74,48.4076,51.216,3.1753,4.502,4.7412,0.0,5.6817,43890.0,13600.0,13600.0,373942.8,115872.0,2023-08-05
600506.SH,2001-12-31,13.41,17.026,17.026,,78.7089,78.7089,11.6112,28.9415,28.9415,,,16050.0,5000.0,5000.0,215230.5,67050.0,2023-08-05
600109.SH,2001-12-31,12.25,0.5312,0.5312,0.8,,,,1.1095,1.1681,0.0,,7098.2696,2750.0,2750.0,86953.8026,33687.5,2023-08-05
000852.SZ,2001-12-31,11.07,1.1547,1.1547,3.68,41.5991,34.4962,4.9593,8.6998,7.5958,5.162,,28000.0,7000.0,7000.0,309960.0,77490.0,2023-08-05
600172.SH,2001-12-31,11.93,0.0565,0.0565,0.4,65.4116,84.2104,4.2898,10.0246,10.109,0.0,2.16,26800.0,10400.0,10400.0,319724.0,124072.0,2023-08-05
600091.SH,2001-12-31,11.22,0.1519,0.1519,0.81,29.6814,28.53,3.2752,3.234,3.0489,0.0,4.1974,22652.6,9620.0,9620.0,254162.172,107936.4,2023-08-05
600838.SH,2001-12-31,8.33,0.3821,0.3821,0.75,64.544,60.5275,4.7094,4.3027,3.9525,1.4448,,40088.1981,19686.2757,19686.2757,333934.6902,163986.6766,2023-08-05
000800.SZ,2001-12-31,5.14,0.2643,0.2643,0.92,29.2451,84.3237,1.7753,2.6542,3.1162,5.7992,5.7992,162750.0,54600.0,54600.0,836535.0,280644.0,2023-08-05
600158.SH,2001-12-31,14.47,0.2166,0.2166,0.64,61.4522,70.6805,4.7336,17.8944,16.89,0.8179,3.5461,25364.82,7605.0,7605.0,367028.9454,110044.35,2023-08-05
600669.SH,2001-12-31,7.03,0.5636,0.5636,3.09,72.7117,834.6611,5.3123,8.9292,19.4679,0.0,,23217.0832,14864.85,14864.85,163216.0949,104499.8955,2023-08-05
000803.SZ,2001-12-31,14.73,1.0903,1.4173,0.34,247.7859,84.2601,9.9073,16.8471,13.7437,0.0,,10136.1,4875.0,3750.0,149304.753,71808.75,2023-08-05
600661.SH,2001-12-31,17.6,0.1681,0.1681,0.9,84.41,76.9348,8.1488,6.1305,4.5297,0.0,4.8457,14473.0688,2545.5375,2545.5375,254726.0109,44801.46,2023-08-05
600848.SH,2001-12-31,9.95,0.4666,0.4666,0.52,,,31.0431,7.3306,7.4416,,,39928.689,3367.43,3367.43,397290.4556,33505.9285,2023-08-05
000419.SZ,2001-12-31,13.86,0.5875,0.5875,1.85,68.1165,66.8468,4.2167,3.6925,3.6727,0.0,1.9375,17550.8155,6535.8155,6535.8155,243254.3028,90586.4028,2023-08-05
000035.SZ,2001-12-31,14.67,4.7708,4.7708,2.0,37.3935,42.8664,7.5967,1.9628,1.6345,0.0,,11588.72,4264.92,4264.92,170006.5224,62566.3764,2023-08-05
600632.SH,2001-12-31,9.33,0.1546,0.1546,1.13,34.3417,32.7033,2.8437,1.0893,1.4891,3.3119,3.3116,42259.9861,12446.7083,12446.7083,394285.6703,116127.7884,2023-08-05
600132.SH,2001-12-31,20.19,0.9093,0.9093,1.06,77.0178,73.9489,5.6026,10.2021,9.1137,3.2551,3.2551,17087.2,5200.0,5200.0,344990.568,104988.0,2023-08-05
600817.SH,2001-12-31,19.0,0.4222,0.4222,0.79,67.1914,59.4508,11.9571,2.3102,1.428,0.0,,8251.7982,1124.2,1124.2,156784.1658,21359.8,2023-08-05
600279.SH,2001-12-31,12.21,0.3948,0.3948,0.45,58.3224,57.296,3.8398,39.4046,29.5792,0.0,2.175,22839.096,8600.0,8600.0,278865.3622,105006.0,2023-08-05
600868.SH,2001-12-31,4.81,0.061,0.061,0.4,26.895,28.7544,1.9239,8.2007,6.428,0.0,1.1297,101233.7323,77623.8886,77623.8886,486934.2524,373370.9042,2023-08-05
600682.SH,2001-12-31,8.32,0.131,0.131,0.38,26.6663,26.439,2.2815,1.4215,1.3816,1.503,1.8029,23020.8211,15288.0,15288.0,191533.2316,127196.16,2023-08-05
600361.SH,2001-12-31,15.57,1.623,1.623,0.63,61.9856,61.9856,15.8933,2.0044,2.0044,,,12557.29,5000.0,5000.0,195517.0053,77850.0,2023-08-05
600805.SH,2001-12-31,6.5,0.0944,0.0944,0.67,26.3737,42.2875,2.0138,3.4186,3.0204,0.0,1.0846,54544.5188,30949.0514,30949.0514,354539.3722,201168.8341,2023-08-05
600569.SH,2001-12-31,5.72,1.3312,1.3312,1.64,15.6343,15.6343,2.9008,1.4619,1.4619,,,134549.0259,27500.0,27500.0,769620.4281,157300.0,2023-08-05
600606.SH,2001-12-31,12.8,0.1212,0.1212,0.48,47.7799,38.2303,8.7496,8.7815,4.1201,0.0,3.7041,16479.4737,4170.8952,4170.8952,210937.2634,53387.4586,2023-08-05
600210.SH,2001-12-31,11.28,0.3311,0.6675,0.45,40.6611,33.6115,5.7078,7.68,6.462,1.3193,5.0196,54640.0071,17135.0913,8500.0,616339.2801,193283.8299,2023-08-05
600639.SH,2001-12-31,11.25,0.1291,0.1291,0.62,111.7531,71.3806,4.8871,13.7774,15.3003,0.0,,69784.0,11715.0,11715.0,785070.0,131793.75,2023-08-05
600028.SH,2001-12-31,3.45,0.7206,1.0435,0.7,18.517,18.517,2.3293,0.9263,0.9263,,,8670243.9,223000.0,154000.0,29912341.455,769350.0,2023-08-05
000958.SZ,2001-12-31,15.05,0.5968,0.5968,1.34,51.7281,31.3859,4.7294,8.951,6.6065,,0.3322,18000.0,4500.0,4500.0,270900.0,67725.0,2023-08-05
600830.SH,2001-12-31,14.45,3.0931,3.0931,3.94,68.8007,74.6628,5.1329,5.7175,4.0571,0.0,,17514.6814,10262.8813,10262.8813,253087.1462,148298.6348,2023-08-05
600234.SH,2001-12-31,15.86,3.0147,3.0147,0.61,76.342,431.7808,5.8604,3.5219,4.9269,0.0,,9386.0,3000.0,3000.0,148861.96,47580.0,2023-08-05
600663.SH,2001-12-31,14.39,0.3892,0.3892,1.03,76.7858,68.6849,6.1454,40.5175,36.7574,0.0,0.6949,186768.4,16052.4,16052.4,2687597.276,230994.036,2023-08-05
000817.SZ,2001-12-31,7.07,0.2595,0.2595,0.93,16.8674,16.3401,3.0922,6.6283,6.7238,15.5587,15.5587,110000.0,20000.0,20000.0,777700.0,141400.0,2023-08-05
600215.SH,2001-12-31,14.09,0.8506,0.8506,0.47,30.2315,30.4212,2.7785,6.3676,6.1973,0.0,241.31,30600.0,9000.0,9000.0,431154.0,126810.0,2023-08-05
600742.SH,2001-12-31,11.78,0.9267,0.9267,0.78,22.6633,27.097,2.4163,2.9769,1.5635,1.7685,2.6101,21152.34,10319.4,10319.4,249174.5652,121562.532,2023-08-05
600567.SH,2001-12-31,10.55,7.0352,7.0352,1.14,93.7214,93.7214,11.956,5.2476,5.2476,,,16050.0,6000.0,6000.0,169327.5,63300.0,2023-08-05
600762.SH,2001-12-31,12.41,0.5738,0.5738,0.69,138.8907,65.9856,6.1022,6.7462,9.3323,0.0,,10566.4,4326.4,4326.4,131129.024,53690.624,2023-08-05
600331.SH,2001-12-31,14.51,5.0395,5.0395,0.99,51.5791,51.5791,8.1435,5.4309,5.4309,,,13000.0,5000.0,5000.0,188630.0,72550.0,2023-08-05
000836.SZ,2001-12-31,19.4,0.4213,0.659,1.27,41.7984,38.5313,4.4094,2.8157,2.8997,0.0,,12275.4552,6100.0,3900.0,238143.8309,118340.0,2023-08-05
000795.SZ,2001-12-31,8.14,0.126,0.126,0.68,87.4312,167.2368,2.9321,10.49,10.7563,0.0,,27680.0,11440.0,11440.0,225315.2,93121.6,2023-08-05
600788.SH,2001-12-31,10.85,0.2866,0.2866,1.35,28.8998,30.402,2.2497,10.1776,10.2453,3.4164,2.5229,28663.944,10471.5,10471.5,311003.7924,113615.775,2023-08-05
000663.SZ,2001-12-31,9.96,0.2673,0.2673,0.73,133.8643,308.2467,5.1719,4.6556,4.8663,0.0,5.6712,16723.26,5921.28,5921.28,166563.6696,58975.9488,2023-08-05
600358.SH,2001-12-31,16.9,1.1476,1.1476,0.61,124.8966,113.313,5.4939,15.3613,14.9264,,,14000.0,5000.0,5000.0,236600.0,84500.0,2023-08-05
000066.SZ,2001-12-31,13.7,0.2663,0.2663,0.72,37.5424,32.1649,4.748,2.7878,2.5981,2.4618,1.8463,45849.15,18126.0,18126.0,628133.355,248326.2,2023-08-05
600223.SH,2001-12-31,10.21,0.6609,0.6609,2.83,37.2453,29.7635,3.2699,7.1855,5.7866,0.0,1101.86,53625.0,14300.0,14300.0,547511.25,146003.0,2023-08-05
000532.SZ,2001-12-31,9.91,0.2569,0.2569,0.61,,,5.4119,,27.1313,0.0,,21839.22,9353.6125,9353.6125,216426.6702,92694.2999,2023-08-05
600131.SH,2001-12-31,9.36,0.6802,0.981,0.86,91.448,84.0848,6.56,26.0006,25.2073,0.0,2.9232,29654.4209,9995.0009,6930.0,277565.3796,93553.2084,2023-08-05
600638.SH,2001-12-31,10.83,0.2829,0.3678,1.34,49.4292,49.476,3.5487,12.6435,11.31,0.6693,,56116.3988,17015.2172,13088.6286,607740.599,184274.8023,2023-08-05
000886.SZ,2001-12-31,6.06,0.0714,0.0714,0.66,82.8534,89.8189,2.2844,16.9966,17.3602,0.0,3.2923,98882.83,24781.24,24781.24,599229.9498,150174.3144,2023-08-05
600368.SH,2001-12-31,10.38,0.1795,0.1795,0.84,55.3,51.8792,4.6135,33.9768,33.8939,,0.9634,44200.0,8000.0,8000.0,458796.0,83040.0,2023-08-05
600098.SH,2001-12-31,15.31,0.2209,0.2209,0.65,21.7329,19.2802,4.1156,5.5448,4.9858,3.3462,4.7209,125280.0,23400.0,23400.0,1918036.8,358254.0,2023-08-05
600892.SH,2001-12-31,18.2,1.4231,,0.46,761.6819,607.1344,14.7745,42.1935,124.5456,0.0,,5050.0,1530.97,1530.97,91910.0,27863.654,2023-08-05
600853.SH,2001-12-31,7.02,1.138,1.138,0.74,,,4.9444,3.2768,3.1505,0.0,,53240.0018,16456.0018,16456.0018,373744.8126,115521.1326,2023-08-05
000890.SZ,2001-12-31,9.09,0.2734,0.35,0.76,38.049,34.7128,2.8411,4.0602,3.3715,0.0,1.456,29203.2,16972.8,13260.0,265457.088,154282.752,2023-08-05
000620.SZ,2001-12-31,10.67,0.2342,0.2342,0.42,73.4049,104.8524,4.2861,24.11,13.5964,0.0,,31162.704,15048.0,15048.0,332506.0517,160562.16,2023-08-05
000725.SZ,2001-12-31,13.82,0.7974,0.7974,2.57,68.7964,65.6429,3.5371,3.3341,2.9656,,0.7236,54955.4,6000.0,6000.0,759483.628,82920.0,2023-08-05
600836.SH,2001-12-31,12.05,0.2566,0.2566,0.66,162.8214,133.0526,6.6342,3.2978,2.8156,0.0,,11169.375,4132.8125,4132.8125,134590.9688,49800.3906,2023-08-05
600322.SH,2001-12-31,12.0,1.2912,1.2912,1.05,78.9464,78.9464,4.7783,8.6637,8.6637,,,42370.7417,12100.0,12100.0,508448.9004,145200.0,2023-08-05
600260.SH,2001-12-31,22.56,0.7103,0.7103,0.74,58.5019,43.2167,4.845,12.9423,9.7425,0.0,141.75,17588.0,5500.0,5500.0,396785.28,124080.0,2023-08-05
000811.SZ,2001-12-31,14.13,0.209,0.209,1.1,62.7937,50.6152,6.1386,6.0338,5.0257,3.2144,3.5066,12367.31,3744.0,3744.0,174750.0903,52902.72,2023-08-05
000990.SZ,2001-12-31,17.1,1.188,1.188,1.32,75.7984,65.0881,4.6218,11.1615,8.3265,,0.9706,17925.0,7200.0,7200.0,306517.5,123120.0,2023-08-05
600622.SH,2001-12-31,8.86,0.798,0.798,3.81,,,4.5352,12.9423,11.6113,0.0,,33368.8309,11519.9136,11519.9136,295647.8418,102066.4345,2023-08-05
000902.SZ,2001-12-31,11.13,0.2208,0.2208,0.51,64.4383,74.8697,4.7218,4.5884,4.4788,7.4297,2.9719,21500.0,6500.0,6500.0,239295.0,72345.0,2023-08-05
600700.SH,2001-12-31,7.8,1.5914,1.5914,0.84,40.3839,23.4856,4.958,3.866,3.9186,0.0,0.5989,29089.8048,15569.1288,15569.1288,226900.4774,121439.2046,2023-08-05
600300.SH,2001-12-31,12.12,0.1235,0.1235,0.7,33.7254,31.824,3.0576,4.3087,4.2646,,8.1683,33000.0,10000.0,10000.0,399960.0,121200.0,2023-08-05
600232.SH,2001-12-31,13.05,0.3022,0.3022,0.62,58.7445,46.6601,6.4764,4.9977,4.535,0.0,220.52,21885.188,5850.0,5850.0,285601.7034,76342.5,2023-08-05
000952.SZ,2001-12-31,12.44,0.1448,0.1448,0.61,69.5735,59.8086,4.3852,15.8787,13.7821,0.4019,,17122.6,5000.0,5000.0,213005.144,62200.0,2023-08-05
600162.SH,2001-12-31,8.75,0.1084,0.1084,0.5,57.9456,63.4258,2.655,3.474,3.3359,0.0,,17589.0,10752.0,10752.0,153903.75,94080.0,2023-08-05
600180.SH,2001-12-31,17.45,0.6038,0.7245,0.16,67.5997,59.5527,5.7177,12.4611,9.3333,0.0,1.5007,25099.008,7987.2,6656.0,437977.6896,139376.64,2023-08-05
000607.SZ,2001-12-31,15.66,2.5221,2.5221,6.74,50.8693,45.2973,10.1545,2.6882,2.5824,0.0,0.3469,19097.5,5625.0,5625.0,299066.85,88087.5,2023-08-05
000555.SZ,2001-12-31,18.21,0.1045,0.1045,1.09,3016.6919,121.4416,14.3871,2029.4485,37.8721,0.0,,8182.7678,2200.0,2200.0,149008.2016,40062.0,2023-08-05
600867.SH,2001-12-31,8.34,0.0841,0.0841,0.83,58.4394,70.8562,1.98,13.5939,14.0468,0.0,2.4673,32449.3036,15769.728,15769.728,270627.192,131519.5315,2023-08-05
600634.SH,2001-12-31,15.8,0.1387,0.1387,0.88,329.1961,875.5495,7.4464,7.5979,14.7087,0.0,,8720.7283,3980.9737,3980.9737,137787.5071,62899.3845,2023-08-05
000963.SZ,2001-12-31,21.88,0.7106,0.7106,0.61,90.5504,88.3434,8.3631,2.5698,2.3592,1.5631,2.6051,19000.0,5000.0,5000.0,415720.0,109400.0,2023-08-05
000570.SZ,2001-12-31,7.0,0.1573,0.1573,1.1,66.0101,,1.5711,1.1691,1.4645,0.0,,37424.9551,11102.5551,11102.5551,261974.6857,77717.8857,2023-08-05
600108.SH,2001-12-31,6.17,0.1227,0.1227,0.33,33.0566,29.2392,2.7929,5.5884,4.9436,0.2398,0.5857,62504.52,27682.2,27682.2,385652.8884,170799.174,2023-08-05
600828.SH,2001-12-31,11.03,0.2072,0.2072,0.44,77.4036,95.0527,4.3714,1.2971,1.2854,10.4556,3.6054,16929.0,4257.0,4257.0,186726.87,46954.71,2023-08-05
600681.SH,2001-12-31,8.62,0.2097,0.358,0.74,57.9046,49.8477,4.6585,7.5348,7.7997,0.0,0.8897,20806.803,10852.38,6357.96,179354.6419,93547.5156,2023-08-05
600613.SH,2001-12-31,18.67,0.6379,0.6379,0.66,411.8654,2628.0784,8.4506,49.4804,45.0417,0.0,,14790.4998,912.5516,912.5516,276138.6313,17037.3384,2023-08-05
600618.SH,2001-12-31,13.93,0.3407,0.3407,0.6,320.1062,261.6859,5.6492,5.5147,5.5047,0.0,,116448.3067,2783.242,2783.242,1622124.9123,38770.5611,2023-08-05
600153.SH,2001-12-31,12.71,0.1746,0.1746,0.63,36.4264,27.5346,2.5776,0.7307,0.6752,0.0,8.7333,29600.0,8000.0,8000.0,376216.0,101680.0,2023-08-05
600120.SH,2001-12-31,21.12,0.6138,0.6138,0.64,53.8797,44.7005,6.9557,1.5334,1.4898,0.9278,,22565.7792,9369.6912,9369.6912,476589.2567,197887.8781,2023-08-05
000782.SZ,2001-12-31,7.02,0.1569,0.1569,0.84,88.3845,75.2727,3.0131,2.8117,2.5092,1.7195,1.9105,34200.0,12750.0,12750.0,240084.0,89505.0,2023-08-05
600190.SH,2001-12-31,8.55,0.2597,0.2597,0.64,551.4743,373.2491,5.7335,32.7144,29.419,0.0,0.7797,94650.0,9000.0,9000.0,809257.5,76950.0,2023-08-05
600016.SH,2001-12-31,14.51,1.8814,1.8814,3.09,76.049,62.0808,5.3517,19.3409,11.2484,,1.0603,224932.2889,45500.0,45500.0,3263767.5119,660205.0,2023-08-05
600763.SH,2001-12-31,13.29,0.8985,0.8985,0.95,,,13.5025,18258.4575,18258.4575,,,16032.0,4032.0,4032.0,213065.28,53585.28,2023-08-05
000787.SZ,2001-12-31,11.76,0.1027,0.1027,0.91,85.5544,55.8144,5.1714,5.6358,6.0047,0.0,,19970.0244,9100.0,9100.0,234847.4869,107016.0,2023-08-05
600175.SH,2001-12-31,13.77,0.1286,0.1286,0.45,77.7127,,3.6934,20.7544,27.5556,1.8155,0.7262,10668.0,2668.0,2668.0,146898.36,36738.36,2023-08-05
000026.SZ,2001-12-31,17.83,0.3771,0.3771,1.5,303.1214,185.8366,7.3538,17.5686,18.6561,0.5609,,24931.7999,6074.9999,6074.9999,444533.9922,108317.2482,2023-08-05
600647.SH,2001-12-31,13.4,1.3445,1.3445,4.28,,,115.9765,26.0875,,0.0,,5351.675,2100.0,2100.0,71712.445,28140.0,2023-08-05
600784.SH,2001-12-31,10.68,0.2422,0.2422,1.06,55.9915,70.1838,4.5334,24.1875,30.4076,0.0,0.9841,22573.352,17182.802,17182.802,241083.3994,183512.3254,2023-08-05
000520.SZ,2001-12-31,4.98,0.0762,0.0762,0.52,38.8661,59.5359,2.0186,3.2275,2.6519,2.8255,3.5319,51916.8762,29516.801,29516.801,258546.0435,146993.669,2023-08-05
600891.SH,2001-12-31,6.32,0.2293,0.2597,1.42,491.3262,,2.6146,2.7129,3.1716,0.0,,24356.4134,12941.9334,11425.7,153932.5327,81793.0191,2023-08-05
000040.SZ,2001-12-31,6.61,0.3747,0.3747,2.96,266.0746,,2.6243,8.2923,9.1867,0.0,,46959.3364,28680.0468,28680.0468,310401.2136,189575.1093,2023-08-05
600879.SH,2001-12-31,14.15,0.5262,0.5262,1.36,51.6263,47.7188,4.9515,7.8893,7.9246,0.0,0.3754,23433.3196,13714.1235,13714.1235,331581.4723,194054.8475,2023-08-05
600127.SH,2001-12-31,9.44,0.7582,0.7582,2.21,67.4846,59.0544,3.2409,5.8059,5.7869,0.0,0.7055,43250.0065,19143.4455,19143.4455,408280.0614,180714.1255,2023-08-05
600860.SH,2001-12-31,10.16,0.2993,0.2993,0.5,79.0304,64.7077,4.2018,9.1934,6.9694,0.5413,0.9843,40000.0,5000.0,5000.0,406400.0,50800.0,2023-08-05
600400.SH,2001-12-31,13.51,0.2548,0.2548,1.58,49.8918,61.4833,4.3515,6.4023,6.0783,,0.3701,17952.3,5000.0,5000.0,242535.573,67550.0,2023-08-05
600253.SH,2001-12-31,15.16,0.7154,0.7154,2.24,75.8028,69.2429,4.5269,8.6753,9.1737,,0.66,21000.0,6000.0,6000.0,318360.0,90960.0,2023-08-05
600709.SH,2001-12-31,8.07,1.0963,1.0963,1.15,8.3394,8.6929,1.6355,1.9553,1.9207,0.0,5.534,44603.92,19975.04,19975.04,359953.6344,161198.5728,2023-08-05
600753.SH,2001-12-31,9.1,4.0188,4.0188,2.28,,,12.1237,11.2653,12.653,0.0,,12800.0,3200.0,3200.0,116480.0,29120.0,2023-08-05
600181.SH,2001-12-31,12.47,1.1795,1.1795,1.69,64.2772,38.6772,4.7125,17.7081,12.609,0.3365,,34813.6224,16800.0,16800.0,434125.8713,209496.0,2023-08-05
600653.SH,2001-12-31,6.6,0.1265,0.1265,0.37,23.6178,18.1912,2.6097,0.9682,1.2933,0.0,0.2464,80850.9406,80850.9406,80850.9406,533616.208,533616.208,2023-08-05
600311.SH,2001-12-31,13.29,0.4644,0.4644,0.91,60.3509,60.3509,2.8265,6.2523,6.2523,,,20000.0,8000.0,8000.0,265800.0,106320.0,2023-08-05
000780.SZ,2001-12-31,9.14,0.2369,0.2369,0.95,38.7214,34.961,2.6502,2.6039,2.4314,0.0,2.8301,28327.2,10951.2,10951.2,258910.608,100093.968,2023-08-05
600676.SH,2001-12-31,11.69,0.2866,0.2866,1.23,35.6314,36.322,2.1373,7.5464,6.3724,0.0,3.9383,16896.1856,7340.0,7340.0,197516.4097,85804.6,2023-08-05
600872.SH,2001-12-31,6.93,0.1411,0.1411,0.97,23.2853,24.4117,2.3132,4.1012,3.6929,0.0,0.7817,45005.595,24923.6074,24923.6074,311888.7734,172720.5993,2023-08-05
000595.SZ,2001-12-31,9.44,2.1679,2.1679,2.24,742.9252,176.5747,3.8728,3.4835,3.7868,0.0,,17495.9878,6583.2478,6583.2478,165162.1248,62145.8592,2023-08-05
600399.SH,2001-12-31,6.7,0.1947,0.1947,1.0,32.4894,32.4894,2.5012,2.1462,2.1462,,0.7463,52000.0,12000.0,12000.0,348400.0,80400.0,2023-08-05
000409.SZ,2001-12-31,9.85,0.5402,0.5402,1.55,247.8235,128.7963,6.6708,18.4224,12.0475,0.0,,17137.4148,7527.6471,7527.6471,168803.5358,74147.3239,2023-08-05
600090.SH,2001-12-31,13.92,0.1892,0.1892,0.52,54.7323,48.2741,9.752,8.3175,6.5162,0.1052,0.3558,36791.6646,17412.096,17412.096,512139.9712,242376.3763,2023-08-05
600307.SH,2001-12-31,5.48,0.1266,0.1266,0.93,22.9378,27.0823,1.9676,1.2775,1.2631,,2.9197,72800.0,20000.0,20000.0,398944.0,109600.0,2023-08-05
000564.SZ,2001-12-31,7.89,0.1351,0.1351,0.78,46.5972,30.1187,2.8964,1.9284,1.8475,0.0,1.8732,20200.7024,13668.0097,13668.0097,159383.5419,107840.5965,2023-08-05
000158.SZ,2001-12-31,8.83,0.1844,0.1844,1.02,37.7307,40.9838,2.959,1.9278,2.0157,0.0,4.53,40000.0,10000.0,10000.0,353200.0,88300.0,2023-08-05
000070.SZ,2001-12-31,15.99,0.6048,0.6048,3.14,71.5378,65.0132,4.99,7.0032,6.7488,,1.7511,25000.0,7000.0,7000.0,399750.0,111930.0,2023-08-05
600166.SH,2001-12-31,9.27,0.0929,0.0929,0.58,28.6463,26.6653,2.7148,0.7827,0.6558,0.0,5.2947,28046.6,8000.0,8000.0,259991.982,74160.0,2023-08-05
000605.SZ,2001-12-31,16.04,0.0926,0.0926,0.44,1190.5786,211.327,12.726,24.4936,24.6577,0.0,,8250.0,2062.5,2062.5,132330.0,33082.5,2023-08-05
600262.SH,2001-12-31,12.99,0.2143,0.2143,0.77,65.4528,88.3134,3.9105,9.4114,11.2542,0.0,285.53,17000.0,5500.0,5500.0,220830.0,71445.0,2023-08-05
000507.SZ,2001-12-31,7.18,0.1754,0.1754,0.72,49.0015,51.1415,2.6532,11.8187,11.2324,0.0,,34499.742,19555.802,19555.802,247708.1476,140410.6584,2023-08-05
600790.SH,2001-12-31,6.65,0.1348,0.1348,0.45,28.4389,28.2129,2.328,2.5114,2.434,1.7351,,37186.0686,25223.328,25223.328,247287.3562,167735.1312,2023-08-05
000707.SZ,2001-12-31,5.82,0.1755,0.1755,0.78,32.9909,30.8958,1.6679,3.5852,3.3885,0.0,2.586,46414.5765,26408.8618,26408.8618,270132.8352,153699.5757,2023-08-05
600631.SH,2001-12-31,8.59,0.4099,0.4508,1.9,85.3432,235.41,3.088,1.1726,1.4484,3.2756,,58284.7939,18831.338,17119.1587,500666.3796,161761.1934,2023-08-05
600604.SH,2001-12-31,9.56,0.5174,0.5174,0.87,782.8807,302.7872,8.0578,11.6383,8.6298,0.0,,56644.919,7118.188,7118.188,541525.4256,68049.8773,2023-08-05
000919.SZ,2001-12-31,16.95,0.8859,0.8859,1.61,39.9314,36.5214,4.322,13.0045,12.299,1.2212,5.6372,28000.0,8000.0,8000.0,474600.0,135600.0,2023-08-05
600391.SH,2001-12-31,16.45,3.0367,3.0367,0.97,76.3188,76.3188,15.1044,12.8176,12.8176,,,14000.0,5000.0,5000.0,230300.0,82250.0,2023-08-05
600885.SH,2001-12-31,11.3,0.6215,0.6215,0.95,,,11.234,14.2831,13.3814,0.0,,12980.7132,4986.8,4986.8,146682.0592,56350.84,2023-08-05
000018.SZ,2001-12-31,12.79,0.345,0.345,1.03,427.2685,674.6459,7.0202,13.2105,14.7267,0.0,,16914.2356,2023.12,2023.12,216333.0733,25875.7048,2023-08-05
000629.SZ,2001-12-31,7.0,0.1406,0.1406,0.8,15.5365,13.2601,1.5815,0.944,0.9827,2.8571,9.7522,102330.0145,29980.0,29980.0,716310.1015,209860.0,2023-08-05
000976.SZ,2001-12-31,9.07,0.4526,0.4526,2.3,49.9921,55.293,3.5915,3.9892,3.882,0.6323,9.1045,42114.6,6120.0,6120.0,381979.422,55508.4,2023-08-05
000978.SZ,2001-12-31,15.55,0.2281,0.2281,0.56,75.7713,62.0799,7.4154,19.8431,16.4743,0.0,3.2883,17700.0,6000.0,6000.0,275235.0,93300.0,2023-08-05
000405.SZ,2001-12-31,5.68,1.3746,1.3746,1.47,,,4.4947,3.2991,5.5597,0.0,,38092.5448,11292.367,11292.367,216365.6545,64140.6446,2023-08-05
600185.SH,2001-12-31,14.41,0.0941,0.0941,0.7,142.2633,114.978,5.5928,7.0429,8.5004,0.0,1.2124,19800.0,6800.0,6800.0,285318.0,97988.0,2023-08-05
600609.SH,2001-12-31,5.81,0.3577,0.3577,0.96,25.4088,24.4623,2.535,7.6951,10.8909,0.0,,109266.7132,36400.0,36400.0,634839.6037,211484.0,2023-08-05
000027.SZ,2001-12-31,9.47,0.3402,0.3402,2.12,26.7389,23.0662,3.4167,4.1116,3.2199,5.1971,,100207.9444,40526.3484,40526.3484,948969.2335,383784.5193,2023-08-05
000150.SZ,2001-12-31,6.95,3.4084,3.4084,5.43,56.5689,48.7195,3.3025,7.689,9.452,0.0,2.0555,32400.0,12600.0,12600.0,225180.0,87570.0,2023-08-05
000973.SZ,2001-12-31,12.88,0.3947,0.3947,1.43,63.6008,56.6096,4.2271,3.2448,2.9083,0.0,9.4676,37345.06,4900.0,4900.0,481004.3728,63112.0,2023-08-05
600617.SH,2001-12-31,19.18,0.6339,0.6339,0.8,517.8792,751.5283,11.2282,7.7419,9.3586,0.1043,0.1356,16719.48,900.0,900.0,320679.6264,17262.0,2023-08-05
600859.SH,2001-12-31,7.65,0.1839,0.1839,0.74,98.5537,126.6254,1.933,1.323,1.1099,0.0,1.2947,39297.3026,19837.8626,19837.8626,300624.3649,151759.6489,2023-08-05
600198.SH,2001-12-31,19.32,0.1833,0.1833,0.43,47.5299,47.4732,4.2834,3.5373,3.1444,1.4689,2.7479,43898.64,16537.375,16537.375,848121.7248,319502.085,2023-08-05
600769.SH,2001-12-31,7.86,0.0996,0.0996,0.6,128.5458,213.5923,2.9198,5.4892,5.2086,0.0,,34881.6,8736.0,8736.0,274169.376,68664.96,2023-08-05
000858.SZ,2001-12-31,21.15,1.5744,2.6765,1.68,23.9291,22.4995,4.0357,4.6489,4.4792,0.0,0.9873,86904.0,24480.0,14400.0,1838019.6,517752.0,2023-08-05
000514.SZ,2001-12-31,11.23,0.678,0.678,1.72,2532.5198,,7.2616,28.9396,27.0602,,,11754.288,4324.32,4324.32,132000.6542,48562.1136,2023-08-05
600693.SH,2001-12-31,10.44,0.7933,0.7933,1.14,184.142,922.7137,3.5794,2.3534,2.0792,0.0,1.7489,13200.869,7230.0998,7230.0998,137817.0724,75482.2419,2023-08-05
600070.SH,2001-12-31,16.27,0.2193,0.2193,0.45,47.1185,36.9994,5.1171,5.7655,5.6051,0.0,5.3709,7573.3,3120.0,3120.0,123217.591,50762.4,2023-08-05
000583.SZ,2001-12-31,24.67,0.458,0.458,1.45,34.4569,28.7123,2.3415,5.9179,4.5256,0.0,3.5917,12192.4313,6880.0,6880.0,300787.2802,169729.6,2023-08-05
600106.SH,2001-12-31,10.89,0.0958,0.0958,0.48,43.3826,44.5966,3.823,27.492,25.6087,6.3259,3.1629,31000.0,9000.0,9000.0,337590.0,98010.0,2023-08-05
000850.SZ,2001-12-31,17.2,0.4607,0.4607,0.92,35.79,30.8731,4.9145,6.3876,5.8619,0.5667,2.569,21899.9984,7694.594,7694.594,376679.9725,132347.0168,2023-08-05
600085.SH,2001-12-31,19.55,0.8284,0.8284,1.36,44.2329,31.6287,5.2067,6.3322,4.7996,2.4647,2.4679,33179.9933,9961.6608,9961.6608,648668.869,194750.4686,2023-08-05
000739.SZ,2001-12-31,13.15,0.2766,0.2766,0.96,256.3019,,7.0078,10.7179,12.7397,0.0,,14574.923,7380.0,7380.0,191660.2375,97047.0,2023-08-05
000407.SZ,2001-12-31,7.72,0.2061,0.2893,2.88,44.5347,47.2933,3.5308,1.9367,1.9786,0.0,4.3045,23958.8758,14419.6658,10271.6893,184962.5212,111319.82,2023-08-05
000979.SZ,2001-12-31,18.4,0.191,0.191,0.72,80.3736,66.6677,3.6567,12.1114,8.6903,0.0,1.788,9400.0,4000.0,4000.0,172960.0,73600.0,2023-08-05
600326.SH,2001-12-31,18.53,0.2663,0.2663,0.3,174.6627,174.6627,5.0813,7.2652,7.2652,,0.6746,10000.0,4000.0,4000.0,185300.0,74120.0,2023-08-05
600008.SH,2001-12-31,13.49,0.382,0.6326,0.68,34.2532,32.675,3.6301,89.2191,66.3643,0.0,9.0783,110000.0,26500.0,16000.0,1483900.0,357485.0,2023-08-05
600792.SH,2001-12-31,23.17,3.9733,3.9733,3.15,,,14.1923,19.8378,19.2571,0.0,,5100.0,1500.0,1500.0,118167.0,34755.0,2023-08-05
600615.SH,2001-12-31,12.99,0.3307,0.3307,0.37,952.1798,922.3318,3.3578,55.8052,31.5948,0.0,1.2451,15041.6406,4650.048,4650.048,195390.9114,60404.1235,2023-08-05
000612.SZ,2001-12-31,8.0,0.2099,0.2099,1.37,43.0356,31.53,3.7808,3.2434,2.2792,1.0417,3.3194,26964.7572,10154.16,10154.16,215718.0576,81233.28,2023-08-05
000099.SZ,2001-12-31,15.63,0.4795,0.4795,1.02,59.7665,51.6644,3.5755,10.3056,9.7641,,1.2796,19600.0,6000.0,6000.0,306348.0,93780.0,2023-08-05
600677.SH,2001-12-31,8.49,0.7719,0.7719,0.99,30.0734,60.3658,5.329,1.7631,1.7648,1.7308,1.8,32617.2356,17074.5684,17074.5684,276920.3302,144963.0857,2023-08-05
000766.SZ,2001-12-31,6.61,0.4218,0.4218,2.18,12.2688,12.3506,2.6549,5.8867,5.5078,0.0,11.1256,44901.6276,28493.4,28493.4,296799.7584,188341.374,2023-08-05
000600.SZ,2001-12-31,10.01,0.3857,0.3857,2.61,411.7703,,5.2239,11.6276,9.4731,0.0,,15373.3407,4607.2578,4607.2578,153887.1404,46118.6506,2023-08-05
600073.SH,2001-12-31,13.04,1.4383,1.4383,1.48,52.8761,102.2757,5.3953,7.8642,8.591,8.0752,,32400.0,12000.0,12000.0,422496.0,156480.0,2023-08-05
600329.SH,2001-12-31,16.98,0.617,0.617,0.96,68.3859,68.3859,4.2196,7.6299,7.6299,,,36965.436,4000.0,4000.0,627673.1033,67920.0,2023-08-05
600157.SH,2001-12-31,10.28,0.1135,0.1135,0.45,53.462,77.8008,6.0755,4.26,4.6483,0.0,,17044.6162,6355.8432,6355.8432,175218.6545,65338.0681,2023-08-05
000987.SZ,2001-12-31,10.38,0.2046,0.2046,0.93,65.533,65.8243,4.1042,2.6265,2.478,0.0,3.8424,23930.5405,6000.0,6000.0,248399.0104,62280.0,2023-08-05
000033.SZ,2001-12-31,7.77,0.8427,0.8427,0.43,,,5.3408,20.3288,20.6643,0.0,,28772.3488,6722.3488,6722.3488,223561.1502,52232.6502,2023-08-05
000667.SZ,2001-12-31,9.08,0.1722,0.1722,0.29,751.5686,298.803,4.5412,19.185,18.0773,0.0,,24502.8,6358.8,6358.8,222485.424,57737.904,2023-08-05
000835.SZ,2001-12-31,27.67,1.0133,1.0133,0.75,96.1465,81.5391,9.8369,6.3358,5.2304,0.0,0.4337,5400.0,1350.0,1350.0,149418.0,37354.5,2023-08-05
600346.SH,2001-12-31,15.83,1.6152,1.6152,1.65,120.4016,120.4016,12.9128,7.8807,7.8807,,,10500.0,3850.0,3850.0,166215.0,60945.5,2023-08-05
000622.SZ,2001-12-31,9.62,0.2395,0.406,1.29,91.9056,94.7016,6.7727,6.5977,6.3043,0.0,0.6697,14174.2,6600.0,3892.95,136355.804,63492.0,2023-08-05
600389.SH,2001-12-31,18.76,1.8484,1.8484,3.12,89.5059,90.653,6.66,5.3848,4.8767,,1.9989,15000.0,4000.0,4000.0,281400.0,75040.0,2023-08-05
600197.SH,2001-12-31,12.49,0.1796,0.1796,0.78,36.956,28.0662,3.8343,7.7932,7.644,5.7199,8.7094,22050.0,7500.0,7500.0,275404.5,93675.0,2023-08-05
000862.SZ,2001-12-31,9.69,0.1236,0.1236,0.61,42.16,42.536,2.9007,10.6015,9.2513,3.35,2.8888,21834.0,11700.0,11700.0,211571.46,113373.0,2023-08-05
000881.SZ,2001-12-31,7.42,0.3781,0.3781,1.19,39.2724,36.6539,3.4473,2.9564,2.3128,0.0,0.4119,30891.84,15792.0,15792.0,229217.4528,117176.64,2023-08-05
600129.SH,2001-12-31,27.84,0.9758,0.9758,0.76,119.8979,75.8187,6.8347,5.8845,5.3175,1.7905,,25260.0,7500.0,7500.0,703238.4,208800.0,2023-08-05
000650.SZ,2001-12-31,10.53,0.2137,0.2137,0.44,96.7089,192.1385,6.0873,8.9234,9.2788,0.0,0.8034,20010.24,6570.72,6570.72,210707.8272,69189.6816,2023-08-05
000602.SZ,2001-12-31,17.1,0.2528,0.2528,2.63,,,14.8426,31.4223,32.2894,0.0,,10050.0,4367.2,4367.2,171855.0,74679.12,2023-08-05
600894.SH,2001-12-31,6.61,0.2273,0.2273,0.83,44.8068,44.4446,2.9637,1.8093,1.7959,1.4918,6.4203,68618.0,16169.0265,16169.0265,453564.98,106877.2652,2023-08-05
600255.SH,2001-12-31,21.59,1.4383,1.4383,1.89,73.6127,83.162,4.1973,2.8646,2.9102,,0.9264,9500.0,3000.0,3000.0,205105.0,64770.0,2023-08-05
600829.SH,2001-12-31,13.03,0.7611,0.7611,1.15,27.9829,24.1015,3.8062,3.3312,3.3522,0.0,3.0483,13216.83,3327.5,3327.5,172215.2949,43357.325,2023-08-05
000748.SZ,2001-12-31,11.23,0.1237,0.1237,0.53,49.0176,43.7112,3.8938,3.596,3.5699,0.0,2.2398,22637.478,9000.0,9000.0,254218.8779,101070.0,2023-08-05
600827.SH,2001-12-31,14.62,0.2263,0.2263,0.49,65.9325,50.7297,6.669,1.447,0.6555,0.6368,0.684,24429.3012,3356.4059,3356.4059,357156.3835,49070.6543,2023-08-05
000032.SZ,2001-12-31,18.39,0.4522,0.4522,1.98,75.7532,57.9411,9.2818,2.0871,1.447,1.5677,1.9596,13081.2,3630.0003,3630.0003,240563.268,66755.7055,2023-08-05
000042.SZ,2001-12-31,13.33,0.1433,0.1433,0.9,28.5542,23.033,2.482,2.2123,2.3516,3.8867,3.8867,23946.304,6932.9442,6932.9442,319204.2323,92416.1462,2023-08-05
600093.SH,2001-12-31,9.12,1.8669,2.8003,0.85,78.6904,77.0388,4.6172,9.9347,12.99,0.0,0.9137,19125.0,7650.0,5100.0,174420.0,69768.0,2023-08-05
000866.SZ,2001-12-31,4.31,0.1175,0.1175,0.65,15.5035,18.4692,1.883,0.653,0.6502,12.3566,18.535,233000.0,35000.0,35000.0,1004230.0,150850.0,2023-08-05
600768.SH,2001-12-31,12.93,0.5461,0.5461,0.95,,,12.6315,8.9512,7.6281,,,9288.0,2678.4,2678.4,120093.84,34631.712,2023-08-05
600605.SH,2001-12-31,14.59,1.3351,1.3351,2.85,362.2595,165.7089,9.7462,13.9554,14.4288,0.0,,21019.2,2400.0,2400.0,306670.128,35016.0,2023-08-05
600664.SH,2001-12-31,12.47,0.695,0.9035,2.18,29.0214,26.2996,4.1764,1.027,1.2021,1.2529,1.5662,53077.1558,34628.1872,26637.0671,661872.1328,431813.4944,2023-08-05
600099.SH,2001-12-31,10.69,0.1598,0.1917,0.18,307.6674,283.031,5.0495,11.7055,11.5391,0.0,0.9365,21912.0,9120.0,7600.0,234239.28,97492.8,2023-08-05
600655.SH,2001-12-31,9.6,0.3566,0.3566,2.44,42.7802,43.6688,2.7095,1.2354,1.2234,3.2514,3.2514,46533.3455,14907.9457,14907.9457,446720.1168,143116.2787,2023-08-05
000702.SZ,2001-12-31,15.52,0.1888,0.1888,0.2,54.6748,46.6283,5.253,4.3809,3.7587,0.8655,,28280.4576,11700.0,11700.0,438912.702,181584.0,2023-08-05
600858.SH,2001-12-31,7.81,0.5024,0.5024,0.58,,,6.9148,39.3713,37.452,0.0,,12134.672,6795.36,6795.36,94771.7883,53071.7616,2023-08-05
600365.SH,2001-12-31,11.56,0.3626,0.3626,0.91,80.8198,75.2136,3.0355,11.7009,11.5367,,,14000.0,6000.0,6000.0,161840.0,69360.0,2023-08-05
600810.SH,2001-12-31,8.17,0.1242,0.1366,0.64,41.833,57.4741,1.3537,4.4467,4.2703,0.0,,56628.0,14157.0,12870.0,462650.76,115662.69,2023-08-05
000548.SZ,2001-12-31,9.51,0.3612,0.3831,2.08,56.906,43.0823,3.1452,24.7351,14.1898,0.0,1.2194,34060.8048,17623.0848,16615.8436,323918.2536,167595.5364,2023-08-05
600448.SH,2001-12-31,9.12,0.7992,0.7992,0.9,65.7351,65.7351,8.7363,2.1456,2.1456,,,24500.0,9350.0,9350.0,223440.0,85272.0,2023-08-05
000155.SZ,2001-12-31,7.47,0.1367,0.1367,0.68,36.0595,39.3618,2.6036,3.3677,3.5088,,,47000.0,13000.0,13000.0,351090.0,97110.0,2023-08-05
000006.SZ,2001-12-31,11.15,0.2118,0.2118,1.22,23.8789,19.9913,2.4078,1.501,1.487,1.4412,2.8825,25359.1631,15780.7037,15780.7037,282754.6686,175954.8463,2023-08-05
000768.SZ,2001-12-31,7.94,0.131,0.131,0.73,45.2082,63.6114,1.625,3.8995,3.7019,0.0,5.5714,39150.0,17700.0,17700.0,310851.0,140538.0,2023-08-05
000013.SZ,2001-12-31,8.99,0.8824,0.8824,1.63,72.4774,60.2439,4.7738,3.3295,3.0389,0.0,,30335.4979,5132.4002,5132.4002,272716.1261,46140.2778,2023-08-05
600850.SH,2001-12-31,12.93,0.8417,0.8417,1.17,125.943,145.6523,10.0973,1.5901,1.5804,0.0,0.9072,17103.15,4860.0,4860.0,221143.7295,62839.8,2023-08-05
000417.SZ,2001-12-31,15.25,0.4812,0.4812,1.94,30.9212,26.1793,2.6024,1.9462,1.6911,2.0318,2.2699,10108.9619,3650.3999,3650.3999,154161.669,55668.5985,2023-08-05
000876.SZ,2001-12-31,15.6,0.8508,0.8508,2.89,55.0306,49.9515,2.8401,5.1007,4.7936,0.2003,3.8867,19402.6,6400.0,6400.0,302680.56,99840.0,2023-08-05
600807.SH,2001-12-31,11.69,4.3978,4.3978,0.82,7943.0148,,5.8725,7.9004,11.1411,0.0,,10792.6995,6435.0,6435.0,126166.6572,75225.15,2023-08-05
000426.SZ,2001-12-31,10.42,0.2787,0.2787,0.41,36.5508,37.647,2.3689,13.3823,12.6569,0.0,0.6629,22183.9464,7298.8344,7298.8344,231156.7215,76053.8544,2023-08-05
600116.SH,2001-12-31,13.31,1.1887,1.1887,1.3,61.3971,55.5664,4.3746,10.4746,11.6615,1.0292,,17476.8,5799.2,5799.2,232616.208,77187.352,2023-08-05
000519.SZ,2001-12-31,12.2,0.5307,0.5307,1.48,65.0816,64.1728,5.3535,10.7247,10.6746,0.0,1.8128,13653.8286,5803.2046,5803.2046,166576.7089,70799.0961,2023-08-05
000415.SZ,2001-12-31,9.21,0.0885,0.0885,1.21,46.1421,45.584,4.8112,12.5962,8.6558,0.0,0.7915,23317.9996,9595.7543,9595.7543,214758.7763,88376.8971,2023-08-05
000571.SZ,2001-12-31,5.33,0.1187,0.1187,1.1,,,3.9566,2.1837,2.0957,0.0,,73606.4,33716.48,33716.48,392322.112,179708.8384,2023-08-05
000569.SZ,2001-12-31,5.56,0.2517,0.2517,1.11,57.6472,60.4359,4.7361,2.6147,2.4091,0.0,,69514.2187,14792.9412,14792.9412,386499.056,82248.7531,2023-08-05
000060.SZ,2001-12-31,6.85,0.0996,0.0996,0.75,22.7199,31.6526,2.8473,1.0382,1.0476,2.0489,6.1468,43200.0,20520.0,20520.0,295920.0,140562.0,2023-08-05
000068.SZ,2001-12-31,6.95,0.45,0.45,1.64,37.3089,28.0727,3.5187,4.835,4.664,0.0,4.021,78597.0517,22500.0,22500.0,546249.5093,156375.0,2023-08-05
000553.SZ,2001-12-31,10.25,1.7569,1.7569,1.3,169.0372,210.2164,3.0623,3.3336,3.2172,0.9756,,29696.161,9723.2276,9723.2276,304385.6503,99663.0829,2023-08-05
000488.SZ,2001-12-31,13.26,0.1426,0.1568,0.44,28.5884,31.161,2.119,2.7424,2.7084,,2.0568,49873.7724,7700.0,7000.0,661326.222,102102.0,2023-08-05
600680.SH,2001-12-31,17.4,0.4175,0.4175,0.4,191.7281,79.3162,9.088,9.5505,7.339,0.0,0.1724,30492.5337,2704.0,2704.0,530570.0864,47049.6,2023-08-05
000544.SZ,2001-12-31,8.24,0.5057,0.5057,4.41,414.4523,,8.3562,3.5527,3.828,0.0,,26945.9799,10874.1549,10874.1549,222034.8744,89603.0364,2023-08-05
000751.SZ,2001-12-31,6.42,0.1001,0.1001,1.11,13.5208,19.7868,2.087,1.9264,1.9641,3.0422,,88109.8771,34702.2,34702.2,565665.411,222788.124,2023-08-05
000628.SZ,2001-12-31,9.29,0.1304,0.1304,0.69,474.5168,244.451,3.3601,3.8311,3.2396,0.0,,19356.0,8640.0,8640.0,179817.24,80265.6,2023-08-05
000589.SZ,2001-12-31,7.73,0.199,0.199,0.76,133.1618,141.9375,2.2576,1.2539,1.2066,1.8858,,25432.7065,12462.024,12462.024,196594.8212,96331.4455,2023-08-05
000031.SZ,2001-12-31,7.2,1.09,1.09,6.12,164.5685,67.5238,3.6426,10.7015,11.5888,0.0,,46630.2377,16348.9877,16348.9877,335737.7114,117712.7114,2023-08-05
600644.SH,2001-12-31,11.37,0.4126,0.4126,0.2,76.3503,73.1243,6.233,9.958,10.128,0.5322,,24933.6499,12876.1571,12876.1571,283495.5994,146401.9062,2023-08-05
000677.SZ,2001-12-31,10.04,0.2938,0.2938,0.82,43.7066,48.9647,5.4694,2.9251,2.8766,0.0,,16565.796,5054.4,5054.4,166320.5918,50746.176,2023-08-05
600148.SH,2001-12-31,10.61,0.2353,0.2353,1.2,130.521,269.9341,5.8464,9.7503,9.9676,5.0377,3.0169,14151.645,4200.0,4200.0,150148.9535,44562.0,2023-08-05
600795.SH,2001-12-31,15.55,0.2042,0.2042,0.45,45.5103,30.4959,2.9139,9.1148,5.5519,0.0,2.847,82487.808,20702.8224,20702.8224,1282685.4144,321928.8883,2023-08-05
000515.SZ,2001-12-31,8.4,1.8044,2.1653,0.57,373.4219,27.7217,5.6952,6.1012,5.5359,0.0,0.2326,15600.624,6652.8,5544.0,131045.2416,55883.52,2023-08-05
600739.SH,2001-12-31,14.58,1.1683,1.1683,3.05,20.757,21.0744,4.3755,2.947,2.8414,0.0,3.472,24757.2,9781.2,9781.2,360959.976,142609.896,2023-08-05
600601.SH,2001-12-31,12.85,1.4408,2.8817,1.04,38.4217,38.6611,8.3509,1.7774,1.5515,0.0,,37324.8,37324.8,18662.4,479623.68,479623.68,2023-08-05
000769.SZ,2001-12-31,9.72,0.3695,0.3695,0.88,820.7366,1589.6021,4.099,6.5901,7.4265,0.0,,18540.0,8100.0,8100.0,180208.8,78732.0,2023-08-05
000603.SZ,2001-12-31,16.3,5.2064,5.2064,3.79,855.7419,,14.1123,50.8419,70.0248,0.0,,11186.25,2850.0,2850.0,182335.875,46455.0,2023-08-05
600864.SH,2001-12-31,10.92,0.2744,0.2744,0.95,92.5801,81.3397,3.7941,6.3149,6.4113,1.0073,,13659.4549,4537.5,4537.5,149161.2475,49549.5,2023-08-05
000726.SZ,2001-12-31,13.87,0.5812,0.5812,1.46,43.4148,36.5596,2.8738,7.7292,6.0895,0.0,0.2052,27079.0,6500.0,6500.0,375585.73,90155.0,2023-08-05
600386.SH,2001-12-31,14.4,0.2473,0.2473,0.77,49.6889,49.6889,3.2273,6.8152,6.8152,,2.1875,25200.0,8000.0,8000.0,362880.0,115200.0,2023-08-05
600076.SH,2001-12-31,12.37,0.8313,0.8313,1.32,46.6273,43.9125,4.2048,11.3725,8.9452,0.0,0.8722,22441.6,9600.0,9600.0,277602.592,118752.0,2023-08-05
600708.SH,2001-12-31,10.61,1.1477,1.1477,3.02,457.1809,74.5222,7.4311,13.9829,15.9411,0.0,,23793.4848,8659.2,8659.2,252448.8737,91874.112,2023-08-05
600707.SH,2001-12-31,7.32,0.0854,0.0854,0.55,26.7737,44.5278,1.9402,1.6177,1.4928,0.0,4.8064,42114.88,14364.48,14364.48,308280.9216,105147.9936,2023-08-05
000636.SZ,2001-12-31,9.27,1.5312,1.5312,1.83,13.4482,18.4113,2.3129,3.5899,3.5643,3.3691,4.2737,53033.0952,20079.4201,20079.4201,491616.7925,186136.2243,2023-08-05
000157.SZ,2001-12-31,14.45,0.3659,0.7318,0.84,82.48,54.9414,5.0804,17.7047,13.5614,,0.519,30000.0,10000.0,5000.0,433500.0,144500.0,2023-08-05
600468.SH,2001-12-31,17.62,0.7038,0.7038,1.09,112.398,112.398,5.6627,12.8478,12.8478,,,11000.0,3000.0,3000.0,193820.0,52860.0,2023-08-05
600265.SH,2001-12-31,14.53,0.3328,0.3328,1.27,59.87,88.1527,5.3104,9.8847,9.6461,,2.1679,10500.0,4000.0,4000.0,152565.0,58120.0,2023-08-05
600782.SH,2001-12-31,11.45,0.1545,0.1545,1.01,82.2813,72.612,8.1402,8.6968,7.6764,0.4913,1.6902,19322.0374,5616.0,5616.0,221237.3282,64303.2,2023-08-05
600382.SH,2001-12-31,11.89,0.2548,0.2548,1.04,86.7961,80.3978,4.1012,5.9189,5.3211,,3.3054,17087.33,6000.0,6000.0,203168.3537,71340.0,2023-08-05
600192.SH,2001-12-31,8.3,0.0945,0.0945,0.76,54.5721,117.3365,2.6272,3.8579,3.7653,6.433,,32050.0,11050.0,11050.0,266015.0,91715.0,2023-08-05
600626.SH,2001-12-31,10.75,0.6404,0.6404,1.5,29.4713,26.0213,3.0652,1.2958,1.1753,1.8301,2.0131,33821.0865,14048.16,14048.16,363576.6799,151017.72,2023-08-05
000802.SZ,2001-12-31,14.6,0.5885,0.5885,0.61,48.989,45.7562,4.3899,7.072,5.1241,1.6333,1.6333,11625.0,3900.0,3900.0,169725.0,56940.0,2023-08-05
600642.SH,2001-12-31,13.22,0.5602,0.5602,2.42,14.1752,21.3823,4.038,15.1614,12.6143,12.3043,22.1478,163308.7769,25099.2,25099.2,2158942.0306,331811.424,2023-08-05
000616.SZ,2001-12-31,9.93,0.4431,0.9984,0.77,53.7103,48.0362,3.0722,13.9457,14.0503,0.0,,14534.0,6747.9286,2994.6429,144322.62,67006.931,2023-08-05
600699.SH,2001-12-31,7.97,0.4925,0.6156,0.58,30.2679,35.4492,4.856,6.195,6.5852,0.0,0.8309,17693.0061,8998.704,7198.9632,141013.2586,71719.6709,2023-08-05
600619.SH,2001-12-31,15.14,0.6519,0.6519,1.08,86.0571,39.0476,5.6409,3.2793,2.2371,0.0,,38052.0,2028.0,2028.0,576107.28,30703.92,2023-08-05
000927.SZ,2001-12-31,6.13,0.3515,0.3515,2.64,31.6524,33.0869,2.4636,1.9608,2.0399,0.0,,145015.82,21800.0,21800.0,888946.9766,133634.0,2023-08-05
600720.SH,2001-12-31,6.3,0.1606,0.1606,0.56,39.8186,35.8875,4.0312,7.9689,7.5984,0.41,1.6877,34695.4252,16316.0266,16316.0266,218581.1788,102790.9676,2023-08-05
600303.SH,2001-12-31,10.82,1.4944,1.4944,1.01,55.4718,44.1408,3.921,4.9674,5.0287,,1.0269,16200.0,7200.0,7200.0,175284.0,77904.0,2023-08-05
600136.SH,2001-12-31,16.25,0.1975,0.1975,0.43,83.6994,93.4424,4.1512,8.8228,9.5367,1.4285,1.5706,10444.4,4092.4,4092.4,169721.5,66501.5,2023-08-05
000410.SZ,2001-12-31,7.26,0.0995,0.0995,0.73,153.7309,120.1402,2.6381,4.2255,3.6776,0.0,0.6938,34091.9303,13537.28,13537.28,247507.414,98280.6528,2023-08-05
600704.SH,2001-12-31,10.0,0.2687,0.2687,1.68,39.9929,35.8008,2.6492,0.4421,0.5893,3.0046,4.4908,28826.9038,12838.2092,12838.2092,288269.038,128382.092,2023-08-05
000517.SZ,2001-12-31,21.97,0.4303,0.4303,1.47,36.2622,34.7929,6.9683,9.6982,5.0964,0.0,,8989.7841,2780.496,2780.496,197505.5567,61087.4971,2023-08-05
600851.SH,2001-12-31,16.85,0.4587,0.6881,0.5,72.2371,61.2507,5.0476,8.7826,8.6651,0.1663,0.7913,50293.749,15306.3,10204.2,847449.6707,257911.155,2023-08-05
000666.SZ,2001-12-31,8.0,1.0728,1.0728,1.42,36.0659,30.428,2.2165,2.6715,2.1849,0.0,1.375,60380.0,20300.0,20300.0,483040.0,162400.0,2023-08-05
600228.SH,2001-12-31,12.29,0.7613,0.7613,1.16,225.7434,160.8105,7.7641,15.1589,12.1147,0.0,0.7628,28800.0,9600.0,9600.0,353952.0,117984.0,2023-08-05
000758.SZ,2001-12-31,7.3,0.1161,0.1161,1.15,180.7668,,2.7295,12.6232,14.4369,0.5768,1.454,38720.0,18240.0,18240.0,282656.0,133152.0,2023-08-05
000669.SZ,2001-12-31,15.35,0.2753,0.2753,0.66,111.683,139.2965,13.0782,19.9119,19.8035,0.0,,6167.0,2299.0,2299.0,94663.45,35289.65,2023-08-05
600702.SH,2001-12-31,9.4,0.1619,0.1619,0.46,29.7736,42.3176,2.0124,3.3697,3.3703,6.4052,,33730.0,14861.86,14861.86,317062.0,139701.484,2023-08-05
000786.SZ,2001-12-31,12.86,1.1744,1.1744,2.73,45.6713,41.4471,3.1046,6.6134,5.4268,1.774,2.9404,28757.5,11407.5,11407.5,369821.45,146700.45,2023-08-05
000301.SZ,2001-12-31,9.45,0.1996,0.1996,1.24,40.7606,34.0228,3.4778,3.3247,2.8171,0.0,2.4777,46664.5099,9964.5099,9963.2669,440979.6186,94164.6186,2023-08-05
600092.SH,2001-12-31,8.91,0.6178,0.6178,3.79,45.2317,36.0293,3.4625,18.5563,16.8157,0.0,,26119.62,13309.92,13309.92,232725.8142,118591.3872,2023-08-05
000529.SZ,2001-12-31,6.22,0.2004,0.2004,1.14,363.617,36.0415,1.5013,3.503,4.6407,0.0,,39651.5872,21605.8091,21605.298,246632.8724,134388.1326,2023-08-05
000906.SZ,2001-12-31,20.0,0.4238,0.4238,0.38,69.8383,100.4364,7.0404,3.0766,3.2231,0.3571,0.3571,12500.0,3500.0,3500.0,250000.0,70000.0,2023-08-05
600628.SH,2001-12-31,9.1,0.1915,0.2298,0.78,31.9334,31.0514,3.0133,1.21,1.1219,0.0,2.0954,26575.2806,11614.2831,9678.5693,241835.0535,105689.9762,2023-08-05
600062.SH,2001-12-31,16.39,0.4681,0.6085,0.24,43.1366,36.4962,6.7406,4.7597,3.4281,1.0035,1.3045,33928.9,14297.4,10998.0,556094.671,234334.386,2023-08-05
600126.SH,2001-12-31,8.33,0.141,0.141,0.69,14.4999,13.9028,2.6945,1.3687,1.2454,15.6443,7.011,64533.75,16575.0,16575.0,537566.1375,138069.75,2023-08-05
000703.SZ,2001-12-31,11.62,0.1066,0.1066,0.86,52.0343,58.4746,4.7757,4.7005,4.7725,0.0,1.9602,10660.0,4680.0,4680.0,123869.2,54381.6,2023-08-05
600731.SH,2001-12-31,8.27,0.2713,0.2713,0.98,53.584,52.2211,4.4786,5.8065,5.3837,0.0,1.8947,23392.1176,7464.3075,7464.3075,193452.8126,61729.823,2023-08-05
000659.SZ,2001-12-31,8.45,0.1139,0.1139,1.12,35.8101,37.0444,2.628,4.3773,4.1642,7.0311,5.2336,37879.25,17130.75,17130.75,320079.6625,144754.8375,2023-08-05
000779.SZ,2001-12-31,7.85,0.1963,0.1963,1.14,25.6045,33.2518,1.939,5.0014,6.0603,0.441,1.1461,18315.48,10179.0,10179.0,143776.518,79905.15,2023-08-05
000557.SZ,2001-12-31,3.9,1.3857,1.3857,0.69,,,3.8007,12.714,,0.0,13.8296,50526.138,28103.7406,28103.7406,197051.9382,109604.5883,2023-08-05
000008.SZ,2001-12-31,11.96,0.5727,0.5727,0.89,48.691,,10.1517,8.5755,25.9664,0.0,,7365.3208,3529.0573,3529.0573,88089.2368,42207.5253,2023-08-05
600356.SH,2001-12-31,16.4,0.4013,0.4013,0.58,58.3301,58.3301,4.7558,6.8708,6.8708,,2.1341,14000.0,4000.0,4000.0,229600.0,65600.0,2023-08-05
600614.SH,2001-12-31,19.0,0.547,0.547,0.56,106.3043,59.5087,11.1064,14.4899,15.9071,0.0,,11513.3378,834.9,834.9,218753.4182,15863.1,2023-08-05
600823.SH,2001-12-31,10.5,0.469,0.469,1.77,,,5.3387,10.8271,14.1933,4.776,,23644.4777,11315.9027,11315.9027,248267.0159,118816.9784,2023-08-05
600711.SH,2001-12-31,17.91,0.4841,0.4841,0.91,1837.4889,142.2473,15.1348,33.419,30.2973,0.0,,6036.0,1512.0,1512.0,108104.76,27079.92,2023-08-05
000722.SZ,2001-12-31,10.08,0.22,0.22,2.34,38.1291,27.6396,2.5588,5.5484,5.0344,0.3037,,19479.9984,10604.16,10604.16,196358.3839,106889.9328,2023-08-05
600080.SH,2001-12-31,10.63,0.1695,0.1695,1.1,30.4754,38.9853,3.0477,13.3485,15.0037,0.0,,23083.52,9984.0,9984.0,245377.8176,106129.92,2023-08-05
000506.SZ,2001-12-31,12.41,1.1445,1.1445,0.77,120.5627,66.5804,10.3321,11.4364,8.6725,0.0,,24910.1743,14431.35,14431.35,309135.2631,179093.0535,2023-08-05
000698.SZ,2001-12-31,6.96,0.1914,0.1914,1.33,15.3177,17.8453,2.0314,1.3991,1.4836,0.0,2.4315,42240.656,18720.0,18720.0,293994.9658,130291.2,2023-08-05
600213.SH,2001-12-31,10.39,0.2607,0.2607,1.34,36.2032,30.3327,3.1886,2.155,1.9416,6.0956,4.5717,19000.0,6000.0,6000.0,197410.0,62340.0,2023-08-05
000505.SZ,2001-12-31,7.78,0.1472,0.1472,0.67,46.8416,35.6567,6.6292,78.9444,49.7249,0.0,,37765.08,11340.5824,11340.5824,293812.3224,88229.7311,2023-08-05
000767.SZ,2001-12-31,15.3,0.2707,0.2707,0.48,45.887,56.5848,4.2739,7.1031,5.7383,3.7908,3.7908,43500.0,12000.0,12000.0,665550.0,183600.0,2023-08-05
600508.SH,2001-12-31,13.48,3.047,3.047,1.66,52.4764,52.4764,3.6386,4.2509,4.2509,,,40151.0,11000.0,11000.0,541235.48,148280.0,2023-08-05
600363.SH,2001-12-31,16.6,0.3175,0.3175,0.54,160.6483,160.6483,4.7344,5.7703,5.7703,,0.6619,16480.3,6000.0,6000.0,273572.98,99600.0,2023-08-05
000565.SZ,2001-12-31,9.9,0.1062,0.1062,0.51,613.2589,163.9914,4.7616,5.8267,5.8993,0.0,,17343.6888,8741.381,8741.381,171702.5191,86539.6719,2023-08-05
600883.SH,2001-12-31,14.2,0.2203,0.2864,0.63,150.8341,188.6182,10.9554,25.3394,22.4172,0.0,0.8186,11010.0,3510.0,2700.0,156342.0,49842.0,2023-08-05
000897.SZ,2001-12-31,7.74,0.2376,0.2376,1.35,56.8697,53.3293,3.8495,9.267,10.2006,2.6171,2.4624,45299.9699,14165.97,14165.97,350621.767,109644.6078,2023-08-05
600649.SH,2001-12-31,7.58,0.1597,0.1597,1.08,35.1387,34.2604,3.058,17.6643,18.7008,0.6013,7.0921,188439.5014,56085.1462,56085.1462,1428371.4206,425125.4082,2023-08-05
000516.SZ,2001-12-31,13.06,0.5224,0.5224,2.26,53.3035,50.2114,4.6547,2.3387,2.3269,0.0,4.1352,13037.8296,4345.4477,4345.4477,170274.0546,56751.547,2023-08-05
000905.SZ,2001-12-31,8.38,0.0532,0.0532,0.5,78.7535,97.7692,2.5144,10.7401,9.1551,18.5278,,29500.0,9500.0,9500.0,247210.0,79610.0,2023-08-05
600152.SH,2001-12-31,7.97,0.0948,0.0948,0.6,47.0055,56.2147,3.9205,1.7948,1.8083,0.0,,29349.42,11097.5,11097.5,233914.8774,88447.075,2023-08-05
000915.SZ,2001-12-31,16.53,0.7872,0.7872,1.24,,,6.1974,37.3007,58.7716,,,9033.6,3000.0,3000.0,149325.408,49590.0,2023-08-05
000661.SZ,2001-12-31,11.93,0.1529,0.1529,0.4,50.8817,49.7313,3.4338,4.9887,4.6845,0.0,0.6897,13132.657,7980.336,7980.336,156672.598,95205.4085,2023-08-05
600718.SH,2001-12-31,21.34,0.4972,0.4972,1.11,36.8718,37.2231,4.8888,5.4159,4.2516,0.0,5.8225,28145.169,11325.8293,11325.8293,600617.9065,241693.1973,2023-08-05
000657.SZ,2001-12-31,10.37,0.3159,0.3159,1.27,46.9229,338.0844,3.4462,1.7575,1.639,0.0,2.2139,17108.13,7452.0,7452.0,177411.3081,77277.24,2023-08-05
000581.SZ,2001-12-31,9.96,0.405,0.405,0.6,32.7851,29.6167,2.5362,5.1059,4.8178,0.0,1.7849,43636.615,21600.0,21600.0,434620.6854,215136.0,2023-08-05
600380.SH,2001-12-31,24.49,0.8365,0.8365,1.32,40.286,40.286,3.2917,9.7952,9.7952,,4.7439,27108.0,7000.0,7000.0,663874.92,171430.0,2023-08-05
600722.SH,2001-12-31,7.67,0.0823,0.0823,0.65,31.0295,48.6236,3.2495,2.3808,2.2275,0.0,3.5833,42142.0,11500.0,11500.0,323229.14,88205.0,2023-08-05
000572.SZ,2001-12-31,6.93,0.4451,0.4451,2.54,1711.5335,75.2746,6.8399,20.2695,25.2223,0.0,,21589.451,8685.8903,8685.8903,149614.8954,60193.2198,2023-08-05
000518.SZ,2001-12-31,17.0,0.8569,1.3649,0.72,57.315,49.5728,12.2111,16.2279,11.0504,0.0,0.244,17874.24,12090.0,7590.0,303862.08,205530.0,2023-08-05
600852.SH,2001-12-31,10.12,0.1776,0.1776,0.89,41.2739,37.4447,6.3298,5.7776,5.135,0.0,,16430.8602,5630.8602,5630.8602,166280.3052,56984.3052,2023-08-05
600648.SH,2001-12-31,16.09,0.1988,0.2186,0.62,504.1602,486.8312,8.5205,129.6122,90.4384,0.0,,74505.75,5445.0,4950.0,1198797.5175,87610.05,2023-08-05
000561.SZ,2001-12-31,5.41,0.133,0.133,0.82,158.8446,80.9055,2.6195,3.373,3.2379,0.0,,39701.2585,24208.7705,24208.7705,214783.8085,130969.4484,2023-08-05
600767.SH,2001-12-31,8.75,1.0581,1.0581,1.28,1233.7845,1054.6106,4.9551,11.2675,8.712,0.0,,34101.0182,9674.4557,9674.4557,298383.9093,84651.4874,2023-08-05
000718.SZ,2001-12-31,5.37,0.2092,0.2092,1.13,28.6983,51.2221,1.6365,1.9212,2.2342,0.0,3.1575,39973.908,18860.4,18860.4,214659.886,101280.348,2023-08-05
000055.SZ,2001-12-31,13.41,1.5035,1.5035,0.78,57.3554,56.5267,3.7496,9.2116,9.1723,0.0,0.8949,29640.0,4200.0,4200.0,397472.4,56322.0,2023-08-05
000638.SZ,2001-12-31,7.0,0.6196,1.235,0.9,1055.19,124.3303,6.3853,3.8824,3.9465,0.0,,15470.0,8840.0,4435.417,108290.0,61880.0,2023-08-05
000727.SZ,2001-12-31,8.27,0.2548,0.2548,0.6,25.0154,28.9109,3.0741,9.373,8.5177,1.9275,2.5058,31373.862,15139.579,15139.579,259461.8387,125204.3183,2023-08-05
600675.SH,2001-12-31,10.1,0.4643,0.4643,1.16,54.303,37.5456,4.6874,9.9704,5.5006,0.0,2.1677,58121.2581,26546.6768,26546.6768,587024.7068,268121.4357,2023-08-05
600811.SH,2001-12-31,7.77,0.1082,0.1191,0.57,24.1906,23.6342,1.7369,4.5661,4.175,0.0,1.6717,57408.675,40179.6896,36526.9905,446065.4048,312196.1882,2023-08-05
600692.SH,2001-12-31,13.8,0.5701,0.5701,0.53,68.0525,55.4366,5.3989,10.2735,9.9607,0.0,,12639.9168,5292.0,5292.0,174430.8518,73029.6,2023-08-05
000020.SZ,2001-12-31,17.63,2.443,2.443,1.37,1704.7017,5865.1904,16.588,42.1591,48.3434,0.0,,28316.1227,5623.9563,5623.9563,499213.2432,99150.3496,2023-08-05
000830.SZ,2001-12-31,9.3,0.1665,0.1665,1.44,41.7198,37.0671,2.4471,2.4162,2.4103,0.0,,24911.535,7499.9989,7499.9989,231677.2755,69749.9898,2023-08-05
600161.SH,2001-12-31,18.2,0.2901,0.2901,1.26,92.1522,83.2209,11.4586,25.3995,23.0636,3.0769,4.3956,19200.0,4800.0,4800.0,349440.0,87360.0,2023-08-05
600312.SH,2001-12-31,15.29,0.2672,0.2672,0.7,59.0954,59.6483,2.9941,5.6062,5.6706,,,18350.0,6000.0,6000.0,280571.5,91740.0,2023-08-05
000525.SZ,2001-12-31,8.37,0.2584,0.2584,2.22,59.0927,37.3652,4.7004,10.4689,8.601,0.0,0.3514,28023.8842,12940.5863,12940.5863,234559.9108,108312.7073,2023-08-05
600498.SH,2001-12-31,23.74,1.1643,1.1643,1.77,87.6319,87.6319,16.9681,9.695,9.695,,,41000.0,8800.0,8800.0,973340.0,208912.0,2023-08-05
600842.SH,2001-12-31,9.73,0.1153,0.1153,0.96,,,9.5424,8.7645,15.8736,0.0,,21559.4628,8422.5521,8422.5521,209773.573,81951.4319,2023-08-05
000526.SZ,2001-12-31,13.6,0.2276,0.2276,0.53,78.7239,39.216,7.0401,12.4421,12.1418,0.0,,7925.0285,3277.5285,3277.5285,107780.3876,44574.3876,2023-08-05
600267.SH,2001-12-31,15.3,0.1856,0.1856,1.21,68.4613,61.3187,4.9555,7.3723,7.0733,0.0,1.5931,24960.0,6400.0,6400.0,381888.0,97920.0,2023-08-05
000997.SZ,2001-12-31,22.45,0.2541,0.2541,1.44,65.335,56.8766,4.3457,6.2409,5.5133,,4.167,11600.0,3100.0,3100.0,260420.0,69595.0,2023-08-05
000606.SZ,2001-12-31,10.72,0.0607,0.1213,0.14,90.3715,82.728,6.0297,18.6449,14.0456,0.9101,,15170.2,6396.0,3198.0,162624.544,68565.12,2023-08-05
000504.SZ,2001-12-31,10.21,0.9701,0.9701,2.39,112.5623,65.9833,10.2041,147.4437,52.6398,0.0,,31157.3902,8675.5932,8675.5932,318116.9539,88577.8066,2023-08-05
600237.SH,2001-12-31,20.97,0.6339,0.6339,0.81,76.9124,47.237,4.6324,11.8578,9.9462,0.0,1.1922,10000.0,4000.0,4000.0,209700.0,83880.0,2023-08-05
600037.SH,2001-12-31,30.41,0.6707,0.6707,1.61,75.179,71.2919,5.0445,35.4328,32.0949,,0.3288,27000.0,8000.0,8000.0,821070.0,243280.0,2023-08-05
600086.SH,2001-12-31,9.79,0.1888,0.1888,0.15,107.9312,111.6089,7.1409,12.0703,12.6929,0.0,0.4385,35228.1672,12822.012,12822.012,344883.7569,125527.4975,2023-08-05
600299.SH,2001-12-31,14.32,0.5337,0.5337,0.95,55.7779,50.3612,4.5281,8.0309,6.9596,0.0,1.0475,24000.0,8000.0,8000.0,343680.0,114560.0,2023-08-05
600201.SH,2001-12-31,18.9,1.7193,1.9012,2.3,79.6925,101.539,3.7692,10.4919,12.8295,0.9202,1.0222,10921.325,5031.325,4550.0,206413.0425,95092.0425,2023-08-05
000540.SZ,2001-12-31,17.73,0.1686,0.1686,0.16,25.2503,24.6605,12.4895,27.0552,33.9421,0.0,1.9211,32681.1466,11288.1708,11288.1708,579436.7292,200139.2683,2023-08-05
600141.SH,2001-12-31,12.85,0.5006,0.5006,3.79,77.2103,65.9145,5.1502,7.519,6.6832,3.1128,3.1128,16000.0,4000.0,4000.0,205600.0,51400.0,2023-08-05
000796.SZ,2001-12-31,10.76,0.9827,0.9827,1.36,37.4165,33.1954,2.6491,2.0967,2.0144,0.0,0.6607,16034.1951,11277.4322,11277.4322,172527.9393,121345.1705,2023-08-05
600297.SH,2001-12-31,17.59,0.5775,0.5775,1.44,69.9365,85.2711,3.9172,3.563,3.3942,,1.6345,11500.0,4000.0,4000.0,202285.0,70360.0,2023-08-05
600088.SH,2001-12-31,15.5,0.9951,1.2936,0.87,153.7374,136.3936,5.0871,17.927,13.6802,6.6273,1.5062,23673.0,7800.0,6000.0,366931.5,120900.0,2023-08-05
600683.SH,2001-12-31,8.39,0.1606,0.1606,0.28,244.421,83.2397,7.1435,2.5333,2.5473,0.0,,19925.3729,8989.0449,8989.0449,167173.8786,75418.0867,2023-08-05
600301.SH,2001-12-31,10.16,0.3141,0.3141,1.8,46.7762,46.1742,3.461,4.0663,4.1627,0.0,3.5001,18514.814,7289.0345,7289.0345,188110.5102,74056.5905,2023-08-05
000831.SZ,2001-12-31,7.55,0.7578,0.7578,0.57,43.7042,31.3505,3.3649,3.9492,2.3197,0.0,2.1917,36300.0,14625.0,14625.0,274065.0,110418.75,2023-08-05
000917.SZ,2001-12-31,18.74,0.6709,0.6709,0.83,33.4169,27.0516,2.0105,8.3671,7.9038,0.0,3.5056,25840.0,11800.0,11800.0,484241.6,221132.0,2023-08-05
600019.SH,2001-12-31,3.91,0.6287,0.6287,1.21,16.3503,15.4568,1.8194,1.5812,1.5959,,8.5242,1251200.0,187700.0,187700.0,4892192.0,733907.0,2023-08-05
000576.SZ,2001-12-31,7.91,0.2002,0.2002,0.72,73.3353,48.2785,1.9558,2.545,2.4465,0.0,2.1252,24759.8624,10310.3266,10310.3266,195850.5116,81554.6834,2023-08-05
600799.SH,2001-12-31,8.07,1.7,1.7,2.78,26.2964,24.9472,4.169,9.1501,8.5803,0.796,0.8119,38984.4,17850.0,17850.0,314604.108,144049.5,2023-08-05
000861.SZ,2001-12-31,15.55,0.7796,0.7796,1.18,205.0464,180.5135,4.5765,7.3052,6.7032,1.1395,1.3002,7416.9666,3668.4555,3668.4555,115333.8306,57044.483,2023-08-05
000019.SZ,2001-12-31,11.12,0.1047,0.1047,0.5,190.4834,174.5123,5.4227,28.8011,29.7365,0.0,0.8237,18192.3088,3994.8477,3994.8477,202298.4739,44422.7064,2023-08-05
600298.SH,2001-12-31,19.51,0.3223,0.3223,0.58,63.7269,49.4071,4.88,14.3856,13.2353,,1.9873,13570.0,3500.0,3500.0,264750.7,68285.0,2023-08-05
600060.SH,2001-12-31,9.08,0.1479,0.1479,0.94,35.7695,38.1154,1.8482,1.0434,1.0001,0.0,2.8012,49376.781,20384.0,20384.0,448341.1715,185086.72,2023-08-05
600779.SH,2001-12-31,10.68,0.2501,0.3254,1.0,26.5039,25.4399,5.8852,3.7041,3.9404,0.0,2.194,44413.2453,17392.08,13366.08,474333.4598,185747.4144,2023-08-05
600282.SH,2001-12-31,7.14,0.2355,0.2355,1.16,17.2212,13.6159,2.2068,1.0616,0.9548,,1.1671,50400.0,14400.0,14400.0,359856.0,102816.0,2023-08-05
600713.SH,2001-12-31,10.37,0.2902,0.2902,0.95,41.5129,42.4995,4.5081,1.5156,1.429,1.2089,3.6069,19426.0716,8309.7396,8309.7396,201448.3625,86171.9997,2023-08-05
000735.SZ,2001-12-31,5.59,0.0562,0.0562,0.49,35.7555,59.5522,3.6619,12.0399,11.3065,1.1373,,48725.4,22542.0,22542.0,272374.986,126009.78,2023-08-05
600766.SH,2001-12-31,10.09,0.6625,0.6625,0.75,81.3643,378.9703,5.0519,5.594,6.2609,0.0,,17116.5513,6021.324,6021.324,172706.0026,60755.1592,2023-08-05
600001.SH,2001-12-31,6.09,0.1088,0.1088,0.7,12.0288,12.0073,1.4913,1.5458,1.3212,0.0,9.9632,148655.31,49000.0,49000.0,905310.8379,298410.0,2023-08-05
000631.SZ,2001-12-31,7.34,0.5975,0.8365,0.72,34.2114,35.7157,2.38,6.554,4.8199,0.0,2.0401,24036.9558,11466.0,8190.0,176431.2556,84160.44,2023-08-05
600084.SH,2001-12-31,10.71,0.1507,0.1507,0.53,28.5864,32.1801,3.8565,3.6709,2.6768,0.0,1.893,23518.04,8923.2,8923.2,251878.2084,95567.472,2023-08-05
000860.SZ,2001-12-31,9.58,0.1511,0.1511,0.68,38.0942,43.9751,2.7515,4.3031,3.9373,0.0,4.8177,30415.0,9100.0,9100.0,291375.7,87178.0,2023-08-05
600259.SH,2001-12-31,10.53,0.3643,0.3643,1.19,51.0554,146.9462,4.6115,3.6481,4.3096,0.0,0.579,21340.0,4863.39,4863.39,224710.2,51211.4967,2023-08-05
600706.SH,2001-12-31,16.71,0.0531,0.072,0.6,133.3752,74.0813,11.7225,3.8698,2.2159,0.0,,8733.3441,3750.0021,2765.0023,145934.1799,62662.5351,2023-08-05
600170.SH,2001-12-31,10.85,0.8095,1.0524,1.44,28.7422,25.8818,3.002,0.8373,0.8163,5.0762,3.1726,59941.5,19500.0,15000.0,650365.275,211575.0,2023-08-05
600589.SH,2001-12-31,20.2,1.6758,1.6758,1.33,122.3133,122.3133,5.8702,14.0404,14.0404,,,16000.0,4000.0,4000.0,323200.0,80800.0,2023-08-05
600714.SH,2001-12-31,13.0,0.2512,0.2512,0.24,67.3189,66.6672,7.0299,8.9309,9.4806,0.0,1.2542,10781.25,2875.0,2875.0,140156.25,37375.0,2023-08-05
600067.SH,2001-12-31,13.42,0.1144,0.1144,0.48,60.701,41.7276,4.4524,3.6204,3.2152,0.0,1.152,10501.166,6792.427,6792.427,140925.6477,91154.3703,2023-08-05
000701.SZ,2001-12-31,8.91,0.7941,0.7941,4.14,217.7546,1511.3813,3.694,2.2656,1.9488,0.0,,20000.0,11500.0,11500.0,178200.0,102465.0,2023-08-05
600888.SH,2001-12-31,16.24,0.2906,0.2906,0.85,67.159,51.7296,7.2266,4.0185,4.1469,0.0,87.06,10338.9,2925.0,2925.0,167903.736,47502.0,2023-08-05
000652.SZ,2001-12-31,13.61,0.1681,0.1681,1.31,29.1497,30.1441,3.264,10.6926,9.1972,0.0,2.2614,30027.958,13756.5757,13756.5757,408680.5084,187226.9953,2023-08-05
600822.SH,2001-12-31,15.28,0.4606,0.4606,1.04,1447.2241,219.4604,13.2144,3.0494,1.7355,0.0,,25272.0298,1331.0,1331.0,386156.6153,20337.68,2023-08-05
600660.SH,2001-12-31,14.46,1.0057,1.0057,1.5,39.2799,32.9057,10.7033,7.818,6.8393,0.0,3.6539,40756.0821,13016.9358,13016.9358,589332.9472,188224.8917,2023-08-05
000761.SZ,2001-12-31,5.71,0.1717,0.1717,1.41,18.5433,21.1199,1.8014,0.9275,0.9072,3.1524,,113600.0,12000.0,12000.0,648656.0,68520.0,2023-08-05
600603.SH,2001-12-31,11.02,1.4151,1.4151,2.57,531.5076,9951.535,5.6086,9.4922,24.6791,0.0,,19464.192,19464.192,19464.192,214495.3958,214495.3958,2023-08-05
000912.SZ,2001-12-31,8.26,0.1562,0.1562,0.96,29.8573,35.9329,2.4912,2.7023,2.5929,1.2107,0.7264,45000.0,15000.0,15000.0,371700.0,123900.0,2023-08-05
600367.SH,2001-12-31,31.8,1.1792,1.1792,1.43,62.2272,62.2272,5.9311,12.6036,12.6036,,,10000.0,3000.0,3000.0,318000.0,95400.0,2023-08-05
000615.SZ,2001-12-31,11.15,0.8991,0.8991,1.09,46.1095,78.424,3.072,5.5046,6.399,0.0,1.5663,15490.846,7096.107,7096.107,172722.9329,79121.5931,2023-08-05
600113.SH,2001-12-31,13.45,0.1628,0.1628,0.88,104.9589,106.1841,4.3571,15.6766,16.5567,0.0,4.3866,11800.0,4000.0,4000.0,158710.0,53800.0,2023-08-05
600821.SH,2001-12-31,7.28,0.237,0.237,0.44,61.2775,65.9434,3.1025,1.2011,1.1844,0.0,2.622,29252.0958,14558.5019,14558.5019,212955.2574,105985.8938,2023-08-05
000982.SZ,2001-12-31,19.27,0.561,0.561,0.89,55.676,39.9118,4.0338,3.6691,3.1017,,0.5189,7400.0,3000.0,3000.0,142598.0,57810.0,2023-08-05
000523.SZ,2001-12-31,7.51,0.2469,0.2469,0.42,708.0912,,3.3754,3.8362,3.2282,0.0,,22935.0622,9418.6745,9418.6745,172242.3171,70734.2455,2023-08-05
600388.SH,2001-12-31,15.75,0.3304,0.3304,0.73,134.3216,99.6229,4.3805,14.2056,10.2047,,0.381,16700.0,6500.0,6500.0,263025.0,102375.0,2023-08-05
000691.SZ,2001-12-31,7.84,0.1767,0.1767,0.55,774.81,,3.3297,121.8377,128.2309,0.0,,25818.0,13018.0,13018.0,202413.12,102061.12,2023-08-05
600869.SH,2001-12-31,13.29,0.228,0.228,0.95,169.6879,95.3611,7.93,12.8739,12.0442,0.0,,12000.0,3000.0,3000.0,159480.0,39870.0,2023-08-05
600820.SH,2001-12-31,10.79,1.1941,1.4697,0.7,42.445,33.5888,4.6247,2.0998,1.6613,0.0,0.7913,53738.9759,24224.8577,19682.6969,579843.55,261386.2146,2023-08-05
000888.SZ,2001-12-31,12.42,0.2446,0.2446,0.68,45.1505,42.5752,3.7446,11.6699,11.1138,0.8052,4.777,11866.0,4000.0,4000.0,147375.72,49680.0,2023-08-05
000792.SZ,2001-12-31,14.81,0.1903,0.1903,1.18,47.5405,37.4129,5.2109,14.3755,13.1517,1.0094,11.2415,22085.0,6500.0,6500.0,327078.85,96265.0,2023-08-05
600171.SH,2001-12-31,18.31,0.3308,0.3308,0.64,46.203,39.2247,6.1362,10.0387,8.341,0.8192,0.8738,43443.4,15600.0,15600.0,795448.654,285636.0,2023-08-05
600077.SH,2001-12-31,12.88,0.3556,0.3556,1.71,52.7869,48.792,4.5389,5.2171,4.3011,0.0,2.1156,12681.9142,4654.0742,4654.0742,163343.0549,59944.4757,2023-08-05
000948.SZ,2001-12-31,16.98,0.1455,0.1455,1.06,54.0445,59.3154,4.9828,3.5353,3.106,1.2367,1.5312,14000.0552,4000.0,4000.0,237720.9373,67920.0,2023-08-05
000680.SZ,2001-12-31,8.01,0.602,0.602,4.75,132.4008,61.6039,3.7431,2.0657,1.7122,0.0,,28272.0,18132.0,18132.0,226458.72,145237.32,2023-08-05
600207.SH,2001-12-31,20.8,3.2992,3.2992,4.87,17.331,18.0513,3.9881,4.3445,4.5855,0.9615,2.4038,44000.0,18000.0,18000.0,915200.0,374400.0,2023-08-05
600743.SH,2001-12-31,5.83,2.2998,4.9956,1.63,,,13.6926,6.1697,6.3379,0.0,,31280.0,7820.0,3600.0,182362.4,45590.6,2023-08-05
000799.SZ,2001-12-31,10.27,0.0738,0.0738,0.77,36.1221,34.8487,2.3672,8.3676,8.1252,11.0054,5.5027,30305.0,10725.0,10725.0,311232.35,110145.75,2023-08-05
600202.SH,2001-12-31,10.38,1.5593,1.5593,1.24,41.0518,27.48,6.6958,12.1195,8.0777,0.0,358.69,22339.2,6000.0,6000.0,231880.896,62280.0,2023-08-05
000813.SZ,2001-12-31,7.54,0.1487,0.1487,1.12,143.3332,299.6404,3.3436,5.9144,6.1813,0.0,,36345.6,10998.0,10998.0,274045.824,82924.92,2023-08-05
600844.SH,2001-12-31,14.52,1.0892,1.0892,1.69,321.3637,440.4926,7.2334,10.2189,10.9251,0.0,,30456.4482,2768.4336,2768.4336,442227.6279,40197.6559,2023-08-05
000011.SZ,2001-12-31,8.34,0.5723,0.5723,0.96,84.1253,82.3414,15.7905,6.8659,6.9791,0.0,,54179.9175,9139.13,9139.13,451860.512,76220.3442,2023-08-05
000528.SZ,2001-12-31,6.71,0.1912,0.1912,1.06,1903.9997,,3.1184,2.8722,2.5536,0.0,,32753.6793,11963.6793,11963.6793,219777.1881,80276.2881,2023-08-05
000938.SZ,2001-12-31,20.63,0.2322,0.2322,1.1,51.0231,100.3147,6.8938,4.6075,3.3657,,1.4542,20608.0,6400.0,6400.0,425143.04,132032.0,2023-08-05
600277.SH,2001-12-31,14.27,0.2474,0.2474,1.41,63.4119,60.4,3.2515,10.8033,10.6941,0.0,,15800.0,5800.0,5800.0,225466.0,82766.0,2023-08-05
000002.SZ,2001-12-31,13.35,0.4901,0.4901,1.91,27.9635,23.5883,2.7645,2.2263,1.7506,1.1236,1.3483,63097.1941,39871.1877,39871.1877,842347.5412,532280.3558,2023-08-05
600530.SH,2001-12-31,19.7,0.7654,0.7654,1.31,77.8412,77.8412,4.5213,8.2193,8.2193,,,20000.0,5000.0,5000.0,394000.0,98500.0,2023-08-05
600395.SH,2001-12-31,10.6,0.5297,0.5297,0.82,79.2477,79.2477,3.4197,8.3678,8.3678,,,37130.0,12000.0,12000.0,393578.0,127200.0,2023-08-05
600646.SH,2001-12-31,14.87,0.1327,0.1327,1.1,58.7935,87.7454,6.4555,12.6249,12.5848,0.0,,17970.987,3038.0075,3038.0075,267228.5767,45175.1715,2023-08-05
000651.SZ,2001-12-31,9.96,1.0346,1.0346,2.73,20.9829,17.6407,3.0075,0.8657,0.7891,6.1333,6.7512,53694.0,21294.0,21294.0,534792.24,212088.24,2023-08-05
000856.SZ,2001-12-31,9.5,0.1644,0.1644,0.81,50.1311,52.9065,3.1041,3.5563,3.6498,0.8097,4.251,17500.0,6500.0,6500.0,166250.0,61750.0,2023-08-05
600717.SH,2001-12-31,11.09,1.032,1.032,1.35,38.1844,25.7964,4.3977,11.1523,8.8017,4.6076,1.5359,65985.3799,21522.1406,21522.1406,731777.8631,238680.5393,2023-08-05
000837.SZ,2001-12-31,7.05,0.1355,0.1355,0.51,37.7364,38.1954,3.8753,4.0332,3.7339,,0.8865,21267.84,10560.0,10560.0,149938.272,74448.0,2023-08-05
000689.SZ,2001-12-31,5.15,1.3222,1.3222,0.21,,,31.7049,,22.6504,0.0,,11128.0,4888.0,4888.0,57309.2,25173.2,2023-08-05
000510.SZ,2001-12-31,14.3,0.0991,0.0991,0.23,81.6494,54.8021,11.0173,13.1134,11.9229,0.0,,46860.1734,30911.1942,30911.1942,670100.4796,442030.0771,2023-08-05
000635.SZ,2001-12-31,10.56,0.6671,0.6671,1.93,41.9655,70.9671,2.7436,5.9014,6.9884,0.0,0.8345,11456.2,5200.0,5200.0,120977.472,54912.0,2023-08-05
000895.SZ,2001-12-31,13.64,0.9202,0.9202,3.96,25.7787,24.2554,5.2636,1.2834,1.2344,,3.6657,29237.0,8450.0,8450.0,398792.68,115258.0,2023-08-05
600287.SH,2001-12-31,18.72,1.1603,1.1603,1.24,34.6744,34.6744,4.7575,1.2667,1.2667,,1.7483,16799.849,4400.0,4400.0,314493.1733,82368.0,2023-08-05
000791.SZ,2001-12-31,8.85,0.2778,0.2778,0.6,59.7622,55.6317,4.5722,16.7214,17.1326,0.0,,18900.0,7920.0,7920.0,167265.0,70092.0,2023-08-05
600747.SH,2001-12-31,8.65,0.6045,0.6045,2.36,21.1086,23.4711,2.3082,4.4666,4.2732,0.0,0.9481,32718.6,15095.4739,15095.4739,283015.89,130575.8492,2023-08-05
600183.SH,2001-12-31,9.14,0.244,0.2852,0.72,20.9126,24.1964,4.4891,4.537,4.8524,1.9221,5.4059,49078.125,14899.2188,12750.0,448574.0625,136178.8598,2023-08-05
600360.SH,2001-12-31,17.61,0.2687,0.2687,1.02,97.8717,97.8717,3.8334,11.4987,11.4987,,,11800.0,5000.0,5000.0,207798.0,88050.0,2023-08-05
000610.SZ,2001-12-31,9.97,0.3004,0.3004,1.53,100.6563,165.7835,4.6837,15.2488,16.1205,0.0,2.5355,16759.79,5304.0,5304.0,167095.1063,52880.88,2023-08-05
000828.SZ,2001-12-31,9.55,0.7259,0.7259,1.24,59.9888,,4.2366,3.8244,5.0401,1.9597,3.2006,116468.352,24768.0,24768.0,1112272.7616,236534.4,2023-08-05
000712.SZ,2001-12-31,12.28,0.1202,0.1202,0.62,33.0803,30.5117,4.4363,11.4739,10.172,0.0,,15231.1524,3809.196,3809.196,187038.5515,46776.9269,2023-08-05
600871.SH,2001-12-31,5.51,0.5923,0.5923,1.59,26.231,37.7469,2.4954,2.445,2.5693,1.9964,1.6334,400000.0,20000.0,20000.0,2204000.0,110200.0,2023-08-05
600000.SH,2001-12-31,15.69,0.1534,0.1534,0.72,39.4746,39.2841,4.6009,11.1383,10.6084,5.76,,241000.0,40000.0,40000.0,3781290.0,627600.0,2023-08-05
000402.SZ,2001-12-31,19.43,0.7061,0.7061,1.62,60.9477,31.8578,9.798,11.0917,6.8113,0.0,1.35,12590.64,4800.0,4800.0,244636.1352,93264.0,2023-08-05
000838.SZ,2001-12-31,13.34,1.0949,1.0949,0.57,,,1608.7017,21.5221,23.283,0.0,,6511.986,1755.0,1755.0,86869.8932,23411.7,2023-08-05
600895.SH,2001-12-31,13.99,0.7668,0.7668,1.21,51.1427,36.4384,3.2751,35.9007,18.7992,0.0,1.0092,46756.5,16595.031,16595.031,654123.435,232164.4837,2023-08-05
000587.SZ,2001-12-31,8.36,0.4373,0.4373,1.95,64.5898,47.5698,3.4991,5.053,4.7871,8.4075,,18571.1578,8349.3972,8349.3972,155254.8792,69800.9606,2023-08-05
600302.SH,2001-12-31,10.32,0.3788,0.7576,0.59,54.2128,49.9846,5.2415,5.7272,5.6961,,0.969,31900.9804,9000.0,4500.0,329218.1177,92880.0,2023-08-05
000923.SZ,2001-12-31,10.15,0.2505,0.2505,1.42,66.1677,73.4178,4.1804,5.3228,4.8636,1.2315,1.4778,16500.0,5500.0,5500.0,167475.0,55825.0,2023-08-05
600602.SH,2001-12-31,10.24,0.0856,0.0856,0.5,28.6885,34.525,3.1539,1.7073,2.269,0.8878,0.9766,84293.4303,31815.6381,31815.6381,863164.7263,325792.1341,2023-08-05
000966.SZ,2001-12-31,8.71,0.1148,0.1148,0.72,37.2634,47.2742,3.9774,4.7835,4.1829,1.4351,1.9135,37014.204,10800.0,10800.0,322393.7168,94068.0,2023-08-05
600847.SH,2001-12-31,14.83,0.4529,0.4529,1.89,145.4841,107.6896,14.203,13.5473,12.112,,,8866.0,3989.7,3989.7,131482.78,59167.251,2023-08-05
600033.SH,2001-12-31,8.77,1.9412,1.9412,3.34,44.4433,44.4433,2.6328,29.8186,29.8186,,,68500.0,20000.0,20000.0,600745.0,175400.0,2023-08-05
000910.SZ,2001-12-31,10.39,0.1751,0.1751,0.69,41.5974,41.3929,3.092,5.5805,4.6347,0.0,2.7821,23125.0,8000.0,8000.0,240268.75,83120.0,2023-08-05
600728.SH,2001-12-31,12.48,0.1973,0.1973,0.65,40.945,48.9657,3.1725,3.5821,3.9545,0.0,2.0563,20818.018,8112.0,8112.0,259808.8646,101237.76,2023-08-05
000969.SZ,2001-12-31,15.35,0.9272,0.9999,1.51,52.5066,42.3548,3.514,10.5093,7.7638,0.0,2.6322,24416.0,8800.0,8160.0,374785.6,135080.0,2023-08-05
600396.SH,2001-12-31,16.97,0.4464,0.4464,0.87,135.7944,135.7944,5.6122,23.9582,23.9582,,,13000.0,4500.0,4500.0,220610.0,76365.0,2023-08-05
000793.SZ,2001-12-31,11.94,0.065,0.065,0.53,35.1212,22.0663,3.1666,14.5555,14.1851,3.0118,,29141.1513,16207.2105,16207.2105,347945.3465,193514.0934,2023-08-05
600243.SH,2001-12-31,14.41,0.3469,0.3469,0.7,119.8621,119.8621,5.6985,10.1776,10.1776,,0.2776,15660.0,5500.0,5500.0,225660.6,79255.0,2023-08-05
000660.SZ,2001-12-31,10.89,0.2176,0.2176,0.42,76.1252,144.8851,3.8693,6.0379,7.1712,0.0,,13291.3293,3931.4107,3931.4107,144742.5761,42813.0625,2023-08-05
600149.SH,2001-12-31,8.95,1.3003,1.9505,0.49,70.6781,63.7754,4.6406,5.9692,5.7023,0.0,140.53,25470.0,6750.0,4500.0,227956.5,60412.5,2023-08-05
000153.SZ,2001-12-31,27.97,1.4759,1.4759,0.82,69.2108,69.2108,3.4399,15.9279,15.9279,,0.5363,6500.23,2500.0,2500.0,181811.4331,69925.0,2023-08-05
000785.SZ,2001-12-31,10.05,0.4706,0.4706,0.73,42.3136,42.969,4.4571,1.3709,1.3501,2.5035,,25122.1698,7132.125,7132.125,252477.8065,71677.8563,2023-08-05
600094.SH,2001-12-31,8.72,0.2924,0.2924,1.37,35.0482,35.8501,2.987,2.9089,2.5441,0.4986,1.1468,49175.4,11040.0,11040.0,428809.488,96268.8,2023-08-05
600160.SH,2001-12-31,10.51,0.1473,0.1915,0.61,35.6057,35.0766,2.8901,3.158,3.2074,0.0,7.0903,37120.0,11440.0,8800.0,390131.2,120234.4,2023-08-05
000653.SZ,2001-12-31,2.95,1.2481,1.2481,0.34,,,,4.5759,5.1501,0.0,,29671.14,21704.64,21704.64,87529.863,64028.688,2023-08-05
000957.SZ,2001-12-31,8.72,5.3122,5.3122,5.92,44.519,37.3188,4.5143,7.9594,6.7678,,1.1468,23850.495,8100.0,8100.0,207976.3164,70632.0,2023-08-05
000717.SZ,2001-12-31,8.02,0.2139,0.2139,1.22,15.919,13.3101,1.4569,1.0758,0.994,7.6731,8.2486,44720.0,13520.0,13520.0,358654.4,108430.4,2023-08-05
600684.SH,2001-12-31,8.16,0.1618,0.1618,0.66,,,2.6392,14.7738,8.3914,0.4425,,18703.9387,10003.501,10003.501,152624.1398,81628.5682,2023-08-05
000699.SZ,2001-12-31,11.64,0.1877,0.1877,0.24,,,5.1695,4.6128,3.6471,0.0,,22744.8,9360.0,9360.0,264749.472,108950.4,2023-08-05
000863.SZ,2001-12-31,14.19,0.5297,0.5297,0.63,57.3478,53.2709,7.1557,9.6925,5.93,0.0,0.7352,13562.0262,3900.0002,3900.0002,192445.1518,55341.0028,2023-08-05
000972.SZ,2001-12-31,14.0,0.2162,0.2162,0.93,64.2769,63.5432,4.3479,3.7304,3.2984,,1.3843,12458.9173,4500.0,4500.0,174424.8422,63000.0,2023-08-05
000738.SZ,2001-12-31,4.92,0.3848,0.3848,0.86,,,2.6138,3.8341,5.0122,0.0,,39780.0,13600.0,13600.0,195717.6,66912.0,2023-08-05
000692.SZ,2001-12-31,12.03,0.2899,0.2899,0.61,34.3398,37.2681,2.8832,5.9142,5.9115,0.0,1.7202,26641.6488,11200.5936,11200.5936,320499.0351,134743.141,2023-08-05
600118.SH,2001-12-31,18.72,0.3749,0.3749,0.3,206.3609,642.5692,12.6074,12.0696,13.8635,0.0,,18950.4,7200.0,7200.0,354751.488,134784.0,2023-08-05
000601.SZ,2001-12-31,8.89,1.5055,1.5055,4.69,27.0759,25.1371,1.9945,6.3442,5.9325,4.0811,3.8375,39038.0528,17164.224,17164.224,347048.2894,152589.9514,2023-08-05
600095.SH,2001-12-31,9.27,0.0735,0.0735,0.73,118.4311,118.3812,3.3029,10.8313,10.3605,0.0,,26156.0,15106.6007,15106.6007,242466.12,140038.1885,2023-08-05
600059.SH,2001-12-31,11.9,0.2046,0.266,0.31,33.5703,35.3663,3.5406,7.09,7.0832,3.2518,3.2518,23280.0,10647.0,8190.0,277032.0,126699.3,2023-08-05
600854.SH,2001-12-31,12.83,0.5718,1.4206,1.31,25.0059,25.7033,3.5129,3.6519,4.003,6.0215,2.4051,51945.8538,19824.1871,7979.4,666465.3043,254344.3205,2023-08-05
000538.SZ,2001-12-31,20.72,0.5927,0.5927,0.48,78.2163,57.7119,9.1141,4.8411,4.857,0.6695,1.5265,18581.7976,5875.0486,5875.0486,385014.8463,121731.007,2023-08-05
600777.SH,2001-12-31,10.59,0.2736,0.2736,0.52,33.6069,26.1254,3.0384,3.7082,3.0799,0.0,5.7609,20486.95,5037.0928,5037.0928,216956.8005,53342.8128,2023-08-05
000679.SZ,2001-12-31,7.94,0.3862,0.3862,0.64,40.32,36.8386,3.1813,3.0008,2.8857,0.0,3.4635,23760.0,10800.0,10800.0,188654.4,85752.0,2023-08-05
600839.SH,2001-12-31,7.84,0.1743,0.1743,0.97,61.8715,454.7092,1.3388,1.5847,1.6972,0.0,,216421.1418,95140.2345,95140.2345,1696741.7517,745899.4385,2023-08-05
600261.SH,2001-12-31,22.1,1.7989,1.7989,2.29,58.3865,45.9349,4.9915,8.9703,5.8688,0.0,139.32,12316.0,4000.0,4000.0,272183.6,88400.0,2023-08-05
600290.SH,2001-12-31,23.61,1.6211,1.6211,3.96,125.0701,125.0701,9.18,12.3544,12.3544,,0.8471,8300.0,3000.0,3000.0,195963.0,70830.0,2023-08-05
600189.SH,2001-12-31,9.68,0.1471,0.1471,0.86,28.7425,28.4392,2.4983,5.5293,5.2115,2.6644,5.8057,31050.0,11050.0,11050.0,300564.0,106964.0,2023-08-05
600054.SH,2001-12-31,11.59,0.1596,0.1596,0.95,78.1781,77.2253,4.8758,12.2736,10.7982,1.2597,,30290.0,5200.0,5200.0,351061.1,60268.0,2023-08-05
000801.SZ,2001-12-31,11.23,1.8234,1.8234,1.32,137.3803,,8.8633,19.9082,27.6674,0.0,230.06,13203.5903,3931.1999,3931.1999,148276.3191,44147.3749,2023-08-05
600168.SH,2001-12-31,10.75,0.1258,0.1258,0.76,32.1084,34.1402,3.5161,20.1708,19.9261,7.4419,16.093,44115.0,12750.0,12750.0,474236.25,137062.5,2023-08-05
000069.SZ,2001-12-31,12.93,0.0539,0.0539,0.11,67.4507,39.6376,5.6904,38.3396,53.9759,4.7594,,44712.0,14040.0,14040.0,578126.16,181537.2,2023-08-05
000776.SZ,2001-12-31,8.49,0.1236,0.1236,1.0,53.3341,68.1638,3.7787,12.4526,12.5212,0.0,3.4908,18410.9987,9318.3954,9318.3954,156309.379,79113.1769,2023-08-05
600272.SH,2001-12-31,12.9,0.2316,0.2316,0.89,105.9087,113.4394,3.6364,5.4625,4.1926,,0.6202,24300.0,4500.0,4500.0,313470.0,58050.0,2023-08-05
000009.SZ,2001-12-31,4.89,0.1152,0.1152,0.89,126.029,165.9348,3.7111,7.3546,6.5404,0.0,,95881.0042,57972.685,57972.685,468858.1105,283486.4297,2023-08-05
600815.SH,2001-12-31,13.73,0.9393,0.9393,1.05,202.3243,241.3257,5.2559,5.7389,4.4411,0.0,2.7345,29960.91,7980.0,7980.0,411363.2943,109565.4,2023-08-05
600666.SH,2001-12-31,10.86,0.2117,0.2117,1.06,79.8007,78.8712,7.1365,5.5035,5.342,2.1681,1.084,14879.2973,6319.3793,6319.3793,161589.1687,68628.4592,2023-08-05
600418.SH,2001-12-31,13.28,0.6385,0.6385,0.65,37.4062,37.4062,10.8833,1.7029,1.7029,,1.9681,23000.0,8800.0,8800.0,305440.0,116864.0,2023-08-05
000156.SZ,2001-12-31,15.98,2.8643,2.8643,1.61,69.2705,69.2705,3.3549,11.5187,11.5187,,0.3129,9650.0,3600.0,3600.0,154207.0,57528.0,2023-08-05
600250.SH,2001-12-31,14.55,0.2658,0.2658,0.72,50.4995,50.4995,3.0378,0.767,0.767,,3.3155,13266.28,5500.0,5500.0,193024.374,80025.0,2023-08-05
600283.SH,2001-12-31,11.02,0.1716,0.1716,1.11,69.3149,67.2204,3.6397,21.5435,18.8977,,,28533.0,8500.0,8500.0,314433.66,93670.0,2023-08-05
000827.SZ,2001-12-31,18.29,0.2308,0.2308,0.37,90.6032,128.4831,4.3007,10.5246,11.3823,0.0,,6673.92,2920.32,2920.32,122065.9968,53412.6528,2023-08-05
600119.SH,2001-12-31,14.99,1.008,1.008,0.99,114.8267,110.14,6.8147,4.866,4.7953,0.0,,16500.0,5280.0,5280.0,247335.0,79147.2,2023-08-05
000977.SZ,2001-12-31,16.77,0.1682,0.1682,0.77,59.8172,51.7748,4.4153,4.4269,3.7705,0.0,1.9724,21500.0,6500.0,6500.0,360555.0,109005.0,2023-08-05
000563.SZ,2001-12-31,10.02,0.1276,0.1276,0.7,64.2996,57.7192,5.8312,10.5149,11.4563,0.0,2.4815,31418.7026,12636.0,12636.0,314815.4001,126612.72,2023-08-05
600188.SH,2001-12-31,10.51,0.5458,0.5458,0.8,39.4719,35.9817,3.5684,6.3096,5.2755,0.3764,0.7802,287000.0,18000.0,18000.0,3016370.0,189180.0,2023-08-05
600566.SH,2001-12-31,16.18,0.5628,0.5628,0.57,118.2433,118.2433,11.3882,17.5842,17.5842,,,10630.8,4400.0,4400.0,172006.344,71192.0,2023-08-05
600685.SH,2001-12-31,5.8,0.1859,0.1859,0.55,,,4.661,1.2911,1.6253,0.0,,49467.758,12647.95,12647.95,286912.9964,73358.11,2023-08-05
600209.SH,2001-12-31,12.4,0.3182,0.3182,0.47,47.4106,43.2254,5.1855,8.5059,5.2321,0.0,1.5843,23574.1864,7500.0,7500.0,292319.9114,93000.0,2023-08-05
600555.SH,2001-12-31,16.83,0.5555,0.5555,0.75,39.4912,34.1808,3.5793,5.2449,3.9012,,,43450.0,8100.0,8100.0,731263.5,136323.0,2023-08-05
600797.SH,2001-12-31,16.31,0.0377,0.0377,0.09,84.4971,69.5845,5.9565,8.6467,8.9886,0.0,0.6627,34161.4913,16616.5584,16616.5584,557173.9231,271016.0675,2023-08-05
600696.SH,2001-12-31,8.42,0.3302,0.3302,1.0,278.5965,2017.0385,7.5792,35.7866,55.7811,0.0,,26197.35,8965.21,8965.21,220581.687,75487.0682,2023-08-05
600705.SH,2001-12-31,8.42,0.686,1.1266,1.27,54.5391,66.291,6.613,17.531,16.1462,0.0,,65313.744,34307.507,20891.52,549941.7245,288869.2089,2023-08-05
600097.SH,2001-12-31,13.49,0.6034,0.6034,0.89,,,13.8131,57.7276,82.4814,0.0,,11544.9889,3500.0,3500.0,155741.9003,47215.0,2023-08-05
000535.SZ,2001-12-31,5.29,0.5606,0.5606,0.31,,,,37.8618,55.3668,0.0,,30272.3222,17018.0342,17018.0342,160140.5844,90025.4009,2023-08-05
000590.SZ,2001-12-31,10.99,1.4288,1.4288,0.36,73.5669,109.964,6.0252,7.8688,7.683,0.402,,20302.8425,6355.3926,6355.3926,223128.2391,69845.7647,2023-08-05
600167.SH,2001-12-31,8.57,1.279,1.279,1.09,,,4.6821,5.6514,13.2877,0.0,,19000.0,7000.0,7000.0,162830.0,59990.0,2023-08-05
000089.SZ,2001-12-31,15.31,0.1781,0.1781,0.55,24.1814,20.7806,3.5085,16.8612,14.0242,0.0,7.2558,49989.0,18000.0,18000.0,765331.59,275580.0,2023-08-05
000597.SZ,2001-12-31,8.15,1.185,1.185,0.49,85.8216,155.2304,2.6899,2.0676,1.865,0.0,,30380.9998,10880.9998,10880.9998,247605.1484,88680.1484,2023-08-05
000730.SZ,2001-12-31,7.14,0.318,0.318,0.89,99.0786,,4.6216,20.0999,,0.0,,56598.5134,19392.75,19392.75,404113.3857,138464.235,2023-08-05
600087.SH,2001-12-31,11.86,0.1402,0.1402,1.04,24.5181,23.1879,3.4158,5.4272,5.5256,8.662,8.3155,23932.3072,7280.0,7280.0,283837.1634,86340.8,2023-08-05
000810.SZ,2001-12-31,23.92,0.2453,0.2453,0.22,53.1601,56.7411,13.2197,9.5239,10.0106,0.1723,0.6364,9604.868,3640.0,3640.0,229748.4426,87068.8,2023-08-05
000753.SZ,2001-12-31,13.5,0.7517,0.7517,1.62,83.9918,70.5982,3.6297,20.3099,20.7614,0.0,0.8997,22547.2631,9281.9999,9281.9999,304388.0519,125306.9987,2023-08-05
000420.SZ,2001-12-31,6.04,0.1163,0.1163,0.61,47.2937,154.1792,1.9359,2.64,2.4772,2.8234,3.8688,37825.7464,19424.5739,19424.5739,228467.5083,117324.4264,2023-08-05
600880.SH,2001-12-31,16.92,0.6167,0.6167,0.66,80.5243,74.0237,9.8894,9.8001,7.7754,0.0,1.2861,13018.005,4187.745,4187.745,220264.6446,70856.6454,2023-08-05
600723.SH,2001-12-31,7.86,0.1641,0.1641,0.68,51.1656,54.8711,2.5126,1.853,1.809,1.468,2.4953,40971.8038,18591.937,18591.937,322038.3779,146132.6248,2023-08-05
600689.SH,2001-12-31,12.21,0.554,0.6647,0.69,37.6323,34.8049,4.71,3.696,3.8573,0.0,0.4095,20099.1343,6854.4,5712.0,245410.4298,83692.224,2023-08-05
600703.SH,2001-12-31,10.32,1.1841,1.1841,1.97,,162.8989,7.4218,17.1912,6.3998,0.0,,11951.6464,5861.5464,5861.5464,123340.9908,60491.1588,2023-08-05
000021.SZ,2001-12-31,11.74,0.0857,0.0857,0.81,57.0334,63.3913,3.6284,2.2268,2.2831,0.9337,1.5562,73293.2101,20058.2101,20058.2101,860462.2866,235483.3866,2023-08-05
600620.SH,2001-12-31,15.11,1.1125,1.1125,0.71,127.3436,145.5568,11.4437,14.6768,25.5525,0.0,1.0971,26677.4325,8046.5487,8046.5487,403096.0051,121583.3509,2023-08-05
000829.SZ,2001-12-31,12.26,0.9874,0.9874,0.78,245.6232,331.4463,5.9825,16.0396,17.2859,0.0,0.7247,15749.9999,6204.5455,6204.5455,193094.9988,76067.7278,2023-08-05
000789.SZ,2001-12-31,8.13,0.7121,0.7121,1.55,65.5422,88.3212,3.8778,9.5639,8.6263,3.4112,4.7378,34050.0,11050.0,11050.0,276826.5,89836.5,2023-08-05
600121.SH,2001-12-31,10.51,0.0666,0.0666,0.39,72.2285,86.3121,7.0985,18.5535,15.5527,0.0,0.892,81000.0,21600.0,21600.0,851310.0,227016.0,2023-08-05
600104.SH,2001-12-31,7.34,2.9849,2.9849,2.03,24.9193,24.2247,2.2449,7.4182,6.5492,10.5964,,251999.93,75599.979,75599.979,1849679.4862,554903.8459,2023-08-05
000005.SZ,2001-12-31,5.17,0.1052,0.1144,0.93,3464.62,,3.0073,25.1034,27.6626,0.6699,0.3833,70866.1316,37394.9615,34388.1322,366377.9004,193331.951,2023-08-05
000639.SZ,2001-12-31,17.31,0.1911,0.1911,0.33,246.6731,206.2786,16.2072,23.4368,21.37,0.0,,7286.4935,3281.226,3281.226,126129.2025,56798.0221,2023-08-05
000693.SZ,2001-12-31,18.5,0.2047,0.2047,0.4,74.9756,60.4371,6.321,14.6305,17.7712,0.0,5.3361,12846.2606,3903.9,3903.9,237655.8211,72222.15,2023-08-05
000554.SZ,2001-12-31,7.89,1.0826,1.0826,1.64,29.4221,27.4452,4.4788,3.561,3.2016,0.0,,48079.3318,29483.9998,29483.9998,379345.9279,232628.7584,2023-08-05
000737.SZ,2001-12-31,8.45,1.0555,1.0555,0.9,46.8088,45.6097,2.8485,1.6078,1.6604,0.0,5.1649,45730.0,20956.0,20956.0,386418.5,177078.2,2023-08-05
000812.SZ,2001-12-31,10.26,0.0973,0.0973,0.85,40.5787,43.8342,4.379,8.3807,8.2338,0.0,1.6804,15840.0,9187.2,9187.2,162518.4,94260.672,2023-08-05
000558.SZ,2001-12-31,11.06,1.5389,1.5389,4.53,97.0697,88.995,7.646,23.7035,30.2655,0.0,,11716.4373,5050.4373,5050.4373,129583.7965,55857.8365,2023-08-05
600662.SH,2001-12-31,11.13,0.2229,0.2452,0.43,37.2605,30.701,3.8075,5.6695,5.4283,0.0,1.5264,30903.444,16536.96,15033.6,343955.3317,184056.3648,2023-08-05
000916.SZ,2001-12-31,6.13,0.1602,0.1602,0.67,23.8005,25.1379,2.422,18.7811,17.7213,4.1839,5.2298,109000.0,34000.0,34000.0,668170.0,208420.0,2023-08-05
600377.SH,2001-12-31,9.06,0.5734,0.5734,0.66,66.0056,57.6575,3.3351,33.0333,31.038,,0.9934,503774.75,15000.0,15000.0,4564199.235,135900.0,2023-08-05
600881.SH,2001-12-31,7.16,0.1312,0.1312,1.23,19.5116,21.2262,2.0083,3.2234,3.2598,0.0,1.8063,47510.6267,27551.562,27551.562,340176.0872,197269.1839,2023-08-05
600781.SH,2001-12-31,12.73,1.0239,1.5359,0.57,1139.9182,944.6735,8.2076,7.6656,9.3829,0.0,,17759.2864,5062.5,3375.0,226075.7159,64445.625,2023-08-05
600193.SH,2001-12-31,10.91,0.4186,0.4186,1.73,71.1144,59.9164,7.0956,9.724,9.6759,0.0,83.59,16780.0,4600.0,4600.0,183069.8,50186.0,2023-08-05
000757.SZ,2001-12-31,10.69,0.4079,0.4079,1.01,56.8112,65.952,3.4267,7.0043,5.8717,0.0,2.0803,15241.7137,5483.062,5483.062,162933.9195,58613.9328,2023-08-05
600319.SH,2001-12-31,14.25,0.3053,0.3053,0.49,63.9737,63.9737,4.5743,8.9476,8.9476,,0.5614,31559.4,8000.0,8000.0,449721.45,114000.0,2023-08-05
600654.SH,2001-12-31,8.4,0.1549,0.1549,0.64,48.2088,54.8149,3.1362,6.745,6.9417,0.0,,44000.1838,33301.7376,33301.7376,369601.5439,279734.5958,2023-08-05
600257.SH,2001-12-31,19.33,0.6926,0.6926,1.14,57.7066,53.1205,3.45,18.9065,12.8987,0.0,94.41,7300.0,4000.0,4000.0,141109.0,77320.0,2023-08-05
600765.SH,2001-12-31,11.8,0.3614,0.3614,0.78,3207.0469,374.0112,8.659,29.8119,26.8113,0.0,,11103.2,3450.0,3450.0,131017.76,40710.0,2023-08-05
600137.SH,2001-12-31,16.29,0.9832,0.9832,1.03,61.6234,22.4506,5.5752,7.4754,10.0876,0.0,,6071.1288,1740.0,1740.0,98898.6882,28344.6,2023-08-05
600101.SH,2001-12-31,13.59,0.299,0.3887,0.72,28.2593,25.0786,3.5864,9.4782,8.8862,0.0,2.2685,16980.5367,9500.4,7308.0,230765.4938,129110.436,2023-08-05
600599.SH,2001-12-31,35.08,4.8084,4.8084,0.8,207.1412,207.1412,8.9241,12.2622,12.2622,,,7000.0,2200.0,2200.0,245560.0,77176.0,2023-08-05
000022.SZ,2001-12-31,12.22,0.2691,0.2691,1.05,56.4689,67.6053,4.2678,10.7877,10.9731,,,38151.7,5060.0,5060.0,466213.774,61833.2,2023-08-05
600187.SH,2001-12-31,12.22,1.478,2.217,0.79,58.1687,59.3353,5.4731,9.139,8.6951,1.6786,1.831,32722.5,9750.0,6500.0,399868.95,119145.0,2023-08-05
600366.SH,2001-12-31,24.27,1.7867,1.7867,1.15,128.3568,85.3026,8.3436,16.0937,13.9431,,0.412,19065.0,5250.0,5250.0,462707.55,127417.5,2023-08-05
600764.SH,2001-12-31,12.01,0.3159,0.3159,0.9,40.7288,45.6053,5.1637,3.6948,3.6842,0.0,5.1716,18318.1658,5898.563,5898.563,220001.1713,70841.7416,2023-08-05
600169.SH,2001-12-31,6.73,0.1258,0.1258,0.91,47.8266,52.084,2.8826,4.6061,3.8089,0.0,1.1521,37217.2425,14400.0,14400.0,250472.042,96912.0,2023-08-05
000721.SZ,2001-12-31,11.8,0.7216,0.7216,1.69,410.1886,399.0064,5.2375,4.8629,4.5945,0.0,,11441.51,4134.12,4134.12,135009.818,48782.616,2023-08-05
000928.SZ,2001-12-31,7.99,0.1814,0.242,0.82,53.7303,62.0211,2.2264,3.1538,3.0338,,2.0025,28289.9,12004.9,9000.0,226036.301,95919.151,2023-08-05
000568.SZ,2001-12-31,8.68,0.1304,0.1304,0.85,25.4389,27.5823,3.4806,4.4911,4.349,5.2995,11.4365,48893.4574,12313.4074,12313.4074,424395.2102,106880.3762,2023-08-05
000637.SZ,2001-12-31,17.59,0.2369,0.2369,0.39,84.9482,98.1178,8.0204,3.0278,2.9999,2.217,1.1085,24148.7996,8256.6641,8256.6641,424777.385,145234.7215,2023-08-05
001896.SZ,2001-12-31,8.71,0.1781,0.1781,0.73,45.1343,47.87,4.1136,9.6484,9.9126,2.2962,12.3421,43000.0,8000.0,8000.0,374530.0,69680.0,2023-08-05
000820.SZ,2001-12-31,8.2,0.1625,0.1625,0.72,63.1762,53.5156,3.3857,3.8988,3.5204,0.0,0.6665,21141.6,7736.46,7736.46,173361.12,63438.972,2023-08-05
600200.SH,2001-12-31,16.02,0.2916,0.4375,1.99,92.5892,63.2053,9.5127,10.7201,7.3597,0.0,0.5532,27720.0,12060.0,8040.0,444074.4,193201.2,2023-08-05
600345.SH,2001-12-31,31.51,0.9581,0.9581,1.96,56.0396,28.8617,6.3627,17.9676,20.2483,,0.6347,16500.0,4500.0,4500.0,519915.0,141795.0,2023-08-05
600071.SH,2001-12-31,7.33,1.9562,2.543,1.36,45.4426,35.4033,4.5144,6.3669,5.7505,0.0,1.6031,23747.2456,10745.02,8265.4,174067.3102,78760.9966,2023-08-05
600523.SH,2001-12-31,9.93,16.2663,16.2663,,59.0146,59.0146,9.1761,5.6789,5.6789,,,22000.0,7000.0,7000.0,218460.0,69510.0,2023-08-05
600776.SH,2001-12-31,17.16,0.2425,0.2456,0.52,28.4622,32.9882,2.9109,1.397,1.1699,0.4445,1.7483,62800.0,11800.0,11650.0,1077648.0,202488.0,2023-08-05
000608.SZ,2001-12-31,10.48,0.2201,0.2201,1.76,26.096,26.5984,4.3316,3.2067,2.8975,0.0,1.0207,20860.02,9750.078,9750.078,218613.0096,102180.8174,2023-08-05
600596.SH,2001-12-31,14.7,1.8187,1.8187,1.45,85.3213,85.3213,3.9102,3.5153,3.5153,,,13411.0363,4400.0,4400.0,197142.2336,64680.0,2023-08-05
000819.SZ,2001-12-31,12.12,0.517,0.517,1.8,45.9022,58.434,5.5633,2.871,3.3384,3.2687,,16513.386,5210.316,5210.316,200142.2383,63149.0299,2023-08-05
000981.SZ,2001-12-31,16.33,0.1147,0.1912,0.83,48.4171,54.2988,3.93,3.5856,4.1082,0.0,7.8873,16100.0,5000.0,3000.0,262913.0,81650.0,2023-08-05
600748.SH,2001-12-31,10.72,3.2412,3.2412,1.58,428.3083,618.9688,6.0089,12.1982,14.5208,0.0,,58754.1643,15697.0021,15697.0021,629844.6413,168271.8625,2023-08-05
600226.SH,2001-12-31,22.29,0.4504,0.5405,1.48,92.7644,67.0807,12.5191,27.6196,21.1569,0.3477,2.7422,25349.4144,8064.0,6720.0,565038.447,179746.56,2023-08-05
000038.SZ,2001-12-31,14.54,2.169,2.169,2.4,317.822,427.1807,12.249,22.4305,37.2193,0.0,,9048.6,1914.0,1914.0,131566.644,27829.56,2023-08-05
000962.SZ,2001-12-31,17.91,0.647,0.7763,1.41,42.0097,26.1359,6.2504,6.0006,4.0275,0.0,2.067,35640.0,14040.0,11700.0,638312.4,251456.4,2023-08-05
600218.SH,2001-12-31,9.84,2.8116,3.655,2.97,52.3955,60.0331,4.2421,6.6653,6.3672,3.9087,3.9087,28340.0,10140.0,7800.0,278865.6,99777.6,2023-08-05
000521.SZ,2001-12-31,6.96,0.1489,0.1634,0.62,520.9577,425.8994,2.0847,2.15,2.0277,0.0,,41364.2949,15153.0326,13809.6482,287895.4925,105465.1069,2023-08-05
000713.SZ,2001-12-31,12.28,0.6226,0.6226,0.76,40.7889,42.3684,4.4341,6.7755,6.4469,2.9,3.4801,22500.0,10530.0,10530.0,276300.0,129308.4,2023-08-05
600899.SH,2001-12-31,14.14,0.453,0.453,0.93,41.0403,46.6532,5.5405,16.1819,19.8624,0.0,1.387,17750.5386,5430.5386,5430.5386,250992.6158,76787.8158,2023-08-05
600089.SH,2001-12-31,10.46,0.0943,0.0943,1.0,29.1384,30.8093,3.2659,2.7229,2.2685,0.0,1.9022,25949.0176,13041.6,13041.6,271426.7241,136415.136,2023-08-05
600332.SH,2001-12-31,11.65,0.1924,0.1924,0.91,64.6018,62.6272,4.3819,2.2371,2.005,,0.2575,81090.0,7800.0,7800.0,944698.5,90870.0,2023-08-05
600155.SH,2001-12-31,6.88,0.1409,0.1409,0.66,34.2379,35.8172,3.5478,2.6967,2.7538,0.0,3.3309,41250.0,12000.0,12000.0,283800.0,82560.0,2023-08-05
600528.SH,2001-12-31,13.19,0.2991,0.2991,1.02,30.5549,30.5549,3.0468,1.3128,1.3128,,2.2745,41000.0,11000.0,11000.0,540790.0,145090.0,2023-08-05
600719.SH,2001-12-31,11.04,0.1707,0.1707,0.4,36.5249,34.7619,3.3651,6.9695,5.9521,0.0,2.4095,20229.98,7605.0,7605.0,223338.9792,83959.2,2023-08-05
600893.SH,2001-12-31,6.53,0.6306,0.6306,0.75,,,2.5148,1.4763,1.6646,0.0,,23491.0865,11531.6885,11531.6885,153396.7948,75301.9259,2023-08-05
600125.SH,2001-12-31,11.41,0.0923,0.0923,0.7,27.1716,27.0981,4.1276,7.1262,7.1052,0.0,2.7629,19077.6,9077.6,9077.6,217675.416,103575.416,2023-08-05
600550.SH,2001-12-31,15.98,1.3121,1.3121,5.42,71.6253,82.0565,4.3178,5.7232,5.6497,,,22000.0,6000.0,6000.0,351560.0,95880.0,2023-08-05
000705.SZ,2001-12-31,9.87,1.4325,1.4325,1.72,59.0862,59.0246,2.9857,2.4364,2.3191,0.0,1.5705,12532.936,8085.3692,8085.3692,123700.0783,79802.594,2023-08-05
600139.SH,2001-12-31,23.8,0.3939,0.3939,1.11,133.44,83.1075,10.9802,8.6547,6.1558,0.0,1.0863,7601.02,2940.0,2940.0,180904.276,69972.0,2023-08-05
600752.SH,2001-12-31,8.44,0.3341,0.4344,1.75,53.8515,62.1519,4.1727,7.2224,13.5098,5.5479,,33846.4128,16088.8554,12376.0,285663.724,135789.9396,2023-08-05
000541.SZ,2001-12-31,13.57,1.5043,1.5043,1.55,30.1833,27.4798,2.4715,7.0774,6.4967,1.4677,2.8003,35844.8259,14703.5409,14703.5409,486414.2875,199527.05,2023-08-05
600886.SH,2001-12-31,8.04,0.2053,0.2053,0.49,382.403,58.2716,2.3784,1.2185,1.1583,0.0,,28174.5826,10731.6985,10731.6985,226523.6441,86282.8559,2023-08-05
600205.SH,2001-12-31,9.65,0.1658,0.1658,0.97,12.8168,16.9452,3.9889,2.0903,2.3715,1.5544,5.1813,56000.0,16000.0,16000.0,540400.0,154400.0,2023-08-05
600236.SH,2001-12-31,12.45,0.1103,0.1103,0.48,35.6847,52.2712,3.4627,12.9921,15.2247,0.0,21.9609,67536.3033,6200.0,6200.0,840826.9761,77190.0,2023-08-05
000582.SZ,2001-12-31,11.27,0.1809,0.1809,0.6,136.38,90.717,4.1101,34.1945,29.548,0.0,1.4618,18847.18,5720.0,5720.0,212407.7186,64464.4,2023-08-05
000859.SZ,2001-12-31,9.62,1.238,1.238,2.74,45.8244,36.5042,2.905,4.7573,4.4647,0.0,2.7235,23580.0,9000.0,9000.0,226839.6,86580.0,2023-08-05
000709.SZ,2001-12-31,6.55,0.0995,0.0995,0.71,14.9654,15.0263,1.5432,1.2788,1.1449,0.0,25.3467,135382.9839,28540.9862,28540.9862,886758.5445,186943.4596,2023-08-05
600804.SH,2001-12-31,10.5,0.944,0.944,1.03,,,6.1604,5.2287,4.9996,0.0,,11661.12,7195.68,7195.68,122441.76,75554.64,2023-08-05
000930.SZ,2001-12-31,17.64,0.2096,0.2096,0.36,36.2908,29.1974,2.3475,4.4271,4.0306,1.6478,,17697.88,9000.0,9000.0,312190.6032,158760.0,2023-08-05
600882.SH,2001-12-31,7.92,0.0872,0.0872,0.87,134.9152,104.5616,2.973,3.7727,3.277,0.0,,18584.9063,9682.9622,9682.9622,147192.4579,76689.0606,2023-08-05
600010.SH,2001-12-31,5.68,0.5613,0.5613,0.55,24.5767,24.5767,1.9833,1.2037,1.2037,,6.2877,125000.0,35000.0,35000.0,710000.0,198800.0,2023-08-05
600206.SH,2001-12-31,16.53,1.881,1.881,3.89,53.6557,49.6915,3.4103,20.1106,17.2937,3.3738,2.6991,14500.0,6500.0,6500.0,239685.0,107445.0,2023-08-05
000777.SZ,2001-12-31,9.02,0.2543,0.2543,1.74,71.8805,128.0103,5.1496,7.5708,6.9323,2.4747,,16800.0,6720.0,6720.0,151536.0,60614.4,2023-08-05
000658.SZ,2001-12-31,6.35,0.0253,0.0253,0.33,,,7.343,10.7008,,0.0,,15702.1602,9971.4998,9971.4998,99708.7173,63319.0237,2023-08-05
000090.SZ,2001-12-31,15.5,0.3242,0.3242,1.35,35.6376,35.0973,3.3759,2.2371,1.9755,4.9669,3.7252,22326.16,5800.0,5800.0,346055.48,89900.0,2023-08-05
600309.SH,2001-12-31,24.28,0.6993,0.6993,1.31,117.0038,117.0038,8.4734,16.8976,16.8976,,0.2059,24000.0,8000.0,8000.0,582720.0,194240.0,2023-08-05
600694.SH,2001-12-31,9.15,0.3746,0.487,0.47,29.0534,24.5317,2.8686,1.7993,1.6168,0.0,3.4819,26701.6905,15617.1328,12013.1791,244320.4681,142896.7651,2023-08-05
000058.SZ,2001-12-31,8.1,0.0751,0.0751,0.65,445.3239,251.3266,3.4585,2.5501,2.9591,0.73,,72614.5863,8662.6238,8662.6238,588178.149,70167.2528,2023-08-05
000039.SZ,2001-12-31,26.66,1.0288,1.0288,1.98,19.633,15.2564,3.818,1.0129,1.0076,0.7502,0.7502,34020.14,4622.2177,4622.2177,906976.9324,123228.3239,2023-08-05
000413.SZ,2001-12-31,9.63,0.2458,0.2458,1.25,43.9285,32.7443,6.6107,82.1099,58.0001,0.0,,38300.0,4508.95,4508.95,368829.0,43421.1885,2023-08-05
600695.SH,2001-12-31,12.29,0.1634,0.1634,0.33,1048.7807,656.6177,8.5816,5.1294,4.7409,0.0,,67630.5696,2574.0,2574.0,831179.7004,31634.46,2023-08-05
000690.SZ,2001-12-31,14.89,0.1614,0.1614,0.25,64.9181,58.7654,8.2844,13.0911,9.9844,3.3938,4.4428,19350.0,5850.0,5850.0,288121.5,87106.5,2023-08-05
600242.SH,2001-12-31,11.86,0.351,0.351,0.94,78.4575,78.4575,4.3715,20.1843,20.1843,,,17402.9825,6000.0,6000.0,206399.3725,71160.0,2023-08-05
600051.SH,2001-12-31,9.49,0.7147,0.7147,2.48,57.1924,79.3982,3.5162,0.9704,0.8501,0.0,4.1045,30240.0,8539.786,8539.786,286977.6,81042.5691,2023-08-05
600268.SH,2001-12-31,17.34,0.1815,0.1815,1.01,43.2046,48.4802,4.5541,4.8814,4.1606,0.692,3.4025,11800.0,4000.0,4000.0,204612.0,69360.0,2023-08-05
000989.SZ,2001-12-31,19.86,1.6137,1.6137,0.71,55.8711,50.6641,5.082,5.6037,4.6218,,2.0141,12862.0,4000.0,4000.0,255439.32,79440.0,2023-08-05
600757.SH,2001-12-31,8.96,0.3419,0.3419,1.04,40.4969,34.5724,3.4193,2.0299,1.8689,1.7033,3.0025,47214.4227,14040.0,14040.0,423041.2274,125798.4,2023-08-05
000562.SZ,2001-12-31,10.31,0.2202,0.2202,0.74,65.4064,58.5775,8.091,20.4916,11.7416,0.0,1.6501,51874.515,15246.0,15246.0,534826.2497,157186.26,2023-08-05
600539.SH,2001-12-31,11.08,0.6967,0.6967,0.96,82.9287,82.9287,3.2599,10.3178,10.3178,,,23000.0,8800.0,8800.0,254840.0,97504.0,2023-08-05
000901.SZ,2001-12-31,33.77,2.5315,2.5315,0.4,166.1888,202.1121,10.6442,31.0695,26.829,0.7403,,9900.0,3000.0,3000.0,334323.0,101310.0,2023-08-05
000939.SZ,2001-12-31,13.33,0.4467,0.4467,0.8,52.5138,54.1732,6.2571,13.8516,9.8067,,0.75,21630.0,9450.0,9450.0,288327.9,125968.5,2023-08-05
600359.SH,2001-12-31,10.44,0.5273,0.6854,1.14,37.6292,38.6941,4.8776,4.8876,5.7941,6.0173,6.0173,32100.0,11700.0,9000.0,335124.0,122148.0,2023-08-05
000783.SZ,2001-12-31,4.55,0.1117,0.1117,0.63,,,3.0382,0.9109,0.8616,16.2644,,115444.4333,23400.0,23400.0,525272.1715,106470.0,2023-08-05
600690.SH,2001-12-31,15.92,0.407,0.407,1.23,29.9431,19.7873,2.4292,2.63,1.4729,1.3141,1.8561,79764.8282,44989.7074,44989.7074,1269856.0649,716236.1418,2023-08-05
000665.SZ,2001-12-31,10.48,0.2,0.2,1.09,52.675,57.4474,3.4262,3.3341,2.9312,0.0,,14096.9488,5001.3787,5001.3787,147736.0234,52414.4488,2023-08-05
000023.SZ,2001-12-31,12.33,2.2073,2.2073,1.03,95.8696,174.5063,6.3487,6.6606,8.3757,1.3643,1.2328,13875.624,4619.1222,4619.1222,171086.4439,56953.7767,2023-08-05
000671.SZ,2001-12-31,13.29,0.2736,0.2736,1.05,63.2022,70.8858,7.4366,16.2672,14.5731,0.0,1.2302,9517.3092,2910.4992,2910.4992,126485.0393,38680.5344,2023-08-05
000678.SZ,2001-12-31,7.63,0.3675,0.3675,0.79,,,2.0654,5.0805,4.4612,0.0,,14044.0018,7890.1553,7890.1553,107155.7337,60201.8849,2023-08-05
000955.SZ,2001-12-31,11.09,0.3706,0.3706,1.19,147.7725,98.4175,4.4359,16.9776,14.4554,0.0,,20500.0,5500.0,5500.0,227345.0,60995.0,2023-08-05
000547.SZ,2001-12-31,11.44,0.2582,0.2582,0.54,36.909,26.1611,3.3178,6.2167,5.4431,0.0,1.4545,12242.3174,7357.3533,7357.3533,140052.1111,84168.1218,2023-08-05
000759.SZ,2001-12-31,8.1,0.378,0.378,0.82,18.0396,18.935,2.6276,1.3087,1.1271,1.4786,2.9572,17566.9,11282.7,11282.7,142291.89,91389.87,2023-08-05
000542.SZ,2001-12-31,13.93,0.7299,0.7299,0.79,99.5703,190.934,5.9713,2.8121,2.068,0.0,,18810.88,8145.28,8145.28,262035.5584,113463.7504,2023-08-05
000618.SZ,2001-12-31,4.48,0.1322,0.1322,0.75,,,3.1635,1.1522,1.1508,0.2232,,356107.8,20000.0,20000.0,1595362.944,89600.0,2023-08-05
000868.SZ,2001-12-31,7.36,0.264,0.264,1.12,134.1715,127.8166,2.5051,4.3853,3.9768,0.0,,22100.0,10140.0,10140.0,162656.0,74630.4,2023-08-05
000017.SZ,2001-12-31,5.82,1.8865,5.2653,1.61,,,22.2497,41.0501,43.2769,0.0,,47943.3003,7675.2,2750.0,279030.0077,44669.664,2023-08-05
600732.SH,2001-12-31,11.79,0.666,0.666,1.92,145.1405,250.8823,7.1692,5.9062,4.988,1.9508,,24799.06,8294.0,8294.0,292380.9174,97786.26,2023-08-05
600866.SH,2001-12-31,8.45,0.1439,0.1439,0.57,31.816,35.7585,3.5715,7.8884,7.5905,2.3466,1.5253,32568.9081,19438.0454,19438.0454,275207.2734,164251.4836,2023-08-05
000953.SZ,2001-12-31,9.05,0.5587,0.5587,0.73,42.5889,38.7107,3.9938,5.0747,4.6438,,0.5525,17821.7841,6000.0,6000.0,161287.1461,54300.0,2023-08-05
000798.SZ,2001-12-31,9.85,0.2832,0.2832,0.65,40.3475,60.5586,2.587,7.538,8.1713,12.1827,4.0609,25200.0,6300.0,6300.0,248220.0,62055.0,2023-08-05
600313.SH,2001-12-31,10.4,1.122,1.122,1.73,129.3969,364.7539,3.478,1.5735,1.3135,,,25220.0,8000.0,8000.0,262288.0,83200.0,2023-08-05
600103.SH,2001-12-31,4.95,0.0472,0.0472,0.53,20.8333,20.4631,2.1199,3.947,3.5981,2.1032,,70630.0,44642.0,44642.0,349618.5,220977.9,2023-08-05
000061.SZ,2001-12-31,13.16,0.2789,0.2789,0.54,27.2667,30.1196,2.4421,1.9131,1.4848,2.879,2.7623,18485.7643,10170.312,10170.312,243272.6582,133841.3059,2023-08-05
000885.SZ,2001-12-31,12.65,4.02,4.02,2.44,,,3.657,6.8647,9.6642,0.0,,16000.0,6000.0,6000.0,202400.0,75900.0,2023-08-05
600269.SH,2001-12-31,12.88,0.3041,0.3785,1.47,25.8221,25.2369,1.7357,16.0563,13.5861,0.0,10.0095,35300.0,11500.0,9240.0,454664.0,148120.0,2023-08-05
000929.SZ,2001-12-31,10.67,4.114,4.114,2.09,381.8567,,2.6556,6.7632,7.4409,,,11784.0,5400.0,5400.0,125735.28,57618.0,2023-08-05
600786.SH,2001-12-31,7.62,0.7891,0.7891,1.27,,,5.3473,4.4873,5.4411,0.0,,21127.1181,5400.0,5400.0,160988.6399,41148.0,2023-08-05
600066.SH,2001-12-31,13.8,0.1666,0.1666,0.36,21.6694,19.2427,2.1784,1.5737,1.3185,0.0,6.3426,13672.3661,9372.3141,9372.3141,188678.6522,129337.9346,2023-08-05
600819.SH,2001-12-31,12.68,0.1011,0.1011,0.67,39.9783,34.126,3.6342,7.1308,5.631,0.7886,1.735,48750.0,3125.0,3125.0,618150.0,39625.0,2023-08-05
600735.SH,2001-12-31,13.15,0.4892,0.4892,0.73,99.5743,86.5514,6.5965,9.0523,8.393,0.399,,15481.2936,8346.153,8346.153,203579.0108,109751.912,2023-08-05
600824.SH,2001-12-31,11.15,1.9151,1.9151,5.54,49.0527,44.0423,3.2385,3.5867,3.001,0.6417,2.5511,19364.9092,8986.5492,8986.5492,215918.7376,100200.0236,2023-08-05
000630.SZ,2001-12-31,7.16,0.1529,0.1529,1.18,24.074,22.9888,1.7336,1.66,1.7009,5.5707,3.5624,46555.6,18252.0,18252.0,333338.096,130684.32,2023-08-05
000617.SZ,2001-12-31,13.5,0.0912,0.0912,0.11,269.7765,90.8942,8.1484,6.1628,6.1107,0.0,,10400.0,3250.0,3250.0,140400.0,43875.0,2023-08-05
000421.SZ,2001-12-31,9.55,0.4687,0.4687,2.12,71.1716,67.331,4.5375,5.4774,4.6907,2.718,2.718,19718.3005,7596.4893,7596.4893,188309.7698,72546.4728,2023-08-05
000899.SZ,2001-12-31,7.1,0.1094,0.1094,0.81,40.935,60.6226,2.7307,7.8251,8.3699,19.5268,4.315,54803.2,17888.0,17888.0,389102.72,127004.8,2023-08-05
600701.SH,2001-12-31,8.42,0.0971,0.0971,0.96,43.6607,48.4086,3.4355,4.8785,7.6051,0.0,2.2034,32409.0968,17469.0968,17469.0968,272884.5951,147089.7951,2023-08-05
600256.SH,2001-12-31,14.38,0.7386,1.2556,1.98,58.4738,28.8827,11.0643,12.0132,4.9216,,0.6136,60143.142,17000.0,10000.0,864858.382,244460.0,2023-08-05
000539.SZ,2001-12-31,9.93,1.1776,1.1776,2.57,27.2164,25.7043,4.2716,6.1584,5.2706,1.3446,1.5106,265940.4,39147.6,39147.6,2640788.172,388735.668,2023-08-05
000016.SZ,2001-12-31,8.1,0.2194,0.2766,1.94,21.6828,,1.4247,0.541,0.5704,4.4893,1.8519,60198.6352,22419.8704,17784.1088,487608.9451,181600.9502,2023-08-05
600667.SH,2001-12-31,5.89,0.31,0.31,0.77,,,4.0328,3.4814,3.4357,0.0,,36881.7381,18964.0,18964.0,217233.4374,111697.96,2023-08-05
000995.SZ,2001-12-31,13.34,0.4375,0.4375,1.39,70.7084,68.6609,3.9279,11.7896,12.6344,,,14000.0,4000.0,4000.0,186760.0,53360.0,2023-08-05
600227.SH,2001-12-31,10.26,0.1669,0.1669,0.58,26.7789,28.3823,2.3704,2.9028,2.6217,,2.4366,17000.0,7000.0,7000.0,174420.0,71820.0,2023-08-05
000733.SZ,2001-12-31,10.5,0.1183,0.1183,0.82,44.8754,39.8844,2.0973,5.6517,5.6173,0.0,3.8322,35812.0,17800.0,17800.0,376026.0,186900.0,2023-08-05
600863.SH,2001-12-31,7.36,0.3976,0.5169,0.33,23.9675,25.9294,2.1198,5.1242,5.0039,6.4934,6.4934,99061.0,19773.0,15210.0,729088.96,145529.28,2023-08-05
000412.SZ,2001-12-31,6.62,0.3518,0.3518,0.64,,,7.904,33.3819,36.8598,0.0,,28896.1676,10632.172,10632.172,191292.6295,70384.9786,2023-08-05
600128.SH,2001-12-31,9.99,0.2764,0.2764,1.25,45.0388,44.7375,3.4721,1.3913,1.4339,4.0901,4.0402,19944.75,7412.31,7412.31,199248.0525,74048.9769,2023-08-05
600789.SH,2001-12-31,8.16,0.2473,0.2473,1.08,49.8096,48.7828,2.5676,4.244,4.2397,0.7353,2.2619,36475.421,15809.794,15809.794,297639.4354,129007.919,2023-08-05
600794.SH,2001-12-31,11.44,0.1327,0.1327,1.19,65.9941,247.4585,4.3513,8.4265,10.7857,0.0,,11923.968,5011.968,5011.968,136410.1939,57336.9139,2023-08-05
600610.SH,2001-12-31,11.64,1.8721,40.1571,4.23,1277.095,240.1353,80.4022,10.7491,9.7031,0.0,,35709.1535,2574.0,120.0,415654.5467,29961.36,2023-08-05
000965.SZ,2001-12-31,11.16,0.644,0.644,1.38,57.9607,55.0823,4.1374,7.5107,6.5545,,,21700.4921,7000.0,7000.0,242177.4918,78120.0,2023-08-05
600874.SH,2001-12-31,7.91,1.4831,1.4831,3.66,62.3965,31.0492,7.0068,3.0052,5.385,0.0,,133000.0,11249.5,11249.5,1052030.0,88983.545,2023-08-05
600775.SH,2001-12-31,14.4,0.2312,0.2312,0.44,71.0132,67.8649,11.2449,7.7071,7.9055,0.0,,65501.5,5800.0,5800.0,943221.6,83520.0,2023-08-05
600053.SH,2001-12-31,11.14,0.5619,0.5619,0.92,32.9013,31.3965,2.6686,5.952,5.5789,0.0,1.9012,16107.0,7605.0,7605.0,179431.98,84719.7,2023-08-05
600772.SH,2001-12-31,11.13,0.1364,0.1364,0.81,52.2122,113.2841,4.1288,7.5066,9.1176,0.0,,23961.6,7581.6,7581.6,266692.608,84383.208,2023-08-05
600058.SH,2001-12-31,19.79,0.3211,0.3211,0.31,40.4023,36.3121,4.4357,0.7143,0.5943,5.3574,,42408.871,12000.0,12000.0,839271.5571,237480.0,2023-08-05
600746.SH,2001-12-31,11.17,1.7032,1.7032,3.66,91.5206,102.6557,9.7133,13.8053,13.4192,0.0,0.2487,30642.1452,8802.675,8802.675,342272.7619,98325.8798,2023-08-05
000599.SZ,2001-12-31,10.78,0.2269,0.2269,1.17,61.7378,58.6512,2.6745,3.3231,3.4671,0.0,4.9961,17051.4642,6558.9642,6558.9642,183814.7841,70705.6341,2023-08-05
000839.SZ,2001-12-31,17.13,0.189,0.189,0.42,38.0281,39.7669,6.3737,19.1138,19.3825,1.3088,8.6892,59000.0,17837.21,17837.21,1010670.0,305551.4073,2023-08-05
600393.SH,2001-12-31,13.21,0.475,0.9499,0.6,50.5307,53.6024,6.7918,10.8723,12.9118,,1.3698,20000.0,5526.38,2763.19,264200.0,73003.4798,2023-08-05
000711.SZ,2001-12-31,13.25,1.1333,1.1333,3.37,40.7257,37.7784,5.1093,15.5074,14.3781,0.0,0.6336,10726.56,5110.56,5110.56,142126.92,67714.92,2023-08-05
600679.SH,2001-12-31,25.86,0.1739,0.1739,0.57,469.2418,529.1232,14.0005,17.4032,23.7476,0.0,,46432.2817,2640.0013,2640.0013,1200738.8048,68270.4336,2023-08-05
000708.SZ,2001-12-31,5.43,0.1478,0.1478,0.61,178.5562,181.8163,1.5669,2.2415,1.9191,0.0,,44940.848,16704.0,16704.0,244028.8046,90702.72,2023-08-05
600258.SH,2001-12-31,14.65,1.1427,1.6324,0.4,61.3423,48.2969,4.7843,4.5218,3.2957,0.0,4.2873,23140.0,7000.0,4900.0,339001.0,102550.0,2023-08-05
600138.SH,2001-12-31,12.02,0.1807,0.1807,0.64,26.6889,25.3606,2.9179,3.1308,2.6773,2.7305,2.8478,26700.0,11700.0,11700.0,320934.0,140634.0,2023-08-05
000756.SZ,2001-12-31,10.36,0.1469,0.2593,1.11,68.5446,62.5634,4.8555,4.5378,4.4577,0.0,0.4376,45731.283,7615.333,4315.333,473776.0919,78894.8499,2023-08-05
000501.SZ,2001-12-31,6.24,0.2772,0.2772,1.1,112.4333,407.3123,2.9014,1.5735,1.5151,0.0,1.5909,50724.859,20438.9852,20438.9852,316523.1202,127539.2676,2023-08-05
600841.SH,2001-12-31,12.68,0.2794,0.419,0.4,156.0098,133.1408,3.7523,4.8242,4.5402,0.7886,0.3943,48030.928,2160.0,1440.0,609032.167,27388.8,2023-08-05
000406.SZ,2001-12-31,13.35,1.8995,1.8995,2.51,14.7233,13.1905,2.7598,4.8338,4.6473,0.0,2.0515,30335.634,22152.366,22152.366,404980.7139,295734.0861,2023-08-05
000807.SZ,2001-12-31,10.29,0.4128,0.4128,0.46,32.6941,23.244,4.0184,2.1696,1.9827,6.0253,9.4145,31000.0,8000.0,8000.0,318990.0,82320.0,2023-08-05
000632.SZ,2001-12-31,12.6,0.3769,0.3769,0.71,69.9839,76.0984,3.2847,2.117,2.2275,0.0,3.9371,17551.2979,5307.0894,5307.0894,221146.3535,66869.3264,2023-08-05
600009.SH,2001-12-31,8.38,0.2185,0.2186,1.41,21.7076,22.2941,2.3977,13.6365,11.184,0.0,9.6366,141229.73,51229.73,51215.53,1183505.1374,429305.1374,2023-08-05
600697.SH,2001-12-31,10.65,0.423,0.423,1.0,29.6069,28.6939,3.0571,2.1613,2.0532,0.0,3.5508,12273.7187,6491.2299,6491.2299,130715.1042,69131.5984,2023-08-05
000623.SZ,2001-12-31,11.22,1.8034,1.8034,5.49,31.7336,33.131,2.3502,8.3446,7.58,0.0,3.3242,23366.46,12529.66,12529.66,262171.6812,140582.7852,2023-08-05
600064.SH,2001-12-31,11.09,0.511,0.511,0.7,33.8938,48.4363,3.3683,4.332,5.9696,15.9663,,34414.5888,15548.76,15548.76,381657.7898,172435.7484,2023-08-05
600745.SH,2001-12-31,14.36,0.4414,0.4414,0.82,,,24.2507,21.3929,43.581,0.0,,12174.4896,4675.944,4675.944,174825.6707,67146.5558,2023-08-05
000933.SZ,2001-12-31,14.87,0.78,0.78,1.49,35.5525,34.5669,4.3315,6.3105,5.8825,0.0,15.3786,22868.0,7000.0,7000.0,340047.16,104090.0,2023-08-05
600231.SH,2001-12-31,8.95,0.1659,0.1659,0.86,19.6672,22.334,2.2378,1.7404,1.7064,0.0,519.55,31000.0,10000.0,10000.0,277450.0,89500.0,2023-08-05
000821.SZ,2001-12-31,8.84,0.2036,0.2036,1.53,30.486,25.6987,3.1725,5.0622,4.4142,0.0,5.7557,30882.1332,12139.1499,12139.1499,272998.0575,107310.0851,2023-08-05
000685.SZ,2001-12-31,13.36,0.253,0.253,1.17,88.969,67.8084,6.2001,6.6542,38.3501,0.0,1.8109,13662.0,5646.96,5646.96,182524.32,75443.3856,2023-08-05
600211.SH,2001-12-31,17.69,0.2996,0.2996,1.01,60.7135,61.7576,5.3877,26.0914,25.2899,0.0,308.02,12260.0,4500.0,4500.0,216879.4,79605.0,2023-08-05
600005.SH,2001-12-31,5.63,0.1042,0.1042,0.81,16.6495,15.85,2.3863,1.6995,1.7798,29.0087,32.4897,209048.0,32000.0,32000.0,1176940.24,180160.0,2023-08-05
000762.SZ,2001-12-31,11.39,0.2386,0.2386,1.18,368.3599,,4.6928,12.6013,11.6449,0.0,0.4572,20051.0,7700.0,7700.0,228380.89,87703.0,2023-08-05
000429.SZ,2001-12-31,5.68,0.1427,0.1427,0.55,58.2468,70.1288,2.1178,28.4365,16.355,0.9619,1.1737,125711.7748,27453.075,27453.075,714042.8809,155933.466,2023-08-05
600518.SH,2001-12-31,30.75,1.9877,1.9877,0.68,88.6706,88.6706,6.4796,6.1779,6.1779,,2.5583,7080.0,1800.0,1800.0,217710.0,55350.0,2023-08-05
000025.SZ,2001-12-31,11.89,1.2493,1.2493,2.36,,,8.114,17.1617,20.1777,0.0,,22028.16,3429.36,3429.36,261914.8224,40775.0904,2023-08-05
000633.SZ,2001-12-31,33.85,0.1781,0.1781,0.21,226.1579,273.043,24.445,12.8776,13.6415,0.0,,32092.1978,13877.7778,13877.7778,1086320.8955,469762.7785,2023-08-05
600383.SH,2001-12-31,22.43,3.1137,3.1137,3.12,71.9568,62.3547,4.8352,10.4596,10.7,,,27000.0,9000.0,9000.0,605610.0,201870.0,2023-08-05
000729.SZ,2001-12-31,10.56,0.4219,0.4219,2.55,26.2707,26.2511,1.9715,4.0369,3.3691,5.6072,6.7525,66742.45,18720.0,18720.0,704800.272,197683.2,2023-08-05
000586.SZ,2001-12-31,10.87,0.461,0.461,1.96,,,6.7676,5.1656,4.8406,0.0,,19344.0,6084.0,6084.0,210269.28,66133.08,2023-08-05
600568.SH,2001-12-31,20.35,4.2011,4.2011,0.89,117.6189,117.6189,3.4794,19.4429,19.4429,,,7286.0,3500.0,3500.0,148270.1,71225.0,2023-08-05
000043.SZ,2001-12-31,11.87,0.1689,0.1689,0.6,100.4924,129.1198,4.0039,1.8863,2.0637,0.84,0.67,13932.5472,3819.5872,3819.5872,165379.3353,45338.5001,2023-08-05
600887.SH,2001-12-31,19.9,0.1393,0.1393,0.33,29.639,28.5956,3.5039,1.9393,1.3997,2.5831,3.2288,14667.107,7989.3931,7989.3931,291875.4293,158988.9227,2023-08-05
000913.SZ,2001-12-31,12.0,0.1887,0.2453,0.54,24.4752,24.283,3.7986,0.9074,0.9337,2.5641,3.0769,28346.0,8450.0,6500.0,340152.0,101400.0,2023-08-05
600159.SH,2001-12-31,9.22,0.3802,0.3802,0.72,64.3145,77.1705,3.729,10.5933,11.6342,0.0,,30500.1616,8800.768,8800.768,281211.49,81143.081,2023-08-05
600865.SH,2001-12-31,8.08,0.09,0.09,0.77,40.0756,35.0992,3.2183,2.3471,2.2164,2.4663,3.9462,26970.632,13533.9938,13533.9938,217922.7066,109354.6699,2023-08-05
600857.SH,2001-12-31,13.55,0.1473,0.1473,0.57,79.0524,98.7193,7.4568,3.9393,3.9909,0.0809,1.2406,19229.184,9150.8797,9150.8797,260555.4432,123994.4199,2023-08-05
600321.SH,2001-12-31,15.9,0.6905,0.6905,1.13,43.8537,43.8537,2.6189,8.4056,8.4056,,,17520.0,7000.0,7000.0,278568.0,111300.0,2023-08-05
000552.SZ,2001-12-31,9.36,0.2744,0.2744,0.73,51.6498,84.7944,7.2483,7.0359,7.2688,0.0,,17787.0,6679.2,6679.2,166486.32,62517.312,2023-08-05
600754.SH,2001-12-31,9.5,0.145,0.145,0.74,48.521,55.6535,3.2519,8.2294,8.7287,0.0,1.0526,60324.074,9836.0,9836.0,573078.703,93442.0,2023-08-05
600333.SH,2001-12-31,15.69,0.6758,0.6758,1.04,86.1279,100.0886,5.5517,13.4574,11.01,,0.3187,23913.6,6000.0,6000.0,375204.384,94140.0,2023-08-05
000511.SZ,2001-12-31,8.91,0.1199,0.1199,1.06,51.0099,40.389,2.6939,9.451,8.4339,0.0,1.1307,26982.1425,17854.9353,17854.9353,240410.8897,159087.4735,2023-08-05
000788.SZ,2001-12-31,8.75,1.4687,1.4687,0.97,,,5.1152,5.9976,5.9758,0.0,,19250.0,4950.0,4950.0,168437.5,43312.5,2023-08-05
600285.SH,2001-12-31,16.79,0.5224,0.5224,0.9,65.2204,66.2742,4.2513,12.8891,11.7148,,0.5956,10036.0,4000.0,4000.0,168504.44,67160.0,2023-08-05
000988.SZ,2001-12-31,35.02,0.37,0.37,1.16,80.2228,69.2078,6.9677,22.3121,15.3933,,0.8567,11500.0,3000.0,3000.0,402730.0,105060.0,2023-08-05
000826.SZ,2001-12-31,18.11,0.6955,0.6955,4.4,,,8.9834,16.9479,19.2864,0.0,,18149.3,6500.0,6500.0,328683.823,117715.0,2023-08-05
600687.SH,2001-12-31,15.2,0.1473,0.1473,0.52,65.9004,40.7361,8.4053,20.0821,20.0821,0.0,1.4825,10999.9979,4222.1459,4222.1459,167199.9681,64176.6177,2023-08-05
600548.SH,2001-12-31,7.05,14.2148,14.2148,,44.7388,44.7388,3.5873,29.8294,29.8294,,,218070.0,10447.9,10447.9,1537393.5,73657.695,2023-08-05
600835.SH,2001-12-31,12.72,1.9648,2.3577,2.77,24.8092,24.7585,2.5083,1.8863,1.8088,0.6551,1.9654,53805.7296,16992.0,14160.0,684408.8805,216138.24,2023-08-05
600744.SH,2001-12-31,7.24,0.1095,0.1095,0.45,26.315,31.846,1.8028,4.3745,4.0958,0.0,3.0908,64512.0,22176.0,22176.0,467066.88,160554.24,2023-08-05
000682.SZ,2001-12-31,6.04,0.6661,0.6661,0.77,11.7227,10.9935,3.4211,4.0323,3.7788,0.0,5.0482,91795.1996,60211.1996,60211.1996,554443.0056,363675.6456,2023-08-05
000592.SZ,2001-12-31,6.19,2.2879,2.2879,2.92,126.3156,204.4799,5.9713,12.6782,18.3909,0.0,,29440.4655,8730.8155,8730.8155,182236.4814,54043.7479,2023-08-05
000695.SZ,2001-12-31,12.39,0.8797,1.1436,0.89,112.3028,104.8755,6.7944,11.006,12.0311,0.0,,22214.7539,7724.99,5942.3,275240.8008,95712.6261,2023-08-05
600199.SH,2001-12-31,8.2,0.0831,0.0831,1.12,34.8408,42.2714,2.8819,4.4494,4.5699,0.8912,3.0302,34640.0,13000.0,13000.0,284048.0,106600.0,2023-08-05
000951.SZ,2001-12-31,10.18,1.5849,1.5849,1.65,278.1064,295.4917,4.257,3.9095,3.7655,0.0,,25397.5,9000.0,9000.0,258546.55,91620.0,2023-08-05
000625.SZ,2001-12-31,5.32,0.8642,0.8642,3.06,44.1968,30.8045,2.55,0.9735,0.8907,0.0,0.7143,122666.6,16800.0,16800.0,652586.312,89376.0,2023-08-05
000007.SZ,2001-12-31,8.73,1.4097,1.4097,2.39,,,22.405,24.0372,41.4699,0.0,,14359.3664,7956.0961,7956.0961,125357.2687,69456.719,2023-08-05
600320.SH,2001-12-31,14.09,0.2256,0.2256,1.1,51.769,39.4876,3.5802,2.9822,2.3114,,,45650.0,8800.0,8800.0,643208.5,123992.0,2023-08-05
600110.SH,2001-12-31,11.18,0.1658,0.313,0.26,44.8119,33.8286,5.8897,23.1538,20.2753,0.0,1.6812,18562.433,7648.6861,4050.8,207528.0009,85512.3106,2023-08-05
600306.SH,2001-12-31,17.5,0.4935,0.6415,0.26,117.7533,106.7834,7.6282,3.7269,3.1799,,0.8791,17813.8918,5850.0,4500.0,311743.1065,102375.0,2023-08-05
600556.SH,2001-12-31,18.55,1.2185,1.2185,0.97,164.7551,164.7551,19.5466,16.8809,16.8809,,,9000.0,4532.0,4532.0,166950.0,84068.6,2023-08-05
000550.SZ,2001-12-31,6.5,0.3023,0.3023,0.94,105.2868,47.5629,3.5913,1.9863,1.7696,0.0,,86321.4,11760.0,11760.0,561089.1,76440.0,2023-08-05
000822.SZ,2001-12-31,10.83,0.6526,0.6526,1.08,29.33,21.7006,3.4431,3.8937,3.3363,6.4635,7.4331,42000.0,12000.0,12000.0,454860.0,129960.0,2023-08-05
600369.SH,2001-12-31,12.9,5.0633,5.0633,1.75,80.1292,80.1292,3.9859,14.2893,14.2893,,1.9081,17230.0,7000.0,7000.0,222267.0,90300.0,2023-08-05
600381.SH,2001-12-31,17.27,0.6481,0.6481,0.7,107.6698,107.6698,5.8887,18.2148,18.2148,,,11000.0,3500.0,3500.0,189970.0,60445.0,2023-08-05
600102.SH,2001-12-31,8.2,0.2341,0.2341,0.75,13.5516,12.8448,2.3121,1.5786,1.5018,0.0,17.707,87118.2,15600.0,15600.0,714369.24,127920.0,2023-08-05
600607.SH,2001-12-31,10.56,0.0788,0.0788,0.39,33.34,29.4417,2.2948,3.525,2.5153,1.0995,1.4557,30651.2351,13293.201,13293.201,323677.0427,140376.2026,2023-08-05
600240.SH,2001-12-31,11.95,0.2789,0.2789,1.15,46.1716,54.2343,2.8411,8.9901,9.9221,0.0,2.3431,17500.0,7500.0,7500.0,209125.0,89625.0,2023-08-05
000047.SZ,2001-12-31,7.46,1.8284,1.8284,0.81,,,,11.8428,35.4606,0.0,,12040.4582,3292.4582,3292.4582,89821.8182,24561.7382,2023-08-05
000062.SZ,2001-12-31,11.44,0.2829,0.2829,2.74,31.6149,40.235,2.6258,6.5983,10.1097,1.8403,1.8403,27039.9998,12843.9998,12843.9998,309337.5977,146935.3577,2023-08-05
000560.SZ,2001-12-31,8.3,0.33,0.33,0.62,,,7.0377,1.4846,1.6588,0.0,,13440.0,6240.0,6240.0,111552.0,51792.0,2023-08-05
000627.SZ,2001-12-31,13.85,0.1099,0.1648,0.12,209.1908,233.7619,10.6487,22.2491,20.3641,0.0,0.6767,51721.2986,14879.1274,9919.4183,716339.9856,206075.9145,2023-08-05
000024.SZ,2001-12-31,11.45,0.1521,0.1521,0.44,26.1104,28.3456,2.4735,1.8698,1.8142,0.8734,1.1354,47639.6,13096.52,13096.52,545473.42,149955.154,2023-08-05
600056.SH,2001-12-31,14.97,0.3273,0.3273,2.19,60.4994,257.1824,3.7719,1.3937,0.9368,4.1108,2.2327,13035.0,3900.0,3900.0,195133.95,58383.0,2023-08-05
600750.SH,2001-12-31,14.58,1.8155,1.8155,1.59,77.1406,57.5516,4.0625,5.7817,6.0215,0.0,1.606,14611.2,6240.0,6240.0,213031.296,90979.2,2023-08-05
600263.SH,2001-12-31,13.4,0.4181,0.5591,0.67,67.4923,81.0089,3.9324,3.2445,3.5971,0.0,2.1188,40813.301,11500.0,8600.0,546898.2334,154100.0,2023-08-05
600130.SH,2001-12-31,20.9,1.9462,1.9462,1.97,75.9791,65.6319,4.0066,3.5773,1.9296,,1.9139,16000.0,4000.0,4000.0,334400.0,83600.0,2023-08-05
000882.SZ,2001-12-31,11.22,0.2886,0.2886,0.54,188.2101,144.4076,7.1731,9.1946,10.1884,0.0,,24920.0,6300.0,6300.0,279602.4,70686.0,2023-08-05
000935.SZ,2001-12-31,7.19,0.2745,0.2745,0.59,39.2566,30.3286,4.3104,5.1533,5.0133,0.9272,0.9272,31941.0,10440.0,10440.0,229655.79,75063.6,2023-08-05
600376.SH,2001-12-31,23.54,1.5034,1.5034,1.95,35.0261,129.2381,4.0339,7.2606,10.3218,,0.5748,10825.0,4000.0,4000.0,254820.5,94160.0,2023-08-05
000422.SZ,2001-12-31,9.34,0.3348,0.4352,0.56,50.6476,45.447,3.3629,5.0732,4.6307,0.0,1.839,21388.037,10885.0365,8373.105,199764.2656,101666.2409,2023-08-05
600678.SH,2001-12-31,7.04,1.1298,1.1298,1.3,94.2375,157.1295,4.4618,7.7104,7.8053,0.0,,23266.0,9600.0,9600.0,163792.64,67584.0,2023-08-05
000676.SZ,2001-12-31,13.61,1.7587,2.9898,15.77,144.6931,95.8236,11.2603,32.8576,26.0216,0.0,,31458.6699,9775.0,5750.0,428152.4973,133037.75,2023-08-05
000400.SZ,2001-12-31,11.07,0.9763,0.9763,1.1,20.8161,19.7922,2.8646,4.2756,3.9097,0.0,3.5155,37827.2,19440.0,19440.0,418747.104,215200.8,2023-08-05
000719.SZ,2001-12-31,10.61,0.1941,0.4036,0.8,57.1577,42.7437,5.1032,5.3503,5.3662,0.0,0.155,12937.5688,4917.12,2364.0,137267.605,52170.6432,2023-08-05
600385.SH,2001-12-31,13.3,0.9689,1.9377,0.91,131.7066,131.7066,9.6822,11.5863,11.5863,,0.3916,14132.3648,6783.5,3391.75,187960.4518,90220.55,2023-08-05
000936.SZ,2001-12-31,14.61,0.3959,0.3959,1.31,42.8094,34.728,4.7274,8.0805,5.2793,,0.5704,16800.0,4200.0,4200.0,245448.0,61362.0,2023-08-05
000046.SZ,2001-12-31,9.07,0.3652,0.3652,0.95,58.4994,133.6725,2.3142,8.0454,9.2769,0.0,1.7867,24408.4341,12651.8238,12651.8238,221384.4973,114752.0419,2023-08-05
000596.SZ,2001-12-31,15.3,0.39,0.39,1.08,24.4345,25.7943,3.1036,3.9263,4.1381,1.8954,1.9608,23500.0,2000.0,2000.0,359550.0,30600.0,2023-08-05
000537.SZ,2001-12-31,12.35,0.2263,0.2263,0.42,39.0958,35.671,5.7516,11.0415,9.3663,0.0,0.5206,40614.8645,16622.8258,16622.8258,501593.5766,205291.8986,2023-08-05
000700.SZ,2001-12-31,17.6,1.7308,1.7308,0.79,41.899,37.094,5.3328,8.4914,8.5308,0.0,9.1816,12452.18,3852.875,3852.875,219158.368,67810.6,2023-08-05
000048.SZ,2001-12-31,6.09,0.8085,0.8085,1.04,,,11.105,2.5379,2.519,1.2211,,39076.8671,11423.7371,11423.7371,237978.1206,69570.5589,2023-08-05
600688.SH,2001-12-31,3.65,0.0769,0.2216,0.68,29.073,41.6995,1.9265,1.284,1.2764,1.3699,1.6438,720000.0,72000.0,25000.0,2628000.0,262800.0,2023-08-05
600252.SH,2001-12-31,15.76,4.5166,4.5166,2.96,71.6844,77.9108,5.3156,12.9739,11.6355,,1.269,12671.76,4500.0,4500.0,199706.9376,70920.0,2023-08-05
000403.SZ,2001-12-31,15.79,1.5476,1.5476,1.55,26.082,30.8878,5.275,8.1473,8.1615,0.0,1.3245,19668.3491,9404.518,9404.518,310563.2323,148497.3392,2023-08-05
000591.SZ,2001-12-31,14.98,0.8825,0.8825,0.45,56.7931,49.7564,5.9772,2.539,2.2842,0.0,2.3946,9986.6192,3480.0,3480.0,149599.5556,52130.4,2023-08-05
000900.SZ,2001-12-31,9.11,0.1885,0.2405,0.73,24.3937,18.5249,1.4844,12.6784,9.1176,0.0,3.066,39916.59,21436.59,16800.0,363640.1349,195287.3349,2023-08-05
600641.SH,2001-12-31,15.38,0.1732,0.1732,1.17,20.1056,21.5794,5.285,19.3434,9.3648,0.0,4.8288,36786.5971,9906.624,9906.624,565777.8634,152363.8771,2023-08-05
000513.SZ,2001-12-31,9.38,1.2517,1.2517,2.26,276.6638,80.6985,3.1605,2.4357,2.3302,0.0,,30603.5482,11567.231,11567.231,287061.2821,108500.6268,2023-08-05
600081.SH,2001-12-31,29.24,0.0183,0.0183,0.04,113.1846,130.5441,13.9894,14.9129,11.3767,0.912,1.368,20100.0,5025.0,5025.0,587724.0,146931.0,2023-08-05
000430.SZ,2001-12-31,8.67,0.4523,0.7327,0.62,,,19.3855,46.9629,38.155,0.0,,18360.0,7435.8,4590.0,159181.2,64468.386,2023-08-05
600812.SH,2001-12-31,5.33,0.1903,0.1903,1.2,56.0599,41.5524,2.448,3.737,3.4919,0.0,2.3377,116939.4189,46926.8624,46926.8624,623287.1027,250120.1766,2023-08-05
000030.SZ,2001-12-31,10.4,0.3751,0.3751,1.01,713.6506,81.7993,42.567,4.0544,4.7273,,,28842.0,4026.0,4026.0,299956.8,41870.4,2023-08-05
600191.SH,2001-12-31,9.46,0.3036,0.3492,0.54,39.4962,34.0153,2.7559,4.6538,4.4722,0.0,3.6738,30308.25,10465.0,9100.0,286716.045,98998.9,2023-08-05
000584.SZ,2001-12-31,14.24,0.2309,0.2309,0.63,139.4075,148.178,10.4971,20.8843,27.1316,0.0,,20223.508,8574.28,8574.28,287982.7539,122097.7472,2023-08-05
000681.SZ,2001-12-31,11.2,1.6295,1.6295,3.29,76.3106,62.413,6.5099,7.0463,6.213,0.9601,2.0353,19875.0,5812.5,5812.5,222600.0,65100.0,2023-08-05
000078.SZ,2001-12-31,14.77,0.6553,0.6553,2.62,53.239,42.9633,1.9581,16.4641,9.7654,,0.9328,22180.0,10720.0,10720.0,327598.6,158334.4,2023-08-05
600280.SH,2001-12-31,14.73,0.5192,0.5192,1.34,67.1576,67.1576,4.2426,2.6031,2.6031,,0.4073,12126.0873,3500.0,3500.0,178617.2659,51555.0,2023-08-05
000502.SZ,2001-12-31,10.09,0.2208,0.2208,0.99,43.3609,,6.091,25.2806,78.6326,0.0,,15566.8513,5715.9006,5715.9006,157069.5296,57673.4371,2023-08-05
600670.SH,2001-12-31,7.25,1.6955,1.6955,4.52,34.0936,131.9735,6.7415,28.0894,43.4632,0.0,,14033.3684,8605.2063,8605.2063,101741.9209,62387.7457,2023-08-05
600787.SH,2001-12-31,8.63,0.1483,0.1483,0.72,56.4723,83.6436,3.5795,6.0334,4.8683,0.0,0.8551,31033.7705,12616.38,12616.38,267821.4394,108879.3594,2023-08-05
600656.SH,2001-12-31,12.21,0.2761,0.2761,1.35,82.4671,59.8291,7.7502,4.3041,3.0103,0.0,,9321.8441,5095.9985,5095.9985,113819.7165,62222.1417,2023-08-05
000531.SZ,2001-12-31,8.25,0.0719,0.0719,0.7,37.0917,35.7338,3.7322,3.2916,2.7113,0.727,4.4943,26652.126,10782.1588,10782.1588,219880.0395,88952.8101,2023-08-05
000931.SZ,2001-12-31,12.68,0.1088,0.1088,0.55,53.8186,51.3603,4.8508,5.4499,5.0697,1.183,1.183,67484.694,37484.694,37484.694,855705.9199,475305.9199,2023-08-05
000004.SZ,2001-12-31,22.03,0.1035,0.1035,0.15,84.0668,63.2716,18.0444,14.1215,19.6599,0.0,,8397.6684,4165.7228,4165.7228,185000.6349,91770.8733,2023-08-05
600558.SH,2001-12-31,14.49,0.7421,0.7421,1.78,75.0048,75.0048,3.7876,4.2545,4.2545,,,12000.0,4500.0,4500.0,173880.0,65205.0,2023-08-05
600203.SH,2001-12-31,9.63,0.7933,0.7933,1.2,41.7616,35.8089,4.1546,4.1688,4.7629,0.0,4.5643,25640.0,7000.0,7000.0,246913.2,67410.0,2023-08-05
000920.SZ,2001-12-31,15.44,1.6077,1.6077,4.31,39.5772,34.5558,4.6618,7.1761,6.6948,4.3949,5.2739,19000.0,7000.0,7000.0,293360.0,108080.0,2023-08-05
600501.SH,2001-12-31,23.95,1.0095,1.0095,1.64,109.8,109.8,6.9576,8.1937,8.1937,,1.2839,12300.0,4000.0,4000.0,294585.0,95800.0,2023-08-05
600241.SH,2001-12-31,16.37,1.8053,1.8053,3.04,54.8813,60.6087,4.8191,1.6785,1.502,,0.6109,10600.0,3000.0,3000.0,173522.0,49110.0,2023-08-05
600636.SH,2001-12-31,18.48,0.1549,0.1549,0.23,51.3509,51.9874,7.533,4.3899,4.2687,0.0,1.3979,11606.4,4492.8,4492.8,214486.272,83026.944,2023-08-05
000731.SZ,2001-12-31,9.59,0.0789,0.0789,0.64,34.896,32.0502,3.2698,6.3025,5.3961,0.3726,2.9807,22233.2,7777.92,7777.92,213216.388,74590.2528,2023-08-05
600875.SH,2001-12-31,8.13,0.2315,0.2315,0.75,1583.9911,,3.3983,5.6772,5.9323,0.0,,45000.0,6000.0,6000.0,365850.0,48780.0,2023-08-05
000968.SZ,2001-12-31,8.36,0.32,0.32,1.43,61.545,54.5506,2.9663,5.5578,5.162,0.0,3.3718,39519.0,14019.469,14019.469,330378.84,117202.7608,2023-08-05
600195.SH,2001-12-31,9.38,0.2055,0.2055,0.76,40.4671,42.458,4.5113,2.5573,2.6305,0.0,6.9296,39000.0,12000.0,12000.0,365820.0,112560.0,2023-08-05
000797.SZ,2001-12-31,8.09,0.168,0.168,1.3,39.8918,102.2165,2.5243,3.7534,3.7487,6.8282,7.3988,38945.244,13013.0,13013.0,315067.024,105275.17,2023-08-05
000159.SZ,2001-12-31,12.29,0.445,0.445,1.05,82.038,140.7811,3.7025,6.0325,8.1408,,,17179.23,7000.0,7000.0,211132.7367,86030.0,2023-08-05
000720.SZ,2001-12-31,17.04,1.0226,1.0226,3.76,44.5723,37.0785,4.4467,3.7354,3.2519,0.0,1.016,31980.0,18471.96,18471.96,544939.2,314762.1984,2023-08-05
000911.SZ,2001-12-31,10.08,0.1705,0.2216,0.59,44.1268,33.1968,4.2346,2.5876,2.4887,4.5788,10.3785,24080.0,7280.0,5600.0,242726.4,73382.4,2023-08-05
000063.SZ,2001-12-31,23.46,0.2682,0.3218,0.99,36.8362,30.8265,3.654,2.884,2.0007,0.0,1.4125,55608.0,20976.0,17480.0,1304563.68,492096.96,2023-08-05
600658.SH,2001-12-31,14.69,2.1351,2.1351,3.5,443.8377,28.1244,10.2813,14.618,6.9935,0.0,,16702.3116,9506.9976,9506.9976,245356.9574,139657.7947,2023-08-05
600335.SH,2001-12-31,16.09,1.0101,1.0101,0.85,112.3626,112.3626,5.8199,8.2976,8.2976,,2.1753,11662.86,3500.0,3500.0,187655.4174,56315.0,2023-08-05
600770.SH,2001-12-31,12.68,2.5862,2.5862,10.61,37.7865,68.4192,5.7797,9.1243,10.564,0.0,2.1508,27000.0,9900.0,9900.0,342360.0,125532.0,2023-08-05
000926.SZ,2001-12-31,10.74,0.317,0.317,0.91,34.5125,29.116,4.3968,7.3591,7.0959,,1.1639,26669.5,7150.0,7150.0,286430.43,76791.0,2023-08-05
000715.SZ,2001-12-31,10.09,7.8703,7.8703,3.54,3406.5163,100.6795,3.6227,3.6373,2.4851,0.0,,21462.0,5700.0,5700.0,216551.58,57513.0,2023-08-05
000416.SZ,2001-12-31,21.7,0.6197,0.6197,2.18,,,13.2177,14.9671,16.1881,0.0,,11367.9049,6258.7279,6258.7279,246683.5363,135814.3954,2023-08-05
000543.SZ,2001-12-31,7.44,0.12,0.12,0.91,26.0498,21.2084,2.4209,8.3397,8.2175,14.7748,14.7748,77300.8816,14064.3816,14064.3816,575118.5591,104638.9991,2023-08-05
600802.SH,2001-12-31,6.78,0.1517,0.1517,0.76,36.5768,108.1948,2.4697,3.537,3.4434,1.5856,,28281.6991,13429.9391,13429.9391,191749.9199,91054.9871,2023-08-05
000594.SZ,2001-12-31,8.29,1.1404,1.7106,1.21,65.0438,95.5041,6.5146,16.048,16.7676,0.0,1.1594,56111.616,19459.44,12972.96,465165.2966,161318.7576,2023-08-05
600052.SH,2001-12-31,9.72,2.2091,2.8718,2.45,49.0762,54.111,5.5866,2.8735,2.2421,0.0,1.7045,48363.3492,25552.8,19656.0,470091.7542,248373.216,2023-08-05
000908.SZ,2001-12-31,8.27,0.0564,0.0564,0.71,50.0677,57.2119,4.6351,12.2342,11.044,,0.4232,28000.0,9000.0,9000.0,231560.0,74430.0,2023-08-05
000088.SZ,2001-12-31,14.72,0.5881,0.5881,1.12,91.6687,36.7817,5.4805,34.7454,27.2005,4.006,4.1332,58500.0,12500.0,12500.0,861120.0,184000.0,2023-08-05
600725.SH,2001-12-31,12.73,0.2381,0.2381,0.7,66.3128,51.0688,3.9785,9.0917,7.0118,0.0,,11000.0,3750.0,3750.0,140030.0,47737.5,2023-08-05
600840.SH,2001-12-31,9.9,0.1369,0.1369,0.39,66.1042,69.8439,8.4121,11.8384,8.3417,0.0,,13975.1403,6442.0251,6442.0251,138353.889,63776.0485,2023-08-05
600778.SH,2001-12-31,8.4,0.1081,0.1081,0.55,88.1846,106.3363,3.4508,2.6621,2.6073,1.4334,1.7317,31149.1352,17131.2867,17131.2867,261652.7357,143902.8083,2023-08-05
600466.SH,2001-12-31,15.8,0.4173,0.4173,0.89,69.4771,70.8957,3.2096,20.8537,19.4212,,,12740.0,5000.0,5000.0,201292.0,79000.0,2023-08-05
600096.SH,2001-12-31,10.3,0.4883,0.4883,1.88,22.9968,29.8953,3.4357,4.961,4.7762,0.0,7.1492,36818.18,10000.0,10000.0,379227.254,103000.0,2023-08-05
000878.SZ,2001-12-31,5.89,0.1295,0.1295,0.91,30.1125,40.9203,2.5934,1.8539,1.6601,5.7442,6.7607,79868.88,28080.0,28080.0,470427.7032,165391.2,2023-08-05
000909.SZ,2001-12-31,10.27,0.0943,0.0943,0.71,576.8358,88.7652,3.8207,4.5202,5.7059,0.0,3.1808,19600.0,6000.0,6000.0,201292.0,61620.0,2023-08-05
600390.SH,2001-12-31,22.59,0.497,0.497,1.37,72.8701,72.8701,3.5328,10.7609,10.7609,,0.4427,10670.0,4000.0,4000.0,241035.3,90360.0,2023-08-05
600890.SH,2001-12-31,16.38,0.0391,0.0508,0.13,120.0059,90.8626,10.4985,19.4034,23.2285,0.6069,0.854,48485.0997,20509.5495,15776.5765,794185.9331,335946.4208,2023-08-05
600247.SH,2001-12-31,17.91,1.6119,1.6119,4.95,112.6123,112.6123,5.6833,16.4435,16.4435,,0.28,11000.0,3500.0,3500.0,197010.0,62685.0,2023-08-05
001696.SZ,2001-12-31,8.98,1.0578,1.0578,0.6,,,,127.1656,218.6682,,,13686.4,5158.4,5158.4,122903.872,46322.432,2023-08-05
000887.SZ,2001-12-31,8.1,0.1392,0.1392,0.71,57.8956,61.5612,3.1473,2.4881,2.6622,0.0,2.0418,30100.0,9100.0,9100.0,243810.0,73710.0,2023-08-05
600038.SH,2001-12-31,21.39,4.5553,4.5553,4.42,79.0487,119.59,5.038,13.5162,13.7335,,,15000.0,6000.0,6000.0,320850.0,128340.0,2023-08-05
000655.SZ,2001-12-31,12.47,0.106,0.106,0.36,67.1042,53.5943,4.0475,4.8345,4.6477,0.0,4.3149,12590.7813,3510.0,3510.0,157007.0428,43769.7,2023-08-05
600816.SH,2001-12-31,8.95,0.8229,0.8229,1.13,43.6423,42.9295,4.3976,14.5427,13.894,0.0,1.0977,45410.9778,26667.4747,26667.4747,406428.2513,238673.8986,2023-08-05
000710.SZ,2001-12-31,9.72,1.0912,1.0912,1.27,913.4385,,7.5515,18.538,21.7257,0.0,3.7793,15120.0,4410.0,4410.0,146966.4,42865.2,2023-08-05
600668.SH,2001-12-31,6.84,0.2885,0.2885,2.1,52.8829,53.2149,3.9702,2.184,2.1115,0.0,,30045.9139,14483.8048,14483.8048,205514.0511,99069.2248,2023-08-05
600221.SH,2001-12-31,6.45,0.3964,0.3964,1.37,28.8053,24.9238,2.1615,2.051,1.7469,1.4355,0.9302,73025.2801,22140.0,22140.0,471013.0566,142803.0,2023-08-05
000736.SZ,2001-12-31,19.25,0.3368,0.3368,0.44,705.0268,379.0236,5.4175,38.3061,95.6627,0.0,,6600.0,2600.0,2600.0,127050.0,50050.0,2023-08-05
000975.SZ,2001-12-31,14.09,0.6951,1.1881,2.71,111.5899,109.5513,5.866,43.1542,35.9992,0.0,1.0258,29600.0,12000.0,7020.0,417064.0,169080.0,2023-08-05
600276.SH,2001-12-31,16.95,0.3803,0.3803,1.21,55.1986,43.6401,5.0512,7.4331,6.5098,,0.3687,21256.0,6400.0,6400.0,360289.2,108480.0,2023-08-05
600710.SH,2001-12-31,9.51,0.1561,0.1561,0.58,159.5884,115.9111,3.4126,3.8941,3.2027,0.0,,16500.0,7440.0,7440.0,156915.0,70754.4,2023-08-05
600741.SH,2001-12-31,8.09,0.5012,0.5012,1.43,25.8895,24.2277,3.0163,1.9024,1.6907,0.0,5.0754,51865.4,24000.0,24000.0,419591.086,194160.0,2023-08-05
600624.SH,2001-12-31,10.82,0.1307,0.1307,0.94,100.3234,115.9592,6.2308,11.2934,11.4007,0.0,0.7529,26347.7126,16172.1918,16172.1918,285082.2503,174983.1153,2023-08-05
600079.SH,2001-12-31,11.37,0.6742,0.6742,0.82,39.3739,33.8383,4.8309,7.5983,7.5861,1.2552,0.8626,12597.0,6422.0,6422.0,143227.89,73018.14,2023-08-05
000683.SZ,2001-12-31,6.66,0.125,0.125,0.96,153.4513,122.1578,3.4107,6.1758,5.4245,0.0,,46900.0,16900.0,16900.0,312354.0,112554.0,2023-08-05
600275.SH,2001-12-31,17.3,3.735,3.735,1.86,61.8969,71.2615,5.8138,37.6781,42.5352,0.0,1.2118,24458.09,7000.0,7000.0,423124.957,121100.0,2023-08-05
600074.SH,2001-12-31,12.67,0.7564,0.7564,0.78,28.6722,20.0999,3.2059,3.6954,3.5695,0.0,2.1864,14460.0,5220.0,5220.0,183208.2,66137.4,2023-08-05
600270.SH,2001-12-31,23.43,0.7057,0.7057,1.64,39.5987,31.7682,4.7578,6.8311,6.3437,,0.39,30487.6,7700.0,7700.0,714324.468,180411.0,2023-08-05
600674.SH,2001-12-31,9.19,0.9808,0.9808,1.66,28.8199,24.788,6.3617,5.9561,4.7537,0.0,1.273,38620.8464,15474.0608,15474.0608,354925.5784,142206.6188,2023-08-05
600296.SH,2001-12-31,9.6,0.0875,0.107,0.44,28.87,25.6813,2.38,2.2726,2.5373,0.0,1.3968,29500.448,11000.0,9000.0,283204.3008,105600.0,2023-08-05
000673.SZ,2001-12-31,9.65,0.1165,0.1165,0.8,59.8015,54.7787,5.8602,8.1679,7.5164,0.0,3.5233,17340.0,5100.0,5100.0,167331.0,49215.0,2023-08-05
600621.SH,2001-12-31,7.24,0.2428,0.2428,0.85,18.7823,14.8796,3.548,4.363,3.6851,0.0,,52408.2351,20995.5357,20995.5357,379435.6221,152007.6785,2023-08-05
600239.SH,2001-12-31,22.75,0.2556,0.3579,1.27,106.382,78.0211,11.7763,39.7096,29.7463,0.0,0.7277,9852.12,4200.0,3000.0,224135.73,95550.0,2023-08-05
600248.SH,2001-12-31,14.97,1.239,1.239,1.61,61.9075,75.8376,3.8441,11.7448,9.0002,0.0,1.7928,12882.0,4800.0,4800.0,192843.54,71856.0,2023-08-05
000428.SZ,2001-12-31,12.36,0.19,0.19,0.86,58.8623,47.8535,3.1411,11.0804,10.0843,0.0,,17284.0,6084.0,6084.0,213630.24,75198.24,2023-08-05
600212.SH,2001-12-31,13.24,0.1912,0.1912,1.3,33.1533,30.2856,3.3068,3.6281,3.4816,6.0155,3.0077,21902.4,5500.0,5500.0,289987.776,72820.0,2023-08-05
000970.SZ,2001-12-31,19.75,0.0699,0.0699,0.98,113.1853,81.6428,8.3607,8.3163,7.7684,,0.5626,15660.0,6300.0,6300.0,309285.0,124425.0,2023-08-05
000065.SZ,2001-12-31,19.07,0.6378,0.6378,0.8,127.5045,143.534,5.6335,6.0234,3.9778,0.0,,10152.32,2600.0,2600.0,193604.7424,49582.0,2023-08-05
000806.SZ,2001-12-31,16.6,0.2179,0.2179,0.65,40.1031,35.0875,8.4412,12.3741,10.4839,0.2134,2.1718,21158.28,8803.08,8803.08,351227.448,146131.128,2023-08-05
000533.SZ,2001-12-31,5.55,0.1855,0.1855,1.11,137.8325,,2.6523,2.7377,2.5376,1.8018,,57568.0,20370.56,20370.56,319502.4,113056.608,2023-08-05
000750.SZ,2001-12-31,7.09,0.1539,0.3077,0.33,80.9856,,2.4278,6.706,11.0878,,,21505.74,12220.0,6110.0,152475.6966,86639.8,2023-08-05
600671.SH,2001-12-31,10.03,0.1341,0.1341,0.82,491.5307,528.6003,5.418,12.9727,10.6372,0.0,0.3235,12177.8628,6341.5428,6341.5428,122143.9639,63605.6743,2023-08-05
600422.SH,2001-12-31,25.08,1.8391,1.8391,0.86,69.996,69.996,4.6473,4.8153,4.8153,,0.61,9818.0,4000.0,4000.0,246235.44,100320.0,2023-08-05
600873.SH,2001-12-31,10.67,0.3287,0.3287,0.98,235.4762,276.1543,4.5812,22.6564,20.4523,0.0,,10823.6603,5213.6603,5213.6603,115488.4554,55629.7554,2023-08-05
600291.SH,2001-12-31,13.1,0.4448,0.4448,1.59,64.4058,47.0596,3.9535,11.9064,10.1275,0.0,2.0356,16000.0,6000.0,6000.0,209600.0,78600.0,2023-08-05
600182.SH,2001-12-31,6.23,0.2925,0.2925,0.35,666.1111,73.1462,2.7412,2.9709,2.6497,4.5479,,34000.0,12000.0,12000.0,211820.0,74760.0,2023-08-05
600082.SH,2001-12-31,11.25,0.7382,0.7382,0.72,,,4.9727,3.865,3.6105,,,14898.0783,7918.82,7918.82,167603.3809,89086.725,2023-08-05
000805.SZ,2001-12-31,19.81,0.3064,,0.71,167.6404,60.6823,13.0744,27.8851,17.5786,,,5721.825,1441.825,,113349.3533,28562.5533,2023-08-05
600751.SH,2001-12-31,9.59,0.1848,0.2402,0.65,57.4289,210.5704,4.1076,5.5795,5.923,0.0,,49264.882,10368.93,7976.1,472450.2184,99438.0387,2023-08-05
000578.SZ,2001-12-31,10.39,0.5082,0.5082,2.42,54.5251,38.3427,6.6764,2.9486,2.0563,0.7701,1.3861,19815.3422,6879.4525,6879.4525,205881.4055,71477.5115,2023-08-05
600065.SH,2001-12-31,10.1,0.281,0.281,1.17,75.1807,87.2956,2.4598,3.9997,3.4882,0.0,1.3201,19200.0,6000.0,6000.0,193920.0,60600.0,2023-08-05
000809.SZ,2001-12-31,10.82,0.3137,0.3137,0.79,52.7755,,5.3936,3.135,2.5725,0.0,302.53,11457.0,3500.0,3500.0,123964.74,37870.0,2023-08-05
000686.SZ,2001-12-31,18.75,0.1092,0.1092,0.22,113.2784,125.0436,5.4601,9.3698,11.8805,0.0,0.9377,14739.3198,6265.8805,6265.8805,276362.2463,117485.2594,2023-08-05
000932.SZ,2001-12-31,5.84,0.0746,0.0746,0.42,25.0987,20.6373,2.6524,1.4761,1.2946,4.2887,5.3609,156537.5,25000.0,25000.0,914179.0,146000.0,2023-08-05
000959.SZ,2001-12-31,7.14,0.2033,0.2033,0.98,21.7381,21.6698,3.0513,1.3841,1.3778,21.2605,23.1092,231000.0,35000.0,35000.0,1649340.0,249900.0,2023-08-05
000503.SZ,2001-12-31,15.99,0.4547,0.4547,0.49,68.923,53.2797,10.7635,12.9426,14.5632,0.0,0.5412,34228.7194,11865.9173,11865.9173,547317.2232,189736.0176,2023-08-05
600235.SH,2001-12-31,17.13,0.97,0.97,0.73,68.3246,68.9929,5.4486,9.6588,9.8454,0.0,298.06,17700.0,5200.0,5200.0,303201.0,89076.0,2023-08-05
600643.SH,2001-12-31,10.27,0.1508,0.1508,0.55,34.9216,32.9001,2.2936,8.3776,7.7088,1.3225,2.1821,46068.7964,30835.2666,30835.2666,473126.539,316678.188,2023-08-05
600278.SH,2001-12-31,13.22,0.1133,0.2267,0.49,43.0587,41.7776,4.4756,1.5219,1.7814,0.0,4.8411,32000.0,8000.0,4000.0,423040.0,105760.0,2023-08-05
600738.SH,2001-12-31,7.74,2.0879,2.0879,2.56,34.7865,38.0412,5.0039,2.9606,2.8234,0.0,1.1536,23439.712,13125.6,13125.6,181423.3709,101592.144,2023-08-05
600785.SH,2001-12-31,14.09,4.1624,5.4111,4.62,41.6753,39.3646,4.9539,2.8631,2.5079,0.9659,0.9659,10289.2511,6464.2511,4972.5,144975.548,91081.298,2023-08-05
001872.SZ,2001-12-31,12.22,0.2691,0.2691,1.05,56.4689,67.6053,4.2678,10.7877,10.9731,0.9493,1.0556,38151.7,5060.0,5060.0,466213.774,61833.2,2023-08-05
001914.SZ,2001-12-31,11.87,0.1689,0.1689,0.6,100.4924,129.1198,4.0039,1.8863,2.0637,3.073,2.4584,13932.5472,3819.5872,3819.5872,165379.3353,45338.5001,2023-08-05
