security_code,trade_date,open,high,low,close,pre_close,change,pct_chg,vol,amount,data_date
002191.SZ,2011-03-04,10.71,10.77,10.42,10.67,10.78,-0.11,-1.02,77784.35,82182.6123,2023-08-01
002259.SZ,2011-03-04,8.46,8.57,8.4,8.53,8.45,0.08,0.95,52678.3,44679.4052,2023-08-01
002345.SZ,2011-03-04,31.12,31.46,30.53,30.77,31.1,-0.33,-1.06,10797.56,33232.7957,2023-08-01
600297.SH,2011-03-04,10.76,11.03,10.65,10.9,10.82,0.08,0.74,34982.99,37977.603,2023-08-01
600064.SH,2011-03-04,15.59,15.95,15.51,15.86,15.62,0.24,1.54,110916.95,175224.273,2023-08-01
002189.SZ,2011-03-04,15.9,17.5,15.82,17.5,15.91,1.59,9.99,89899.79,156062.6146,2023-08-01
300071.SZ,2011-03-04,29.5,29.8,29.31,29.74,29.51,0.23,0.78,1878.9,5557.6298,2023-08-01
600893.SH,2011-03-04,32.41,34.18,32.14,33.67,32.23,1.44,4.47,77228.6,259146.074,2023-08-01
601288.SH,2011-03-04,2.66,2.69,2.66,2.68,2.67,0.01,0.37,2234217.9,597488.808,2023-08-01
600282.SH,2011-03-04,3.62,3.75,3.62,3.69,3.62,0.07,1.93,132396.56,48879.625,2023-08-01
600260.SH,2011-03-04,6.85,7.12,6.85,7.11,6.93,0.18,2.6,103854.69,72924.08,2023-08-01
600391.SH,2011-03-04,23.75,25.23,23.75,25.17,23.7,1.47,6.2,49914.08,123992.499,2023-08-01
600483.SH,2011-03-04,8.36,8.55,8.2,8.46,8.36,0.1,1.2,90376.96,75974.989,2023-08-01
600631.SH,2011-03-04,15.2,15.26,15.03,15.24,15.1,0.14,0.93,55720.78,84434.545,2023-08-01
600693.SH,2011-03-04,11.24,11.35,11.17,11.31,11.23,0.08,0.71,29594.92,33339.64,2023-08-01
002326.SZ,2011-03-04,53.26,53.99,51.8,52.39,53.2,-0.81,-1.52,10512.96,54825.3253,2023-08-01
000027.SZ,2011-03-04,9.92,10.06,9.91,10.04,9.93,0.11,1.11,67138.5,67130.8104,2023-08-01
600805.SH,2011-03-04,19.35,19.9,19.09,19.73,19.37,0.36,1.86,95228.52,186073.923,2023-08-01
600470.SH,2011-03-04,13.7,13.83,13.59,13.81,13.72,0.09,0.66,41287.29,56591.612,2023-08-01
600148.SH,2011-03-04,14.35,14.97,14.3,14.93,14.27,0.66,4.63,57348.17,84503.432,2023-08-01
002377.SZ,2011-03-04,19.16,19.34,19.05,19.26,19.17,0.09,0.47,5446.63,10441.0761,2023-08-01
601999.SH,2011-03-04,9.94,10.08,9.92,10.07,9.94,0.13,1.31,21883.51,21884.618,2023-08-01
600756.SH,2011-03-04,15.35,15.57,15.23,15.54,15.4,0.14,0.91,25347.09,39120.496,2023-08-01
600636.SH,2011-03-04,16.85,17.39,16.6,16.96,16.99,-0.03,-0.18,198815.09,338113.763,2023-08-01
002268.SZ,2011-03-04,25.21,25.48,24.9,25.4,25.31,0.09,0.36,9497.36,23921.8345,2023-08-01
600608.SH,2011-03-04,6.2,6.35,6.18,6.28,6.16,0.12,1.95,35228.03,22058.72,2023-08-01
600668.SH,2011-03-04,11.45,11.8,11.4,11.71,11.52,0.19,1.65,98351.2,114629.265,2023-08-01
002184.SZ,2011-03-04,14.44,14.53,14.25,14.52,14.55,-0.03,-0.21,22034.53,31732.112,2023-08-01
000009.SZ,2011-03-04,21.35,21.55,20.52,20.92,21.17,-0.25,-1.18,667237.38,1394584.276,2023-08-01
000591.SZ,2011-03-04,12.02,12.44,12.02,12.14,12.01,0.13,1.08,42806.17,52287.7673,2023-08-01
002354.SZ,2011-03-04,19.54,19.79,19.41,19.78,19.54,0.24,1.23,12293.91,24191.9082,2023-08-01
300166.SZ,2011-03-04,55.88,56.88,55.13,56.68,56.32,0.36,0.64,5257.91,29405.7186,2023-08-01
000677.SZ,2011-03-04,5.87,6.02,5.85,5.96,5.88,0.08,1.36,65931.36,39094.0577,2023-08-01
002114.SZ,2011-03-04,15.87,16.06,15.8,16.03,15.83,0.2,1.26,12425.93,19842.2614,2023-08-01
000049.SZ,2011-03-04,26.7,26.93,26.11,26.85,26.93,-0.08,-0.3,29028.85,76796.2273,2023-08-01
002317.SZ,2011-03-04,41.51,41.7,40.81,41.7,41.5,0.2,0.48,4171.54,17199.187,2023-08-01
600674.SH,2011-03-04,15.89,16.1,15.69,16.0,15.92,0.08,0.5,87230.52,138266.08,2023-08-01
002545.SZ,2011-03-04,40.01,40.6,39.83,40.4,40.04,0.36,0.9,13157.99,52868.1236,2023-08-01
000416.SZ,2011-03-04,7.66,7.75,7.62,7.74,7.66,0.08,1.04,45465.74,34983.4757,2023-08-01
600857.SH,2011-03-04,8.91,8.98,8.83,8.96,8.85,0.11,1.24,12001.19,10702.92,2023-08-01
600283.SH,2011-03-04,17.25,17.4,17.01,17.39,17.19,0.2,1.16,67593.8,116469.003,2023-08-01
600830.SH,2011-03-04,11.16,11.42,11.08,11.38,11.2,0.18,1.61,29633.68,33347.786,2023-08-01
600030.SH,2011-03-04,14.5,14.99,14.35,14.9,14.46,0.44,3.04,1467447.5,2155398.705,2023-08-01
000006.SZ,2011-03-04,7.63,7.8,7.5,7.74,7.6,0.14,1.84,249380.74,191408.0555,2023-08-01
002413.SZ,2011-03-04,23.88,23.9,23.2,23.75,24.18,-0.43,-1.78,8257.35,19422.1343,2023-08-01
000155.SZ,2011-03-04,6.73,6.78,6.6,6.77,6.78,-0.01,-0.15,29544.54,19818.5685,2023-08-01
000779.SZ,2011-03-04,11.11,11.9,11.01,11.78,11.11,0.67,6.03,70624.52,81450.2968,2023-08-01
002549.SZ,2011-03-04,44.2,44.28,42.35,43.5,43.75,-0.25,-0.57,33702.17,146261.967,2023-08-01
600743.SH,2011-03-04,7.15,7.35,7.05,7.33,7.13,0.2,2.81,126038.15,90468.823,2023-08-01
600868.SH,2011-03-04,3.32,3.46,3.32,3.39,3.33,0.06,1.8,350165.24,118965.82,2023-08-01
002299.SZ,2011-03-04,17.97,18.08,17.88,18.0,18.01,-0.01,-0.06,86003.72,154779.2727,2023-08-01
002037.SZ,2011-03-04,24.5,25.36,24.5,25.3,24.57,0.73,2.97,15931.26,39683.3191,2023-08-01
002475.SZ,2011-03-04,50.0,50.29,47.91,48.21,50.0,-1.79,-3.58,10668.24,51827.8205,2023-08-01
000566.SZ,2011-03-04,27.98,28.49,26.42,27.5,27.4,0.1,0.37,89914.13,244972.629,2023-08-01
600565.SH,2011-03-04,5.38,5.41,5.31,5.4,5.39,0.01,0.19,80819.72,43308.712,2023-08-01
002059.SZ,2011-03-04,12.3,12.32,11.89,12.29,12.4,-0.11,-0.89,49969.35,60541.2675,2023-08-01
600171.SH,2011-03-04,8.06,8.32,8.0,8.29,8.05,0.24,2.98,128746.49,105538.437,2023-08-01
002238.SZ,2011-03-04,24.44,24.8,24.1,24.28,24.3,-0.02,-0.08,16043.16,38942.9882,2023-08-01
002229.SZ,2011-03-04,16.68,16.99,16.68,16.93,16.69,0.24,1.44,9820.69,16530.1863,2023-08-01
300171.SZ,2011-03-04,91.88,93.8,91.38,92.8,91.9,0.9,0.98,5611.54,51872.9826,2023-08-01
300139.SZ,2011-03-04,63.5,64.85,63.25,64.85,63.7,1.15,1.81,2983.9,19025.4394,2023-08-01
002249.SZ,2011-03-04,31.31,31.4,30.2,31.38,31.31,0.07,0.22,48109.45,146914.7288,2023-08-01
600027.SH,2011-03-04,3.28,3.32,3.26,3.31,3.28,0.03,0.91,204739.67,67612.504,2023-08-01
000690.SZ,2011-03-04,5.61,5.73,5.6,5.71,5.62,0.09,1.6,110516.32,62560.3216,2023-08-01
000949.SZ,2011-03-04,6.83,6.95,6.82,6.93,6.85,0.08,1.17,80821.9,55695.6719,2023-08-01
600354.SH,2011-03-04,32.8,33.98,32.8,33.28,33.02,0.26,0.79,25426.28,84763.432,2023-08-01
600988.SH,2011-03-04,11.22,11.24,11.02,11.21,11.19,0.02,0.18,9654.63,10763.969,2023-08-01
600965.SH,2011-03-04,6.66,6.79,6.66,6.77,6.69,0.08,1.2,32849.88,22101.047,2023-08-01
600004.SH,2011-03-04,8.75,8.89,8.75,8.87,8.75,0.12,1.37,136766.81,120747.734,2023-08-01
600986.SH,2011-03-04,9.71,9.78,9.54,9.71,9.78,-0.07,-0.72,134602.55,129988.083,2023-08-01
000029.SZ,2011-03-04,5.05,5.18,5.02,5.13,5.03,0.1,1.99,59345.09,30292.1136,2023-08-01
002168.SZ,2011-03-04,35.9,36.1,35.3,35.65,35.99,-0.34,-0.94,24220.95,86361.1515,2023-08-01
600804.SH,2011-03-04,7.92,8.06,7.9,8.03,7.9,0.13,1.65,134433.33,107518.69,2023-08-01
002036.SZ,2011-03-04,14.62,14.62,14.23,14.5,14.6,-0.1,-0.68,29634.01,42712.0285,2023-08-01
002478.SZ,2011-03-04,17.53,17.78,17.51,17.7,17.54,0.16,0.91,17807.8,31422.0922,2023-08-01
600009.SH,2011-03-04,14.68,15.09,14.66,15.02,14.65,0.37,2.53,300268.82,449184.5,2023-08-01
000737.SZ,2011-03-04,6.93,6.95,6.8,6.9,6.9,0.0,0.0,143443.61,98558.2559,2023-08-01
300163.SZ,2011-03-04,25.96,26.15,25.55,26.03,25.75,0.28,1.09,5439.1,14041.1536,2023-08-01
600800.SH,2011-03-04,6.61,7.0,6.61,6.9,6.67,0.23,3.45,162947.35,112543.056,2023-08-01
601126.SH,2011-03-04,24.0,24.38,23.81,24.35,24.33,0.02,0.08,19501.27,47020.736,2023-08-01
600033.SH,2011-03-04,3.61,3.64,3.6,3.63,3.61,0.02,0.55,117850.19,42687.699,2023-08-01
600353.SH,2011-03-04,14.72,14.94,14.7,14.89,14.71,0.18,1.22,8279.75,12276.916,2023-08-01
600292.SH,2011-03-04,19.18,19.59,18.9,19.29,19.32,-0.03,-0.16,53787.56,103599.392,2023-08-01
600663.SH,2011-03-04,17.43,18.96,17.43,18.75,17.35,1.4,8.07,160987.86,292951.686,2023-08-01
000555.SZ,2011-03-04,10.53,10.81,10.5,10.7,10.56,0.14,1.33,19817.28,21132.8594,2023-08-01
600215.SH,2011-03-04,9.79,9.93,9.68,9.87,9.79,0.08,0.82,52304.17,51397.658,2023-08-01
002188.SZ,2011-03-04,10.73,10.88,10.65,10.85,10.74,0.11,1.02,13084.89,14084.3767,2023-08-01
000518.SZ,2011-03-04,7.35,7.55,7.32,7.49,7.36,0.13,1.77,269283.05,200566.1335,2023-08-01
002141.SZ,2011-03-04,13.16,13.33,12.9,13.25,13.24,0.01,0.08,18240.37,24040.8165,2023-08-01
002103.SZ,2011-03-04,8.4,8.54,8.4,8.5,8.4,0.1,1.19,10200.55,8642.9301,2023-08-01
600095.SH,2011-03-04,11.98,12.32,11.9,12.29,11.99,0.3,2.5,127922.97,155480.888,2023-08-01
600610.SH,2011-03-04,23.55,23.78,23.42,23.59,23.64,-0.05,-0.21,4331.96,10217.213,2023-08-01
600345.SH,2011-03-04,15.83,16.1,15.82,16.09,15.8,0.29,1.84,14825.56,23700.474,2023-08-01
300074.SZ,2011-03-04,40.15,40.79,39.51,39.85,40.57,-0.72,-1.77,22683.88,90669.846,2023-08-01
600340.SH,2011-03-04,9.98,10.17,9.91,10.03,9.99,0.04,0.4,22050.26,22095.509,2023-08-01
000001.SZ,2011-03-04,16.45,16.75,16.31,16.68,16.4,0.28,1.71,505396.28,833234.9186,2023-08-01
000883.SZ,2011-03-04,9.17,9.26,9.08,9.18,9.18,0.0,0.0,56241.08,51501.5588,2023-08-01
600293.SH,2011-03-04,14.45,14.6,14.16,14.52,14.47,0.05,0.35,16227.45,23196.563,2023-08-01
600185.SH,2011-03-04,8.55,9.21,8.45,9.21,8.37,0.84,10.04,475141.3,425227.321,2023-08-01
600538.SH,2011-03-04,6.33,6.45,6.32,6.4,6.36,0.04,0.63,44720.92,28607.686,2023-08-01
000021.SZ,2011-03-04,11.4,11.5,11.17,11.42,11.32,0.1,0.88,96118.64,108730.7275,2023-08-01
600778.SH,2011-03-04,13.67,13.79,13.42,13.68,13.62,0.06,0.44,41246.1,55909.431,2023-08-01
600360.SH,2011-03-04,10.2,10.46,10.18,10.39,10.22,0.17,1.66,66445.88,68813.96,2023-08-01
600426.SH,2011-03-04,16.42,16.58,15.99,16.52,16.48,0.04,0.24,111989.73,182273.793,2023-08-01
002097.SZ,2011-03-04,16.57,16.86,16.47,16.78,16.59,0.19,1.15,45820.68,76620.4723,2023-08-01
000831.SZ,2011-03-04,7.45,7.9,7.45,7.79,7.56,0.23,3.04,79873.75,62033.3483,2023-08-01
002340.SZ,2011-03-04,55.65,56.6,55.65,56.12,55.65,0.47,0.84,3798.45,21324.2177,2023-08-01
000931.SZ,2011-03-04,8.7,9.15,8.7,8.94,8.65,0.29,3.35,417277.81,373981.6333,2023-08-01
002291.SZ,2011-03-04,17.41,17.41,17.2,17.35,17.33,0.02,0.12,2975.89,5145.4304,2023-08-01
600017.SH,2011-03-04,4.27,4.28,4.21,4.27,4.27,0.0,0.0,122002.45,51822.417,2023-08-01
002250.SZ,2011-03-04,35.52,35.95,34.32,34.7,35.82,-1.12,-3.13,17170.22,59775.4592,2023-08-01
002123.SZ,2011-03-04,40.09,40.49,39.86,39.97,39.9,0.07,0.18,20289.63,81347.2582,2023-08-01
600960.SH,2011-03-04,16.78,17.16,16.62,16.98,16.79,0.19,1.13,72330.39,121952.177,2023-08-01
600767.SH,2011-03-04,5.16,5.26,5.14,5.23,5.18,0.05,0.97,51236.49,26635.585,2023-08-01
002040.SZ,2011-03-04,8.95,9.18,8.88,8.91,8.78,0.13,1.48,70179.62,62972.274,2023-08-01
600191.SH,2011-03-04,7.44,7.54,7.37,7.53,7.41,0.12,1.62,54547.66,40899.456,2023-08-01
601008.SH,2011-03-04,6.43,6.7,6.34,6.69,6.45,0.24,3.72,70144.68,46342.632,2023-08-01
000726.SZ,2011-03-04,10.0,10.47,9.96,10.32,9.91,0.41,4.14,296813.5,306417.5026,2023-08-01
002091.SZ,2011-03-04,28.6,28.98,26.76,28.36,28.69,-0.33,-1.15,113370.71,315266.8871,2023-08-01
600153.SH,2011-03-04,8.19,8.41,8.06,8.38,8.19,0.19,2.32,543645.28,449004.47,2023-08-01
002494.SZ,2011-03-04,25.1,25.5,24.78,25.45,25.2,0.25,0.99,7133.23,17902.5606,2023-08-01
000975.SZ,2011-03-04,7.05,7.17,6.99,7.16,7.05,0.11,1.56,36142.56,25670.6213,2023-08-01
600677.SH,2011-03-04,12.51,13.05,12.42,13.01,12.57,0.44,3.5,119170.82,153207.163,2023-08-01
600114.SH,2011-03-04,12.05,12.68,11.91,12.58,12.06,0.52,4.31,80023.32,99041.623,2023-08-01
600735.SH,2011-03-04,13.76,14.24,13.56,13.67,13.88,-0.21,-1.51,104278.21,144292.34,2023-08-01
600710.SH,2011-03-04,11.57,12.01,11.52,12.0,11.62,0.38,3.27,124242.28,146853.193,2023-08-01
000715.SZ,2011-03-04,13.7,13.72,13.49,13.67,13.65,0.02,0.15,20712.54,28079.6689,2023-08-01
002482.SZ,2011-03-04,70.0,73.9,69.71,70.85,70.44,0.41,0.58,9988.83,70477.9207,2023-08-01
002193.SZ,2011-03-04,14.58,14.76,14.44,14.72,14.54,0.18,1.24,8408.2,12267.9347,2023-08-01
000969.SZ,2011-03-04,21.72,22.25,21.5,22.19,21.7,0.49,2.26,89590.7,195910.9624,2023-08-01
002548.SZ,2011-03-04,26.42,26.77,26.27,26.7,26.23,0.47,1.79,13156.62,35046.9247,2023-08-01
600190.SH,2011-03-04,4.73,4.82,4.72,4.81,4.75,0.06,1.26,69678.22,33292.999,2023-08-01
002062.SZ,2011-03-04,14.88,15.2,14.83,14.99,14.93,0.06,0.4,33133.85,49684.203,2023-08-01
600794.SH,2011-03-04,16.57,16.9,16.51,16.79,16.63,0.16,0.96,14508.28,24272.371,2023-08-01
000572.SZ,2011-03-04,6.25,6.32,6.21,6.32,6.26,0.06,0.96,66209.05,41517.16,2023-08-01
000908.SZ,2011-03-04,9.08,9.27,9.08,9.1,9.09,0.01,0.11,19151.64,17491.2795,2023-08-01
002099.SZ,2011-03-04,23.55,23.88,23.41,23.8,23.55,0.25,1.06,11437.07,27054.3539,2023-08-01
002247.SZ,2011-03-04,22.41,22.75,22.2,22.67,22.51,0.16,0.71,4390.98,9875.9474,2023-08-01
601177.SH,2011-03-04,14.67,15.08,14.65,14.97,14.7,0.27,1.84,24567.78,36543.945,2023-08-01
000586.SZ,2011-03-04,7.28,7.35,7.25,7.31,7.29,0.02,0.27,27891.91,20376.8057,2023-08-01
600641.SH,2011-03-04,7.5,7.66,7.45,7.65,7.5,0.15,2.0,50018.43,37849.881,2023-08-01
002105.SZ,2011-03-04,7.5,7.62,7.36,7.56,7.55,0.01,0.13,45014.15,33799.6469,2023-08-01
600645.SH,2011-03-04,10.9,11.4,10.85,11.18,10.89,0.29,2.66,124270.35,138189.38,2023-08-01
600396.SH,2011-03-04,8.95,9.18,8.95,9.17,8.94,0.23,2.57,39122.98,35606.702,2023-08-01
000900.SZ,2011-03-04,20.16,20.44,20.01,20.4,20.06,0.34,1.69,40289.85,81788.8348,2023-08-01
600268.SH,2011-03-04,26.79,27.35,26.5,26.81,26.55,0.26,0.98,23105.93,62169.782,2023-08-01
600277.SH,2011-03-04,13.87,14.21,13.7,14.19,13.84,0.35,2.53,34160.59,47787.116,2023-08-01
600477.SH,2011-03-04,9.06,9.25,9.0,9.24,9.02,0.22,2.44,108891.72,99555.641,2023-08-01
600995.SH,2011-03-04,13.72,14.02,13.43,13.96,13.76,0.2,1.45,102618.68,141422.945,2023-08-01
002006.SZ,2011-03-04,51.5,52.83,51.31,52.13,51.4,0.73,1.42,36320.32,188919.473,2023-08-01
300114.SZ,2011-03-04,35.26,35.29,34.5,35.1,35.0,0.1,0.29,3280.46,11410.5388,2023-08-01
601799.SH,2011-03-04,23.41,23.74,22.86,23.49,23.57,-0.08,-0.34,24861.39,57832.522,2023-08-01
300062.SZ,2011-03-04,33.1,33.1,32.26,32.63,32.8,-0.17,-0.52,1483.0,4817.9517,2023-08-01
600060.SH,2011-03-04,13.39,13.68,13.38,13.65,13.39,0.26,1.94,87137.78,117778.254,2023-08-01
002058.SZ,2011-03-04,21.75,22.12,21.26,22.01,21.88,0.13,0.59,19287.67,42215.1857,2023-08-01
300078.SZ,2011-03-04,83.0,84.0,82.32,84.0,83.42,0.58,0.7,5390.55,44880.7679,2023-08-01
002113.SZ,2011-03-04,8.18,8.58,8.18,8.44,8.26,0.18,2.18,27589.96,23211.8157,2023-08-01
600775.SH,2011-03-04,8.11,8.32,8.11,8.32,8.18,0.14,1.71,12118.67,9996.594,2023-08-01
002362.SZ,2011-03-04,74.83,76.35,74.5,75.8,74.85,0.95,1.27,4974.75,37520.0123,2023-08-01
600261.SH,2011-03-04,36.0,36.41,35.21,35.8,36.0,-0.2,-0.56,18102.6,64359.023,2023-08-01
600475.SH,2011-03-04,23.6,24.26,23.6,24.2,23.63,0.57,2.41,22487.25,54019.604,2023-08-01
002397.SZ,2011-03-04,38.0,38.71,37.8,38.15,38.08,0.07,0.18,2187.0,8330.2046,2023-08-01
600168.SH,2011-03-04,8.94,9.19,8.91,9.16,8.93,0.23,2.58,112596.86,102446.408,2023-08-01
002126.SZ,2011-03-04,34.6,35.32,34.5,35.32,34.7,0.62,1.79,18200.69,63823.1793,2023-08-01
601616.SH,2011-03-04,18.66,18.85,18.54,18.81,18.8,0.01,0.05,18530.61,34632.118,2023-08-01
002406.SZ,2011-03-04,29.61,30.16,29.58,30.05,29.58,0.47,1.59,6077.32,18200.2747,2023-08-01
002112.SZ,2011-03-04,15.85,16.2,15.64,16.08,15.88,0.2,1.26,26601.15,42259.9291,2023-08-01
000800.SZ,2011-03-04,18.0,18.63,17.91,18.57,17.98,0.59,3.28,157326.28,289210.7908,2023-08-01
000590.SZ,2011-03-04,15.45,15.63,15.19,15.41,15.4,0.01,0.06,38119.24,58626.6846,2023-08-01
002254.SZ,2011-03-04,33.75,34.19,32.7,33.1,33.75,-0.65,-1.93,35935.57,119053.252,2023-08-01
000543.SZ,2011-03-04,7.3,7.59,7.3,7.58,7.32,0.26,3.55,78956.67,59388.7075,2023-08-01
002115.SZ,2011-03-04,18.49,18.71,18.08,18.71,18.49,0.22,1.19,34752.23,63649.4166,2023-08-01
600875.SH,2011-03-04,34.25,34.65,33.8,34.62,34.32,0.3,0.87,96756.7,331336.092,2023-08-01
600136.SH,2011-03-04,13.81,14.39,13.72,14.0,14.01,-0.01,-0.07,57263.03,80275.464,2023-08-01
600604.SH,2011-03-04,6.48,6.79,6.45,6.77,6.48,0.29,4.48,28407.08,19002.667,2023-08-01
000568.SZ,2011-03-04,43.42,43.69,42.55,43.02,43.41,-0.39,-0.9,66458.22,286223.175,2023-08-01
002080.SZ,2011-03-04,38.68,39.25,38.52,39.15,38.68,0.47,1.22,11670.08,45340.4487,2023-08-01
600178.SH,2011-03-04,11.58,11.72,11.4,11.7,11.65,0.05,0.43,64941.3,75080.032,2023-08-01
600871.SH,2011-03-04,11.55,11.62,11.33,11.58,11.57,0.01,0.09,34058.86,39046.686,2023-08-01
002175.SZ,2011-03-04,15.15,15.3,14.9,15.25,15.17,0.08,0.53,14986.19,22648.357,2023-08-01
600097.SH,2011-03-04,14.24,14.58,14.13,14.46,14.31,0.15,1.05,10465.97,15077.676,2023-08-01
600894.SH,2011-03-04,7.0,7.28,7.0,7.24,7.0,0.24,3.43,127320.4,91283.025,2023-08-01
002558.SZ,2011-03-04,38.0,38.31,36.88,37.65,39.71,-2.06,-5.19,38014.63,142969.8783,2023-08-01
002496.SZ,2011-03-04,46.82,47.09,46.48,47.0,46.83,0.17,0.36,8271.12,38637.0045,2023-08-01
600744.SH,2011-03-04,5.08,5.12,5.04,5.1,5.08,0.02,0.39,99315.44,50556.755,2023-08-01
000014.SZ,2011-03-04,9.87,10.13,9.82,10.1,9.92,0.18,1.81,35148.79,35126.9744,2023-08-01
600012.SH,2011-03-04,6.26,6.32,6.21,6.31,6.32,-0.01,-0.16,54882.63,34402.209,2023-08-01
002539.SZ,2011-03-04,30.21,30.48,30.08,30.43,30.18,0.25,0.83,4090.01,12372.0459,2023-08-01
600247.SH,2011-03-04,5.28,5.42,5.28,5.4,5.31,0.09,1.69,55765.6,29830.626,2023-08-01
002505.SZ,2011-03-04,24.43,24.67,24.31,24.64,24.4,0.24,0.98,7213.22,17660.643,2023-08-01
600876.SH,2011-03-04,7.25,7.36,7.23,7.34,7.24,0.1,1.38,11713.93,8576.939,2023-08-01
002385.SZ,2011-03-04,40.25,40.25,39.15,39.8,40.0,-0.2,-0.5,11594.84,45967.8135,2023-08-01
002504.SZ,2011-03-04,24.26,24.73,24.25,24.66,24.26,0.4,1.65,7473.17,18296.5821,2023-08-01
002488.SZ,2011-03-04,24.73,24.8,24.41,24.66,24.62,0.04,0.16,6233.32,15339.3026,2023-08-01
002376.SZ,2011-03-04,39.09,39.09,38.1,38.91,39.09,-0.18,-0.46,4568.78,17589.0218,2023-08-01
300045.SZ,2011-03-04,45.43,46.19,45.2,46.1,45.22,0.88,1.95,5774.22,26454.1145,2023-08-01
600650.SH,2011-03-04,11.68,11.85,11.63,11.84,11.67,0.17,1.46,17889.53,20996.399,2023-08-01
300058.SZ,2011-03-04,31.31,31.5,30.47,30.7,31.49,-0.79,-2.51,9676.99,29832.1141,2023-08-01
600158.SH,2011-03-04,8.21,8.45,8.13,8.33,8.31,0.02,0.24,227568.2,188702.041,2023-08-01
002467.SZ,2011-03-04,31.05,31.4,30.75,31.05,31.1,-0.05,-0.16,4231.91,13141.0782,2023-08-01
002476.SZ,2011-03-04,28.08,28.6,28.08,28.59,28.2,0.39,1.38,3870.73,10971.4774,2023-08-01
600256.SH,2011-03-04,37.5,38.23,37.08,38.11,37.27,0.84,2.25,89451.32,337040.496,2023-08-01
002416.SZ,2011-03-04,40.97,42.35,39.8,42.19,40.88,1.31,3.2,10341.3,43248.3245,2023-08-01
000017.SZ,2011-03-04,5.72,5.96,5.72,5.85,5.68,0.17,2.99,41713.97,24497.9901,2023-08-01
600535.SH,2011-03-04,35.46,35.9,34.7,35.89,35.26,0.63,1.79,38586.52,136161.211,2023-08-01
000560.SZ,2011-03-04,10.62,11.3,10.62,11.2,10.8,0.4,3.7,53225.94,58602.6141,2023-08-01
600173.SH,2011-03-04,6.27,6.48,6.23,6.46,6.27,0.19,3.03,137545.27,87931.245,2023-08-01
002381.SZ,2011-03-04,32.58,32.76,31.85,32.36,32.61,-0.25,-0.77,4247.1,13695.9975,2023-08-01
300134.SZ,2011-03-04,63.01,64.08,63.01,63.6,63.01,0.59,0.94,5478.33,34849.4963,2023-08-01
600688.SH,2011-03-04,8.53,8.65,8.49,8.64,8.5,0.14,1.65,57497.94,49294.769,2023-08-01
600567.SH,2011-03-04,5.78,5.88,5.76,5.87,5.78,0.09,1.56,97788.56,56963.789,2023-08-01
600249.SH,2011-03-04,8.24,8.31,8.17,8.27,8.21,0.06,0.73,66336.34,54708.443,2023-08-01
601000.SH,2011-03-04,7.78,7.88,7.76,7.86,7.76,0.1,1.29,24792.62,19367.118,2023-08-01
002223.SZ,2011-03-04,39.72,40.0,38.45,38.86,39.7,-0.84,-2.12,14828.95,57665.3364,2023-08-01
601216.SH,2011-03-04,29.94,30.45,29.43,29.69,29.23,0.46,1.57,182505.72,543974.715,2023-08-01
000407.SZ,2011-03-04,8.15,8.25,8.1,8.25,8.13,0.12,1.48,49729.86,40705.9944,2023-08-01
000413.SZ,2011-03-04,15.16,15.23,14.78,15.21,15.28,-0.07,-0.46,41186.62,61725.3928,2023-08-01
000906.SZ,2011-03-04,10.22,10.6,10.1,10.41,10.22,0.19,1.86,97676.59,101078.4731,2023-08-01
002286.SZ,2011-03-04,26.0,26.28,25.7,26.08,25.93,0.15,0.58,8723.22,22646.8144,2023-08-01
601398.SH,2011-03-04,4.31,4.38,4.29,4.35,4.3,0.05,1.16,944342.89,408392.695,2023-08-01
000005.SZ,2011-03-04,4.15,4.23,4.15,4.21,4.18,0.03,0.72,89039.55,37320.0221,2023-08-01
600711.SH,2011-03-04,27.8,29.7,27.55,28.26,27.0,1.26,4.67,157088.92,452849.142,2023-08-01
000735.SZ,2011-03-04,7.67,7.72,7.54,7.7,7.69,0.01,0.13,177772.01,135856.1267,2023-08-01
600372.SH,2011-03-04,36.18,37.3,35.62,37.01,36.06,0.95,2.63,39201.92,142623.133,2023-08-01
300122.SZ,2011-03-04,35.03,35.13,34.6,35.13,35.02,0.11,0.31,4385.86,15274.1585,2023-08-01
002436.SZ,2011-03-04,60.97,61.99,59.5,59.96,59.55,0.41,0.69,14676.31,89442.9153,2023-08-01
002434.SZ,2011-03-04,30.18,30.43,29.98,30.3,30.13,0.17,0.56,9457.01,28552.9043,2023-08-01
002435.SZ,2011-03-04,16.18,16.33,16.12,16.29,16.19,0.1,0.62,8661.93,14074.3385,2023-08-01
002350.SZ,2011-03-04,23.56,23.75,23.1,23.62,23.58,0.04,0.17,13122.96,30845.2595,2023-08-01
000838.SZ,2011-03-04,8.8,8.97,8.79,8.86,8.84,0.02,0.23,13959.19,12344.1372,2023-08-01
000916.SZ,2011-03-04,4.27,4.32,4.26,4.31,4.27,0.04,0.94,35124.24,15082.0411,2023-08-01
600536.SH,2011-03-04,21.54,21.75,21.4,21.7,21.54,0.16,0.74,7674.77,16548.912,2023-08-01
000673.SZ,2011-03-04,9.82,10.1,9.75,10.05,9.92,0.13,1.31,19103.31,18946.118,2023-08-01
000502.SZ,2011-03-04,7.86,8.07,7.81,8.0,7.83,0.17,2.17,32855.82,26202.9916,2023-08-01
300135.SZ,2011-03-04,49.4,50.0,48.0,48.79,48.75,0.04,0.08,18392.01,89978.7966,2023-08-01
000671.SZ,2011-03-04,9.5,10.44,9.5,10.44,9.49,0.95,10.01,528342.84,539296.5916,2023-08-01
601166.SH,2011-03-04,27.11,27.5,26.92,27.34,27.14,0.2,0.74,530152.79,1440492.072,2023-08-01
000948.SZ,2011-03-04,15.56,15.76,15.43,15.73,15.54,0.19,1.22,18083.13,28242.9412,2023-08-01
000400.SZ,2011-03-04,33.16,33.82,32.78,33.75,33.5,0.25,0.75,45426.17,151762.6839,2023-08-01
000662.SZ,2011-03-04,7.61,7.86,7.6,7.78,7.64,0.14,1.83,64861.19,50444.5152,2023-08-01
002034.SZ,2011-03-04,13.58,13.75,13.53,13.74,13.59,0.15,1.1,5775.59,7882.025,2023-08-01
000913.SZ,2011-03-04,8.25,8.42,8.2,8.33,8.31,0.02,0.24,46323.78,38566.4953,2023-08-01
600559.SH,2011-03-04,32.89,33.25,32.8,33.21,32.88,0.33,1.0,6932.09,22906.216,2023-08-01
000968.SZ,2011-03-04,24.07,24.94,24.07,24.77,24.06,0.71,2.95,83259.21,205002.2578,2023-08-01
300069.SZ,2011-03-04,26.86,27.34,26.86,27.31,26.91,0.4,1.49,3387.9,9170.7066,2023-08-01
600089.SH,2011-03-04,19.9,20.2,19.78,20.11,19.88,0.23,1.16,231602.78,462958.822,2023-08-01
000925.SZ,2011-03-04,25.01,25.6,25.0,25.5,25.0,0.5,2.0,19176.28,48728.1301,2023-08-01
000788.SZ,2011-03-04,14.85,15.0,14.68,14.96,14.86,0.1,0.67,40522.04,60039.6806,2023-08-01
300096.SZ,2011-03-04,40.0,40.97,39.62,40.54,39.68,0.86,2.17,2705.05,10958.5539,2023-08-01
600121.SH,2011-03-04,11.61,11.96,11.5,11.81,11.64,0.17,1.46,65258.84,76749.696,2023-08-01
000663.SZ,2011-03-04,9.6,9.79,9.6,9.75,9.67,0.08,0.83,26706.08,25912.6293,2023-08-01
600018.SH,2011-03-04,4.35,4.44,4.34,4.42,4.34,0.08,1.84,150252.11,65845.697,2023-08-01
002544.SZ,2011-03-04,31.11,31.41,30.89,31.39,31.11,0.28,0.9,6634.75,20670.9273,2023-08-01
002015.SZ,2011-03-04,10.75,11.16,10.71,11.16,10.89,0.27,2.48,49235.63,54104.1233,2023-08-01
002306.SZ,2011-03-04,23.23,23.34,22.9,23.29,23.23,0.06,0.26,12624.35,29171.3351,2023-08-01
600658.SH,2011-03-04,11.55,11.78,11.5,11.75,11.52,0.23,2.0,64557.18,75312.685,2023-08-01
000503.SZ,2011-03-04,13.56,14.6,13.5,14.19,13.6,0.59,4.34,310061.68,438685.0117,2023-08-01
000036.SZ,2011-03-04,4.12,4.15,4.05,4.12,4.1,0.02,0.49,113432.24,46456.9536,2023-08-01
600979.SH,2011-03-04,12.68,12.98,12.5,12.78,12.93,-0.15,-1.16,98813.14,126058.001,2023-08-01
600295.SH,2011-03-04,19.76,20.16,19.59,20.09,19.76,0.33,1.67,65810.2,130621.224,2023-08-01
000987.SZ,2011-03-04,25.8,25.93,25.3,25.79,25.66,0.13,0.51,23686.88,60743.6235,2023-08-01
600406.SH,2011-03-04,70.6,70.95,68.98,70.62,70.44,0.18,0.26,30219.67,211322.515,2023-08-01
600562.SH,2011-03-04,45.04,45.68,44.0,44.88,45.24,-0.36,-0.8,5842.04,26191.613,2023-08-01
000923.SZ,2011-03-04,10.11,10.19,9.91,10.0,10.13,-0.13,-1.28,36702.17,36793.5169,2023-08-01
600167.SH,2011-03-04,11.1,11.22,10.77,11.02,11.22,-0.2,-1.78,75068.69,82431.18,2023-08-01
002211.SZ,2011-03-04,16.89,17.12,16.81,17.11,16.91,0.2,1.18,12674.11,21468.7614,2023-08-01
600255.SH,2011-03-04,10.3,11.21,10.3,11.21,10.19,1.02,10.01,275867.51,302860.339,2023-08-01
601857.SH,2011-03-04,11.63,11.82,11.57,11.79,11.65,0.14,1.2,796037.35,931699.206,2023-08-01
600096.SH,2011-03-04,26.6,26.99,26.3,26.95,26.74,0.21,0.79,56484.43,150195.177,2023-08-01
600734.SH,2011-03-04,5.51,5.6,5.5,5.57,5.5,0.07,1.27,49209.65,27320.516,2023-08-01
002234.SZ,2011-03-04,21.38,21.47,20.8,21.37,21.38,-0.01,-0.05,16721.51,35446.6454,2023-08-01
600630.SH,2011-03-04,8.33,8.5,8.33,8.44,8.31,0.13,1.56,43115.79,36381.801,2023-08-01
300020.SZ,2011-03-04,23.82,24.09,23.18,24.06,23.79,0.27,1.13,26305.16,61845.9639,2023-08-01
000679.SZ,2011-03-04,14.2,14.63,14.13,14.63,14.1,0.53,3.76,62396.11,90120.3182,2023-08-01
601519.SH,2011-03-04,24.58,24.73,23.99,24.56,24.53,0.03,0.12,58146.56,141345.821,2023-08-01
600199.SH,2011-03-04,17.52,17.7,17.3,17.58,17.52,0.06,0.34,61196.96,106985.016,2023-08-01
002314.SZ,2011-03-04,16.76,16.99,16.76,16.98,16.82,0.16,0.95,9221.57,15560.5198,2023-08-01
002265.SZ,2011-03-04,12.4,12.78,12.4,12.76,12.42,0.34,2.74,32309.62,40947.1414,2023-08-01
002517.SZ,2011-03-04,25.42,25.75,24.9,25.62,25.4,0.22,0.87,13459.23,34157.2309,2023-08-01
002241.SZ,2011-03-04,50.35,50.99,49.0,49.8,50.43,-0.63,-1.25,9511.33,47277.3259,2023-08-01
002371.SZ,2011-03-04,89.11,91.7,88.88,91.35,89.02,2.33,2.62,2260.55,20334.41,2023-08-01
000669.SZ,2011-03-04,32.5,32.99,32.3,32.9,32.87,0.03,0.09,4459.25,14564.5143,2023-08-01
000686.SZ,2011-03-04,22.86,23.38,22.75,23.28,22.9,0.38,1.66,43773.73,100767.4076,2023-08-01
000802.SZ,2011-03-04,13.77,13.89,13.7,13.85,13.76,0.09,0.65,11642.16,16074.9862,2023-08-01
600145.SH,2011-03-04,9.6,9.74,9.56,9.69,9.65,0.04,0.41,59221.11,57224.888,2023-08-01
600218.SH,2011-03-04,17.36,18.2,17.2,18.0,17.3,0.7,4.05,51475.96,91067.149,2023-08-01
600400.SH,2011-03-04,8.56,9.39,8.5,9.33,8.66,0.67,7.74,302487.81,274640.181,2023-08-01
600642.SH,2011-03-04,7.82,7.9,7.78,7.9,7.81,0.09,1.15,157257.7,123539.593,2023-08-01
600848.SH,2011-03-04,13.08,13.33,12.93,13.32,12.96,0.36,2.78,34534.17,45478.628,2023-08-01
002110.SZ,2011-03-04,10.26,10.55,10.26,10.49,10.26,0.23,2.24,55039.91,57446.577,2023-08-01
002203.SZ,2011-03-04,15.2,15.57,15.2,15.48,15.2,0.28,1.84,24422.18,37632.0347,2023-08-01
002301.SZ,2011-03-04,15.89,16.09,15.71,15.96,15.89,0.07,0.44,6123.88,9756.7181,2023-08-01
002499.SZ,2011-03-04,37.9,38.3,37.6,38.12,37.9,0.22,0.58,3982.17,15104.5053,2023-08-01
002332.SZ,2011-03-04,18.14,18.3,17.86,18.1,18.15,-0.05,-0.28,22169.14,40116.2856,2023-08-01
002304.SZ,2011-03-04,224.0,228.9,223.99,227.11,226.89,0.22,0.1,4349.25,98374.4143,2023-08-01
600575.SH,2011-03-04,19.51,19.67,19.29,19.55,19.55,0.0,0.0,20704.56,40270.172,2023-08-01
600273.SH,2011-03-04,13.8,14.16,13.67,14.12,13.88,0.24,1.73,53283.5,74334.905,2023-08-01
000011.SZ,2011-03-04,7.45,7.65,7.43,7.6,7.45,0.15,2.01,49934.87,37774.573,2023-08-01
600638.SH,2011-03-04,9.6,9.89,9.51,9.82,9.69,0.13,1.34,96403.55,93401.514,2023-08-01
000039.SZ,2011-03-04,26.42,26.85,26.31,26.75,26.51,0.24,0.91,99155.78,263548.0677,2023-08-01
600682.SH,2011-03-04,10.44,10.64,10.38,10.59,10.44,0.15,1.44,43480.69,45883.178,2023-08-01
002391.SZ,2011-03-04,32.73,32.97,32.51,32.84,32.95,-0.11,-0.33,6102.4,19960.3714,2023-08-01
000025.SZ,2011-03-04,10.01,10.26,10.01,10.11,9.82,0.29,2.95,46338.88,46959.2817,2023-08-01
601377.SH,2011-03-04,16.61,17.36,16.38,17.34,16.59,0.75,4.52,257180.73,436285.843,2023-08-01
600137.SH,2011-03-04,17.75,17.79,17.39,17.64,17.63,0.01,0.06,21941.97,38588.788,2023-08-01
002426.SZ,2011-03-04,14.16,14.36,14.16,14.32,14.19,0.13,0.92,5688.59,8113.2883,2023-08-01
002161.SZ,2011-03-04,31.05,31.35,30.33,31.21,31.05,0.16,0.52,36829.79,113291.2361,2023-08-01
002266.SZ,2011-03-04,46.01,46.2,44.63,45.15,46.5,-1.35,-2.9,10116.18,45727.2487,2023-08-01
300123.SZ,2011-03-04,35.95,36.3,35.5,36.27,35.91,0.36,1.0,3145.92,11294.5893,2023-08-01
600059.SH,2011-03-04,12.39,12.54,12.28,12.48,12.4,0.08,0.65,47245.81,58594.991,2023-08-01
002542.SZ,2011-03-04,39.3,40.6,39.25,39.87,39.59,0.28,0.71,8540.11,34118.1645,2023-08-01
002468.SZ,2011-03-04,22.96,23.5,22.91,23.36,23.0,0.36,1.57,8095.63,18743.9557,2023-08-01
002063.SZ,2011-03-04,25.9,26.16,25.01,25.85,26.18,-0.33,-1.26,20849.78,53493.2003,2023-08-01
002307.SZ,2011-03-04,21.07,21.31,20.84,21.28,21.08,0.2,0.95,25895.31,54555.3733,2023-08-01
300043.SZ,2011-03-04,36.0,36.27,35.3,35.99,36.06,-0.07,-0.19,8054.87,28750.8864,2023-08-01
600517.SH,2011-03-04,15.48,15.69,15.24,15.65,15.34,0.31,2.02,60272.65,93199.236,2023-08-01
000993.SZ,2011-03-04,12.15,12.24,11.97,12.2,12.14,0.06,0.49,35798.53,43360.8679,2023-08-01
300055.SZ,2011-03-04,111.2,113.97,109.55,113.0,113.86,-0.86,-0.76,1854.23,20636.4977,2023-08-01
600198.SH,2011-03-04,17.6,17.78,17.36,17.77,17.61,0.16,0.91,45299.89,79790.193,2023-08-01
600087.SH,2011-03-04,6.19,6.2,6.0,6.14,6.37,-0.23,-3.61,592276.57,360918.675,2023-08-01
002481.SZ,2011-03-04,29.49,29.5,28.9,29.15,28.8,0.35,1.22,13748.92,40182.7164,2023-08-01
601919.SH,2011-03-04,10.35,10.66,10.3,10.64,10.3,0.34,3.3,323583.56,340014.071,2023-08-01
600860.SH,2011-03-04,7.67,7.96,7.67,7.88,7.63,0.25,3.28,39369.1,30926.932,2023-08-01
002554.SZ,2011-03-04,31.51,31.96,30.7,31.88,31.62,0.26,0.82,46422.51,145438.1194,2023-08-01
600626.SH,2011-03-04,7.3,7.42,7.26,7.42,7.28,0.14,1.92,49740.25,36597.271,2023-08-01
600352.SH,2011-03-04,11.85,12.16,11.84,12.14,11.87,0.27,2.27,114757.93,138008.745,2023-08-01
002370.SZ,2011-03-04,20.0,20.23,19.9,20.16,20.0,0.16,0.8,5027.63,10086.686,2023-08-01
600495.SH,2011-03-04,19.81,20.15,19.68,20.11,19.81,0.3,1.51,94205.19,188287.484,2023-08-01
600376.SH,2011-03-04,15.49,15.95,15.41,15.85,15.49,0.36,2.32,212708.37,334067.516,2023-08-01
000062.SZ,2011-03-04,9.43,9.6,9.39,9.55,9.44,0.11,1.17,22752.1,21643.023,2023-08-01
300031.SZ,2011-03-04,18.81,18.97,18.6,18.94,18.81,0.13,0.69,5104.07,9580.0414,2023-08-01
600523.SH,2011-03-04,24.48,25.12,24.48,24.96,24.56,0.4,1.63,18715.47,46593.541,2023-08-01
001696.SZ,2011-03-04,10.28,10.43,10.25,10.33,10.27,0.06,0.58,86981.41,89732.0031,2023-08-01
002096.SZ,2011-03-04,35.24,36.66,34.91,36.55,35.11,1.44,4.1,11578.12,42009.479,2023-08-01
600797.SH,2011-03-04,7.01,7.1,6.92,7.07,7.02,0.05,0.71,144178.41,101328.712,2023-08-01
002157.SZ,2011-03-04,14.69,14.89,14.67,14.85,14.69,0.16,1.09,15395.42,22773.6555,2023-08-01
002054.SZ,2011-03-04,12.84,13.36,12.7,13.31,12.84,0.47,3.66,49108.9,64844.4956,2023-08-01
000617.SZ,2011-03-04,23.02,23.3,22.5,22.9,23.18,-0.28,-1.21,37795.77,86357.4437,2023-08-01
600319.SH,2011-03-04,7.22,7.39,7.21,7.35,7.22,0.13,1.8,30685.18,22488.4,2023-08-01
002324.SZ,2011-03-04,38.88,39.5,38.66,39.2,38.88,0.32,0.82,13566.24,52989.2162,2023-08-01
002153.SZ,2011-03-04,47.65,47.7,46.92,47.7,47.68,0.02,0.04,2408.37,11354.0797,2023-08-01
002489.SZ,2011-03-04,33.64,34.18,33.64,34.1,33.86,0.24,0.71,5475.71,18571.4983,2023-08-01
002014.SZ,2011-03-04,22.46,23.03,22.44,22.98,22.43,0.55,2.45,59667.29,136307.8957,2023-08-01
600200.SH,2011-03-04,9.21,9.38,8.85,9.03,9.36,-0.33,-3.53,953050.51,860938.737,2023-08-01
300170.SZ,2011-03-04,27.49,28.99,27.3,28.5,27.35,1.15,4.2,38476.15,109665.6068,2023-08-01
000529.SZ,2011-03-04,6.7,6.82,6.68,6.79,6.71,0.08,1.19,25322.66,17108.5041,2023-08-01
600861.SH,2011-03-04,10.68,10.76,10.41,10.63,10.9,-0.27,-2.48,116490.11,122950.395,2023-08-01
600592.SH,2011-03-04,13.85,14.13,13.52,14.05,13.92,0.13,0.93,72127.41,99485.352,2023-08-01
601107.SH,2011-03-04,6.91,6.99,6.82,6.95,7.01,-0.06,-0.86,195177.84,134603.782,2023-08-01
000629.SZ,2011-03-04,13.85,14.0,13.5,13.92,13.94,-0.02,-0.14,536438.83,736609.793,2023-08-01
600864.SH,2011-03-04,8.41,8.44,8.32,8.43,8.41,0.02,0.24,42708.81,35791.281,2023-08-01
600781.SH,2011-03-04,12.87,13.09,12.87,13.0,12.94,0.06,0.46,8957.87,11639.792,2023-08-01
600058.SH,2011-03-04,32.28,34.54,32.28,34.54,31.4,3.14,10.0,804585.17,2696287.522,2023-08-01
300080.SZ,2011-03-04,54.0,54.5,52.5,54.01,53.9,0.11,0.2,12498.84,66479.4386,2023-08-01
002065.SZ,2011-03-04,25.0,25.25,24.5,25.14,25.15,-0.01,-0.04,16426.0,40917.359,2023-08-01
000627.SZ,2011-03-04,5.2,5.22,5.05,5.19,5.21,-0.02,-0.38,256717.78,131422.0116,2023-08-01
000612.SZ,2011-03-04,20.35,20.6,20.2,20.6,20.26,0.34,1.68,54279.5,110668.5855,2023-08-01
002201.SZ,2011-03-04,12.51,13.12,12.51,13.0,12.53,0.47,3.75,22621.82,29131.525,2023-08-01
300127.SZ,2011-03-04,23.81,23.98,23.15,23.78,23.72,0.06,0.25,11696.04,27488.9445,2023-08-01
600303.SH,2011-03-04,20.33,20.63,20.0,20.6,20.29,0.31,1.53,86393.27,175514.96,2023-08-01
600031.SH,2011-03-04,25.91,27.4,25.9,26.38,25.91,0.47,1.81,917741.99,2446128.379,2023-08-01
000797.SZ,2011-03-04,6.23,6.45,6.21,6.37,6.21,0.16,2.58,30182.76,19075.6447,2023-08-01
000862.SZ,2011-03-04,14.91,15.26,14.81,15.25,14.9,0.35,2.35,28708.45,43115.9124,2023-08-01
600678.SH,2011-03-04,6.7,6.72,6.33,6.51,6.57,-0.06,-0.91,81025.97,52497.646,2023-08-01
002537.SZ,2011-03-04,35.78,36.0,35.01,35.88,35.72,0.16,0.45,4180.85,14850.8066,2023-08-01
000527.SZ,2011-03-04,19.9,20.46,19.65,20.41,19.9,0.51,2.56,233279.09,467602.6729,2023-08-01
600551.SH,2011-03-04,15.65,15.88,15.65,15.87,15.64,0.23,1.47,8502.28,13429.737,2023-08-01
002348.SZ,2011-03-04,20.08,20.4,20.0,20.37,20.3,0.07,0.34,6398.55,12981.4336,2023-08-01
600236.SH,2011-03-04,5.41,5.54,5.4,5.46,5.4,0.06,1.11,260942.66,142897.914,2023-08-01
002295.SZ,2011-03-04,17.98,17.99,17.51,17.99,17.75,0.24,1.35,11052.63,19631.0395,2023-08-01
600597.SH,2011-03-04,10.08,10.4,10.08,10.4,10.06,0.34,3.38,127105.95,131028.156,2023-08-01
600421.SH,2011-03-04,6.11,6.2,6.1,6.18,6.11,0.07,1.15,17888.32,10994.477,2023-08-01
600379.SH,2011-03-04,14.05,14.19,13.86,14.18,14.15,0.03,0.21,33729.19,47382.12,2023-08-01
601628.SH,2011-03-04,21.74,22.05,21.65,22.02,21.72,0.3,1.38,234471.34,511915.923,2023-08-01
601111.SH,2011-03-04,11.5,11.79,11.46,11.78,11.47,0.31,2.7,438027.12,510398.111,2023-08-01
600506.SH,2011-03-04,11.45,11.62,11.38,11.58,11.5,0.08,0.7,13679.75,15726.784,2023-08-01
002412.SZ,2011-03-04,48.72,49.39,48.3,48.89,48.71,0.18,0.37,2055.38,10028.142,2023-08-01
600000.SH,2011-03-04,13.39,13.59,13.33,13.56,13.45,0.11,0.82,1207979.71,1626377.341,2023-08-01
002271.SZ,2011-03-04,37.13,37.31,36.28,36.88,37.13,-0.25,-0.67,31429.99,115066.6468,2023-08-01
000717.SZ,2011-03-04,3.72,3.86,3.72,3.8,3.71,0.09,2.43,218118.67,82737.7108,2023-08-01
600383.SH,2011-03-04,6.52,6.68,6.47,6.65,6.49,0.16,2.47,1129904.08,743893.48,2023-08-01
600666.SH,2011-03-04,11.36,11.43,11.24,11.41,11.37,0.04,0.35,22514.49,25505.15,2023-08-01
300002.SZ,2011-03-04,48.0,48.5,47.51,48.36,48.02,0.34,0.71,15749.96,75451.6793,2023-08-01
600490.SH,2011-03-04,15.79,15.89,15.71,15.75,15.71,0.04,0.25,5990.53,9438.745,2023-08-01
000089.SZ,2011-03-04,5.91,6.0,5.91,6.0,5.93,0.07,1.18,80810.13,48253.3425,2023-08-01
000004.SZ,2011-03-04,13.85,14.05,13.65,13.95,13.89,0.06,0.43,11532.65,16076.3095,2023-08-01
300118.SZ,2011-03-04,70.25,71.28,69.53,70.98,69.8,1.18,1.69,15270.89,107698.0365,2023-08-01
600460.SH,2011-03-04,21.3,22.06,21.21,22.04,21.02,1.02,4.85,60662.96,131654.291,2023-08-01
002396.SZ,2011-03-04,40.36,40.7,38.95,39.98,40.38,-0.4,-0.99,14876.11,58810.4327,2023-08-01
300103.SZ,2011-03-04,38.5,39.31,38.5,39.27,38.64,0.63,1.63,1202.83,4670.4982,2023-08-01
300143.SZ,2011-03-04,66.4,67.79,66.2,67.4,67.78,-0.38,-0.56,7465.71,50164.0663,2023-08-01
600127.SH,2011-03-04,8.72,8.99,8.69,8.91,8.71,0.2,2.3,227246.31,201028.481,2023-08-01
002538.SZ,2011-03-04,24.95,25.26,24.91,25.24,24.97,0.27,1.08,5692.4,14265.1687,2023-08-01
600088.SH,2011-03-04,15.01,15.2,14.9,15.19,15.09,0.1,0.66,21235.03,31999.961,2023-08-01
002533.SZ,2011-03-04,31.35,31.65,31.18,31.62,31.2,0.42,1.35,4250.78,13340.3697,2023-08-01
600222.SH,2011-03-04,7.14,7.23,7.09,7.2,7.17,0.03,0.42,60232.11,43153.08,2023-08-01
000751.SZ,2011-03-04,8.61,8.8,8.61,8.78,8.64,0.14,1.62,90373.24,78811.5471,2023-08-01
300067.SZ,2011-03-04,18.25,18.47,18.15,18.43,18.25,0.18,0.99,6532.09,11955.4774,2023-08-01
600823.SH,2011-03-04,13.11,13.88,13.08,13.85,13.1,0.75,5.73,108832.22,147431.765,2023-08-01
000859.SZ,2011-03-04,8.52,8.88,8.48,8.8,8.51,0.29,3.41,81308.69,70508.7665,2023-08-01
300129.SZ,2011-03-04,38.18,39.17,38.11,39.08,38.37,0.71,1.85,9031.18,34884.6383,2023-08-01
000760.SZ,2011-03-04,8.43,8.68,8.43,8.66,8.55,0.11,1.29,21868.13,18826.9092,2023-08-01
300086.SZ,2011-03-04,59.37,61.8,59.35,61.61,59.37,2.24,3.77,26468.49,160499.6995,2023-08-01
600686.SH,2011-03-04,11.0,11.88,10.85,11.68,11.09,0.59,5.32,222103.41,254159.735,2023-08-01
600703.SH,2011-03-04,47.5,47.5,46.5,47.19,46.9,0.29,0.62,32878.19,154343.889,2023-08-01
000501.SZ,2011-03-04,18.8,18.96,18.38,18.66,18.88,-0.22,-1.17,31310.59,58352.7871,2023-08-01
002242.SZ,2011-03-04,16.52,16.78,16.4,16.71,16.67,0.04,0.24,20723.15,34410.951,2023-08-01
601808.SH,2011-03-04,25.28,25.9,24.48,25.55,25.33,0.22,0.87,164156.51,409964.663,2023-08-01
000756.SZ,2011-03-04,7.89,8.05,7.8,8.03,7.88,0.15,1.9,58429.02,46170.346,2023-08-01
600835.SH,2011-03-04,14.08,14.46,14.08,14.36,14.21,0.15,1.06,56340.99,80522.162,2023-08-01
300023.SZ,2011-03-04,16.46,16.46,16.11,16.42,16.44,-0.02,-0.12,4707.14,7667.9153,2023-08-01
002243.SZ,2011-03-04,16.39,17.98,16.34,17.39,16.38,1.01,6.17,71010.64,122060.545,2023-08-01
000401.SZ,2011-03-04,26.45,27.05,25.88,26.69,26.57,0.12,0.45,180628.93,481955.4334,2023-08-01
600371.SH,2011-03-04,14.47,14.8,14.46,14.67,14.46,0.21,1.45,34567.86,50546.121,2023-08-01
300149.SZ,2011-03-04,30.1,30.39,29.8,30.35,30.2,0.15,0.5,4234.56,12737.1616,2023-08-01
002515.SZ,2011-03-04,42.08,42.39,41.35,41.8,42.18,-0.38,-0.9,12383.47,51615.9339,2023-08-01
600884.SH,2011-03-04,23.8,23.82,23.25,23.68,23.82,-0.14,-0.59,73072.46,171451.319,2023-08-01
002440.SZ,2011-03-04,32.28,32.65,32.19,32.59,32.19,0.4,1.24,10568.9,34298.9814,2023-08-01
600618.SH,2011-03-04,8.22,8.53,8.22,8.4,8.19,0.21,2.56,54460.38,45748.932,2023-08-01
600207.SH,2011-03-04,8.2,8.58,8.15,8.47,8.18,0.29,3.55,131413.23,110730.092,2023-08-01
300180.SZ,2011-03-04,19.79,19.9,19.55,19.87,19.76,0.11,0.56,17615.66,34836.1716,2023-08-01
002043.SZ,2011-03-04,10.6,10.84,10.58,10.78,10.63,0.15,1.41,27766.04,29763.5578,2023-08-01
600073.SH,2011-03-04,11.95,12.06,11.75,12.01,12.0,0.01,0.08,56169.04,67079.77,2023-08-01
600037.SH,2011-03-04,12.84,13.22,12.73,13.1,12.79,0.31,2.42,202217.54,263822.383,2023-08-01
002508.SZ,2011-03-04,34.65,35.4,34.6,35.36,34.59,0.77,2.23,15424.4,54060.2547,2023-08-01
002453.SZ,2011-03-04,37.0,37.45,36.61,37.25,37.05,0.2,0.54,2121.25,7848.4493,2023-08-01
600284.SH,2011-03-04,20.55,21.2,20.2,21.03,20.52,0.51,2.49,46067.77,95706.17,2023-08-01
002512.SZ,2011-03-04,29.55,29.85,29.16,29.45,29.51,-0.06,-0.2,11144.11,32781.2163,2023-08-01
600976.SH,2011-03-04,21.58,21.9,21.3,21.73,21.3,0.43,2.02,11029.63,23741.526,2023-08-01
000550.SZ,2011-03-04,31.65,32.1,31.05,32.0,31.97,0.03,0.09,72246.62,227497.0951,2023-08-01
300079.SZ,2011-03-04,59.21,60.49,59.15,60.38,59.14,1.24,2.1,4380.59,26142.4003,2023-08-01
600628.SH,2011-03-04,12.21,12.45,12.15,12.35,12.22,0.13,1.06,26703.77,32830.84,2023-08-01
002092.SZ,2011-03-04,14.72,14.99,14.51,14.85,14.75,0.1,0.68,75914.93,112089.6967,2023-08-01
002158.SZ,2011-03-04,30.25,30.72,29.8,30.69,30.22,0.47,1.56,8222.61,24969.2316,2023-08-01
002024.SZ,2011-03-04,13.75,14.15,13.75,14.03,13.75,0.28,2.04,560351.67,784668.2388,2023-08-01
000727.SZ,2011-03-04,11.29,11.6,11.21,11.46,11.35,0.11,0.97,115042.44,131745.1106,2023-08-01
600189.SH,2011-03-04,10.77,10.92,10.62,10.88,10.81,0.07,0.65,56320.37,60604.485,2023-08-01
600163.SH,2011-03-04,5.95,6.17,5.93,6.06,5.98,0.08,1.34,136806.85,82905.765,2023-08-01
600386.SH,2011-03-04,9.65,9.75,9.6,9.72,9.67,0.05,0.52,33877.04,32847.949,2023-08-01
002543.SZ,2011-03-04,28.15,28.36,28.1,28.3,28.12,0.18,0.64,5247.73,14816.5628,2023-08-01
002070.SZ,2011-03-04,9.16,9.16,8.98,9.05,9.03,0.02,0.22,25107.49,22761.8512,2023-08-01
000421.SZ,2011-03-04,6.32,6.52,6.32,6.45,6.36,0.09,1.42,41720.42,26945.0844,2023-08-01
600580.SH,2011-03-04,17.79,18.09,17.18,17.92,17.82,0.1,0.56,80917.2,142322.089,2023-08-01
002052.SZ,2011-03-04,11.99,12.42,11.9,12.39,11.94,0.45,3.77,89008.9,108201.12,2023-08-01
300012.SZ,2011-03-04,28.66,29.33,28.48,28.99,28.8,0.19,0.66,25280.93,72880.0294,2023-08-01
600731.SH,2011-03-04,8.18,8.27,8.06,8.23,8.18,0.05,0.61,76118.0,62199.432,2023-08-01
600131.SH,2011-03-04,9.0,9.07,8.81,9.05,8.96,0.09,1.0,43693.73,39186.391,2023-08-01
600982.SH,2011-03-04,12.8,13.08,12.8,13.05,12.88,0.17,1.32,14742.16,19073.184,2023-08-01
000018.SZ,2011-03-04,8.41,8.47,8.33,8.43,8.39,0.04,0.48,11259.92,9460.4266,2023-08-01
300175.SZ,2011-03-04,20.31,20.61,20.18,20.61,20.3,0.31,1.53,9675.44,19741.2923,2023-08-01
000420.SZ,2011-03-04,8.81,8.94,8.59,8.88,8.81,0.07,0.79,109888.81,96235.3333,2023-08-01
300169.SZ,2011-03-04,39.0,40.48,39.0,39.6,39.0,0.6,1.54,11803.56,46953.7351,2023-08-01
600449.SH,2011-03-04,38.7,41.0,38.4,40.79,38.74,2.05,5.29,130214.24,521650.747,2023-08-01
002222.SZ,2011-03-04,17.9,18.22,17.88,17.98,17.88,0.1,0.56,18601.33,33485.5516,2023-08-01
000539.SZ,2011-03-04,6.3,6.38,6.22,6.32,6.32,0.0,0.0,77094.79,48592.0783,2023-08-01
002225.SZ,2011-03-04,10.13,10.28,10.1,10.28,10.15,0.13,1.28,19078.8,19496.3877,2023-08-01
600545.SH,2011-03-04,10.74,10.99,10.65,10.93,10.78,0.15,1.39,97659.46,106047.52,2023-08-01
600298.SH,2011-03-04,35.64,36.0,35.64,35.78,35.75,0.03,0.08,22210.27,79589.804,2023-08-01
002540.SZ,2011-03-04,33.92,34.28,33.86,34.2,33.91,0.29,0.86,2739.35,9338.8831,2023-08-01
000060.SZ,2011-03-04,20.15,20.45,20.03,20.41,20.05,0.36,1.8,183008.79,370414.8401,2023-08-01
601118.SH,2011-03-04,14.24,14.38,13.92,14.2,14.39,-0.19,-1.32,425387.92,599285.784,2023-08-01
000702.SZ,2011-03-04,6.26,6.41,6.21,6.38,6.24,0.14,2.24,52647.18,33361.4539,2023-08-01
600130.SH,2011-03-04,4.94,5.09,4.94,5.06,4.95,0.11,2.22,112759.88,56854.027,2023-08-01
000967.SZ,2011-03-04,8.92,9.07,8.85,9.05,8.93,0.12,1.34,21863.24,19575.7773,2023-08-01
002180.SZ,2011-03-04,27.8,30.58,27.41,30.58,27.8,2.78,10.0,26406.81,78007.1803,2023-08-01
002420.SZ,2011-03-04,12.53,12.73,12.5,12.71,12.51,0.2,1.6,8001.6,10113.0268,2023-08-01
600122.SH,2011-03-04,14.69,16.1,14.64,16.1,14.64,1.46,9.97,200798.41,312756.181,2023-08-01
002438.SZ,2011-03-04,35.32,35.71,35.3,35.45,35.4,0.05,0.14,5058.35,17941.8636,2023-08-01
601766.SH,2011-03-04,7.66,7.83,7.62,7.83,7.69,0.14,1.82,688321.06,534015.489,2023-08-01
002430.SZ,2011-03-04,32.61,34.3,32.52,34.14,32.63,1.51,4.63,20422.08,69155.8974,2023-08-01
600755.SH,2011-03-04,8.15,8.22,8.08,8.2,8.16,0.04,0.49,84285.82,68647.613,2023-08-01
000901.SZ,2011-03-04,16.55,16.99,16.48,16.99,16.47,0.52,3.16,38567.1,64832.948,2023-08-01
600482.SH,2011-03-04,15.85,15.97,15.6,15.95,15.85,0.1,0.63,62480.86,98813.951,2023-08-01
600985.SH,2011-03-04,17.23,17.56,16.91,17.55,17.27,0.28,1.62,22918.32,39772.514,2023-08-01
002258.SZ,2011-03-04,17.57,17.72,17.48,17.68,17.62,0.06,0.34,7430.95,13074.1011,2023-08-01
002057.SZ,2011-03-04,25.61,26.16,25.59,25.8,25.7,0.1,0.39,16780.21,43352.6389,2023-08-01
600746.SH,2011-03-04,8.94,8.97,8.74,8.88,8.9,-0.02,-0.22,43508.47,38516.663,2023-08-01
002446.SZ,2011-03-04,26.68,27.0,26.27,26.9,26.7,0.2,0.75,3252.27,8685.906,2023-08-01
002500.SZ,2011-03-04,10.71,10.89,10.63,10.84,10.72,0.12,1.12,187414.83,201459.7605,2023-08-01
000858.SZ,2011-03-04,31.98,32.25,31.37,32.2,31.97,0.23,0.72,284051.27,903979.4953,2023-08-01
000099.SZ,2011-03-04,12.08,12.39,11.98,12.28,12.14,0.14,1.15,72838.69,88904.0961,2023-08-01
600740.SH,2011-03-04,8.79,8.98,8.62,8.84,8.76,0.08,0.91,92499.76,81383.457,2023-08-01
600165.SH,2011-03-04,8.52,8.66,8.5,8.63,8.52,0.11,1.29,15676.25,13481.849,2023-08-01
002205.SZ,2011-03-04,28.5,29.21,28.48,29.18,28.59,0.59,2.06,20082.41,58079.2312,2023-08-01
600548.SH,2011-03-04,5.29,5.34,5.26,5.3,5.29,0.01,0.19,32805.03,17367.007,2023-08-01
600288.SH,2011-03-04,11.78,11.86,11.64,11.85,11.74,0.11,0.94,86240.12,101204.502,2023-08-01
600350.SH,2011-03-04,4.9,4.94,4.87,4.93,4.89,0.04,0.82,85682.75,42056.397,2023-08-01
600966.SH,2011-03-04,7.96,8.06,7.91,8.05,7.92,0.13,1.64,62162.5,49571.054,2023-08-01
000534.SZ,2011-03-04,6.2,6.29,6.13,6.27,6.21,0.06,0.97,29468.53,18351.7153,2023-08-01
600310.SH,2011-03-04,31.39,31.88,31.22,31.66,31.22,0.44,1.41,5159.76,16260.601,2023-08-01
300075.SZ,2011-03-04,50.31,50.85,50.24,50.69,50.38,0.31,0.62,843.98,4265.1116,2023-08-01
000887.SZ,2011-03-04,23.97,25.29,23.71,25.22,23.65,1.57,6.64,83241.56,205584.9374,2023-08-01
600792.SH,2011-03-04,11.82,11.96,11.7,11.93,11.82,0.11,0.93,5454.2,6449.249,2023-08-01
002179.SZ,2011-03-04,21.49,22.28,21.2,21.73,21.4,0.33,1.54,54305.01,118564.8123,2023-08-01
000890.SZ,2011-03-04,6.91,7.16,6.89,7.0,6.96,0.04,0.57,148788.52,104740.1088,2023-08-01
600508.SH,2011-03-04,27.5,28.49,27.4,28.17,27.48,0.69,2.51,74951.0,210163.963,2023-08-01
600448.SH,2011-03-04,6.06,6.06,5.91,5.97,6.06,-0.09,-1.49,40536.01,24110.935,2023-08-01
002457.SZ,2011-03-04,38.49,39.4,38.3,39.38,38.48,0.9,2.34,7227.73,28093.3069,2023-08-01
300106.SZ,2011-03-04,19.06,19.3,18.85,19.29,19.03,0.26,1.37,7290.81,13885.2155,2023-08-01
600156.SH,2011-03-04,6.15,6.24,6.12,6.23,6.19,0.04,0.65,54247.48,33682.939,2023-08-01
000601.SZ,2011-03-04,5.42,5.52,5.4,5.51,5.43,0.08,1.47,97143.3,53076.5198,2023-08-01
300117.SZ,2011-03-04,26.5,26.7,26.16,26.54,26.5,0.04,0.15,7977.21,21024.8444,2023-08-01
002094.SZ,2011-03-04,15.23,15.42,15.08,15.27,15.2,0.07,0.46,36677.66,55995.3743,2023-08-01
000504.SZ,2011-03-04,10.01,10.27,10.01,10.27,10.06,0.21,2.09,36001.71,36773.9353,2023-08-01
002279.SZ,2011-03-04,26.16,26.5,25.85,26.2,26.15,0.05,0.19,5471.48,14272.5016,2023-08-01
002294.SZ,2011-03-04,66.05,66.48,65.66,66.25,66.0,0.25,0.38,4520.62,29850.105,2023-08-01
300150.SZ,2011-03-04,36.9,37.7,36.57,37.0,37.18,-0.18,-0.48,16412.44,60713.6358,2023-08-01
600300.SH,2011-03-04,5.93,5.95,5.82,5.93,5.93,0.0,0.0,119373.18,70185.432,2023-08-01
002511.SZ,2011-03-04,35.28,35.62,34.9,35.37,35.28,0.09,0.26,18248.34,64171.8147,2023-08-01
600719.SH,2011-03-04,11.22,11.33,11.03,11.25,11.34,-0.09,-0.79,124384.21,139222.779,2023-08-01
300052.SZ,2011-03-04,18.63,18.83,18.54,18.82,18.61,0.21,1.13,4383.06,8185.7956,2023-08-01
002132.SZ,2011-03-04,29.27,29.57,28.96,29.3,29.34,-0.04,-0.14,31187.17,90897.8227,2023-08-01
300072.SZ,2011-03-04,39.05,39.35,38.61,39.35,38.8,0.55,1.42,9017.26,35156.5667,2023-08-01
300124.SZ,2011-03-04,132.4,135.0,130.99,134.29,132.95,1.34,1.01,1598.68,21229.4147,2023-08-01
300142.SZ,2011-03-04,119.0,119.29,117.52,118.45,118.98,-0.53,-0.45,3807.83,45024.4878,2023-08-01
000514.SZ,2011-03-04,9.1,9.16,8.85,9.13,9.27,-0.14,-1.51,130750.44,117712.4314,2023-08-01
600550.SH,2011-03-04,23.3,23.78,23.27,23.6,23.1,0.5,2.16,121376.75,285505.51,2023-08-01
002316.SZ,2011-03-04,17.69,18.31,17.6,18.2,17.68,0.52,2.94,14097.75,25367.7687,2023-08-01
600132.SH,2011-03-04,63.21,64.27,62.5,63.87,63.66,0.21,0.33,38108.83,241763.13,2023-08-01
002379.SZ,2011-03-04,37.5,37.98,37.28,37.9,37.94,-0.04,-0.11,2038.51,7675.7973,2023-08-01
600807.SH,2011-03-04,14.51,14.78,14.45,14.75,14.51,0.24,1.65,11625.2,17003.258,2023-08-01
002529.SZ,2011-03-04,22.93,23.97,21.9,23.69,22.93,0.76,3.31,67629.03,153486.1426,2023-08-01
002067.SZ,2011-03-04,7.34,7.4,7.2,7.38,7.32,0.06,0.82,107773.55,78586.8645,2023-08-01
600653.SH,2011-03-04,3.54,3.58,3.52,3.57,3.54,0.03,0.85,91912.71,32624.52,2023-08-01
600500.SH,2011-03-04,12.9,13.03,12.75,12.96,12.85,0.11,0.86,167586.99,215987.595,2023-08-01
000552.SZ,2011-03-04,18.4,19.16,18.2,18.87,18.47,0.4,2.17,42043.84,78745.0484,2023-08-01
000909.SZ,2011-03-04,10.6,10.8,10.51,10.74,10.6,0.14,1.32,25197.89,26939.7756,2023-08-01
600652.SH,2011-03-04,6.08,6.17,6.03,6.15,6.07,0.08,1.32,93542.68,57179.091,2023-08-01
601106.SH,2011-03-04,6.62,6.79,6.6,6.77,6.67,0.1,1.5,491442.58,329219.642,2023-08-01
000812.SZ,2011-03-04,6.52,6.66,6.52,6.64,6.51,0.13,2.0,39010.49,25819.7954,2023-08-01
600768.SH,2011-03-04,9.44,9.65,9.4,9.56,9.52,0.04,0.42,18454.47,17646.215,2023-08-01
000538.SZ,2011-03-04,56.98,57.79,56.58,57.29,57.06,0.23,0.4,27012.74,153838.6351,2023-08-01
600525.SH,2011-03-04,22.53,22.7,22.01,22.4,22.56,-0.16,-0.71,76832.2,171286.76,2023-08-01
002325.SZ,2011-03-04,34.63,34.98,34.05,34.93,34.63,0.3,0.87,5664.46,19617.5844,2023-08-01
600007.SH,2011-03-04,10.81,10.85,10.5,10.76,10.83,-0.07,-0.65,39985.73,42772.687,2023-08-01
000615.SZ,2011-03-04,8.83,9.09,8.33,8.45,8.26,0.19,2.3,226252.68,196175.9726,2023-08-01
000682.SZ,2011-03-04,5.39,5.45,5.34,5.43,5.41,0.02,0.37,98808.52,53281.4084,2023-08-01
600961.SH,2011-03-04,16.76,17.4,16.7,17.24,16.64,0.6,3.61,137195.43,235259.166,2023-08-01
002471.SZ,2011-03-04,23.09,23.3,22.76,23.24,23.16,0.08,0.35,13437.76,30888.6592,2023-08-01
600880.SH,2011-03-04,17.63,17.96,17.52,17.9,17.58,0.32,1.82,53516.16,94650.761,2023-08-01
600802.SH,2011-03-04,9.88,9.95,9.7,9.86,9.8,0.06,0.61,114834.05,112957.87,2023-08-01
600612.SH,2011-03-04,28.58,28.96,28.5,28.78,28.99,-0.21,-0.72,8314.74,23877.776,2023-08-01
600216.SH,2011-03-04,32.94,33.23,32.34,33.13,32.65,0.48,1.47,39260.39,128860.018,2023-08-01
600502.SH,2011-03-04,18.31,18.43,18.05,18.37,18.3,0.07,0.38,72521.69,132371.487,2023-08-01
600519.SH,2011-03-04,175.0,176.78,174.5,175.93,175.0,0.93,0.53,33351.19,587411.61,2023-08-01
002360.SZ,2011-03-04,35.79,36.2,35.45,36.2,35.8,0.4,1.12,2504.93,8977.4759,2023-08-01
600217.SH,2011-03-04,6.13,6.24,6.13,6.19,6.13,0.06,0.98,67479.97,41722.04,2023-08-01
300120.SZ,2011-03-04,26.6,26.98,26.42,26.9,26.6,0.3,1.13,3734.0,10013.925,2023-08-01
600186.SH,2011-03-04,5.85,6.0,5.66,5.92,5.8,0.12,2.07,263043.93,153351.63,2023-08-01
600584.SH,2011-03-04,11.13,11.35,11.11,11.32,11.11,0.21,1.89,134624.8,151639.474,2023-08-01
601918.SH,2011-03-04,13.36,13.73,13.28,13.66,13.33,0.33,2.48,93413.52,126474.371,2023-08-01
000711.SZ,2011-03-04,14.7,15.05,14.57,15.05,14.72,0.33,2.24,14730.85,21898.8059,2023-08-01
000048.SZ,2011-03-04,5.87,6.1,5.87,5.92,5.88,0.04,0.68,69524.22,41505.3375,2023-08-01
600537.SH,2011-03-04,47.7,48.9,46.87,48.85,47.81,1.04,2.18,18096.33,86185.433,2023-08-01
000848.SZ,2011-03-04,24.59,24.8,24.35,24.5,24.59,-0.09,-0.37,27797.6,68208.3065,2023-08-01
300007.SZ,2011-03-04,20.12,20.59,20.12,20.49,20.28,0.21,1.04,3889.99,7918.0775,2023-08-01
002323.SZ,2011-03-04,28.05,28.2,27.81,28.18,28.06,0.12,0.43,4146.04,11610.8999,2023-08-01
600763.SH,2011-03-04,19.68,20.2,19.68,20.12,19.7,0.42,2.13,20020.78,39944.84,2023-08-01
600325.SH,2011-03-04,10.43,11.41,10.42,11.41,10.37,1.04,10.03,1036173.14,1150504.85,2023-08-01
002010.SZ,2011-03-04,20.41,20.72,20.31,20.61,20.41,0.2,0.98,18458.45,37925.5572,2023-08-01
600552.SH,2011-03-04,28.05,28.68,27.9,28.35,28.08,0.27,0.96,9942.56,28078.823,2023-08-01
002231.SZ,2011-03-04,13.72,13.93,13.6,13.87,13.71,0.16,1.17,7524.02,10361.1237,2023-08-01
600053.SH,2011-03-04,8.36,8.55,8.32,8.5,8.44,0.06,0.71,22257.11,18802.312,2023-08-01
300064.SZ,2011-03-04,39.01,39.74,38.58,39.09,39.02,0.07,0.18,7852.72,30666.4849,2023-08-01
002557.SZ,2011-03-04,37.75,37.94,37.5,37.79,37.65,0.14,0.37,19575.62,73902.8763,2023-08-01
600362.SH,2011-03-04,39.98,40.5,39.6,40.41,39.83,0.58,1.46,207612.48,832986.7,2023-08-01
600126.SH,2011-03-04,5.33,5.5,5.33,5.42,5.31,0.11,2.07,79354.67,43020.718,2023-08-01
002465.SZ,2011-03-04,37.3,38.48,36.98,38.2,36.99,1.21,3.27,17003.0,64366.8529,2023-08-01
600123.SH,2011-03-04,40.91,42.35,40.39,41.83,40.86,0.97,2.37,72743.99,300757.882,2023-08-01
000851.SZ,2011-03-04,12.31,12.56,12.31,12.52,12.3,0.22,1.79,47525.03,59053.5437,2023-08-01
600361.SH,2011-03-04,11.05,11.18,11.05,11.12,11.11,0.01,0.09,35633.9,39619.146,2023-08-01
002046.SZ,2011-03-04,29.05,29.28,28.51,29.01,29.04,-0.03,-0.1,18280.07,52907.5082,2023-08-01
600601.SH,2011-03-04,4.21,4.28,4.2,4.27,4.22,0.05,1.18,163512.78,69389.243,2023-08-01
002355.SZ,2011-03-04,16.37,16.51,16.22,16.48,16.31,0.17,1.04,14184.28,23247.9872,2023-08-01
000519.SZ,2011-03-04,15.85,16.85,15.7,16.84,15.83,1.01,6.38,51319.31,84223.911,2023-08-01
300017.SZ,2011-03-04,16.48,16.65,16.38,16.61,16.5,0.11,0.67,18168.56,30008.8605,2023-08-01
002472.SZ,2011-03-04,41.1,41.79,40.88,41.79,40.98,0.81,1.98,4964.0,20489.2804,2023-08-01
000659.SZ,2011-03-04,9.0,9.61,8.9,9.41,8.78,0.63,7.18,946685.73,873724.5592,2023-08-01
002159.SZ,2011-03-04,18.65,19.06,18.5,18.96,18.9,0.06,0.32,17200.36,32385.5843,2023-08-01
600851.SH,2011-03-04,11.33,11.53,11.18,11.4,11.33,0.07,0.62,409010.74,465283.886,2023-08-01
000795.SZ,2011-03-04,21.26,21.9,21.16,21.66,21.47,0.19,0.89,142531.79,306785.1287,2023-08-01
000584.SZ,2011-03-04,9.06,9.17,8.98,9.15,9.06,0.09,0.99,29126.88,26456.4469,2023-08-01
000558.SZ,2011-03-04,9.4,9.48,9.27,9.44,9.33,0.11,1.18,44067.54,41409.1244,2023-08-01
000875.SZ,2011-03-04,4.47,4.58,4.47,4.56,4.47,0.09,2.01,124197.02,56379.2172,2023-08-01
600791.SH,2011-03-04,5.77,6.19,5.73,5.93,5.76,0.17,2.95,74998.31,44366.855,2023-08-01
300178.SZ,2011-03-04,27.69,28.07,27.5,27.97,27.68,0.29,1.05,16250.22,45079.6254,2023-08-01
002224.SZ,2011-03-04,16.08,16.15,15.92,16.13,16.07,0.06,0.37,12892.29,20656.3666,2023-08-01
002461.SZ,2011-03-04,19.5,20.0,19.4,19.89,19.58,0.31,1.58,16771.93,33086.7866,2023-08-01
000902.SZ,2011-03-04,10.66,10.79,10.16,10.48,10.62,-0.14,-1.32,74205.25,77446.3035,2023-08-01
300035.SZ,2011-03-04,20.03,20.42,20.03,20.38,20.13,0.25,1.24,3619.65,7295.5214,2023-08-01
600458.SH,2011-03-04,55.68,57.26,55.58,56.65,55.6,1.05,1.89,20052.98,113594.462,2023-08-01
600197.SH,2011-03-04,14.55,14.63,14.35,14.6,14.57,0.03,0.21,33707.41,48867.421,2023-08-01
000623.SZ,2011-03-04,35.67,36.5,35.56,36.41,35.65,0.76,2.13,92284.01,333977.0821,2023-08-01
600685.SH,2011-03-04,30.7,31.43,29.91,31.17,30.55,0.62,2.03,61889.53,190807.68,2023-08-01
000063.SZ,2011-03-04,30.77,31.28,30.19,31.12,30.8,0.32,1.04,207128.27,637672.0745,2023-08-01
002477.SZ,2011-03-04,49.28,49.68,47.84,48.7,49.29,-0.59,-1.2,8353.62,40311.3186,2023-08-01
600332.SH,2011-03-04,23.28,23.46,22.02,22.78,23.01,-0.23,-1.0,189920.99,428290.682,2023-08-01
002251.SZ,2011-03-04,25.53,25.89,25.5,25.74,25.58,0.16,0.63,13768.73,35255.318,2023-08-01
600480.SH,2011-03-04,16.25,16.57,16.18,16.55,16.23,0.32,1.97,34223.34,55902.618,2023-08-01
600866.SH,2011-03-04,14.32,14.39,14.15,14.29,14.28,0.01,0.07,75279.41,107392.856,2023-08-01
600888.SH,2011-03-04,27.25,28.2,27.0,28.11,27.06,1.05,3.88,64801.02,179688.618,2023-08-01
002005.SZ,2011-03-04,18.22,18.55,18.16,18.36,18.3,0.06,0.33,59002.91,108500.8874,2023-08-01
002310.SZ,2011-03-04,107.2,107.98,105.03,107.21,107.3,-0.09,-0.08,11300.96,120123.2758,2023-08-01
600071.SH,2011-03-04,13.5,14.07,13.49,13.96,13.52,0.44,3.25,58739.71,80950.162,2023-08-01
600405.SH,2011-03-04,12.72,12.74,12.4,12.68,12.64,0.04,0.32,67627.81,85050.463,2023-08-01
000755.SZ,2011-03-04,14.02,14.21,13.82,13.95,13.99,-0.04,-0.29,87501.05,122568.886,2023-08-01
000633.SZ,2011-03-04,10.07,10.24,10.05,10.18,10.08,0.1,0.99,15160.37,15392.641,2023-08-01
002134.SZ,2011-03-04,8.59,8.72,8.55,8.68,8.56,0.12,1.4,21961.43,18995.1656,2023-08-01
600309.SH,2011-03-04,24.29,25.12,23.72,25.05,24.29,0.76,3.13,180056.56,439390.08,2023-08-01
601600.SH,2011-03-04,10.8,11.1,10.72,11.09,10.73,0.36,3.36,355842.62,389507.094,2023-08-01
002277.SZ,2011-03-04,23.45,23.5,23.0,23.5,23.5,0.0,0.0,35087.98,81501.4862,2023-08-01
000970.SZ,2011-03-04,27.27,27.48,26.52,27.24,27.16,0.08,0.29,137243.03,370919.8611,2023-08-01
000731.SZ,2011-03-04,6.9,6.97,6.89,6.96,6.92,0.04,0.58,63576.63,44055.5759,2023-08-01
000593.SZ,2011-03-04,8.4,8.48,8.29,8.47,8.4,0.07,0.83,35516.4,29795.1714,2023-08-01
600227.SH,2011-03-04,6.33,6.4,6.29,6.4,6.33,0.07,1.11,107699.12,68520.728,2023-08-01
000548.SZ,2011-03-04,6.84,6.9,6.71,6.89,6.85,0.04,0.58,51748.79,35262.0566,2023-08-01
600754.SH,2011-03-04,21.42,21.48,21.25,21.31,21.29,0.02,0.09,13706.86,29262.57,2023-08-01
600886.SH,2011-03-04,7.33,7.4,7.3,7.39,7.33,0.06,0.82,59996.23,44207.992,2023-08-01
600099.SH,2011-03-04,10.68,10.86,10.43,10.83,10.74,0.09,0.84,31704.95,33935.098,2023-08-01
600655.SH,2011-03-04,13.1,13.21,13.01,13.17,13.16,0.01,0.08,112518.3,147355.86,2023-08-01
002068.SZ,2011-03-04,11.46,11.97,11.43,11.94,11.43,0.51,4.46,85418.26,100856.2474,2023-08-01
002048.SZ,2011-03-04,14.52,14.75,14.36,14.75,14.55,0.2,1.37,76983.67,112294.2705,2023-08-01
002007.SZ,2011-03-04,44.7,44.98,43.3,44.37,44.7,-0.33,-0.74,47681.14,209704.1316,2023-08-01
000786.SZ,2011-03-04,15.4,15.67,15.1,15.58,15.46,0.12,0.78,91466.41,140897.46,2023-08-01
002170.SZ,2011-03-04,17.13,17.32,17.0,17.29,17.12,0.17,0.99,39916.45,68615.996,2023-08-01
002044.SZ,2011-03-04,17.9,18.0,17.68,17.94,17.85,0.09,0.5,13972.6,24944.8501,2023-08-01
600992.SH,2011-03-04,11.51,11.74,11.25,11.46,11.56,-0.1,-0.87,55739.94,63742.792,2023-08-01
000158.SZ,2011-03-04,6.53,6.96,6.51,6.88,6.54,0.34,5.2,125268.95,84692.7318,2023-08-01
000886.SZ,2011-03-04,5.91,5.97,5.88,5.96,5.92,0.04,0.68,93737.35,55547.0825,2023-08-01
002185.SZ,2011-03-04,14.01,14.32,13.92,14.27,14.06,0.21,1.49,60171.01,85118.3157,2023-08-01
600828.SH,2011-03-04,16.98,17.15,16.58,17.0,17.03,-0.03,-0.18,19018.82,31945.53,2023-08-01
002527.SZ,2011-03-04,26.65,26.94,26.1,26.93,26.73,0.2,0.75,19784.22,52577.1413,2023-08-01
002452.SZ,2011-03-04,27.78,28.18,27.73,28.18,28.07,0.11,0.39,3509.38,9810.04,2023-08-01
600539.SH,2011-03-04,11.66,12.16,11.56,12.02,11.75,0.27,2.3,113582.77,136087.875,2023-08-01
600479.SH,2011-03-04,16.4,16.4,16.1,16.38,16.42,-0.04,-0.24,45062.3,73040.712,2023-08-01
600395.SH,2011-03-04,32.55,34.51,31.98,33.9,32.71,1.19,3.64,178752.74,598201.027,2023-08-01
300161.SZ,2011-03-04,30.5,31.87,30.5,31.63,30.45,1.18,3.88,8562.13,26658.0897,2023-08-01
002087.SZ,2011-03-04,5.84,5.9,5.79,5.88,5.81,0.07,1.2,38051.8,22213.5578,2023-08-01
000988.SZ,2011-03-04,22.7,22.98,22.41,22.71,22.59,0.12,0.53,45043.09,102282.0497,2023-08-01
002521.SZ,2011-03-04,37.74,38.23,37.51,38.02,37.72,0.3,0.8,4105.63,15520.0619,2023-08-01
600125.SH,2011-03-04,16.68,17.45,16.63,17.32,16.7,0.62,3.71,128523.45,218712.817,2023-08-01
600188.SH,2011-03-04,27.82,30.36,27.4,29.6,27.64,1.96,7.09,358037.23,1045564.904,2023-08-01
600576.SH,2011-03-04,24.55,25.2,24.35,24.7,24.65,0.05,0.2,126981.12,315087.915,2023-08-01
600221.SH,2011-03-04,7.89,8.09,7.89,8.08,7.89,0.19,2.41,179261.42,143166.885,2023-08-01
002524.SZ,2011-03-04,32.0,32.51,31.33,32.39,31.92,0.47,1.47,12572.69,40061.8658,2023-08-01
600963.SH,2011-03-04,10.92,11.26,10.79,11.0,10.97,0.03,0.27,188087.88,206393.115,2023-08-01
002473.SZ,2011-03-04,27.28,27.28,26.91,27.22,26.95,0.27,1.0,3210.39,8696.3383,2023-08-01
002144.SZ,2011-03-04,16.89,17.2,16.87,17.13,16.97,0.16,0.94,9961.76,16994.3357,2023-08-01
600889.SH,2011-03-04,7.73,7.94,7.73,7.9,7.74,0.16,2.07,33305.41,26147.486,2023-08-01
600773.SH,2011-03-04,18.78,19.59,18.62,19.42,18.81,0.61,3.24,64681.38,124796.366,2023-08-01
600166.SH,2011-03-04,23.1,23.95,22.91,23.89,23.1,0.79,3.42,173743.97,408168.413,2023-08-01
002027.SZ,2011-03-04,6.52,6.66,6.47,6.64,6.52,0.12,1.84,24534.7,16176.0091,2023-08-01
600796.SH,2011-03-04,8.83,8.95,8.78,8.95,8.84,0.11,1.24,40353.97,35873.465,2023-08-01
600832.SH,2011-03-04,8.55,8.83,8.53,8.77,8.56,0.21,2.45,173866.62,151609.259,2023-08-01
000995.SZ,2011-03-04,14.98,15.54,14.84,15.54,14.8,0.74,5.0,53641.77,82465.6372,2023-08-01
300026.SZ,2011-03-04,44.2,44.45,43.6,44.14,44.49,-0.35,-0.79,4624.76,20324.1272,2023-08-01
600177.SH,2011-03-04,11.22,11.48,11.17,11.46,11.22,0.24,2.14,114939.97,130493.072,2023-08-01
600671.SH,2011-03-04,13.3,13.52,13.25,13.35,13.29,0.06,0.45,11220.86,15001.555,2023-08-01
002464.SZ,2011-03-04,25.47,25.68,25.3,25.6,25.36,0.24,0.95,5036.0,12827.9969,2023-08-01
000828.SZ,2011-03-04,6.7,6.73,6.59,6.69,6.6,0.09,1.36,26973.9,17996.06,2023-08-01
002049.SZ,2011-03-04,23.59,24.98,23.48,24.8,23.6,1.2,5.08,29334.82,70934.2698,2023-08-01
002520.SZ,2011-03-04,43.31,44.5,43.31,44.18,43.3,0.88,2.03,3794.44,16721.8867,2023-08-01
601099.SH,2011-03-04,11.9,12.03,11.7,12.02,11.86,0.16,1.35,40811.48,48647.762,2023-08-01
600501.SH,2011-03-04,14.5,14.97,14.5,14.92,14.59,0.33,2.26,94501.74,139840.712,2023-08-01
002349.SZ,2011-03-04,27.63,27.96,27.4,27.75,27.66,0.09,0.33,5755.68,15937.8094,2023-08-01
002506.SZ,2011-03-04,45.61,46.11,45.2,46.04,45.59,0.45,0.99,31832.41,145620.2551,2023-08-01
002427.SZ,2011-03-04,18.54,18.65,18.04,18.64,18.5,0.14,0.76,8913.95,16350.914,2023-08-01
002182.SZ,2011-03-04,23.48,23.95,23.46,23.79,23.46,0.33,1.41,57629.0,136780.9446,2023-08-01
000513.SZ,2011-03-04,36.19,36.95,36.05,36.8,36.2,0.6,1.66,21279.79,77907.2222,2023-08-01
600267.SH,2011-03-04,35.13,35.85,34.58,35.32,35.79,-0.47,-1.31,42444.03,148468.751,2023-08-01
600432.SH,2011-03-04,26.5,26.97,26.3,26.9,26.39,0.51,1.93,56067.63,149672.561,2023-08-01
000581.SZ,2011-03-04,43.66,45.0,42.4,43.05,43.72,-0.67,-1.53,86309.55,372065.698,2023-08-01
300090.SZ,2011-03-04,30.76,32.6,30.42,32.1,30.8,1.3,4.22,7757.72,24258.641,2023-08-01
601137.SH,2011-03-04,25.5,25.78,25.2,25.53,25.51,0.02,0.08,11725.0,29868.127,2023-08-01
600237.SH,2011-03-04,8.5,8.7,8.4,8.66,8.5,0.16,1.88,119961.72,103150.365,2023-08-01
002130.SZ,2011-03-04,25.37,25.8,25.03,25.71,25.35,0.36,1.42,58253.74,148029.4287,2023-08-01
600827.SH,2011-03-04,17.49,17.69,17.46,17.68,17.49,0.19,1.09,30666.67,53976.24,2023-08-01
300165.SZ,2011-03-04,55.28,55.8,55.28,55.71,55.24,0.47,0.85,1165.1,6468.4548,2023-08-01
600874.SH,2011-03-04,7.1,7.45,7.03,7.3,7.09,0.21,2.96,214277.91,156053.948,2023-08-01
002128.SZ,2011-03-04,23.25,23.98,23.12,23.82,23.23,0.59,2.54,49899.83,117814.6412,2023-08-01
600622.SH,2011-03-04,10.73,10.99,10.6,10.94,10.7,0.24,2.24,101011.72,109335.696,2023-08-01
002403.SZ,2011-03-04,16.35,16.45,16.07,16.44,16.28,0.16,0.98,12564.61,20462.9959,2023-08-01
600229.SH,2011-03-04,6.38,6.55,6.36,6.54,6.38,0.16,2.51,68043.62,43987.508,2023-08-01
300160.SZ,2011-03-04,31.71,32.1,31.58,32.1,31.79,0.31,0.98,9727.12,30941.0946,2023-08-01
000810.SZ,2011-03-04,16.18,16.62,16.06,16.62,16.32,0.3,1.84,20448.32,33430.6666,2023-08-01
600223.SH,2011-03-04,8.82,8.95,8.65,8.9,8.86,0.04,0.45,229771.57,202919.011,2023-08-01
600728.SH,2011-03-04,12.97,13.6,12.95,13.6,12.95,0.65,5.02,72185.15,96944.662,2023-08-01
002443.SZ,2011-03-04,22.92,23.19,22.81,23.02,22.92,0.1,0.44,9401.97,21582.5494,2023-08-01
002278.SZ,2011-03-04,16.55,17.04,16.55,17.02,16.6,0.42,2.53,14198.16,23913.7468,2023-08-01
600779.SH,2011-03-04,20.8,21.05,20.68,20.96,20.84,0.12,0.58,33125.15,69065.61,2023-08-01
000522.SZ,2011-03-04,17.98,18.07,17.5,17.86,17.78,0.08,0.45,117005.17,207352.52,2023-08-01
600420.SH,2011-03-04,17.56,17.66,16.89,17.19,17.59,-0.4,-2.27,85114.34,145751.779,2023-08-01
300131.SZ,2011-03-04,48.7,51.5,48.04,51.45,48.73,2.72,5.58,8282.57,42150.0135,2023-08-01
000811.SZ,2011-03-04,19.63,19.92,19.21,19.82,19.7,0.12,0.61,23070.67,45260.4881,2023-08-01
600873.SH,2011-03-04,39.02,40.1,39.0,39.55,39.19,0.36,0.92,38142.99,150849.083,2023-08-01
600476.SH,2011-03-04,12.8,12.9,12.55,12.84,12.82,0.02,0.16,33272.28,42268.603,2023-08-01
002308.SZ,2011-03-04,17.51,17.99,17.51,17.93,17.6,0.33,1.88,13938.08,24753.7073,2023-08-01
002267.SZ,2011-03-04,20.11,20.45,20.05,20.38,20.13,0.25,1.24,15366.37,31157.8998,2023-08-01
000562.SZ,2011-03-04,18.45,19.02,18.31,18.97,18.5,0.47,2.54,194584.53,362233.2936,2023-08-01
000823.SZ,2011-03-04,16.2,16.48,16.13,16.47,16.2,0.27,1.67,81929.04,133680.4632,2023-08-01
002469.SZ,2011-03-04,64.23,65.47,64.05,65.47,65.0,0.47,0.72,2754.79,17844.8451,2023-08-01
600714.SH,2011-03-04,12.1,12.55,12.02,12.55,11.95,0.6,5.02,55443.31,69270.648,2023-08-01
600892.SH,2011-03-04,17.37,18.11,17.2,18.0,17.28,0.72,4.17,9610.06,17142.222,2023-08-01
002320.SZ,2011-03-04,37.0,37.39,36.77,37.22,37.1,0.12,0.32,5359.11,19873.7906,2023-08-01
600232.SH,2011-03-04,7.1,7.33,6.93,7.28,7.08,0.2,2.82,291373.99,208218.136,2023-08-01
002402.SZ,2011-03-04,38.55,39.19,38.4,39.09,38.9,0.19,0.49,3229.4,12539.3384,2023-08-01
002061.SZ,2011-03-04,15.58,15.59,15.1,15.38,15.63,-0.25,-1.6,76335.91,116823.0908,2023-08-01
002240.SZ,2011-03-04,10.91,11.1,10.81,11.07,10.87,0.2,1.84,30759.3,33631.0897,2023-08-01
600516.SH,2011-03-04,16.65,17.08,16.25,16.92,16.77,0.15,0.89,436765.39,727184.347,2023-08-01
601098.SH,2011-03-04,11.35,11.54,11.3,11.48,11.35,0.13,1.15,78735.39,89886.278,2023-08-01
002344.SZ,2011-03-04,46.38,47.08,46.34,46.78,46.3,0.48,1.04,16674.45,77772.1529,2023-08-01
002343.SZ,2011-03-04,30.9,31.1,30.72,31.07,30.9,0.17,0.55,3735.39,11549.1569,2023-08-01
600459.SH,2011-03-04,38.68,39.26,38.31,38.93,38.7,0.23,0.59,10374.8,40228.115,2023-08-01
600589.SH,2011-03-04,9.58,9.96,9.42,9.89,9.49,0.4,4.22,178666.46,174816.077,2023-08-01
600870.SH,2011-03-04,7.2,7.5,7.09,7.35,7.31,0.04,0.55,70277.05,51291.053,2023-08-01
600278.SH,2011-03-04,11.98,12.35,11.86,12.24,11.99,0.25,2.09,43887.58,53008.971,2023-08-01
600971.SH,2011-03-04,44.01,45.45,43.7,45.12,43.93,1.19,2.71,54258.87,242924.394,2023-08-01
002077.SZ,2011-03-04,11.41,11.87,11.41,11.81,11.42,0.39,3.42,33282.11,38859.583,2023-08-01
000955.SZ,2011-03-04,5.89,6.07,5.88,6.05,5.9,0.15,2.54,67770.75,40555.0827,2023-08-01
000729.SZ,2011-03-04,19.38,19.38,18.99,19.31,19.27,0.04,0.21,77457.31,148908.5257,2023-08-01
002460.SZ,2011-03-04,49.5,49.88,48.5,49.71,49.77,-0.06,-0.12,8258.88,40575.9831,2023-08-01
000759.SZ,2011-03-04,13.65,14.19,13.52,13.95,13.7,0.25,1.82,156020.37,216812.4254,2023-08-01
000533.SZ,2011-03-04,9.32,9.86,9.29,9.77,9.36,0.41,4.38,220280.47,212405.79,2023-08-01
002390.SZ,2011-03-04,41.5,41.78,40.6,41.56,41.99,-0.43,-1.02,7060.18,28986.6521,2023-08-01
600311.SH,2011-03-04,17.0,17.18,16.65,17.05,17.15,-0.1,-0.58,175536.37,296974.294,2023-08-01
000632.SZ,2011-03-04,5.44,5.58,5.41,5.55,5.43,0.12,2.21,63295.64,34875.3789,2023-08-01
002335.SZ,2011-03-04,57.35,58.58,57.35,58.48,57.35,1.13,1.97,5064.62,29440.4773,2023-08-01
002248.SZ,2011-03-04,25.32,25.67,25.3,25.67,25.32,0.35,1.38,14799.15,37654.4498,2023-08-01
000716.SZ,2011-03-04,10.79,10.87,10.57,10.7,10.82,-0.12,-1.11,74907.33,79984.2104,2023-08-01
000833.SZ,2011-03-04,12.16,12.26,11.95,12.21,12.15,0.06,0.49,83290.49,100970.8258,2023-08-01
000638.SZ,2011-03-04,8.48,8.88,8.47,8.8,8.51,0.29,3.41,32787.84,28598.1196,2023-08-01
300004.SZ,2011-03-04,56.01,56.9,55.85,56.8,56.01,0.79,1.41,4005.47,22640.4911,2023-08-01
300049.SZ,2011-03-04,24.51,24.82,24.17,24.75,24.66,0.09,0.37,2834.34,6935.2041,2023-08-01
600699.SH,2011-03-04,10.28,10.35,10.12,10.19,10.18,0.01,0.1,20440.63,20868.714,2023-08-01
300146.SZ,2011-03-04,119.05,119.88,118.0,119.52,119.06,0.46,0.39,1213.76,14438.2932,2023-08-01
000777.SZ,2011-03-04,38.61,38.96,38.01,38.7,38.58,0.12,0.31,47758.49,183972.4023,2023-08-01
300051.SZ,2011-03-04,25.74,25.98,25.4,25.88,25.76,0.12,0.47,9192.6,23637.6429,2023-08-01
600784.SH,2011-03-04,11.85,12.18,11.75,11.92,11.85,0.07,0.59,55193.73,66288.3,2023-08-01
002124.SZ,2011-03-04,10.08,10.19,9.96,10.16,10.08,0.08,0.79,13925.54,14040.1603,2023-08-01
601558.SH,2011-03-04,73.5,73.79,73.24,73.73,73.34,0.39,0.53,7145.64,52526.153,2023-08-01
600634.SH,2011-03-04,12.97,13.07,12.86,13.0,12.88,0.12,0.93,13981.77,18101.098,2023-08-01
000599.SZ,2011-03-04,5.76,5.87,5.73,5.86,5.76,0.1,1.74,69284.78,40314.1761,2023-08-01
600378.SH,2011-03-04,15.55,15.94,15.38,15.64,15.53,0.11,0.71,58027.57,90501.156,2023-08-01
000930.SZ,2011-03-04,8.65,8.77,8.62,8.73,8.67,0.06,0.69,120615.17,104914.7576,2023-08-01
600496.SH,2011-03-04,20.06,20.65,19.8,20.27,20.59,-0.32,-1.55,68349.87,138195.06,2023-08-01
601088.SH,2011-03-04,25.44,25.9,25.17,25.79,25.45,0.34,1.34,245729.74,629086.279,2023-08-01
300174.SZ,2011-03-04,30.67,33.5,30.6,32.91,31.05,1.86,5.99,15325.33,49287.4598,2023-08-01
002108.SZ,2011-03-04,20.07,21.1,20.07,20.98,20.31,0.67,3.3,63598.52,131578.7128,2023-08-01
600834.SH,2011-03-04,11.32,11.49,11.21,11.46,11.33,0.13,1.15,29711.19,33850.843,2023-08-01
000012.SZ,2011-03-04,20.95,21.64,20.53,21.48,20.89,0.59,2.82,365026.82,770458.8734,2023-08-01
002029.SZ,2011-03-04,31.25,31.3,30.7,31.22,31.33,-0.11,-0.35,11854.65,36813.0556,2023-08-01
002026.SZ,2011-03-04,13.86,14.2,13.85,14.18,13.86,0.32,2.31,13475.59,18954.6182,2023-08-01
600527.SH,2011-03-04,10.36,10.54,10.23,10.48,10.36,0.12,1.16,82882.4,86066.569,2023-08-01
601168.SH,2011-03-04,17.35,17.88,17.35,17.85,17.37,0.48,2.76,364914.83,642080.606,2023-08-01
000736.SZ,2011-03-04,11.28,11.4,10.8,10.99,11.14,-0.15,-1.35,31397.51,34611.3757,2023-08-01
000776.SZ,2011-03-04,43.81,44.38,43.05,44.17,43.7,0.47,1.08,63570.91,278828.6155,2023-08-01
000613.SZ,2011-03-04,5.38,5.47,5.36,5.45,5.4,0.05,0.93,31734.93,17187.2598,2023-08-01
600566.SH,2011-03-04,11.3,11.47,11.18,11.44,11.32,0.12,1.06,22270.56,25257.753,2023-08-01
601668.SH,2011-03-04,3.58,3.63,3.58,3.62,3.59,0.03,0.84,853357.43,307771.234,2023-08-01
600718.SH,2011-03-04,15.48,15.58,15.35,15.54,15.46,0.08,0.52,31300.89,48394.27,2023-08-01
000408.SZ,2011-03-04,11.07,11.21,10.9,11.15,11.1,0.05,0.45,40750.91,45113.3677,2023-08-01
000963.SZ,2011-03-04,29.5,29.77,28.26,28.97,29.61,-0.64,-2.16,31400.26,89553.9019,2023-08-01
000428.SZ,2011-03-04,9.83,9.98,9.8,9.97,9.85,0.12,1.22,31663.65,31369.8659,2023-08-01
000965.SZ,2011-03-04,10.73,11.25,10.7,11.12,10.8,0.32,2.96,89362.75,97963.4448,2023-08-01
000597.SZ,2011-03-04,18.25,18.43,17.81,18.14,18.25,-0.11,-0.6,37178.43,67342.8604,2023-08-01
600667.SH,2011-03-04,9.42,9.65,9.38,9.58,9.53,0.05,0.52,57208.93,54349.621,2023-08-01
002050.SZ,2011-03-04,34.79,35.3,34.48,34.9,34.55,0.35,1.01,3569.83,12402.7353,2023-08-01
300164.SZ,2011-03-04,51.01,51.48,50.42,51.16,50.93,0.23,0.45,7065.59,35979.44,2023-08-01
000151.SZ,2011-03-04,13.15,13.28,12.82,13.18,13.15,0.03,0.23,64160.59,83765.1657,2023-08-01
002535.SZ,2011-03-04,34.0,35.2,33.22,34.86,34.05,0.81,2.38,27884.62,94910.8154,2023-08-01
600066.SH,2011-03-04,25.78,26.62,25.28,26.61,26.22,0.39,1.49,111343.04,287349.715,2023-08-01
000589.SZ,2011-03-04,10.55,10.63,10.39,10.61,10.55,0.06,0.57,48149.12,50643.0274,2023-08-01
000926.SZ,2011-03-04,11.86,12.46,11.82,12.33,11.87,0.46,3.88,270251.55,329568.3025,2023-08-01
000023.SZ,2011-03-04,9.1,9.35,9.1,9.3,9.1,0.2,2.2,24370.17,22418.5548,2023-08-01
000825.SZ,2011-03-04,5.66,5.84,5.66,5.79,5.65,0.14,2.48,494855.15,285165.9893,2023-08-01
002541.SZ,2011-03-04,43.45,44.15,43.1,43.77,43.4,0.37,0.85,6894.6,30146.4966,2023-08-01
002055.SZ,2011-03-04,23.73,23.93,23.11,23.41,23.6,-0.19,-0.81,21869.23,51151.8032,2023-08-01
000998.SZ,2011-03-04,32.0,32.95,32.0,32.56,32.04,0.52,1.62,62521.78,202465.6965,2023-08-01
600081.SH,2011-03-04,13.63,13.79,13.5,13.69,13.65,0.04,0.29,18656.74,25419.175,2023-08-01
300013.SZ,2011-03-04,14.7,14.85,14.69,14.84,14.73,0.11,0.75,5736.97,8468.2135,2023-08-01
000830.SZ,2011-03-04,6.81,7.07,6.7,6.99,6.83,0.16,2.34,210313.44,145675.8014,2023-08-01
300104.SZ,2011-03-04,56.23,58.3,56.22,57.44,56.28,1.16,2.06,6760.27,38861.3196,2023-08-01
002273.SZ,2011-03-04,44.5,44.5,43.25,43.99,44.5,-0.51,-1.15,11034.33,48194.6092,2023-08-01
000655.SZ,2011-03-04,23.66,24.4,23.66,24.26,23.62,0.64,2.71,73392.21,177211.7458,2023-08-01
002060.SZ,2011-03-04,14.0,14.09,13.76,14.02,14.02,0.0,0.0,67990.79,94481.8815,2023-08-01
002190.SZ,2011-03-04,34.78,35.15,34.09,34.6,34.49,0.11,0.32,26449.28,91644.1611,2023-08-01
000582.SZ,2011-03-04,12.88,13.18,12.88,13.1,12.95,0.15,1.16,11733.81,15286.3196,2023-08-01
600425.SH,2011-03-04,20.7,21.36,20.58,21.19,20.69,0.5,2.42,156879.77,329948.405,2023-08-01
002217.SZ,2011-03-04,10.91,11.09,10.83,11.05,10.94,0.11,1.01,18090.8,19838.7352,2023-08-01
600393.SH,2011-03-04,6.42,6.73,6.42,6.69,6.46,0.23,3.56,70400.35,46516.215,2023-08-01
000819.SZ,2011-03-04,20.26,20.69,19.99,20.66,20.28,0.38,1.87,29219.38,59591.6785,2023-08-01
000806.SZ,2011-03-04,5.24,5.29,5.17,5.28,5.24,0.04,0.76,73667.1,38605.9246,2023-08-01
002013.SZ,2011-03-04,29.8,30.92,29.7,30.84,29.92,0.92,3.07,25431.25,77402.8562,2023-08-01
002264.SZ,2011-03-04,25.4,25.98,25.06,25.25,25.45,-0.2,-0.79,12934.6,32700.8618,2023-08-01
000960.SZ,2011-03-04,34.25,35.29,34.18,35.15,34.1,1.05,3.08,132459.24,461334.8204,2023-08-01
601866.SH,2011-03-04,4.83,5.0,4.83,5.0,4.83,0.17,3.52,462285.36,227815.756,2023-08-01
600704.SH,2011-03-04,17.3,17.84,17.16,17.78,17.38,0.4,2.3,70316.31,123660.632,2023-08-01
300107.SZ,2011-03-04,54.68,57.6,54.68,57.32,55.65,1.67,3.0,3507.48,19676.6022,2023-08-01
000882.SZ,2011-03-04,8.42,8.58,8.29,8.46,8.48,-0.02,-0.24,66368.66,55772.5614,2023-08-01
000957.SZ,2011-03-04,9.54,9.88,9.36,9.76,9.53,0.23,2.41,117070.97,113076.3927,2023-08-01
002522.SZ,2011-03-04,38.59,39.48,38.21,39.38,38.49,0.89,2.31,6723.24,26119.5593,2023-08-01
002156.SZ,2011-03-04,17.4,17.59,17.06,17.4,17.49,-0.09,-0.51,40596.67,70294.7652,2023-08-01
600210.SH,2011-03-04,6.73,6.97,6.67,6.89,6.64,0.25,3.77,633346.15,433838.428,2023-08-01
002417.SZ,2011-03-04,28.75,29.16,28.01,28.8,28.75,0.05,0.17,14047.61,40373.1267,2023-08-01
600761.SH,2011-03-04,19.8,20.54,19.8,20.38,19.85,0.53,2.67,76849.2,156039.189,2023-08-01
002066.SZ,2011-03-04,17.1,17.23,16.86,17.16,17.1,0.06,0.35,11349.61,19343.1298,2023-08-01
600587.SH,2011-03-04,26.45,26.59,25.59,26.27,26.46,-0.19,-0.72,21562.86,55980.818,2023-08-01
002497.SZ,2011-03-04,37.51,37.84,36.5,37.53,37.51,0.02,0.05,21189.85,78851.7038,2023-08-01
002136.SZ,2011-03-04,16.3,16.67,16.23,16.61,16.28,0.33,2.03,10111.43,16591.3942,2023-08-01
002493.SZ,2011-03-04,71.48,71.7,69.7,70.8,71.2,-0.4,-0.56,31907.86,224933.8972,2023-08-01
000709.SZ,2011-03-04,3.86,3.98,3.86,3.93,3.85,0.08,2.08,757678.87,297433.9368,2023-08-01
600844.SH,2011-03-04,16.55,16.69,16.31,16.63,16.42,0.21,1.28,66689.23,110101.434,2023-08-01
600365.SH,2011-03-04,11.26,11.73,11.25,11.59,11.25,0.34,3.02,53797.28,61985.253,2023-08-01
300138.SZ,2011-03-04,30.47,30.68,30.18,30.58,30.39,0.19,0.63,2785.3,8464.8399,2023-08-01
002107.SZ,2011-03-04,13.71,13.86,13.68,13.85,13.71,0.14,1.02,7801.32,10739.1178,2023-08-01
002160.SZ,2011-03-04,21.5,22.1,21.3,21.92,21.58,0.34,1.58,51467.62,112239.9254,2023-08-01
000978.SZ,2011-03-04,14.19,14.39,13.95,14.2,14.4,-0.2,-1.39,29947.03,42298.0612,2023-08-01
600271.SH,2011-03-04,25.89,26.47,25.83,26.35,25.89,0.46,1.78,53081.19,138971.831,2023-08-01
000980.SZ,2011-03-04,7.45,7.56,7.39,7.55,7.45,0.1,1.34,36841.26,27563.3867,2023-08-01
601002.SH,2011-03-04,24.05,24.45,23.98,24.37,24.21,0.16,0.66,223742.01,541865.81,2023-08-01
000758.SZ,2011-03-04,31.03,31.99,30.71,31.91,31.01,0.9,2.9,221790.62,699711.5831,2023-08-01
600429.SH,2011-03-04,7.29,7.43,7.25,7.42,7.32,0.1,1.37,32187.17,23676.872,2023-08-01
000034.SZ,2011-03-04,9.58,9.75,9.5,9.68,9.6,0.08,0.83,63627.19,61174.0274,2023-08-01
600983.SH,2011-03-04,14.15,14.33,13.69,14.27,14.09,0.18,1.28,169157.27,237161.149,2023-08-01
600993.SH,2011-03-04,39.37,40.4,39.37,39.97,39.37,0.6,1.52,21770.67,86726.38,2023-08-01
002536.SZ,2011-03-04,34.0,34.47,33.92,34.36,34.01,0.35,1.03,6310.5,21543.8409,2023-08-01
000563.SZ,2011-03-04,10.7,11.1,10.7,11.05,10.78,0.27,2.5,59650.0,65447.5449,2023-08-01
300182.SZ,2011-03-04,62.45,66.47,62.23,65.6,62.58,3.02,4.83,12037.41,77925.1137,2023-08-01
002215.SZ,2011-03-04,30.5,30.97,29.4,29.5,30.5,-1.0,-3.28,19628.7,58290.8934,2023-08-01
002530.SZ,2011-03-04,17.5,17.8,17.46,17.72,17.49,0.23,1.32,8233.08,14524.1954,2023-08-01
000525.SZ,2011-03-04,15.79,15.94,15.61,15.85,15.8,0.05,0.32,18832.17,29769.443,2023-08-01
000979.SZ,2011-03-04,9.03,9.23,8.84,9.12,9.03,0.09,1.0,86358.23,78236.0159,2023-08-01
600736.SH,2011-03-04,8.1,8.25,7.95,8.13,8.01,0.12,1.5,729798.45,592219.14,2023-08-01
000520.SZ,2011-03-04,5.45,5.65,5.45,5.56,5.38,0.18,3.35,205539.43,114327.2634,2023-08-01
002518.SZ,2011-03-04,34.95,35.3,34.62,35.28,34.96,0.32,0.92,4470.32,15665.5452,2023-08-01
600351.SH,2011-03-04,9.28,9.33,9.16,9.31,9.28,0.03,0.32,71752.61,66358.713,2023-08-01
002253.SZ,2011-03-04,43.53,46.19,43.22,46.0,43.99,2.01,4.57,15906.34,71622.8336,2023-08-01
300092.SZ,2011-03-04,28.0,28.28,27.52,28.17,28.0,0.17,0.61,1875.61,5246.1239,2023-08-01
600697.SH,2011-03-04,26.31,26.55,25.78,26.02,26.3,-0.28,-1.06,30929.22,80481.17,2023-08-01
002330.SZ,2011-03-04,15.8,15.86,15.65,15.84,15.67,0.17,1.08,8038.14,12640.2277,2023-08-01
300056.SZ,2011-03-04,35.1,35.38,34.86,35.08,35.35,-0.27,-0.76,1016.0,3563.9711,2023-08-01
000990.SZ,2011-03-04,12.81,12.94,12.73,12.9,12.82,0.08,0.62,40110.14,51451.4597,2023-08-01
600272.SH,2011-03-04,10.68,11.49,10.6,11.22,10.87,0.35,3.22,185899.81,205145.591,2023-08-01
000510.SZ,2011-03-04,8.67,8.75,8.56,8.74,8.68,0.06,0.69,63910.81,55471.5975,2023-08-01
600306.SH,2011-03-04,14.8,15.48,14.8,15.34,14.83,0.51,3.44,51337.07,78367.517,2023-08-01
000927.SZ,2011-03-04,8.6,8.94,8.58,8.83,8.62,0.21,2.44,74250.74,65425.7115,2023-08-01
600987.SH,2011-03-04,8.37,8.58,8.36,8.54,8.37,0.17,2.03,30269.95,25681.702,2023-08-01
600619.SH,2011-03-04,9.49,9.75,9.4,9.48,9.58,-0.1,-1.04,39079.23,37341.638,2023-08-01
601117.SH,2011-03-04,7.69,7.92,7.65,7.8,7.69,0.11,1.43,433560.24,337398.984,2023-08-01
600846.SH,2011-03-04,7.1,7.27,7.1,7.2,7.07,0.13,1.84,159452.52,114745.757,2023-08-01
002017.SZ,2011-03-04,23.13,23.68,22.72,23.47,23.04,0.43,1.87,46637.9,108219.5466,2023-08-01
002561.SZ,2011-03-04,20.19,22.87,20.08,21.83,20.93,0.9,4.3,285140.44,619137.5272,2023-08-01
600290.SH,2011-03-04,17.64,17.96,17.36,17.94,17.59,0.35,1.99,75827.31,134319.083,2023-08-01
300177.SZ,2011-03-04,55.71,56.4,55.6,56.2,55.95,0.25,0.45,3743.7,20942.0488,2023-08-01
000972.SZ,2011-03-04,13.69,13.78,13.51,13.75,13.66,0.09,0.66,64372.21,87800.0254,2023-08-01
002389.SZ,2011-03-04,55.1,55.9,54.67,55.87,55.4,0.47,0.85,3258.05,18011.1984,2023-08-01
600883.SH,2011-03-04,12.88,13.26,12.82,13.17,12.9,0.27,2.09,33496.64,43820.436,2023-08-01
600468.SH,2011-03-04,38.38,39.46,38.38,39.18,38.98,0.2,0.51,13666.51,53258.785,2023-08-01
600133.SH,2011-03-04,10.75,11.08,10.7,10.8,10.74,0.06,0.56,178370.97,193625.453,2023-08-01
000032.SZ,2011-03-04,9.66,9.95,9.6,9.89,9.7,0.19,1.96,30331.8,29726.6758,2023-08-01
600488.SH,2011-03-04,10.01,10.07,9.81,10.03,9.99,0.04,0.4,97532.73,97015.021,2023-08-01
000020.SZ,2011-03-04,9.59,9.59,9.43,9.56,9.54,0.02,0.21,19868.32,18889.9533,2023-08-01
000973.SZ,2011-03-04,15.63,15.85,15.46,15.69,15.77,-0.08,-0.51,139923.7,218046.888,2023-08-01
000602.SZ,2011-03-04,30.34,31.16,30.31,30.85,30.3,0.55,1.82,7271.47,22346.2618,2023-08-01
000554.SZ,2011-03-04,9.25,9.32,9.13,9.27,9.25,0.02,0.22,55986.18,51732.5523,2023-08-01
002235.SZ,2011-03-04,13.22,13.22,12.89,13.03,13.22,-0.19,-1.44,11570.98,15045.3104,2023-08-01
600067.SH,2011-03-04,8.68,8.84,8.65,8.83,8.66,0.17,1.96,225168.66,197480.425,2023-08-01
600338.SH,2011-03-04,13.17,13.4,13.13,13.3,13.17,0.13,0.99,17668.25,23495.668,2023-08-01
002280.SZ,2011-03-04,23.58,24.24,23.0,23.75,23.48,0.27,1.15,25646.2,60741.1452,2023-08-01
600647.SH,2011-03-04,13.73,14.09,13.71,14.09,13.77,0.32,2.32,13693.78,19055.16,2023-08-01
002230.SZ,2011-03-04,43.57,44.08,42.5,43.84,43.57,0.27,0.62,10376.04,45032.0505,2023-08-01
000951.SZ,2011-03-04,28.3,28.66,27.8,28.61,28.14,0.47,1.67,54423.1,154044.4916,2023-08-01
000042.SZ,2011-03-04,16.38,16.86,16.38,16.81,16.45,0.36,2.19,18305.54,30572.7645,2023-08-01
600702.SH,2011-03-04,20.8,21.22,20.3,20.77,20.8,-0.03,-0.14,55962.86,115191.097,2023-08-01
002392.SZ,2011-03-04,42.45,43.46,42.45,43.23,42.9,0.33,0.77,5909.73,25451.9655,2023-08-01
000541.SZ,2011-03-04,15.58,15.66,15.16,15.58,15.56,0.02,0.13,119595.25,184159.9727,2023-08-01
600614.SH,2011-03-04,12.6,13.04,12.45,12.73,12.72,0.01,0.08,158786.58,202808.284,2023-08-01
600831.SH,2011-03-04,9.39,9.54,9.28,9.53,9.43,0.1,1.06,114082.12,107659.179,2023-08-01
000768.SZ,2011-03-04,12.3,12.8,12.26,12.7,12.3,0.4,3.25,196466.45,247693.4651,2023-08-01
300009.SZ,2011-03-04,20.13,20.3,19.88,20.22,20.07,0.15,0.75,10100.78,20333.7092,2023-08-01
000651.SZ,2011-03-04,20.59,21.65,20.59,21.6,20.68,0.92,4.45,317231.12,671991.5431,2023-08-01
000024.SZ,2011-03-04,16.88,17.15,16.56,17.0,16.68,0.32,1.92,198495.55,335086.8411,2023-08-01
600512.SH,2011-03-04,5.02,5.08,4.92,5.01,5.01,0.0,0.0,152930.79,76304.324,2023-08-01
000595.SZ,2011-03-04,12.1,12.3,11.91,12.25,12.09,0.16,1.32,66865.63,81419.8875,2023-08-01
600829.SH,2011-03-04,22.56,22.76,22.2,22.61,22.56,0.05,0.22,23440.39,52701.426,2023-08-01
000999.SZ,2011-03-04,23.06,23.42,22.77,23.34,23.02,0.32,1.39,39698.97,91741.9323,2023-08-01
600428.SH,2011-03-04,8.35,8.68,8.35,8.65,8.37,0.28,3.35,182485.29,156119.211,2023-08-01
600803.SH,2011-03-04,14.74,14.96,14.41,14.86,14.61,0.25,1.71,81492.12,120138.321,2023-08-01
600231.SH,2011-03-04,10.23,10.53,10.16,10.42,10.21,0.21,2.06,129494.08,134408.988,2023-08-01
002262.SZ,2011-03-04,22.15,22.68,22.09,22.31,22.15,0.16,0.72,5691.15,12656.733,2023-08-01
300099.SZ,2011-03-04,108.39,109.79,107.3,109.3,108.39,0.91,0.84,2587.79,28078.4743,2023-08-01
000691.SZ,2011-03-04,5.26,5.3,5.19,5.3,5.25,0.05,0.95,56881.31,29883.6086,2023-08-01
600742.SH,2011-03-04,36.2,36.88,35.76,36.48,35.83,0.65,1.81,32216.23,117161.124,2023-08-01
002151.SZ,2011-03-04,39.32,39.86,39.0,39.77,39.54,0.23,0.58,5215.47,20531.9759,2023-08-01
000920.SZ,2011-03-04,12.64,12.95,12.63,12.91,12.67,0.24,1.89,101893.86,130429.8002,2023-08-01
002303.SZ,2011-03-04,38.52,38.78,38.2,38.5,38.54,-0.04,-0.1,6888.85,26533.7706,2023-08-01
000573.SZ,2011-03-04,4.59,4.69,4.58,4.66,4.58,0.08,1.75,52792.35,24431.798,2023-08-01
600530.SH,2011-03-04,11.12,11.37,11.02,11.32,11.12,0.2,1.8,38174.71,42851.157,2023-08-01
002451.SZ,2011-03-04,16.64,17.1,16.5,16.89,16.62,0.27,1.62,12154.5,20479.3643,2023-08-01
000791.SZ,2011-03-04,7.93,8.08,7.9,8.05,7.94,0.11,1.39,16930.42,13532.1891,2023-08-01
600091.SH,2011-03-04,6.51,6.69,6.48,6.56,6.56,0.0,0.0,49817.05,32760.223,2023-08-01
002009.SZ,2011-03-04,16.8,17.15,16.6,17.12,16.92,0.2,1.18,46986.74,79349.0987,2023-08-01
000780.SZ,2011-03-04,13.6,14.18,13.57,14.02,13.6,0.42,3.09,130322.16,181392.9342,2023-08-01
002378.SZ,2011-03-04,36.2,36.9,35.7,36.5,36.19,0.31,0.86,12523.67,45409.9249,2023-08-01
002484.SZ,2011-03-04,30.33,30.7,30.12,30.31,30.29,0.02,0.07,16121.42,48935.6942,2023-08-01
000912.SZ,2011-03-04,7.38,7.49,7.35,7.48,7.4,0.08,1.08,32491.97,24129.5502,2023-08-01
600487.SH,2011-03-04,35.46,35.62,35.18,35.45,35.32,0.13,0.37,18284.67,64753.052,2023-08-01
601678.SH,2011-03-04,26.22,26.67,25.63,26.51,26.2,0.31,1.18,77216.9,202984.92,2023-08-01
601939.SH,2011-03-04,4.93,4.99,4.89,4.96,4.94,0.02,0.4,482614.69,238695.015,2023-08-01
600463.SH,2011-03-04,8.18,8.35,8.11,8.24,8.22,0.02,0.24,55014.66,45174.881,2023-08-01
002088.SZ,2011-03-04,17.05,17.24,16.75,17.18,17.01,0.17,1.0,14602.25,24830.5027,2023-08-01
600847.SH,2011-03-04,14.42,14.46,14.0,14.32,14.34,-0.02,-0.14,8718.65,12386.718,2023-08-01
000983.SZ,2011-03-04,26.15,27.18,25.9,26.93,26.15,0.78,2.98,360584.29,961687.783,2023-08-01
600787.SH,2011-03-04,9.61,10.52,9.5,10.45,9.65,0.8,8.29,405114.58,406853.101,2023-08-01
000061.SZ,2011-03-04,17.9,17.93,17.62,17.88,17.72,0.16,0.9,81345.61,144813.3066,2023-08-01
002503.SZ,2011-03-04,81.2,82.45,80.51,82.45,81.5,0.95,1.17,6128.96,50084.6644,2023-08-01
002455.SZ,2011-03-04,28.78,29.27,28.6,29.0,28.8,0.2,0.69,6563.27,18960.1969,2023-08-01
002501.SZ,2011-03-04,49.51,49.68,48.54,49.57,49.0,0.57,1.16,11690.17,57340.7026,2023-08-01
000748.SZ,2011-03-04,8.83,9.25,8.76,9.15,8.9,0.25,2.81,213069.34,193120.371,2023-08-01
000850.SZ,2011-03-04,8.21,8.49,8.02,8.37,8.27,0.1,1.21,163069.66,134519.6394,2023-08-01
000526.SZ,2011-03-04,13.1,13.37,12.78,13.17,13.18,-0.01,-0.08,27329.9,35760.8151,2023-08-01
600322.SH,2011-03-04,5.14,5.16,4.99,5.15,5.09,0.06,1.18,279473.3,142325.154,2023-08-01
002437.SZ,2011-03-04,66.61,67.28,65.2,67.0,66.7,0.3,0.45,10901.83,72408.8584,2023-08-01
600572.SH,2011-03-04,19.35,20.05,19.35,19.86,19.39,0.47,2.42,75193.26,148941.022,2023-08-01
300119.SZ,2011-03-04,62.0,64.2,61.7,64.2,62.43,1.77,2.84,5153.36,32543.2382,2023-08-01
002261.SZ,2011-03-04,37.0,37.14,36.32,37.01,36.8,0.21,0.57,3505.47,12863.3172,2023-08-01
600620.SH,2011-03-04,7.69,7.89,7.65,7.85,7.66,0.19,2.48,36010.79,27958.096,2023-08-01
002405.SZ,2011-03-04,46.07,46.95,45.72,46.95,46.07,0.88,1.91,9270.61,42878.8466,2023-08-01
600571.SH,2011-03-04,11.13,11.3,11.08,11.26,11.16,0.1,0.9,17385.33,19408.715,2023-08-01
002021.SZ,2011-03-04,6.59,6.63,6.41,6.61,6.59,0.02,0.3,103896.83,67754.8575,2023-08-01
002095.SZ,2011-03-04,24.22,24.59,23.86,24.19,24.09,0.1,0.42,6674.5,16109.2361,2023-08-01
000885.SZ,2011-03-04,16.5,17.1,16.38,16.79,16.65,0.14,0.84,56190.72,94361.0903,2023-08-01
600469.SH,2011-03-04,10.46,10.6,10.3,10.6,10.49,0.11,1.05,51475.61,53985.697,2023-08-01
002245.SZ,2011-03-04,18.18,18.38,17.91,18.32,18.2,0.12,0.66,16941.18,30753.3566,2023-08-01
600854.SH,2011-03-04,6.58,6.63,6.48,6.56,6.57,-0.01,-0.15,48035.27,31493.031,2023-08-01
600423.SH,2011-03-04,10.79,10.98,10.77,10.94,10.77,0.17,1.58,61316.67,66809.192,2023-08-01
000837.SZ,2011-03-04,14.78,15.24,14.65,15.21,14.83,0.38,2.56,84814.05,127368.1683,2023-08-01
600649.SH,2011-03-04,8.32,8.55,8.27,8.5,8.32,0.18,2.16,142312.37,120133.084,2023-08-01
300044.SZ,2011-03-04,22.03,22.19,21.85,22.15,22.03,0.12,0.54,4562.65,10047.1901,2023-08-01
600251.SH,2011-03-04,27.28,27.5,26.98,27.45,27.25,0.2,0.73,30072.96,81895.788,2023-08-01
600375.SH,2011-03-04,26.03,26.34,25.61,26.18,26.02,0.16,0.61,27097.63,70534.927,2023-08-01
002064.SZ,2011-03-04,11.21,11.34,11.06,11.27,11.15,0.12,1.08,51940.9,58060.6382,2023-08-01
600879.SH,2011-03-04,13.16,13.38,13.01,13.37,13.16,0.21,1.6,217334.76,287065.0,2023-08-01
601880.SH,2011-03-04,4.05,4.06,4.02,4.06,4.06,0.0,0.0,151286.55,61155.661,2023-08-01
600052.SH,2011-03-04,5.02,5.14,4.98,5.13,5.01,0.12,2.4,72683.28,36870.319,2023-08-01
300034.SZ,2011-03-04,30.76,30.9,29.86,30.71,30.71,0.0,0.0,7802.7,23642.6109,2023-08-01
000055.SZ,2011-03-04,10.33,10.6,10.03,10.15,9.9,0.25,2.53,158557.89,162381.5016,2023-08-01
600824.SH,2011-03-04,7.38,7.53,7.33,7.41,7.41,0.0,0.0,172652.05,127689.752,2023-08-01
002288.SZ,2011-03-04,15.27,15.41,15.08,15.32,15.33,-0.01,-0.07,10853.48,16539.3003,2023-08-01
600143.SH,2011-03-04,17.31,17.9,17.05,17.89,17.29,0.6,3.47,103362.02,179889.795,2023-08-01
002199.SZ,2011-03-04,22.29,22.68,22.02,22.47,22.41,0.06,0.27,41953.68,93689.9711,2023-08-01
600707.SH,2011-03-04,15.76,15.94,15.4,15.91,15.75,0.16,1.02,107264.47,167122.615,2023-08-01
300167.SZ,2011-03-04,48.88,49.39,48.48,49.39,48.9,0.49,1.0,995.96,4887.274,2023-08-01
600603.SH,2011-03-04,7.78,8.0,7.78,7.98,7.8,0.18,2.31,19728.18,15597.299,2023-08-01
600336.SH,2011-03-04,8.03,8.1,7.96,8.08,8.03,0.05,0.62,41457.75,33341.16,2023-08-01
002553.SZ,2011-03-04,25.9,27.3,25.56,26.1,26.16,-0.06,-0.23,41839.42,111202.0274,2023-08-01
600760.SH,2011-03-04,15.2,15.75,15.2,15.7,15.28,0.42,2.75,57184.1,89073.238,2023-08-01
002462.SZ,2011-03-04,20.47,21.95,20.35,21.78,20.51,1.27,6.19,24697.37,51944.9984,2023-08-01
600439.SH,2011-03-04,11.65,11.8,11.48,11.76,11.64,0.12,1.03,63101.35,73506.026,2023-08-01
600308.SH,2011-03-04,9.95,10.08,9.83,10.06,9.92,0.14,1.41,74860.27,74536.422,2023-08-01
600318.SH,2011-03-04,17.88,18.98,17.69,17.73,18.1,-0.37,-2.04,121717.26,222091.972,2023-08-01
000043.SZ,2011-03-04,14.22,14.48,14.08,14.46,14.11,0.35,2.48,38005.64,54265.744,2023-08-01
000889.SZ,2011-03-04,9.62,9.74,9.38,9.61,9.58,0.03,0.31,35646.26,33901.3328,2023-08-01
300125.SZ,2011-03-04,68.0,69.88,68.0,69.7,68.88,0.82,1.19,3187.64,22011.268,2023-08-01
300053.SZ,2011-03-04,23.38,23.38,22.76,23.3,23.21,0.09,0.39,5488.78,12636.3288,2023-08-01
002327.SZ,2011-03-04,36.15,36.8,35.8,36.68,36.15,0.53,1.47,1740.62,6309.2411,2023-08-01
002483.SZ,2011-03-04,32.51,33.34,32.51,33.3,32.7,0.6,1.83,11620.76,38340.2168,2023-08-01
600863.SH,2011-03-04,10.13,10.29,9.99,10.24,10.18,0.06,0.59,250349.32,253774.143,2023-08-01
600280.SH,2011-03-04,23.85,25.2,23.85,24.97,23.85,1.12,4.7,28641.16,71202.846,2023-08-01
600252.SH,2011-03-04,33.6,34.04,33.4,33.67,33.55,0.12,0.36,35596.57,119847.793,2023-08-01
300151.SZ,2011-03-04,33.6,33.97,33.4,33.84,33.62,0.22,0.65,2431.59,8190.5724,2023-08-01
000809.SZ,2011-03-04,22.8,23.38,22.01,22.5,23.15,-0.65,-2.81,14138.82,31714.013,2023-08-01
002550.SZ,2011-03-04,39.96,42.48,39.32,41.6,39.9,1.7,4.26,50328.36,208031.3648,2023-08-01
601018.SH,2011-03-04,3.51,3.51,3.42,3.46,3.53,-0.07,-1.98,1048485.1,362151.001,2023-08-01
002361.SZ,2011-03-04,23.21,23.5,23.03,23.46,23.15,0.31,1.34,3934.27,9164.794,2023-08-01
000929.SZ,2011-03-04,12.45,12.67,12.25,12.61,12.44,0.17,1.37,43306.22,54017.8073,2023-08-01
000532.SZ,2011-03-04,9.3,9.57,9.23,9.56,9.29,0.27,2.91,62538.84,58857.0969,2023-08-01
601727.SH,2011-03-04,8.74,8.9,8.74,8.87,8.75,0.12,1.37,70095.96,61935.618,2023-08-01
600262.SH,2011-03-04,18.49,19.0,18.37,18.96,18.49,0.47,2.54,11239.04,21103.621,2023-08-01
000150.SZ,2011-03-04,5.31,5.44,5.29,5.43,5.3,0.13,2.45,33112.86,17796.8776,2023-08-01
000301.SZ,2011-03-04,4.83,4.93,4.81,4.91,4.83,0.08,1.66,94282.02,45948.0861,2023-08-01
600540.SH,2011-03-04,14.9,14.98,14.64,14.93,14.85,0.08,0.54,35003.19,51875.124,2023-08-01
600008.SH,2011-03-04,6.66,6.82,6.61,6.81,6.69,0.12,1.79,113844.73,76936.363,2023-08-01
002383.SZ,2011-03-04,47.1,47.76,47.1,47.5,47.57,-0.07,-0.15,4610.49,21851.9595,2023-08-01
300168.SZ,2011-03-04,26.98,27.17,26.57,27.06,26.9,0.16,0.59,9182.01,24718.3969,2023-08-01
600056.SH,2011-03-04,17.22,17.22,16.7,17.12,17.22,-0.1,-0.58,30220.49,51269.75,2023-08-01
000426.SZ,2011-03-04,18.95,19.2,18.46,18.59,19.4,-0.81,-4.18,104190.04,195228.081,2023-08-01
000567.SZ,2011-03-04,8.79,9.02,8.71,9.0,8.8,0.2,2.27,37212.42,33141.2692,2023-08-01
600795.SH,2011-03-04,2.98,3.01,2.97,3.01,2.98,0.03,1.01,595563.09,178692.856,2023-08-01
000592.SZ,2011-03-04,8.29,8.45,8.26,8.39,8.3,0.09,1.08,35447.87,29607.3876,2023-08-01
000938.SZ,2011-03-04,16.86,17.24,16.81,16.98,16.78,0.2,1.19,60383.66,102896.6167,2023-08-01
600209.SH,2011-03-04,6.7,6.84,6.61,6.74,6.72,0.02,0.3,189104.88,126976.286,2023-08-01
600491.SH,2011-03-04,12.7,12.94,12.66,12.78,12.72,0.06,0.47,56228.71,72008.799,2023-08-01
002534.SZ,2011-03-04,28.54,31.41,28.43,31.41,28.55,2.86,10.02,52724.74,161248.3478,2023-08-01
002428.SZ,2011-03-04,76.92,78.7,76.9,78.7,76.8,1.9,2.47,5953.5,46414.6888,2023-08-01
600814.SH,2011-03-04,8.28,8.38,8.27,8.37,8.28,0.09,1.09,29113.79,24240.998,2023-08-01
002171.SZ,2011-03-04,16.25,16.29,15.6,16.19,16.35,-0.16,-0.98,226441.09,362433.838,2023-08-01
600867.SH,2011-03-04,14.35,14.38,14.1,14.29,14.31,-0.02,-0.14,113376.9,161247.122,2023-08-01
000603.SZ,2011-03-04,27.02,27.6,26.85,27.5,26.88,0.62,2.31,8031.13,21932.0872,2023-08-01
600811.SH,2011-03-04,8.92,9.15,8.83,9.08,8.95,0.13,1.45,294037.1,265219.143,2023-08-01
002364.SZ,2011-03-04,29.81,29.82,29.21,29.58,29.9,-0.32,-1.07,5345.09,15720.684,2023-08-01
300152.SZ,2011-03-04,38.11,38.88,38.1,38.88,38.34,0.54,1.41,6690.6,25794.6293,2023-08-01
002331.SZ,2011-03-04,29.36,29.75,29.32,29.75,29.33,0.42,1.43,7294.92,21603.894,2023-08-01
600068.SH,2011-03-04,13.18,13.34,13.06,13.31,13.17,0.14,1.06,567256.56,749913.449,2023-08-01
000035.SZ,2011-03-04,7.73,7.9,7.69,7.88,7.72,0.16,2.07,14186.21,11085.9716,2023-08-01
600837.SH,2011-03-04,10.17,10.42,10.14,10.39,10.16,0.23,2.26,610783.61,629318.853,2023-08-01
600753.SH,2011-03-04,8.52,8.61,8.43,8.57,8.51,0.06,0.71,33635.55,28725.371,2023-08-01
000796.SZ,2011-03-04,9.13,9.22,8.95,9.18,9.16,0.02,0.22,108157.8,98211.4284,2023-08-01
000564.SZ,2011-03-04,8.44,8.55,8.41,8.5,8.46,0.04,0.47,63166.74,53590.8206,2023-08-01
600563.SH,2011-03-04,27.2,27.6,26.95,27.39,27.21,0.18,0.66,18491.94,50303.931,2023-08-01
300173.SZ,2011-03-04,24.26,24.78,24.19,24.69,24.25,0.44,1.81,7438.7,18152.7905,2023-08-01
600367.SH,2011-03-04,20.88,21.16,20.5,21.0,20.84,0.16,0.77,34568.54,71933.476,2023-08-01
000839.SZ,2011-03-04,12.23,12.47,12.15,12.46,12.22,0.24,1.96,135323.76,166490.8961,2023-08-01
002194.SZ,2011-03-04,13.95,14.18,13.92,14.12,13.92,0.2,1.44,18026.55,25304.8285,2023-08-01
002173.SZ,2011-03-04,18.46,18.61,18.23,18.53,18.46,0.07,0.38,5512.34,10149.8138,2023-08-01
600715.SH,2011-03-04,10.7,10.79,10.6,10.78,10.6,0.18,1.7,14159.88,15131.751,2023-08-01
000565.SZ,2011-03-04,14.61,14.95,14.6,14.86,14.84,0.02,0.13,107766.91,159311.5058,2023-08-01
600600.SH,2011-03-04,32.43,32.58,31.98,32.57,32.47,0.1,0.31,54757.31,176036.539,2023-08-01
002210.SZ,2011-03-04,10.21,10.35,10.18,10.31,10.26,0.05,0.49,19551.62,20079.3971,2023-08-01
600388.SH,2011-03-04,32.45,32.99,32.2,32.98,32.42,0.56,1.73,30009.62,97935.525,2023-08-01
600691.SH,2011-03-04,14.17,14.89,14.17,14.61,14.24,0.37,2.6,16884.85,24783.678,2023-08-01
600348.SH,2011-03-04,25.25,26.4,25.1,26.2,25.26,0.94,3.72,472854.42,1224648.297,2023-08-01
002237.SZ,2011-03-04,49.28,49.56,48.5,49.3,49.29,0.01,0.02,15096.53,73801.2325,2023-08-01
000918.SZ,2011-03-04,8.22,8.31,8.08,8.29,8.22,0.07,0.85,66734.66,54666.4352,2023-08-01
002236.SZ,2011-03-04,79.08,80.1,78.39,78.8,79.29,-0.49,-0.62,5108.03,40340.5111,2023-08-01
600019.SH,2011-03-04,6.94,7.15,6.94,7.07,6.93,0.14,2.02,832262.46,585564.702,2023-08-01
002339.SZ,2011-03-04,34.07,34.28,33.41,34.28,34.12,0.16,0.47,8431.18,28528.467,2023-08-01
300128.SZ,2011-03-04,42.38,43.39,42.38,42.85,42.48,0.37,0.87,6836.53,29362.6149,2023-08-01
000820.SZ,2011-03-04,5.09,5.16,5.08,5.16,5.12,0.04,0.78,36351.95,18621.4444,2023-08-01
002445.SZ,2011-03-04,23.05,23.37,23.05,23.26,23.11,0.15,0.65,6073.44,14093.7414,2023-08-01
002155.SZ,2011-03-04,33.2,33.95,33.06,33.76,33.42,0.34,1.02,102179.08,341967.6064,2023-08-01
300019.SZ,2011-03-04,21.71,21.73,21.14,21.52,21.6,-0.08,-0.37,5469.49,11664.6864,2023-08-01
002208.SZ,2011-03-04,10.78,11.08,10.72,11.05,10.78,0.27,2.5,29729.31,32543.6158,2023-08-01
000922.SZ,2011-03-04,10.79,10.96,10.73,10.88,10.72,0.16,1.49,12140.83,13190.2123,2023-08-01
002071.SZ,2011-03-04,12.35,12.6,12.2,12.46,12.34,0.12,0.97,48014.21,59720.2433,2023-08-01
002121.SZ,2011-03-04,28.71,29.05,27.7,28.64,28.69,-0.05,-0.17,53502.8,151746.0187,2023-08-01
002101.SZ,2011-03-04,33.12,33.6,33.12,33.5,33.33,0.17,0.51,5461.1,18237.0685,2023-08-01
300046.SZ,2011-03-04,48.0,48.47,47.35,47.89,47.91,-0.02,-0.04,6450.96,30745.8181,2023-08-01
600162.SH,2011-03-04,5.16,5.25,5.08,5.24,5.15,0.09,1.75,71049.05,36771.456,2023-08-01
300133.SZ,2011-03-04,95.81,98.5,95.12,98.41,95.5,2.91,3.05,3965.04,38347.0907,2023-08-01
600187.SH,2011-03-04,13.96,14.3,13.88,14.24,14.09,0.15,1.06,42958.31,60874.039,2023-08-01
600529.SH,2011-03-04,16.84,17.05,16.78,17.03,16.74,0.29,1.73,23721.4,40207.018,2023-08-01
300136.SZ,2011-03-04,55.68,56.0,52.05,55.65,56.0,-0.35,-0.63,9060.39,48705.0827,2023-08-01
002313.SZ,2011-03-04,53.0,53.88,52.2,52.88,53.5,-0.62,-1.16,4629.2,24386.9731,2023-08-01
600528.SH,2011-03-04,10.93,11.25,10.88,11.21,10.96,0.25,2.28,171004.72,189466.153,2023-08-01
000821.SZ,2011-03-04,7.62,7.76,7.62,7.74,7.67,0.07,0.91,33990.46,26187.8544,2023-08-01
000521.SZ,2011-03-04,12.28,12.52,12.18,12.52,12.3,0.22,1.79,33311.97,41091.5179,2023-08-01
600253.SH,2011-03-04,10.33,10.55,10.16,10.39,10.34,0.05,0.48,111362.47,115529.336,2023-08-01
300145.SZ,2011-03-04,36.29,36.72,36.28,36.58,36.36,0.22,0.61,2293.2,8375.9637,2023-08-01
000701.SZ,2011-03-04,12.72,13.14,12.61,13.1,12.74,0.36,2.83,127697.44,165464.0197,2023-08-01
600771.SH,2011-03-04,8.24,8.28,8.11,8.21,8.24,-0.03,-0.36,19887.46,16290.607,2023-08-01
002387.SZ,2011-03-04,38.0,38.29,37.28,37.68,37.98,-0.3,-0.79,5362.35,20182.3244,2023-08-01
002195.SZ,2011-03-04,24.15,24.42,23.99,24.42,24.13,0.29,1.2,4692.51,11371.0019,2023-08-01
000762.SZ,2011-03-04,33.5,34.38,33.5,34.22,33.6,0.62,1.85,71175.55,241918.9205,2023-08-01
002072.SZ,2011-03-04,8.97,8.98,8.88,8.96,8.97,-0.01,-0.11,7229.46,6446.7601,2023-08-01
601006.SH,2011-03-04,8.46,8.53,8.39,8.5,8.44,0.06,0.71,395106.97,333904.512,2023-08-01
300054.SZ,2011-03-04,51.0,51.76,50.72,51.6,51.22,0.38,0.74,2066.34,10578.6191,2023-08-01
002038.SZ,2011-03-04,55.76,55.96,53.86,54.9,55.78,-0.88,-1.58,21111.7,115066.6619,2023-08-01
600152.SH,2011-03-04,7.87,7.91,7.68,7.9,7.85,0.05,0.64,73086.15,57120.322,2023-08-01
002449.SZ,2011-03-04,38.51,38.88,37.8,38.28,38.59,-0.31,-0.8,16895.83,64503.1332,2023-08-01
601899.SH,2011-03-04,8.06,8.19,8.0,8.16,8.18,-0.02,-0.24,852901.96,690590.679,2023-08-01
600891.SH,2011-03-04,13.2,13.39,12.77,12.88,12.86,0.02,0.16,330601.56,431525.048,2023-08-01
600560.SH,2011-03-04,21.59,21.81,21.3,21.79,21.6,0.19,0.88,9101.42,19641.235,2023-08-01
002149.SZ,2011-03-04,22.88,23.48,22.88,23.4,22.9,0.5,2.18,8861.04,20619.6959,2023-08-01
600028.SH,2011-03-04,8.59,8.8,8.56,8.75,8.59,0.16,1.86,1152788.62,1001606.697,2023-08-01
600573.SH,2011-03-04,12.96,13.26,12.95,13.23,12.96,0.27,2.08,27439.6,35966.021,2023-08-01
000419.SZ,2011-03-04,10.02,10.55,10.0,10.49,10.01,0.48,4.8,125559.16,129472.629,2023-08-01
002393.SZ,2011-03-04,44.89,45.3,44.6,45.15,44.88,0.27,0.6,5182.88,23297.7865,2023-08-01
002207.SZ,2011-03-04,21.1,21.29,20.62,20.99,21.12,-0.13,-0.62,20806.56,43511.2776,2023-08-01
600629.SH,2011-03-04,13.4,13.73,13.4,13.67,13.48,0.19,1.41,7489.92,10167.552,2023-08-01
002431.SZ,2011-03-04,76.0,76.94,74.1,74.96,76.5,-1.54,-2.01,11773.39,88392.9597,2023-08-01
300041.SZ,2011-03-04,57.88,58.08,57.27,57.83,57.7,0.13,0.23,2695.54,15541.7462,2023-08-01
600766.SH,2011-03-04,8.04,8.2,8.02,8.05,8.02,0.03,0.37,19349.27,15667.887,2023-08-01
002492.SZ,2011-03-04,18.92,19.22,18.85,19.14,19.08,0.06,0.31,7182.62,13672.7212,2023-08-01
002411.SZ,2011-03-04,39.16,39.97,38.8,39.0,39.16,-0.16,-0.41,3308.61,12972.4168,2023-08-01
300059.SZ,2011-03-04,46.48,46.63,45.43,46.43,46.29,0.14,0.3,5637.78,26000.4556,2023-08-01
000656.SZ,2011-03-04,11.92,12.51,11.92,12.51,11.91,0.6,5.04,41113.28,50554.0053,2023-08-01
600493.SH,2011-03-04,11.15,11.44,11.06,11.42,11.08,0.34,3.07,36056.91,40821.489,2023-08-01
600726.SH,2011-03-04,3.52,3.57,3.49,3.55,3.52,0.03,0.85,83060.77,29266.164,2023-08-01
000019.SZ,2011-03-04,11.55,11.79,11.5,11.77,11.6,0.17,1.47,18879.29,22044.2575,2023-08-01
600521.SH,2011-03-04,16.05,16.24,15.96,16.2,16.13,0.07,0.43,41838.19,67544.888,2023-08-01
000905.SZ,2011-03-04,7.97,8.08,7.95,8.05,7.96,0.09,1.13,47126.9,37815.1656,2023-08-01
000733.SZ,2011-03-04,10.81,11.05,10.7,11.01,10.88,0.13,1.19,37590.84,40877.5382,2023-08-01
002228.SZ,2011-03-04,15.01,15.14,14.9,15.11,15.04,0.07,0.47,8066.09,12089.8302,2023-08-01
600026.SH,2011-03-04,10.06,10.39,10.04,10.38,10.06,0.32,3.18,128839.44,132095.443,2023-08-01
600569.SH,2011-03-04,3.52,3.66,3.52,3.59,3.52,0.07,1.99,295749.75,106279.914,2023-08-01
300105.SZ,2011-03-04,108.0,112.0,107.9,112.0,108.43,3.57,3.29,3569.21,39267.6194,2023-08-01
000422.SZ,2011-03-04,20.7,21.5,20.4,21.5,20.66,0.84,4.07,199583.85,417320.369,2023-08-01
600819.SH,2011-03-04,17.3,17.65,17.13,17.57,17.33,0.24,1.38,21809.69,38121.76,2023-08-01
600084.SH,2011-03-04,8.88,9.0,8.78,8.89,8.88,0.01,0.11,44943.62,39924.651,2023-08-01
000506.SZ,2011-03-04,13.85,14.6,13.85,14.41,13.95,0.46,3.3,126117.54,180123.807,2023-08-01
600758.SH,2011-03-04,11.0,11.13,10.86,11.12,10.97,0.15,1.37,28179.1,31056.072,2023-08-01
002357.SZ,2011-03-04,20.7,20.77,20.26,20.63,20.75,-0.12,-0.58,6613.35,13575.8912,2023-08-01
000937.SZ,2011-03-04,41.27,44.18,40.39,43.29,41.22,2.07,5.02,91745.21,390707.5472,2023-08-01
600651.SH,2011-03-04,12.93,13.2,12.75,13.09,13.05,0.04,0.31,123510.97,159585.422,2023-08-01
002479.SZ,2011-03-04,41.82,42.9,41.68,42.68,41.98,0.7,1.67,32455.43,137851.1503,2023-08-01
600776.SH,2011-03-04,7.92,8.06,7.78,8.03,7.96,0.07,0.88,150032.27,119111.192,2023-08-01
300085.SZ,2011-03-04,28.12,28.58,28.1,28.58,28.1,0.48,1.71,3583.16,10164.4474,2023-08-01
600793.SH,2011-03-04,10.39,10.45,10.3,10.43,10.39,0.04,0.39,9612.9,9964.392,2023-08-01
601158.SH,2011-03-04,8.73,8.98,8.7,8.91,8.73,0.18,2.06,121205.92,107486.103,2023-08-01
300010.SZ,2011-03-04,25.03,25.48,25.0,25.4,25.03,0.37,1.48,3168.05,7981.2566,2023-08-01
002023.SZ,2011-03-04,16.0,16.79,15.78,16.76,16.0,0.76,4.75,50267.76,82574.3065,2023-08-01
600380.SH,2011-03-04,12.23,12.4,12.23,12.36,12.23,0.13,1.06,84844.53,104470.861,2023-08-01
600266.SH,2011-03-04,12.19,12.9,12.12,12.8,12.19,0.61,5.0,205790.36,258465.516,2023-08-01
000040.SZ,2011-03-04,5.29,5.42,5.25,5.38,5.27,0.11,2.09,59659.31,31922.0089,2023-08-01
002150.SZ,2011-03-04,14.08,14.39,14.08,14.25,14.11,0.14,0.99,10108.03,14415.4137,2023-08-01
600765.SH,2011-03-04,18.21,18.9,18.21,18.78,18.24,0.54,2.96,95976.81,178742.827,2023-08-01
002333.SZ,2011-03-04,14.25,14.69,14.2,14.69,14.27,0.42,2.94,18682.55,27159.2087,2023-08-01
002401.SZ,2011-03-04,46.0,46.79,45.85,46.45,46.2,0.25,0.54,4387.12,20333.1516,2023-08-01
002089.SZ,2011-03-04,22.9,22.99,22.3,22.51,22.9,-0.39,-1.7,29567.79,66525.0516,2023-08-01
600997.SH,2011-03-04,19.39,19.88,19.2,19.76,19.24,0.52,2.7,98262.6,192573.943,2023-08-01
300016.SZ,2011-03-04,18.38,18.95,18.35,18.9,18.37,0.53,2.89,4785.77,8874.9669,2023-08-01
002139.SZ,2011-03-04,20.96,21.2,20.59,21.09,20.96,0.13,0.62,15059.79,31526.6403,2023-08-01
002407.SZ,2011-03-04,68.3,69.1,67.35,68.78,68.3,0.48,0.7,7083.44,48349.2194,2023-08-01
000721.SZ,2011-03-04,12.09,12.6,11.82,12.36,12.14,0.22,1.81,77685.2,94804.3372,2023-08-01
600751.SH,2011-03-04,12.77,12.93,12.73,12.91,12.84,0.07,0.55,12072.0,15513.36,2023-08-01
002177.SZ,2011-03-04,19.67,19.98,19.47,19.8,19.69,0.11,0.56,30480.01,60020.9694,2023-08-01
002305.SZ,2011-03-04,13.0,13.75,13.0,13.69,13.04,0.65,4.98,26163.58,35392.5711,2023-08-01
002008.SZ,2011-03-04,22.9,23.34,22.5,23.14,22.55,0.59,2.62,141979.92,326992.4595,2023-08-01
002442.SZ,2011-03-04,14.2,14.86,14.11,14.65,14.09,0.56,3.97,24888.69,36264.81,2023-08-01
000488.SZ,2011-03-04,8.0,8.1,7.91,8.1,7.97,0.13,1.63,173403.72,138795.8425,2023-08-01
300018.SZ,2011-03-04,19.35,19.44,18.98,19.19,19.33,-0.14,-0.72,15008.4,28659.1138,2023-08-01
002084.SZ,2011-03-04,9.82,10.36,9.82,9.9,9.96,-0.06,-0.6,94752.65,96003.3977,2023-08-01
002311.SZ,2011-03-04,29.28,29.79,29.28,29.5,29.16,0.34,1.17,7055.39,20796.9241,2023-08-01
601169.SH,2011-03-04,12.01,12.18,11.95,12.14,12.07,0.07,0.58,481391.93,581105.586,2023-08-01
600859.SH,2011-03-04,44.2,44.74,43.1,43.91,43.88,0.03,0.07,17633.46,77378.408,2023-08-01
000078.SZ,2011-03-04,11.99,12.07,11.85,12.05,11.98,0.07,0.58,62100.72,74300.399,2023-08-01
002358.SZ,2011-03-04,39.86,40.46,39.7,40.39,39.86,0.53,1.33,2677.28,10722.8275,2023-08-01
600998.SH,2011-03-04,14.8,14.95,14.58,14.75,14.82,-0.07,-0.47,58256.83,85514.051,2023-08-01
600980.SH,2011-03-04,27.1,27.67,27.0,27.56,27.18,0.38,1.4,34527.56,94574.57,2023-08-01
600648.SH,2011-03-04,13.4,14.8,13.31,14.8,13.45,1.35,10.04,111331.91,160069.001,2023-08-01
600716.SH,2011-03-04,8.1,8.1,7.71,7.83,8.0,-0.17,-2.13,227766.74,178735.42,2023-08-01
002293.SZ,2011-03-04,66.17,67.0,65.21,67.0,66.14,0.86,1.3,1975.71,13133.8603,2023-08-01
300098.SZ,2011-03-04,31.9,32.16,31.88,32.08,31.94,0.14,0.44,2709.89,8666.6136,2023-08-01
002209.SZ,2011-03-04,11.87,12.31,11.87,12.26,11.93,0.33,2.77,24061.92,29090.6079,2023-08-01
600240.SH,2011-03-04,6.86,7.02,6.8,6.97,6.86,0.11,1.6,95237.95,66037.976,2023-08-01
000915.SZ,2011-03-04,17.3,17.76,17.1,17.4,17.75,-0.35,-1.97,40015.34,69621.1901,2023-08-01
000066.SZ,2011-03-04,8.2,8.44,8.17,8.39,8.21,0.18,2.19,150602.58,125140.9325,2023-08-01
600549.SH,2011-03-04,49.29,49.62,48.31,49.27,49.11,0.16,0.33,101055.37,494797.301,2023-08-01
002408.SZ,2011-03-04,43.9,44.84,43.56,44.32,43.85,0.47,1.07,18208.72,80520.9945,2023-08-01
002025.SZ,2011-03-04,13.35,13.68,13.26,13.63,13.28,0.35,2.64,33075.67,44699.0454,2023-08-01
300022.SZ,2011-03-04,35.59,35.74,34.51,35.57,35.49,0.08,0.23,33760.99,118274.8426,2023-08-01
600599.SH,2011-03-04,16.48,16.75,16.31,16.62,16.6,0.02,0.12,37358.98,61745.416,2023-08-01
600118.SH,2011-03-04,24.0,24.57,23.87,24.44,24.04,0.4,1.66,69066.96,167769.821,2023-08-01
002226.SZ,2011-03-04,28.01,28.16,27.31,28.09,28.0,0.09,0.32,20115.69,56026.1815,2023-08-01
600182.SH,2011-03-04,9.2,9.33,9.2,9.3,9.22,0.08,0.87,18294.11,16976.827,2023-08-01
600661.SH,2011-03-04,10.11,10.6,10.06,10.4,10.07,0.33,3.28,53686.35,55684.377,2023-08-01
002459.SZ,2011-03-04,30.05,30.39,29.76,30.3,30.01,0.29,0.97,7880.14,23730.4695,2023-08-01
002559.SZ,2011-03-04,38.01,38.45,37.49,38.19,38.4,-0.21,-0.55,21892.82,82880.2125,2023-08-01
300027.SZ,2011-03-04,27.11,27.4,27.0,27.4,27.08,0.32,1.18,15110.7,41086.7314,2023-08-01
002118.SZ,2011-03-04,30.8,31.76,30.52,31.1,30.9,0.2,0.65,11804.47,36749.3915,2023-08-01
000816.SZ,2011-03-04,6.43,6.53,6.42,6.52,6.45,0.07,1.09,132960.41,86353.9742,2023-08-01
000511.SZ,2011-03-04,3.54,3.57,3.52,3.57,3.54,0.03,0.85,126283.49,44775.5848,2023-08-01
601009.SH,2011-03-04,10.95,11.24,10.85,11.19,10.98,0.21,1.91,461067.03,510091.607,2023-08-01
002219.SZ,2011-03-04,15.85,15.98,15.5,15.66,15.84,-0.18,-1.14,19937.51,31206.2808,2023-08-01
002282.SZ,2011-03-04,23.7,24.45,23.66,24.3,23.93,0.37,1.55,21720.26,52428.461,2023-08-01
600739.SH,2011-03-04,31.4,31.85,30.81,31.69,31.32,0.37,1.18,153693.64,481153.259,2023-08-01
601801.SH,2011-03-04,13.54,13.73,13.52,13.69,13.54,0.15,1.11,26829.59,36564.999,2023-08-01
600825.SH,2011-03-04,7.75,7.9,7.71,7.87,7.77,0.1,1.29,52111.63,40667.908,2023-08-01
600643.SH,2011-03-04,8.83,8.92,8.72,8.89,8.81,0.08,0.91,72945.61,64344.08,2023-08-01
002328.SZ,2011-03-04,19.93,19.93,19.0,19.44,20.02,-0.58,-2.9,69276.01,133573.9571,2023-08-01
002137.SZ,2011-03-04,11.3,11.35,11.15,11.33,11.31,0.02,0.18,21547.47,24251.6604,2023-08-01
000876.SZ,2011-03-04,20.95,21.26,20.8,21.16,21.14,0.02,0.09,43107.85,90987.9278,2023-08-01
002287.SZ,2011-03-04,23.61,24.28,23.6,24.02,23.73,0.29,1.22,9996.58,23973.0476,2023-08-01
000088.SZ,2011-03-04,6.93,7.17,6.92,7.14,6.92,0.22,3.18,131023.9,92552.9068,2023-08-01
000911.SZ,2011-03-04,22.91,23.18,22.61,23.13,22.93,0.2,0.87,64876.25,148795.0404,2023-08-01
600265.SH,2011-03-04,11.05,11.18,10.93,11.14,11.02,0.12,1.09,14017.41,15543.373,2023-08-01
002169.SZ,2011-03-04,18.76,18.98,18.56,18.91,18.86,0.05,0.27,26895.93,50531.5089,2023-08-01
600481.SH,2011-03-04,16.35,16.53,16.11,16.5,16.36,0.14,0.86,59507.29,97053.54,2023-08-01
000031.SZ,2011-03-04,6.42,6.54,6.4,6.52,6.41,0.11,1.72,120299.19,77984.6267,2023-08-01
601390.SH,2011-03-04,4.63,4.68,4.61,4.67,4.61,0.06,1.3,573856.23,266553.934,2023-08-01
600808.SH,2011-03-04,3.76,4.0,3.76,3.92,3.64,0.28,7.69,2381632.71,937017.274,2023-08-01
600748.SH,2011-03-04,8.24,8.54,8.18,8.51,8.23,0.28,3.4,145707.39,122381.721,2023-08-01
000982.SZ,2011-03-04,13.7,13.9,13.66,13.88,13.77,0.11,0.8,10511.79,14492.3487,2023-08-01
002004.SZ,2011-03-04,45.08,45.08,44.0,44.58,45.19,-0.61,-1.35,2373.04,10538.418,2023-08-01
002033.SZ,2011-03-04,33.35,34.22,33.0,33.88,33.4,0.48,1.44,6563.77,22107.3839,2023-08-01
002122.SZ,2011-03-04,16.15,16.6,16.11,16.51,16.17,0.34,2.1,168975.17,277187.3276,2023-08-01
002204.SZ,2011-03-04,24.49,25.03,24.2,24.75,24.38,0.37,1.52,13810.4,34155.9045,2023-08-01
600389.SH,2011-03-04,11.8,12.0,11.72,11.98,11.8,0.18,1.53,17467.67,20799.27,2023-08-01
600192.SH,2011-03-04,9.6,9.94,9.53,9.82,9.68,0.14,1.45,95729.5,93542.052,2023-08-01
600320.SH,2011-03-04,7.88,8.07,7.86,7.92,7.92,0.0,0.0,229461.71,183263.301,2023-08-01
600621.SH,2011-03-04,8.09,8.3,8.08,8.24,8.11,0.13,1.6,67590.7,55429.536,2023-08-01
002441.SZ,2011-03-04,50.6,51.36,49.5,51.25,50.78,0.47,0.93,11421.37,57776.8834,2023-08-01
002127.SZ,2011-03-04,15.57,15.98,15.3,15.88,15.55,0.33,2.12,34149.19,53427.3913,2023-08-01
000966.SZ,2011-03-04,6.02,6.26,6.02,6.22,6.04,0.18,2.98,75826.59,46780.3223,2023-08-01
000996.SZ,2011-03-04,25.91,26.48,25.9,26.43,26.39,0.04,0.15,41905.8,109784.0948,2023-08-01
600654.SH,2011-03-04,7.33,7.65,7.33,7.64,7.34,0.3,4.09,168378.58,127295.855,2023-08-01
600687.SH,2011-03-04,13.02,13.17,12.53,12.83,13.1,-0.27,-2.06,44689.79,57074.535,2023-08-01
600557.SH,2011-03-04,16.47,16.48,16.1,16.38,16.49,-0.11,-0.67,40015.38,65045.185,2023-08-01
000546.SZ,2011-03-04,13.97,14.54,13.9,14.01,13.96,0.05,0.36,31869.11,45206.1111,2023-08-01
600497.SH,2011-03-04,28.61,29.85,28.61,29.76,28.61,1.15,4.02,237358.41,697274.278,2023-08-01
002081.SZ,2011-03-04,62.44,63.45,61.3,62.5,62.39,0.11,0.18,11573.52,71750.3022,2023-08-01
600701.SH,2011-03-04,5.95,6.08,5.93,6.02,5.97,0.05,0.84,121063.41,72623.159,2023-08-01
000571.SZ,2011-03-04,6.38,6.48,6.33,6.46,6.36,0.1,1.57,73719.02,47241.3001,2023-08-01
000338.SZ,2011-03-04,59.38,61.17,58.95,60.01,59.39,0.62,1.04,198624.73,1193285.3371,2023-08-01
600897.SH,2011-03-04,15.43,15.65,15.35,15.64,15.44,0.2,1.3,28827.76,44809.245,2023-08-01
000803.SZ,2011-03-04,10.52,11.26,10.48,10.84,10.68,0.16,1.5,91129.83,99116.3589,2023-08-01
000561.SZ,2011-03-04,8.4,8.59,8.32,8.54,8.41,0.13,1.55,35581.29,30171.9565,2023-08-01
600075.SH,2011-03-04,13.83,14.15,13.65,14.12,13.86,0.26,1.88,117924.46,163805.87,2023-08-01
300093.SZ,2011-03-04,30.19,31.5,29.66,31.34,30.4,0.94,3.09,10170.95,30994.7967,2023-08-01
300132.SZ,2011-03-04,31.66,32.2,31.25,32.05,31.41,0.64,2.04,2122.49,6715.0037,2023-08-01
002466.SZ,2011-03-04,56.0,56.3,55.0,56.13,56.16,-0.03,-0.05,6040.03,33621.6196,2023-08-01
601989.SH,2011-03-04,13.74,14.04,13.51,13.91,13.74,0.17,1.24,293759.32,404839.489,2023-08-01
600841.SH,2011-03-04,16.92,18.52,16.89,18.52,16.84,1.68,9.98,18032.16,33106.147,2023-08-01
000933.SZ,2011-03-04,24.22,25.0,24.0,24.81,24.15,0.66,2.73,152451.18,375076.8811,2023-08-01
600139.SH,2011-03-04,36.1,36.69,36.0,36.45,36.29,0.16,0.44,21103.69,76670.192,2023-08-01
002200.SZ,2011-03-04,25.15,25.53,24.92,25.38,25.1,0.28,1.12,24254.4,61171.8599,2023-08-01
600680.SH,2011-03-04,11.92,12.24,11.86,12.15,11.89,0.26,2.19,15764.4,19077.113,2023-08-01
002342.SZ,2011-03-04,21.79,22.06,21.38,22.0,21.79,0.21,0.96,35208.28,76689.9793,2023-08-01
000069.SZ,2011-03-04,14.22,14.39,13.95,14.28,14.14,0.14,0.99,581295.96,824959.6875,2023-08-01
300033.SZ,2011-03-04,31.3,31.6,31.13,31.59,31.34,0.25,0.8,6381.31,19988.5459,2023-08-01
600675.SH,2011-03-04,7.25,7.58,7.2,7.53,7.26,0.27,3.72,195201.14,144379.66,2023-08-01
600170.SH,2011-03-04,15.8,16.16,15.69,16.15,15.67,0.48,3.06,67177.3,107219.119,2023-08-01
600582.SH,2011-03-04,25.6,26.24,25.5,25.8,25.64,0.16,0.62,32438.48,83892.726,2023-08-01
600422.SH,2011-03-04,13.71,14.63,13.46,14.56,13.76,0.8,5.81,107766.15,152058.658,2023-08-01
600328.SH,2011-03-04,13.6,14.0,13.54,13.97,13.54,0.43,3.18,46317.68,63698.499,2023-08-01
600107.SH,2011-03-04,11.46,11.75,11.42,11.63,11.64,-0.01,-0.09,64746.14,74985.818,2023-08-01
600269.SH,2011-03-04,5.64,5.71,5.62,5.7,5.64,0.06,1.06,110324.16,62600.208,2023-08-01
002398.SZ,2011-03-04,27.51,28.0,27.45,27.99,27.49,0.5,1.82,2995.82,8285.7165,2023-08-01
600373.SH,2011-03-04,19.06,19.83,18.86,19.16,18.89,0.27,1.43,92635.42,176868.709,2023-08-01
600101.SH,2011-03-04,16.68,16.94,16.39,16.78,16.88,-0.1,-0.59,99370.88,165245.065,2023-08-01
002410.SZ,2011-03-04,58.3,62.2,57.4,58.0,58.3,-0.3,-0.51,6996.64,40585.6048,2023-08-01
600462.SH,2011-03-04,5.69,5.75,5.59,5.65,5.71,-0.06,-1.05,48761.74,27543.487,2023-08-01
600856.SH,2011-03-04,6.95,7.14,6.93,7.12,6.98,0.14,2.01,18459.43,12998.16,2023-08-01
600978.SH,2011-03-04,6.46,6.59,6.46,6.58,6.44,0.14,2.17,62801.21,41095.112,2023-08-01
000536.SZ,2011-03-04,22.16,22.41,21.81,22.33,22.1,0.23,1.04,11795.08,26145.8083,2023-08-01
600201.SH,2011-03-04,13.17,13.42,13.16,13.4,13.17,0.23,1.75,28495.37,37873.524,2023-08-01
600359.SH,2011-03-04,17.3,17.3,16.78,17.1,17.08,0.02,0.12,51231.81,86951.657,2023-08-01
600180.SH,2011-03-04,8.86,8.95,8.77,8.85,8.84,0.01,0.11,17710.65,15668.229,2023-08-01
600615.SH,2011-03-04,9.68,9.78,9.51,9.76,9.63,0.13,1.35,18809.54,18195.678,2023-08-01
601101.SH,2011-03-04,46.9,49.0,46.4,48.3,46.73,1.57,3.36,73094.75,351073.233,2023-08-01
600789.SH,2011-03-04,8.85,8.96,8.71,8.89,8.88,0.01,0.11,74632.89,65946.08,2023-08-01
600035.SH,2011-03-04,5.58,5.64,5.57,5.63,5.59,0.04,0.72,53982.05,30287.995,2023-08-01
002421.SZ,2011-03-04,30.6,30.93,30.48,30.84,30.56,0.28,0.92,3895.6,11936.7404,2023-08-01
002297.SZ,2011-03-04,21.98,22.9,21.98,22.8,21.94,0.86,3.92,37636.52,84866.9734,2023-08-01
600605.SH,2011-03-04,14.2,14.45,14.01,14.42,14.23,0.19,1.34,23222.2,33099.095,2023-08-01
600581.SH,2011-03-04,12.83,13.48,12.83,13.27,12.98,0.29,2.23,191547.53,253804.547,2023-08-01
600337.SH,2011-03-04,11.49,11.78,11.44,11.66,11.53,0.13,1.13,68549.62,79534.931,2023-08-01
002519.SZ,2011-03-04,46.4,46.8,46.36,46.67,46.48,0.19,0.41,2879.15,13416.0342,2023-08-01
300068.SZ,2011-03-04,27.19,27.4,26.5,27.18,27.63,-0.45,-1.63,13341.7,35917.3322,2023-08-01
000799.SZ,2011-03-04,19.13,19.4,18.9,19.39,19.16,0.23,1.2,33725.15,64426.9053,2023-08-01
600750.SH,2011-03-04,30.69,31.0,30.12,30.71,30.64,0.07,0.23,16113.76,49161.652,2023-08-01
000665.SZ,2011-03-04,15.48,15.64,15.21,15.47,15.47,0.0,0.0,25664.01,39575.7955,2023-08-01
002119.SZ,2011-03-04,12.65,13.48,12.58,13.2,12.65,0.55,4.35,175812.56,230918.1238,2023-08-01
002244.SZ,2011-03-04,10.66,11.05,10.65,11.0,10.69,0.31,2.9,64402.7,70110.439,2023-08-01
600747.SH,2011-03-04,6.02,6.19,6.02,6.11,6.01,0.1,1.66,77121.73,47136.261,2023-08-01
601601.SH,2011-03-04,23.1,23.45,22.85,23.37,23.11,0.26,1.13,324762.75,752130.161,2023-08-01
002196.SZ,2011-03-04,26.18,26.96,26.1,26.56,26.31,0.25,0.95,22616.61,59987.9913,2023-08-01
002082.SZ,2011-03-04,13.74,14.28,13.72,14.18,13.75,0.43,3.13,69700.76,98284.5275,2023-08-01
601988.SH,2011-03-04,3.3,3.32,3.28,3.31,3.3,0.01,0.3,436623.83,144133.413,2023-08-01
000028.SZ,2011-03-04,28.78,29.01,28.3,28.5,28.87,-0.37,-1.28,23651.8,67337.0075,2023-08-01
600684.SH,2011-03-04,11.11,12.16,11.11,11.84,11.11,0.73,6.57,52153.5,60539.607,2023-08-01
000703.SZ,2011-03-04,46.52,47.0,45.3,46.35,46.5,-0.15,-0.32,11516.29,53087.616,2023-08-01
002213.SZ,2011-03-04,16.35,16.7,16.23,16.48,16.32,0.16,0.98,18861.28,31081.2863,2023-08-01
600078.SH,2011-03-04,8.79,8.88,8.57,8.8,8.82,-0.02,-0.23,182308.84,158870.474,2023-08-01
000888.SZ,2011-03-04,20.3,20.69,20.03,20.28,20.52,-0.24,-1.17,22028.2,44492.8968,2023-08-01
600234.SH,2011-03-04,8.78,8.78,8.63,8.72,8.71,0.01,0.11,23157.68,20178.031,2023-08-01
600169.SH,2011-03-04,24.5,25.16,24.45,25.1,24.5,0.6,2.45,174659.56,435405.604,2023-08-01
600409.SH,2011-03-04,8.79,9.2,8.69,9.18,8.69,0.49,5.64,167859.71,150834.311,2023-08-01
000893.SZ,2011-03-04,26.46,27.06,26.46,27.03,26.62,0.41,1.54,17046.38,45680.1299,2023-08-01
002165.SZ,2011-03-04,15.8,16.15,15.57,16.08,15.72,0.36,2.29,50731.78,80884.9031,2023-08-01
600307.SH,2011-03-04,11.2,11.69,11.2,11.66,11.21,0.45,4.01,156725.67,181422.894,2023-08-01
000530.SZ,2011-03-04,14.46,14.75,14.4,14.7,14.44,0.26,1.8,45816.08,66909.7452,2023-08-01
000683.SZ,2011-03-04,9.2,9.44,9.06,9.37,9.21,0.16,1.74,147186.73,135569.2351,2023-08-01
600724.SH,2011-03-04,6.61,6.61,6.42,6.57,6.68,-0.11,-1.65,83037.47,53996.815,2023-08-01
600397.SH,2011-03-04,16.08,16.53,15.9,16.37,16.05,0.32,1.99,32818.49,53281.592,2023-08-01
000852.SZ,2011-03-04,15.2,15.66,15.2,15.59,15.39,0.2,1.3,65896.13,102072.1273,2023-08-01
002302.SZ,2011-03-04,22.29,22.45,21.85,22.44,22.3,0.14,0.63,21469.55,47545.6139,2023-08-01
300081.SZ,2011-03-04,27.8,27.8,27.31,27.65,27.72,-0.07,-0.25,4120.03,11348.5112,2023-08-01
000989.SZ,2011-03-04,13.99,14.23,13.83,14.05,13.98,0.07,0.5,51841.04,72515.1285,2023-08-01
600285.SH,2011-03-04,12.13,12.22,11.96,12.13,12.11,0.02,0.17,33178.99,40054.957,2023-08-01
000630.SZ,2011-03-04,29.13,29.59,28.83,29.46,29.17,0.29,0.99,243549.77,713022.3246,2023-08-01
600129.SH,2011-03-04,9.52,9.57,9.4,9.55,9.54,0.01,0.1,56458.25,53513.626,2023-08-01
600219.SH,2011-03-04,10.19,10.52,10.19,10.51,10.2,0.31,3.04,152791.12,158839.022,2023-08-01
601818.SH,2011-03-04,3.97,4.0,3.93,3.99,3.98,0.01,0.25,1604116.95,636154.362,2023-08-01
002353.SZ,2011-03-04,128.1,129.47,126.6,129.06,128.04,1.02,0.8,3781.84,48380.7325,2023-08-01
002056.SZ,2011-03-04,37.45,38.15,37.24,37.95,37.6,0.35,0.93,46035.11,173350.7002,2023-08-01
000635.SZ,2011-03-04,17.76,18.55,17.55,18.0,17.79,0.21,1.18,45141.41,81938.5958,2023-08-01
002372.SZ,2011-03-04,20.51,20.69,20.26,20.65,20.51,0.14,0.68,20355.45,41777.4956,2023-08-01
600499.SH,2011-03-04,20.22,20.51,20.15,20.48,20.32,0.16,0.79,44982.9,91435.043,2023-08-01
000678.SZ,2011-03-04,8.28,8.44,8.28,8.4,8.28,0.12,1.45,49539.75,41518.7379,2023-08-01
000813.SZ,2011-03-04,14.4,15.28,14.4,15.06,14.4,0.66,4.58,51043.53,76418.875,2023-08-01
000418.SZ,2011-03-04,20.32,20.47,19.5,20.12,20.31,-0.19,-0.94,38056.31,75629.559,2023-08-01
300028.SZ,2011-03-04,14.7,14.91,14.66,14.89,14.75,0.14,0.95,21795.49,32180.4965,2023-08-01
601699.SH,2011-03-04,57.09,59.18,56.31,58.23,57.12,1.11,1.94,88417.67,510815.077,2023-08-01
002292.SZ,2011-03-04,32.29,32.58,31.85,32.58,32.24,0.34,1.05,7756.52,24920.4364,2023-08-01
601328.SH,2011-03-04,5.66,5.74,5.66,5.72,5.67,0.05,0.88,653169.65,371937.488,2023-08-01
300076.SZ,2011-03-04,25.09,25.2,24.85,25.13,25.08,0.05,0.2,3966.64,9930.7306,2023-08-01
002206.SZ,2011-03-04,22.83,23.39,22.7,23.2,22.83,0.37,1.62,16704.01,38536.4227,2023-08-01
000157.SZ,2011-03-04,14.83,15.26,14.78,15.0,14.83,0.17,1.15,844790.84,1270826.7355,2023-08-01
000712.SZ,2011-03-04,16.05,16.35,15.95,16.27,16.03,0.24,1.5,19621.78,31733.3834,2023-08-01
300066.SZ,2011-03-04,50.42,51.5,50.42,51.41,50.71,0.7,1.38,1871.2,9534.37,2023-08-01
002164.SZ,2011-03-04,16.91,17.39,16.81,17.38,16.95,0.43,2.54,12873.23,22137.1716,2023-08-01
601179.SH,2011-03-04,8.15,8.3,8.15,8.25,8.14,0.11,1.35,202684.78,166502.544,2023-08-01
600366.SH,2011-03-04,25.75,26.22,25.7,26.08,25.89,0.19,0.73,56909.01,147676.828,2023-08-01
000650.SZ,2011-03-04,19.82,20.19,19.5,20.0,19.8,0.2,1.01,22139.57,43817.4061,2023-08-01
002363.SZ,2011-03-04,20.3,20.58,19.69,20.08,20.6,-0.52,-2.52,18931.26,37916.73,2023-08-01
002507.SZ,2011-03-04,23.78,23.9,23.38,23.84,23.86,-0.02,-0.08,22758.65,53846.1045,2023-08-01
000540.SZ,2011-03-04,13.21,13.46,12.98,13.4,13.2,0.2,1.52,123207.39,162878.9006,2023-08-01
600312.SH,2011-03-04,11.7,11.93,11.55,11.87,11.69,0.18,1.54,110707.77,129708.566,2023-08-01
002526.SZ,2011-03-04,26.01,26.5,25.65,26.37,26.01,0.36,1.38,17565.77,45861.6347,2023-08-01
002502.SZ,2011-03-04,27.24,27.48,27.05,27.35,27.24,0.11,0.4,5077.71,13867.3254,2023-08-01
002458.SZ,2011-03-04,36.22,36.59,35.6,36.59,36.22,0.37,1.02,12155.46,43802.9088,2023-08-01
600116.SH,2011-03-04,20.8,21.04,20.15,20.86,20.84,0.02,0.1,108409.04,223703.511,2023-08-01
000411.SZ,2011-03-04,10.61,10.65,10.49,10.64,10.62,0.02,0.19,21022.8,22237.4051,2023-08-01
002485.SZ,2011-03-04,23.45,23.81,23.42,23.77,23.49,0.28,1.19,7308.71,17312.1092,2023-08-01
600054.SH,2011-03-04,19.84,20.25,19.77,19.93,20.06,-0.13,-0.65,19930.0,39787.812,2023-08-01
600281.SH,2011-03-04,13.41,14.05,13.39,14.04,13.44,0.6,4.46,128480.31,177782.2,2023-08-01
002487.SZ,2011-03-04,33.9,34.51,33.82,34.5,33.9,0.6,1.77,8142.25,27875.4022,2023-08-01
600250.SH,2011-03-04,9.26,9.36,9.18,9.26,9.26,0.0,0.0,23091.1,21356.26,2023-08-01
000551.SZ,2011-03-04,16.49,16.65,16.23,16.6,16.23,0.37,2.28,27981.09,46105.3207,2023-08-01
601005.SH,2011-03-04,3.91,4.05,3.9,3.97,3.91,0.06,1.53,92783.61,37020.662,2023-08-01
002233.SZ,2011-03-04,17.75,18.26,17.51,18.09,17.84,0.25,1.4,105738.7,190339.6262,2023-08-01
601333.SH,2011-03-04,3.64,3.68,3.63,3.66,3.65,0.01,0.27,318429.73,116559.974,2023-08-01
600015.SH,2011-03-04,12.11,12.56,12.05,12.5,12.1,0.4,3.31,806583.8,990022.725,2023-08-01
002329.SZ,2011-03-04,50.8,55.25,50.8,51.89,50.35,1.54,3.06,7953.99,42186.3032,2023-08-01
600377.SH,2011-03-04,6.66,6.7,6.61,6.69,6.66,0.03,0.45,41684.23,27724.571,2023-08-01
000680.SZ,2011-03-04,23.03,23.98,22.74,23.98,23.11,0.87,3.76,271113.03,639442.4462,2023-08-01
600159.SH,2011-03-04,5.18,5.29,5.14,5.29,5.18,0.11,2.12,160654.49,84221.268,2023-08-01
000598.SZ,2011-03-04,21.47,21.56,21.1,21.56,21.47,0.09,0.42,19488.75,41619.0084,2023-08-01
600330.SH,2011-03-04,16.38,16.61,16.1,16.48,16.39,0.09,0.55,160351.54,261746.092,2023-08-01
600141.SH,2011-03-04,24.0,24.2,22.89,24.19,23.9,0.29,1.21,96721.01,226777.978,2023-08-01
002145.SZ,2011-03-04,8.2,8.29,8.14,8.25,8.2,0.05,0.61,21039.81,17267.6494,2023-08-01
000090.SZ,2011-03-04,10.84,11.23,10.84,11.18,10.91,0.27,2.47,152155.55,167903.0356,2023-08-01
600083.SH,2011-03-04,7.21,7.5,7.21,7.31,7.3,0.01,0.14,21642.2,15896.119,2023-08-01
600119.SH,2011-03-04,8.5,8.64,8.38,8.63,8.55,0.08,0.94,21074.78,17951.015,2023-08-01
000524.SZ,2011-03-04,10.39,10.57,10.32,10.57,10.4,0.17,1.63,24149.3,25230.5436,2023-08-01
601007.SH,2011-03-04,9.6,9.75,9.56,9.7,9.59,0.11,1.15,15523.76,15038.322,2023-08-01
600090.SH,2011-03-04,12.88,13.36,12.75,13.25,12.97,0.28,2.16,191672.6,251708.499,2023-08-01
600029.SH,2011-03-04,8.52,8.74,8.46,8.74,8.51,0.23,2.7,478078.56,411956.57,2023-08-01
002454.SZ,2011-03-04,27.9,28.45,27.9,28.45,27.9,0.55,1.97,9527.73,26798.2599,2023-08-01
601788.SH,2011-03-04,15.79,15.99,15.58,15.97,15.76,0.21,1.33,146289.22,230800.993,2023-08-01
000910.SZ,2011-03-04,8.68,8.89,8.68,8.87,8.66,0.21,2.42,68968.74,60878.2011,2023-08-01
600305.SH,2011-03-04,17.22,17.35,16.97,17.27,17.25,0.02,0.12,10191.01,17475.318,2023-08-01
000430.SZ,2011-03-04,9.96,10.27,9.92,10.27,9.96,0.31,3.11,48048.91,48379.9896,2023-08-01
600113.SH,2011-03-04,9.2,9.29,9.11,9.25,9.16,0.09,0.98,26631.08,24502.741,2023-08-01
000961.SZ,2011-03-04,10.58,11.1,10.5,11.06,10.57,0.49,4.64,182197.62,196892.7802,2023-08-01
000596.SZ,2011-03-04,78.8,80.44,78.0,79.12,79.1,0.02,0.03,1444.83,11417.2335,2023-08-01
002356.SZ,2011-03-04,31.3,32.18,31.03,31.99,31.33,0.66,2.11,10827.53,34392.0482,2023-08-01
300154.SZ,2011-03-04,36.93,37.63,36.88,37.26,37.03,0.23,0.62,4095.81,15245.5605,2023-08-01
000002.SZ,2011-03-04,8.24,8.35,8.21,8.34,8.19,0.15,1.83,994951.71,824340.125,2023-08-01
002367.SZ,2011-03-04,28.75,29.6,28.75,29.51,29.0,0.51,1.76,14195.04,41628.3287,2023-08-01
002098.SZ,2011-03-04,14.69,14.97,14.65,14.91,14.69,0.22,1.5,11393.68,16909.5295,2023-08-01
300082.SZ,2011-03-04,51.77,52.35,51.62,52.27,51.76,0.51,0.99,7612.67,39562.7332,2023-08-01
002045.SZ,2011-03-04,17.2,17.4,16.76,17.16,17.33,-0.17,-0.98,33833.69,57425.3262,2023-08-01
002399.SZ,2011-03-04,127.6,129.51,127.6,128.82,127.3,1.52,1.19,4316.77,55522.3612,2023-08-01
600112.SH,2011-03-04,15.8,16.16,15.8,16.0,15.88,0.12,0.76,68417.11,109605.383,2023-08-01
000807.SZ,2011-03-04,12.08,12.53,12.08,12.5,12.03,0.47,3.91,132246.44,162607.566,2023-08-01
000815.SZ,2011-03-04,6.82,7.09,6.74,7.02,6.82,0.2,2.93,91191.69,62852.4162,2023-08-01
300039.SZ,2011-03-04,43.98,44.18,41.72,42.54,43.8,-1.26,-2.88,12817.85,54380.9763,2023-08-01
600690.SH,2011-03-04,30.07,30.07,29.45,29.79,30.18,-0.39,-1.29,134330.63,397539.401,2023-08-01
000868.SZ,2011-03-04,11.7,12.27,11.5,12.17,11.74,0.43,3.66,145999.11,175301.7364,2023-08-01
600076.SH,2011-03-04,5.98,6.06,5.96,6.03,6.02,0.01,0.17,36405.92,21877.626,2023-08-01
002256.SZ,2011-03-04,22.51,23.0,21.92,22.7,22.75,-0.05,-0.22,105506.77,237085.2779,2023-08-01
002528.SZ,2011-03-04,47.6,47.77,46.9,47.67,47.66,0.01,0.02,7565.11,35856.6678,2023-08-01
600203.SH,2011-03-04,7.37,7.45,7.33,7.39,7.39,0.0,0.0,25280.09,18705.5,2023-08-01
000637.SZ,2011-03-04,8.73,8.93,8.73,8.88,8.71,0.17,1.95,35790.64,31658.8141,2023-08-01
600503.SH,2011-03-04,20.93,22.45,20.6,21.95,20.92,1.03,4.92,58179.04,125601.26,2023-08-01
002432.SZ,2011-03-04,27.7,27.7,26.54,27.13,27.51,-0.38,-1.38,10016.4,26912.7024,2023-08-01
300089.SZ,2011-03-04,20.0,20.13,19.71,20.1,20.01,0.09,0.45,11936.26,23756.1841,2023-08-01
600798.SH,2011-03-04,5.44,5.57,5.31,5.54,5.56,-0.02,-0.36,607660.31,331968.534,2023-08-01
002227.SZ,2011-03-04,36.99,36.99,34.8,35.64,35.4,0.24,0.68,56426.93,202611.1787,2023-08-01
600745.SH,2011-03-04,8.24,8.51,8.24,8.47,8.3,0.17,2.05,31878.64,26786.366,2023-08-01
600513.SH,2011-03-04,19.58,19.77,19.22,19.66,19.54,0.12,0.61,25828.43,50257.973,2023-08-01
002296.SZ,2011-03-04,57.32,58.0,57.3,57.91,57.32,0.59,1.03,3620.09,20868.2612,2023-08-01
600212.SH,2011-03-04,4.77,4.85,4.71,4.83,4.72,0.11,2.33,65406.41,31331.196,2023-08-01
002198.SZ,2011-03-04,16.08,16.41,16.06,16.36,16.08,0.28,1.74,7080.01,11483.9562,2023-08-01
600438.SH,2011-03-04,9.76,9.76,9.52,9.73,9.69,0.04,0.41,56932.27,54973.965,2023-08-01
002221.SZ,2011-03-04,10.93,11.0,10.74,10.96,11.06,-0.1,-0.9,44553.88,48453.3139,2023-08-01
300137.SZ,2011-03-04,29.58,29.99,28.65,29.71,29.58,0.13,0.44,10770.75,31486.9093,2023-08-01
600623.SH,2011-03-04,18.1,18.5,17.81,18.3,17.99,0.31,1.72,46657.18,85099.96,2023-08-01
601890.SH,2011-03-04,20.94,21.19,20.92,21.17,20.95,0.22,1.05,17074.83,35943.581,2023-08-01
002375.SZ,2011-03-04,74.58,75.7,73.84,75.5,74.58,0.92,1.23,2976.42,22159.5396,2023-08-01
600399.SH,2011-03-04,7.19,7.41,7.19,7.36,7.15,0.21,2.94,55901.84,40947.474,2023-08-01
300037.SZ,2011-03-04,42.12,42.46,41.5,42.11,42.08,0.03,0.07,7461.5,31336.7283,2023-08-01
002281.SZ,2011-03-04,43.23,43.81,42.8,43.2,43.2,0.0,0.0,5769.67,24883.1367,2023-08-01
002011.SZ,2011-03-04,27.1,27.47,26.48,27.25,27.48,-0.23,-0.84,39043.8,105121.134,2023-08-01
000720.SZ,2011-03-04,4.57,4.61,4.55,4.61,4.56,0.05,1.1,59998.12,27517.8537,2023-08-01
600195.SH,2011-03-04,23.01,23.25,22.88,23.22,23.08,0.14,0.61,20223.32,46642.152,2023-08-01
600403.SH,2011-03-04,34.2,35.24,34.15,34.94,34.39,0.55,1.6,21764.49,75980.286,2023-08-01
600683.SH,2011-03-04,8.08,8.19,7.91,8.11,8.27,-0.16,-1.93,292521.88,235519.812,2023-08-01
600900.SH,2011-03-04,7.78,7.86,7.77,7.83,7.78,0.05,0.64,402475.56,314505.31,2023-08-01
002047.SZ,2011-03-04,5.17,5.22,5.14,5.22,5.18,0.04,0.77,35939.43,18637.547,2023-08-01
300008.SZ,2011-03-04,36.26,36.32,34.8,35.9,36.01,-0.11,-0.31,13321.68,47406.2674,2023-08-01
600594.SH,2011-03-04,19.95,20.36,19.68,19.79,19.94,-0.15,-0.75,36453.68,72568.891,2023-08-01
600522.SH,2011-03-04,28.04,28.58,27.9,28.44,28.04,0.4,1.43,43921.83,123864.084,2023-08-01
002232.SZ,2011-03-04,19.8,20.27,19.71,20.18,19.87,0.31,1.56,37793.86,75535.644,2023-08-01
002022.SZ,2011-03-04,17.42,17.63,17.23,17.6,17.48,0.12,0.69,64449.6,112354.4721,2023-08-01
000507.SZ,2011-03-04,14.54,15.54,14.54,15.51,14.52,0.99,6.82,173148.91,262921.8977,2023-08-01
600596.SH,2011-03-04,15.02,15.08,14.72,14.97,14.96,0.01,0.07,77280.08,114867.428,2023-08-01
002176.SZ,2011-03-04,23.57,23.96,22.95,23.96,23.31,0.65,2.79,171156.56,403763.8732,2023-08-01
002404.SZ,2011-03-04,20.4,20.54,20.2,20.44,20.25,0.19,0.94,9221.42,18783.8106,2023-08-01
600048.SH,2011-03-04,12.78,13.1,12.63,13.09,12.78,0.31,2.43,592749.31,766866.527,2023-08-01
600289.SH,2011-03-04,12.84,13.08,12.61,13.0,12.81,0.19,1.48,74219.43,95299.729,2023-08-01
600826.SH,2011-03-04,19.38,19.5,18.81,19.4,19.23,0.17,0.88,19957.29,38407.613,2023-08-01
002263.SZ,2011-03-04,11.65,11.88,11.53,11.8,11.72,0.08,0.68,41008.54,48224.9741,2023-08-01
600815.SH,2011-03-04,17.01,17.57,16.8,17.38,17.07,0.31,1.82,135966.46,234927.806,2023-08-01
600418.SH,2011-03-04,13.65,13.88,13.56,13.82,13.74,0.08,0.58,201394.13,276815.224,2023-08-01
002388.SZ,2011-03-04,27.79,28.46,27.33,28.0,27.81,0.19,0.68,19016.76,53369.7762,2023-08-01
600211.SH,2011-03-04,16.72,17.2,16.7,16.85,16.65,0.2,1.2,46399.44,78520.945,2023-08-01
600108.SH,2011-03-04,7.55,7.84,7.35,7.79,7.46,0.33,4.42,545891.17,414524.607,2023-08-01
600706.SH,2011-03-04,18.0,18.0,17.7,17.92,17.86,0.06,0.34,5091.92,9063.711,2023-08-01
002334.SZ,2011-03-04,57.6,58.25,57.0,58.0,57.6,0.4,0.69,6976.14,40145.4805,2023-08-01
600069.SH,2011-03-04,9.85,10.63,9.71,10.33,9.67,0.66,6.83,676193.83,695837.617,2023-08-01
601718.SH,2011-03-04,4.22,4.34,4.21,4.3,4.22,0.08,1.9,271565.72,116301.42,2023-08-01
601607.SH,2011-03-04,20.91,21.15,20.62,21.0,20.88,0.12,0.57,59174.56,123612.252,2023-08-01
601588.SH,2011-03-04,3.54,3.6,3.52,3.59,3.53,0.06,1.7,154233.71,54916.036,2023-08-01
600531.SH,2011-03-04,30.79,31.3,30.28,30.97,31.09,-0.12,-0.39,94983.94,291557.507,2023-08-01
600515.SH,2011-03-04,7.27,7.52,7.23,7.5,7.27,0.23,3.16,50918.3,37668.052,2023-08-01
300030.SZ,2011-03-04,31.28,31.37,30.8,31.3,31.28,0.02,0.06,5364.33,16648.9358,2023-08-01
002346.SZ,2011-03-04,24.35,24.7,23.83,23.93,24.5,-0.57,-2.33,11328.75,27312.3279,2023-08-01
600664.SH,2011-03-04,21.04,21.2,20.9,21.09,21.08,0.01,0.05,139367.25,293170.403,2023-08-01
600228.SH,2011-03-04,10.78,10.89,10.63,10.83,10.68,0.15,1.4,19853.75,21423.47,2023-08-01
600887.SH,2011-03-04,37.5,37.97,37.3,37.64,37.27,0.37,0.99,46434.78,174564.192,2023-08-01
300011.SZ,2011-03-04,37.5,37.85,36.6,37.29,37.5,-0.21,-0.56,12082.8,44899.8688,2023-08-01
600990.SH,2011-03-04,29.25,30.13,29.25,30.09,29.43,0.66,2.24,10598.4,31620.466,2023-08-01
002001.SZ,2011-03-04,25.96,26.29,25.73,26.29,25.94,0.35,1.35,35437.74,92319.1853,2023-08-01
002400.SZ,2011-03-04,47.8,48.48,47.35,48.1,47.95,0.15,0.31,5128.33,24499.0126,2023-08-01
600082.SH,2011-03-04,7.2,7.31,7.0,7.18,7.1,0.08,1.13,404106.04,287976.237,2023-08-01
002002.SZ,2011-03-04,6.95,7.01,6.89,7.01,6.98,0.03,0.43,13316.68,9257.6498,2023-08-01
000939.SZ,2011-03-04,15.29,15.34,14.88,15.23,15.34,-0.11,-0.72,69250.94,104744.8834,2023-08-01
002444.SZ,2011-03-04,36.05,36.35,35.75,36.24,35.98,0.26,0.72,13830.08,49778.3739,2023-08-01
300153.SZ,2011-03-04,36.01,36.2,35.5,36.14,36.0,0.14,0.39,3269.42,11702.9963,2023-08-01
600055.SH,2011-03-04,15.23,15.31,15.02,15.24,15.23,0.01,0.07,21895.16,33118.615,2023-08-01
002152.SZ,2011-03-04,42.0,43.2,41.27,42.3,42.61,-0.31,-0.73,16953.38,71992.4417,2023-08-01
000713.SZ,2011-03-04,19.51,19.95,19.51,19.77,19.6,0.17,0.87,62098.61,122504.865,2023-08-01
600606.SH,2011-03-04,7.79,7.97,7.71,7.94,7.79,0.15,1.93,65713.6,51669.739,2023-08-01
600036.SH,2011-03-04,14.18,14.34,13.91,14.22,14.03,0.19,1.35,1972610.03,2789248.375,2023-08-01
300144.SZ,2011-03-04,48.35,48.75,47.57,48.19,48.15,0.04,0.08,8982.63,43091.9827,2023-08-01
300121.SZ,2011-03-04,29.97,30.85,29.8,30.71,29.35,1.36,4.63,19828.22,60421.7682,2023-08-01
002272.SZ,2011-03-04,23.78,23.96,23.34,23.92,23.78,0.14,0.59,7399.1,17477.9396,2023-08-01
600749.SH,2011-03-04,15.55,16.5,15.5,16.08,15.55,0.53,3.41,55674.59,89365.623,2023-08-01
000919.SZ,2011-03-04,10.75,10.83,10.65,10.78,10.73,0.05,0.47,36143.49,38758.6479,2023-08-01
600969.SH,2011-03-04,17.15,17.76,17.0,17.55,17.16,0.39,2.27,23428.12,40880.964,2023-08-01
600801.SH,2011-03-04,43.8,45.5,43.21,44.39,43.73,0.66,1.51,20641.97,92366.729,2023-08-01
002274.SZ,2011-03-04,12.35,12.58,12.29,12.48,12.52,-0.04,-0.32,27937.19,34785.4646,2023-08-01
600072.SH,2011-03-04,24.7,25.32,24.0,24.89,24.48,0.41,1.67,127702.46,314393.283,2023-08-01
600578.SH,2011-03-04,10.91,11.08,10.82,11.05,10.9,0.15,1.38,21808.58,23955.844,2023-08-01
000544.SZ,2011-03-04,12.31,12.7,12.27,12.58,12.29,0.29,2.36,44433.91,55605.9634,2023-08-01
600467.SH,2011-03-04,13.86,14.2,13.73,14.16,13.76,0.4,2.91,184614.63,258270.338,2023-08-01
600343.SH,2011-03-04,24.67,25.54,24.51,25.19,24.83,0.36,1.45,27184.88,68204.969,2023-08-01
000531.SZ,2011-03-04,12.3,12.48,12.16,12.44,12.3,0.14,1.14,19031.96,23479.4728,2023-08-01
000676.SZ,2011-03-04,5.65,5.74,5.64,5.72,5.65,0.07,1.24,29869.53,17024.8172,2023-08-01
600038.SH,2011-03-04,28.69,29.75,28.45,29.52,28.68,0.84,2.93,21362.21,62305.621,2023-08-01
000753.SZ,2011-03-04,7.46,7.53,7.35,7.51,7.42,0.09,1.21,39471.03,29394.8995,2023-08-01
600370.SH,2011-03-04,6.53,6.79,6.51,6.78,6.52,0.26,3.99,64980.32,43631.08,2023-08-01
601888.SH,2011-03-04,29.47,30.32,29.47,30.17,29.36,0.81,2.76,44765.6,134251.423,2023-08-01
600662.SH,2011-03-04,7.61,7.67,7.48,7.66,7.59,0.07,0.92,116860.13,88754.526,2023-08-01
300083.SZ,2011-03-04,43.44,44.2,43.44,43.94,43.5,0.44,1.01,1227.03,5375.6494,2023-08-01
000668.SZ,2011-03-04,12.25,12.57,12.22,12.42,12.36,0.06,0.49,25186.76,31186.7703,2023-08-01
600111.SH,2011-03-04,80.07,81.0,78.92,80.53,80.08,0.45,0.56,240389.1,1928838.164,2023-08-01
600331.SH,2011-03-04,16.46,16.84,16.33,16.8,16.56,0.24,1.45,219176.73,363703.625,2023-08-01
600853.SH,2011-03-04,4.56,4.64,4.56,4.63,4.58,0.05,1.09,39528.75,18229.366,2023-08-01
002041.SZ,2011-03-04,62.89,64.02,62.82,63.29,62.96,0.33,0.52,17145.99,108710.0781,2023-08-01
600446.SH,2011-03-04,13.65,13.92,13.6,13.91,13.65,0.26,1.9,8643.79,11934.951,2023-08-01
000429.SZ,2011-03-04,4.88,4.92,4.85,4.92,4.88,0.04,0.82,27557.41,13472.6933,2023-08-01
600696.SH,2011-03-04,6.08,6.33,6.04,6.27,6.08,0.19,3.13,59814.36,37105.62,2023-08-01
600694.SH,2011-03-04,45.36,45.49,44.68,45.17,45.43,-0.26,-0.57,12690.02,57150.264,2023-08-01
600070.SH,2011-03-04,10.83,11.5,10.74,11.21,10.85,0.36,3.32,71278.63,79788.51,2023-08-01
002174.SZ,2011-03-04,14.9,15.29,14.89,15.2,15.0,0.2,1.33,7135.69,10765.0706,2023-08-01
002560.SZ,2011-03-04,30.86,31.94,30.8,31.18,32.45,-1.27,-3.91,55058.54,171580.3713,2023-08-01
600613.SH,2011-03-04,12.68,13.96,12.66,13.87,12.72,1.15,9.04,48863.72,66044.247,2023-08-01
002456.SZ,2011-03-04,59.85,63.99,59.03,63.99,59.9,4.09,6.83,6198.57,38365.8683,2023-08-01
600730.SH,2011-03-04,10.56,11.42,10.4,11.42,10.38,1.04,10.02,242521.84,269362.351,2023-08-01
002100.SZ,2011-03-04,23.39,23.9,23.21,23.83,23.6,0.23,0.97,39646.86,93710.7632,2023-08-01
000594.SZ,2011-03-04,3.9,3.93,3.87,3.92,3.91,0.01,0.26,207513.04,81074.2427,2023-08-01
002012.SZ,2011-03-04,16.21,16.45,16.1,16.39,16.3,0.09,0.55,42650.22,69428.0076,2023-08-01
300001.SZ,2011-03-04,42.59,43.18,42.22,43.18,42.6,0.58,1.36,9006.67,38462.0373,2023-08-01
002463.SZ,2011-03-04,15.4,15.64,15.4,15.6,15.41,0.19,1.23,9785.97,15182.0477,2023-08-01
002300.SZ,2011-03-04,19.8,20.15,19.72,20.0,19.76,0.24,1.21,7750.14,15479.1877,2023-08-01
600489.SH,2011-03-04,37.01,37.55,36.85,37.34,37.38,-0.04,-0.11,103113.62,383002.921,2023-08-01
600225.SH,2011-03-04,7.2,7.55,7.1,7.53,7.28,0.25,3.43,73622.3,54566.48,2023-08-01
300088.SZ,2011-03-04,52.8,53.3,51.7,52.6,53.15,-0.55,-1.03,13875.34,72757.6544,2023-08-01
000402.SZ,2011-03-04,6.6,6.72,6.57,6.7,6.56,0.14,2.13,456546.69,304070.8993,2023-08-01
002347.SZ,2011-03-04,25.08,25.5,25.05,25.4,25.33,0.07,0.28,9612.35,24320.0104,2023-08-01
600368.SH,2011-03-04,7.47,7.69,7.41,7.63,7.46,0.17,2.28,88807.25,67399.413,2023-08-01
002129.SZ,2011-03-04,31.2,31.8,30.4,31.16,31.54,-0.38,-1.2,17835.94,55420.4308,2023-08-01
600770.SH,2011-03-04,23.28,23.55,22.96,23.42,23.35,0.07,0.3,94397.23,219222.617,2023-08-01
300113.SZ,2011-03-04,65.55,66.5,65.55,66.33,65.9,0.43,0.65,972.26,6417.8107,2023-08-01
000928.SZ,2011-03-04,14.93,15.2,14.73,15.12,14.98,0.14,0.93,81286.36,121489.609,2023-08-01
002030.SZ,2011-03-04,13.82,13.92,13.51,13.88,13.78,0.1,0.73,41933.64,57624.8237,2023-08-01
600717.SH,2011-03-04,8.76,8.95,8.76,8.92,8.76,0.16,1.83,86092.6,76449.295,2023-08-01
600712.SH,2011-03-04,9.79,9.88,9.68,9.86,9.8,0.06,0.61,47600.74,46509.003,2023-08-01
002394.SZ,2011-03-04,45.26,45.8,45.22,45.7,45.24,0.46,1.02,3906.11,17764.9428,2023-08-01
601877.SH,2011-03-04,20.85,21.08,20.55,21.01,20.81,0.2,0.96,24114.83,50126.074,2023-08-01
002192.SZ,2011-03-04,28.52,28.86,28.2,28.8,28.76,0.04,0.14,18708.38,53313.6136,2023-08-01
000600.SZ,2011-03-04,5.56,5.65,5.54,5.63,5.56,0.07,1.26,31786.91,17773.452,2023-08-01
002239.SZ,2011-03-04,10.06,10.26,9.94,10.23,10.03,0.2,1.99,20471.44,20734.4172,2023-08-01
000065.SZ,2011-03-04,19.78,20.09,19.5,19.88,19.81,0.07,0.35,14440.28,28568.2273,2023-08-01
000723.SZ,2011-03-04,15.65,16.2,15.65,16.09,15.86,0.23,1.45,15265.7,24405.3641,2023-08-01
002309.SZ,2011-03-04,26.6,27.5,26.45,27.3,26.51,0.79,2.98,25391.0,68705.9923,2023-08-01
300109.SZ,2011-03-04,57.77,58.57,57.61,57.98,57.93,0.05,0.09,1594.44,9237.6693,2023-08-01
002337.SZ,2011-03-04,27.13,27.34,26.96,27.28,27.13,0.15,0.55,3014.42,8181.1043,2023-08-01
300183.SZ,2011-03-04,43.56,44.76,43.5,44.59,43.6,0.99,2.27,17464.84,77562.8311,2023-08-01
600547.SH,2011-03-04,49.0,49.58,48.5,49.32,49.55,-0.23,-0.46,126779.89,620605.817,2023-08-01
600050.SH,2011-03-04,5.99,6.06,5.96,5.99,5.98,0.01,0.17,1477563.42,887286.399,2023-08-01
601666.SH,2011-03-04,19.6,20.15,19.52,20.1,19.54,0.56,2.87,247169.59,492723.617,2023-08-01
002552.SZ,2011-03-04,25.79,28.0,25.31,27.1,25.86,1.24,4.8,44936.93,117419.6794,2023-08-01
000553.SZ,2011-03-04,9.23,9.35,9.2,9.26,9.25,0.01,0.11,35155.03,32592.8544,2023-08-01
002547.SZ,2011-03-04,20.76,21.13,20.76,21.1,20.88,0.22,1.05,12653.23,26535.2467,2023-08-01
002214.SZ,2011-03-04,46.85,51.54,46.85,51.54,46.85,4.69,10.01,32697.89,166960.677,2023-08-01
600235.SH,2011-03-04,9.21,9.32,9.19,9.29,9.21,0.08,0.87,16169.41,14992.565,2023-08-01
000410.SZ,2011-03-04,13.06,13.3,12.95,13.3,13.16,0.14,1.06,81162.36,106558.9029,2023-08-01
600213.SH,2011-03-04,18.59,20.03,18.5,20.03,18.21,1.82,9.99,78902.29,154127.372,2023-08-01
002076.SZ,2011-03-04,10.23,10.42,10.2,10.36,10.22,0.14,1.37,15576.4,16051.8724,2023-08-01
002039.SZ,2011-03-04,20.51,20.58,20.11,20.43,20.55,-0.12,-0.58,19350.38,39266.6969,2023-08-01
000007.SZ,2011-03-04,8.71,9.09,8.63,9.07,8.67,0.4,4.61,68103.36,60457.586,2023-08-01
002276.SZ,2011-03-04,14.26,14.41,14.14,14.36,14.26,0.1,0.7,12262.83,17484.2189,2023-08-01
300005.SZ,2011-03-04,30.98,30.99,29.6,29.7,30.85,-1.15,-3.73,22227.44,66670.5685,2023-08-01
600110.SH,2011-03-04,7.99,8.09,7.93,8.06,8.01,0.05,0.62,136913.17,109853.021,2023-08-01
300111.SZ,2011-03-04,24.15,25.15,24.15,25.05,24.05,1.0,4.16,49061.18,122095.8451,2023-08-01
600546.SH,2011-03-04,29.88,30.97,28.87,30.81,30.23,0.58,1.92,129500.69,386560.708,2023-08-01
600419.SH,2011-03-04,13.71,14.09,13.71,13.99,13.81,0.18,1.3,9411.79,13105.193,2023-08-01
000033.SZ,2011-03-04,6.12,6.18,6.06,6.16,6.14,0.02,0.33,37645.53,23033.6977,2023-08-01
002028.SZ,2011-03-04,23.72,23.88,23.52,23.85,23.7,0.15,0.63,42595.48,100811.9077,2023-08-01
000022.SZ,2011-03-04,17.85,18.25,17.7,18.17,17.81,0.36,2.02,44408.37,79976.767,2023-08-01
002051.SZ,2011-03-04,36.0,36.79,36.0,36.71,36.01,0.7,1.94,6163.04,22413.0996,2023-08-01
601700.SH,2011-03-04,28.71,29.06,28.71,29.02,28.7,0.32,1.12,3566.89,10300.973,2023-08-01
600616.SH,2011-03-04,12.27,12.35,12.13,12.32,12.23,0.09,0.74,33932.65,41566.459,2023-08-01
002336.SZ,2011-03-04,23.04,23.32,22.8,23.18,23.18,0.0,0.0,22688.96,52247.5377,2023-08-01
601001.SH,2011-03-04,19.15,19.75,19.1,19.67,19.21,0.46,2.39,127727.57,248956.84,2023-08-01
600561.SH,2011-03-04,12.21,12.33,12.16,12.31,12.19,0.12,0.98,20995.22,25714.355,2023-08-01
600193.SH,2011-03-04,14.95,15.3,14.89,15.08,15.01,0.07,0.47,42842.58,64524.975,2023-08-01
300100.SZ,2011-03-04,37.01,37.47,36.95,37.38,37.01,0.37,1.0,2978.84,11077.503,2023-08-01
002386.SZ,2011-03-04,16.68,16.82,16.25,16.72,16.68,0.04,0.24,25154.5,41538.3583,2023-08-01
601688.SH,2011-03-04,14.33,14.65,14.25,14.61,14.36,0.25,1.74,230071.55,333455.99,2023-08-01
600713.SH,2011-03-04,11.52,11.6,11.39,11.56,11.5,0.06,0.52,36157.11,41587.831,2023-08-01
002131.SZ,2011-03-04,21.49,21.83,20.9,21.53,21.53,0.0,0.0,57674.21,123593.9975,2023-08-01
002415.SZ,2011-03-04,84.3,86.8,83.93,84.4,85.23,-0.83,-0.97,6630.49,56085.2301,2023-08-01
002498.SZ,2011-03-04,35.67,36.2,35.58,36.01,35.65,0.36,1.01,11489.05,41187.1539,2023-08-01
600259.SH,2011-03-04,70.5,71.35,68.88,70.31,71.31,-1.0,-1.4,80565.96,562885.746,2023-08-01
000785.SZ,2011-03-04,10.81,10.96,10.81,10.92,10.85,0.07,0.65,32315.5,35195.7943,2023-08-01
300101.SZ,2011-03-04,86.99,87.8,85.78,87.51,87.5,0.01,0.01,993.84,8638.3063,2023-08-01
000752.SZ,2011-03-04,13.1,13.63,12.86,13.55,13.18,0.37,2.81,176482.55,235469.5064,2023-08-01
300176.SZ,2011-03-04,19.88,20.28,19.88,20.28,19.86,0.42,2.11,7476.44,15003.0222,2023-08-01
300077.SZ,2011-03-04,114.1,114.6,112.53,114.3,114.1,0.2,0.18,5179.04,58703.7022,2023-08-01
600329.SH,2011-03-04,14.06,14.27,14.01,14.27,14.12,0.15,1.06,29027.66,40992.177,2023-08-01
002138.SZ,2011-03-04,25.43,25.63,24.6,25.29,25.43,-0.14,-0.55,42028.7,104724.3438,2023-08-01
600021.SH,2011-03-04,4.45,4.5,4.36,4.46,4.45,0.01,0.22,152222.57,67270.696,2023-08-01
600415.SH,2011-03-04,32.35,33.03,32.04,32.92,32.37,0.55,1.7,75310.02,245537.02,2023-08-01
002380.SZ,2011-03-04,45.26,45.73,45.08,45.73,45.07,0.66,1.46,2462.1,11183.6425,2023-08-01
600590.SH,2011-03-04,12.07,12.58,12.03,12.55,12.05,0.5,4.15,94936.7,117017.98,2023-08-01
000932.SZ,2011-03-04,3.97,4.12,3.97,4.1,3.97,0.13,3.27,262342.21,107034.5779,2023-08-01
002531.SZ,2011-03-04,23.01,23.68,23.01,23.63,22.95,0.68,2.96,14199.78,33282.3276,2023-08-01
001896.SZ,2011-03-04,5.29,5.34,5.24,5.33,5.29,0.04,0.76,12404.47,6562.4678,2023-08-01
000537.SZ,2011-03-04,9.17,9.39,9.01,9.33,9.17,0.16,1.74,86093.31,79300.0179,2023-08-01
002341.SZ,2011-03-04,38.66,39.29,38.66,39.0,38.62,0.38,0.98,2126.11,8286.3872,2023-08-01
300050.SZ,2011-03-04,70.68,73.0,70.68,72.8,70.67,2.13,3.01,4782.31,34480.2744,2023-08-01
300029.SZ,2011-03-04,34.59,34.9,33.8,34.28,34.6,-0.32,-0.92,20666.77,70614.4674,2023-08-01
300155.SZ,2011-03-04,44.25,44.29,43.88,44.25,44.19,0.06,0.14,1565.07,6892.7949,2023-08-01
600812.SH,2011-03-04,15.1,15.15,14.84,15.03,15.1,-0.07,-0.46,64993.97,97254.057,2023-08-01
000631.SZ,2011-03-04,7.79,8.02,7.66,7.91,7.76,0.15,1.93,103118.63,81342.2363,2023-08-01
002147.SZ,2011-03-04,16.0,16.37,15.85,16.36,15.92,0.44,2.76,24118.59,39013.8833,2023-08-01
000609.SZ,2011-03-04,9.8,9.8,9.56,9.73,9.58,0.15,1.57,57689.31,55874.9334,2023-08-01
600243.SH,2011-03-04,10.7,10.98,10.68,10.97,10.73,0.24,2.24,85178.41,92396.545,2023-08-01
600302.SH,2011-03-04,7.55,7.74,7.53,7.6,7.57,0.03,0.4,145125.87,110779.144,2023-08-01
600150.SH,2011-03-04,76.8,78.94,72.11,75.97,79.96,-3.99,-4.99,122686.48,927647.778,2023-08-01
000509.SZ,2011-03-04,10.94,11.09,10.83,11.02,10.89,0.13,1.19,21751.05,23817.26,2023-08-01
000878.SZ,2011-03-04,26.28,26.88,26.25,26.83,26.25,0.58,2.21,83077.2,221158.0502,2023-08-01
601777.SH,2011-03-04,12.72,12.87,12.65,12.82,12.81,0.01,0.08,56663.27,72409.682,2023-08-01
600507.SH,2011-03-04,6.88,7.09,6.88,7.02,6.91,0.11,1.59,69224.05,48470.336,2023-08-01
300065.SZ,2011-03-04,43.11,43.6,43.04,43.58,43.04,0.54,1.25,2297.72,9941.0196,2023-08-01
600660.SH,2011-03-04,12.8,12.99,12.58,12.8,12.72,0.08,0.63,388891.18,497028.206,2023-08-01
300140.SZ,2011-03-04,39.25,39.96,39.2,39.92,39.22,0.7,1.78,3315.88,13164.4018,2023-08-01
600973.SH,2011-03-04,20.22,20.75,20.1,20.61,20.13,0.48,2.38,38266.64,78241.726,2023-08-01
300025.SZ,2011-03-04,28.65,28.65,27.1,28.3,28.45,-0.15,-0.53,8003.31,22083.3262,2023-08-01
600381.SH,2011-03-04,8.35,8.55,8.31,8.53,8.33,0.2,2.4,82781.8,69673.19,2023-08-01
600818.SH,2011-03-04,15.85,16.72,15.85,16.58,15.94,0.64,4.02,86712.29,142421.112,2023-08-01
600962.SH,2011-03-04,13.67,13.67,13.21,13.55,13.68,-0.13,-0.95,43000.89,57684.5,2023-08-01
601188.SH,2011-03-04,3.71,3.75,3.69,3.74,3.73,0.01,0.27,46192.47,17196.182,2023-08-01
000404.SZ,2011-03-04,8.45,8.45,8.28,8.42,8.38,0.04,0.48,27044.33,22651.9135,2023-08-01
600885.SH,2011-03-04,8.15,8.16,7.95,8.14,8.08,0.06,0.74,37197.95,29965.181,2023-08-01
600239.SH,2011-03-04,17.18,17.63,17.0,17.49,17.19,0.3,1.75,141729.58,245647.465,2023-08-01
002270.SZ,2011-03-04,16.31,17.02,16.24,16.97,16.35,0.62,3.79,24418.89,41071.348,2023-08-01
000606.SZ,2011-03-04,8.55,8.76,8.51,8.76,8.64,0.12,1.39,62192.95,53763.2454,2023-08-01
600729.SH,2011-03-04,45.49,45.49,44.02,45.16,45.5,-0.34,-0.75,5356.56,23937.955,2023-08-01
601268.SH,2011-03-04,13.68,14.06,13.67,14.05,13.69,0.36,2.63,84461.3,117374.243,2023-08-01
600586.SH,2011-03-04,15.3,15.65,15.08,15.63,15.25,0.38,2.49,213915.02,328955.697,2023-08-01
600410.SH,2011-03-04,15.46,15.7,15.31,15.62,15.47,0.15,0.97,58666.77,91008.594,2023-08-01
002035.SZ,2011-03-04,14.69,15.94,14.52,15.5,14.5,1.0,6.9,230420.81,354073.1457,2023-08-01
002083.SZ,2011-03-04,9.82,10.0,9.82,9.99,9.82,0.17,1.73,66596.21,66016.6555,2023-08-01
300094.SZ,2011-03-04,13.71,13.89,13.7,13.89,13.71,0.18,1.31,15358.35,21166.4341,2023-08-01
002424.SZ,2011-03-04,35.22,35.6,34.6,35.49,35.1,0.39,1.11,11191.44,39147.3364,2023-08-01
600358.SH,2011-03-04,5.48,5.57,5.42,5.55,5.47,0.08,1.46,34698.57,19082.778,2023-08-01
600086.SH,2011-03-04,23.69,24.05,23.0,23.93,23.74,0.19,0.8,40616.17,95734.699,2023-08-01
300141.SZ,2011-03-04,37.53,38.68,37.53,38.6,38.13,0.47,1.23,4529.63,17248.6282,2023-08-01
000985.SZ,2011-03-04,14.51,14.64,14.37,14.58,14.52,0.06,0.41,4876.91,7072.0276,2023-08-01
600833.SH,2011-03-04,12.59,12.96,12.56,12.63,12.43,0.2,1.61,21715.16,27586.932,2023-08-01
002366.SZ,2011-03-04,18.7,18.95,18.3,18.93,18.83,0.1,0.53,18287.39,34043.0727,2023-08-01
000523.SZ,2011-03-04,13.88,14.04,13.6,13.97,13.92,0.05,0.36,28856.27,39796.9854,2023-08-01
600138.SH,2011-03-04,15.61,15.93,15.52,15.9,15.66,0.24,1.53,60432.06,95396.789,2023-08-01
000045.SZ,2011-03-04,14.48,15.0,14.2,14.74,14.52,0.22,1.52,12848.75,18894.1791,2023-08-01
600509.SH,2011-03-04,13.45,13.55,13.16,13.38,13.28,0.1,0.75,420377.92,561456.488,2023-08-01
600452.SH,2011-03-04,14.2,14.43,14.05,14.31,14.27,0.04,0.28,12948.3,18443.023,2023-08-01
600967.SH,2011-03-04,15.56,16.07,15.56,16.05,15.67,0.38,2.43,36526.64,58041.104,2023-08-01
002154.SZ,2011-03-04,26.72,27.5,26.35,27.16,26.77,0.39,1.46,11686.92,31701.9469,2023-08-01
000611.SZ,2011-03-04,6.9,7.03,6.84,7.02,6.89,0.13,1.89,41515.18,28812.4337,2023-08-01
600149.SH,2011-03-04,5.37,5.46,5.32,5.38,5.38,0.0,0.0,129081.22,69405.7,2023-08-01
600720.SH,2011-03-04,19.32,21.39,19.32,21.02,19.49,1.53,7.85,451161.86,923757.482,2023-08-01
000790.SZ,2011-03-04,21.2,21.49,20.83,21.4,21.3,0.1,0.47,72587.98,153130.0119,2023-08-01
002135.SZ,2011-03-04,16.88,17.32,16.78,17.3,16.88,0.42,2.49,12865.29,21933.9205,2023-08-01
600838.SH,2011-03-04,8.55,8.64,8.52,8.63,8.53,0.1,1.17,46485.66,39923.3,2023-08-01
000153.SZ,2011-03-04,11.34,11.56,11.2,11.38,11.45,-0.07,-0.61,134527.76,152372.9901,2023-08-01
000732.SZ,2011-03-04,7.59,7.74,7.5,7.63,7.58,0.05,0.66,54307.79,41332.6731,2023-08-01
000728.SZ,2011-03-04,12.31,12.54,12.28,12.52,12.33,0.19,1.54,103837.61,128984.2955,2023-08-01
600279.SH,2011-03-04,12.75,12.96,12.68,12.93,12.85,0.08,0.62,49824.48,63993.597,2023-08-01
000892.SZ,2011-03-04,5.78,5.86,5.72,5.84,5.77,0.07,1.21,42990.4,24910.0367,2023-08-01
600689.SH,2011-03-04,13.4,13.7,13.29,13.53,13.53,0.0,0.0,24414.08,32973.646,2023-08-01
600183.SH,2011-03-04,11.12,11.27,11.08,11.25,11.11,0.14,1.26,108966.55,121869.38,2023-08-01
600016.SH,2011-03-04,5.3,5.39,5.27,5.35,5.29,0.06,1.13,1794772.84,955162.924,2023-08-01
600387.SH,2011-03-04,11.88,11.93,11.45,11.67,11.92,-0.25,-2.1,146860.25,170970.683,2023-08-01
600246.SH,2011-03-04,5.92,6.08,5.88,6.07,5.89,0.18,3.06,174740.25,104884.086,2023-08-01
000761.SZ,2011-03-04,6.48,6.77,6.48,6.71,6.5,0.21,3.23,50044.1,33392.1958,2023-08-01
300110.SZ,2011-03-04,17.19,17.26,17.03,17.26,17.19,0.07,0.41,8251.3,14133.8213,2023-08-01
002275.SZ,2011-03-04,23.42,23.9,23.42,23.8,23.45,0.35,1.49,6905.37,16374.1182,2023-08-01
300181.SZ,2011-03-04,26.44,27.16,26.43,27.04,26.49,0.55,2.08,10381.38,27863.7282,2023-08-01
002086.SZ,2011-03-04,16.99,17.21,16.61,16.97,17.05,-0.08,-0.47,65670.18,110609.2489,2023-08-01
600202.SH,2011-03-04,12.45,12.63,12.27,12.62,12.52,0.1,0.8,52292.1,65116.057,2023-08-01
600511.SH,2011-03-04,21.56,21.83,21.4,21.8,21.55,0.25,1.16,22533.66,48648.233,2023-08-01
601933.SH,2011-03-04,28.85,29.28,28.85,29.2,29.04,0.16,0.55,20483.25,59594.043,2023-08-01
600301.SH,2011-03-04,7.77,7.9,7.66,7.8,7.69,0.11,1.43,28934.13,22590.705,2023-08-01
000639.SZ,2011-03-04,36.37,36.92,36.0,36.65,36.38,0.27,0.74,4737.5,17288.6963,2023-08-01
600435.SH,2011-03-04,14.35,15.1,14.33,14.93,14.36,0.57,3.97,166035.96,246470.078,2023-08-01
600821.SH,2011-03-04,7.65,7.95,7.52,7.83,7.74,0.09,1.16,184462.71,143243.59,2023-08-01
600611.SH,2011-03-04,7.91,8.05,7.9,8.04,7.92,0.12,1.52,56788.93,45329.075,2023-08-01
600725.SH,2011-03-04,9.76,10.1,9.76,10.09,9.74,0.35,3.59,67175.73,66950.296,2023-08-01
002216.SZ,2011-03-04,34.89,35.39,34.41,34.75,35.03,-0.28,-0.8,1685.2,5849.2122,2023-08-01
600602.SH,2011-03-04,7.77,8.24,7.73,8.08,7.8,0.28,3.59,365913.37,293719.642,2023-08-01
002409.SZ,2011-03-04,35.15,36.09,35.0,35.26,34.98,0.28,0.8,3866.99,13727.946,2023-08-01
002315.SZ,2011-03-04,67.66,68.47,67.5,68.38,67.66,0.72,1.06,6902.28,46986.9413,2023-08-01
600869.SH,2011-03-04,33.91,34.79,33.61,34.04,34.29,-0.25,-0.73,32355.2,110396.812,2023-08-01
000997.SZ,2011-03-04,18.62,18.99,18.3,18.89,18.74,0.15,0.8,99400.56,185896.1531,2023-08-01
000836.SZ,2011-03-04,8.28,8.5,8.21,8.48,8.28,0.2,2.42,73814.95,61744.7211,2023-08-01
000971.SZ,2011-03-04,6.79,6.97,6.74,6.96,6.85,0.11,1.61,45085.63,30899.473,2023-08-01
000856.SZ,2011-03-04,10.71,10.88,10.6,10.74,10.72,0.02,0.19,18865.28,20245.8594,2023-08-01
002414.SZ,2011-03-04,28.53,28.95,28.38,28.68,28.71,-0.03,-0.1,29118.15,83311.0574,2023-08-01
002318.SZ,2011-03-04,19.8,21.35,19.6,20.95,19.81,1.14,5.75,32353.15,67301.7464,2023-08-01
002556.SZ,2011-03-04,36.7,37.38,36.53,37.05,37.02,0.03,0.08,32457.64,119839.3251,2023-08-01
000766.SZ,2011-03-04,7.43,7.52,7.34,7.47,7.43,0.04,0.54,33412.56,24851.8075,2023-08-01
002197.SZ,2011-03-04,16.38,16.55,16.29,16.51,16.35,0.16,0.98,10353.02,17005.0449,2023-08-01
600461.SH,2011-03-04,18.0,18.2,17.83,18.14,17.95,0.19,1.06,15829.48,28619.579,2023-08-01
600577.SH,2011-03-04,11.99,12.4,11.93,12.39,11.97,0.42,3.51,90162.3,110079.922,2023-08-01
000616.SZ,2011-03-04,4.79,4.89,4.77,4.88,4.79,0.09,1.88,176300.41,85373.1719,2023-08-01
002298.SZ,2011-03-04,14.91,15.36,14.85,15.36,14.92,0.44,2.95,12616.38,19150.4387,2023-08-01
000739.SZ,2011-03-04,9.21,9.33,9.16,9.28,9.16,0.12,1.31,46777.75,43192.8874,2023-08-01
000705.SZ,2011-03-04,12.34,12.45,12.19,12.41,12.4,0.01,0.08,21054.35,25947.0231,2023-08-01
600505.SH,2011-03-04,9.69,9.88,9.69,9.83,9.71,0.12,1.24,39100.7,38331.308,2023-08-01
600416.SH,2011-03-04,31.21,31.49,30.4,31.26,31.12,0.14,0.45,43858.72,135022.036,2023-08-01
002283.SZ,2011-03-04,32.82,33.5,32.71,33.3,32.85,0.45,1.37,22254.57,73721.0219,2023-08-01
600455.SH,2011-03-04,13.1,13.36,13.1,13.3,13.15,0.15,1.14,7709.7,10206.994,2023-08-01
600196.SH,2011-03-04,12.81,12.88,12.64,12.86,12.76,0.1,0.78,122885.19,156902.546,2023-08-01
002073.SZ,2011-03-04,22.03,22.24,21.58,21.75,22.04,-0.29,-1.32,80409.54,175184.4246,2023-08-01
300116.SZ,2011-03-04,27.69,28.27,27.64,27.96,27.68,0.28,1.01,3360.72,9365.7411,2023-08-01
300115.SZ,2011-03-04,57.51,57.95,57.1,57.93,57.64,0.29,0.5,2226.22,12834.1962,2023-08-01
600858.SH,2011-03-04,22.6,22.73,21.97,22.4,22.66,-0.26,-1.15,45165.04,100281.327,2023-08-01
000700.SZ,2011-03-04,8.79,9.06,8.79,8.94,8.79,0.15,1.71,90525.89,80960.7945,2023-08-01
600895.SH,2011-03-04,11.52,11.94,11.52,11.75,11.44,0.31,2.71,331820.61,390403.39,2023-08-01
300015.SZ,2011-03-04,36.39,36.8,36.15,36.75,36.4,0.35,0.96,6163.42,22493.9562,2023-08-01
000425.SZ,2011-03-04,55.2,56.89,54.75,56.3,55.28,1.02,1.85,97262.98,547183.1598,2023-08-01
300184.SZ,2011-03-04,24.65,25.5,24.65,25.12,24.67,0.45,1.82,19401.01,48714.5049,2023-08-01
600077.SH,2011-03-04,8.83,9.03,8.72,8.98,8.73,0.25,2.86,20066.1,17771.623,2023-08-01
000026.SZ,2011-03-04,17.43,17.98,17.33,17.95,17.44,0.51,2.92,12087.64,21445.6457,2023-08-01
600881.SH,2011-03-04,8.19,8.33,8.07,8.23,8.23,0.0,0.0,424078.41,347657.688,2023-08-01
002551.SZ,2011-03-04,53.5,54.84,52.0,54.5,53.66,0.84,1.57,16085.57,86223.3629,2023-08-01
601991.SH,2011-03-04,6.45,6.76,6.39,6.59,6.47,0.12,1.85,198355.03,129874.394,2023-08-01
600733.SH,2011-03-04,19.53,19.8,19.0,19.78,19.47,0.31,1.59,10737.43,20909.347,2023-08-01
000505.SZ,2011-03-04,5.68,5.73,5.58,5.66,5.73,-0.07,-1.22,63969.35,36205.4547,2023-08-01
600478.SH,2011-03-04,25.11,25.98,25.11,25.89,25.21,0.68,2.7,34127.54,87131.164,2023-08-01
002125.SZ,2011-03-04,24.32,24.7,24.12,24.7,24.18,0.52,2.15,10672.67,26104.54,2023-08-01
601318.SH,2011-03-04,50.96,52.25,50.75,52.13,50.72,1.41,2.78,481229.02,2481548.294,2023-08-01
601116.SH,2011-03-04,18.99,19.23,18.02,18.62,19.72,-1.1,-5.58,185275.96,344163.943,2023-08-01
000619.SZ,2011-03-04,10.64,10.85,10.64,10.82,10.7,0.12,1.12,47614.0,51244.6229,2023-08-01
002212.SZ,2011-03-04,20.0,20.25,19.68,20.06,20.2,-0.14,-0.69,50497.19,100626.7998,2023-08-01
600533.SH,2011-03-04,5.13,5.26,5.12,5.25,5.14,0.11,2.14,100493.22,52380.173,2023-08-01
002382.SZ,2011-03-04,36.28,36.53,35.79,36.41,36.27,0.14,0.39,3196.89,11523.4654,2023-08-01
600109.SH,2011-03-04,15.4,15.76,15.4,15.73,15.47,0.26,1.68,30088.33,46946.92,2023-08-01
600865.SH,2011-03-04,8.2,8.35,8.18,8.3,8.22,0.08,0.97,42283.34,34955.676,2023-08-01
000585.SZ,2011-03-04,4.41,4.48,4.39,4.45,4.43,0.02,0.45,61515.08,27289.0306,2023-08-01
002555.SZ,2011-03-04,34.78,35.54,34.75,35.35,35.1,0.25,0.71,14842.95,52274.4557,2023-08-01
601139.SH,2011-03-04,12.03,12.21,11.98,12.19,12.03,0.16,1.33,20785.14,25224.972,2023-08-01
002513.SZ,2011-03-04,45.71,45.88,44.71,45.2,45.59,-0.39,-0.86,13809.57,62336.4334,2023-08-01
600276.SH,2011-03-04,49.12,49.99,48.9,49.36,49.11,0.25,0.51,25253.32,124406.404,2023-08-01
600640.SH,2011-03-04,14.07,14.3,13.91,14.15,14.05,0.1,0.71,75046.6,106066.05,2023-08-01
000636.SZ,2011-03-04,11.6,11.73,11.48,11.69,11.57,0.12,1.04,84958.89,98428.6491,2023-08-01
000952.SZ,2011-03-04,11.74,11.92,11.61,11.68,11.8,-0.12,-1.02,63344.25,74482.2244,2023-08-01
600291.SH,2011-03-04,12.38,12.8,12.37,12.62,12.47,0.15,1.2,161009.75,203747.916,2023-08-01
000935.SZ,2011-03-04,12.8,13.29,12.6,13.12,12.88,0.24,1.86,166181.15,216602.6599,2023-08-01
600326.SH,2011-03-04,16.3,17.84,16.3,17.63,16.35,1.28,7.83,385665.99,670137.049,2023-08-01
601003.SH,2011-03-04,5.25,5.48,5.25,5.4,5.24,0.16,3.05,97493.11,52662.214,2023-08-01
600588.SH,2011-03-04,21.41,21.59,21.2,21.32,21.38,-0.06,-0.28,32356.41,69111.211,2023-08-01
600179.SH,2011-03-04,13.2,13.63,12.92,13.4,13.35,0.05,0.37,121945.94,162287.024,2023-08-01
000977.SZ,2011-03-04,23.98,24.29,23.58,24.05,23.98,0.07,0.29,35484.24,85264.5087,2023-08-01
600093.SH,2011-03-04,7.26,7.44,7.21,7.39,7.25,0.14,1.93,73376.19,53867.122,2023-08-01
600444.SH,2011-03-04,16.4,16.59,16.2,16.34,16.33,0.01,0.06,17660.76,28911.222,2023-08-01
002202.SZ,2011-03-04,20.14,20.35,19.85,20.26,20.13,0.13,0.65,225017.02,451891.9835,2023-08-01
000782.SZ,2011-03-04,6.75,6.85,6.65,6.8,6.7,0.1,1.49,91142.03,61453.6926,2023-08-01
002166.SZ,2011-03-04,25.6,25.96,25.2,25.73,25.66,0.07,0.27,22110.65,56418.5153,2023-08-01
300087.SZ,2011-03-04,60.67,60.73,58.67,60.68,60.67,0.01,0.02,4722.48,28131.2761,2023-08-01
300063.SZ,2011-03-04,24.62,24.78,24.5,24.73,24.62,0.11,0.45,2455.05,6040.37,2023-08-01
600466.SH,2011-03-04,16.2,17.44,16.0,17.02,15.85,1.17,7.38,624044.38,1046402.302,2023-08-01
002447.SZ,2011-03-04,70.52,70.8,68.96,69.98,70.24,-0.26,-0.37,4582.54,31907.9084,2023-08-01
300036.SZ,2011-03-04,31.25,31.47,31.03,31.25,31.25,0.0,0.0,7768.36,24274.901,2023-08-01
600355.SH,2011-03-04,6.99,7.23,6.94,7.19,6.91,0.28,4.05,57826.98,41189.537,2023-08-01
300156.SZ,2011-03-04,61.8,62.5,61.5,62.27,61.77,0.5,0.81,4673.2,28921.6707,2023-08-01
000953.SZ,2011-03-04,7.5,7.58,7.41,7.53,7.5,0.03,0.4,27242.1,20381.9734,2023-08-01
600769.SH,2011-03-04,6.46,6.65,6.4,6.64,6.45,0.19,2.95,42307.46,27587.59,2023-08-01
600692.SH,2011-03-04,8.07,8.19,8.01,8.19,8.07,0.12,1.49,40256.9,32734.307,2023-08-01
002486.SZ,2011-03-04,14.87,15.07,14.76,15.0,15.18,-0.18,-1.19,11982.41,17831.9702,2023-08-01
600877.SH,2011-03-04,9.57,9.82,9.51,9.78,9.58,0.2,2.09,74761.8,72311.263,2023-08-01
300102.SZ,2011-03-04,84.8,87.05,84.57,86.36,84.8,1.56,1.84,4120.11,35481.7839,2023-08-01
000798.SZ,2011-03-04,10.72,10.97,10.72,10.94,10.7,0.24,2.24,22500.72,24399.9389,2023-08-01
600263.SH,2011-03-04,14.61,14.73,14.46,14.71,14.61,0.1,0.68,67376.06,98372.329,2023-08-01
600382.SH,2011-03-04,9.95,10.35,9.95,10.28,9.95,0.33,3.32,65533.85,66834.607,2023-08-01
000667.SZ,2011-03-04,3.09,3.15,3.08,3.14,3.09,0.05,1.62,375199.75,117167.6405,2023-08-01
002365.SZ,2011-03-04,31.28,31.48,30.51,30.89,31.26,-0.37,-1.18,6236.84,19281.938,2023-08-01
300112.SZ,2011-03-04,23.19,23.44,23.13,23.43,23.19,0.24,1.03,1786.7,4158.6416,2023-08-01
000415.SZ,2011-03-04,13.9,13.95,13.64,13.84,13.8,0.04,0.29,35159.27,48593.5848,2023-08-01
002422.SZ,2011-03-04,139.0,142.51,139.0,142.4,138.84,3.56,2.56,7187.41,101579.9645,2023-08-01
600708.SH,2011-03-04,7.69,7.86,7.65,7.83,7.74,0.09,1.16,54239.26,42244.989,2023-08-01
600510.SH,2011-03-04,9.93,10.08,9.83,9.99,9.97,0.02,0.2,41143.04,40933.471,2023-08-01
600346.SH,2011-03-04,11.11,11.85,11.11,11.69,11.22,0.47,4.19,117873.92,137299.17,2023-08-01
600321.SH,2011-03-04,7.7,8.2,7.62,8.07,7.71,0.36,4.67,191163.19,151244.04,2023-08-01
002162.SZ,2011-03-04,12.22,12.45,12.17,12.41,12.29,0.12,0.98,44254.49,54469.5574,2023-08-01
002163.SZ,2011-03-04,21.0,21.0,18.8,18.91,19.74,-0.83,-4.2,112553.3,219771.3801,2023-08-01
000692.SZ,2011-03-04,7.29,7.38,7.22,7.37,7.27,0.1,1.38,40489.21,29580.1385,2023-08-01
002109.SZ,2011-03-04,10.39,10.47,10.15,10.43,10.43,0.0,0.0,43495.31,44950.6767,2023-08-01
600161.SH,2011-03-04,21.88,22.05,21.56,22.0,21.89,0.11,0.5,34477.08,75156.886,2023-08-01
600570.SH,2011-03-04,17.46,17.86,17.1,17.72,17.56,0.16,0.91,63291.34,110895.068,2023-08-01
002220.SZ,2011-03-04,20.4,20.55,20.16,20.42,20.4,0.02,0.1,8857.13,17997.9035,2023-08-01
002093.SZ,2011-03-04,17.19,17.38,16.81,17.0,17.21,-0.21,-1.22,40767.8,69344.7724,2023-08-01
002491.SZ,2011-03-04,18.31,18.78,18.31,18.65,18.4,0.25,1.36,17650.78,32796.5902,2023-08-01
600230.SH,2011-03-04,13.34,13.53,13.2,13.51,13.33,0.18,1.35,16260.71,21784.556,2023-08-01
000718.SZ,2011-03-04,8.8,9.05,8.74,9.0,8.82,0.18,2.04,109389.39,97488.7611,2023-08-01
600498.SH,2011-03-04,38.6,38.75,37.4,37.95,38.75,-0.8,-2.06,45736.73,173182.2,2023-08-01
600609.SH,2011-03-04,4.99,5.05,4.97,5.02,5.01,0.01,0.2,59793.64,29969.86,2023-08-01
600299.SH,2011-03-04,12.6,12.83,12.51,12.79,12.63,0.16,1.27,33532.68,42570.447,2023-08-01
002523.SZ,2011-03-04,20.03,20.45,19.92,20.29,20.04,0.25,1.25,9501.32,19161.1158,2023-08-01
000861.SZ,2011-03-04,16.91,17.27,16.86,17.13,16.9,0.23,1.36,13673.37,23275.7901,2023-08-01
002218.SZ,2011-03-04,25.0,25.65,24.98,25.51,25.12,0.39,1.55,21674.25,55129.3152,2023-08-01
600128.SH,2011-03-04,14.66,15.15,14.51,15.03,14.73,0.3,2.04,92098.92,137153.523,2023-08-01
002079.SZ,2011-03-04,18.5,19.1,18.5,18.87,18.46,0.41,2.22,21796.75,40962.0548,2023-08-01
600583.SH,2011-03-04,8.69,8.78,8.62,8.72,8.67,0.05,0.58,344082.09,299381.387,2023-08-01
002252.SZ,2011-03-04,33.85,34.4,33.6,34.25,33.75,0.5,1.48,15599.76,53228.1908,2023-08-01
600598.SH,2011-03-04,15.2,15.85,15.08,15.76,15.19,0.57,3.75,391201.23,609376.913,2023-08-01
000517.SZ,2011-03-04,7.13,7.3,7.09,7.25,7.17,0.08,1.12,90559.19,65217.9888,2023-08-01
600896.SH,2011-03-04,6.72,6.8,6.68,6.78,6.75,0.03,0.44,42978.05,28993.047,2023-08-01
601717.SH,2011-03-04,42.26,43.6,42.21,43.34,42.26,1.08,2.56,29925.79,128521.293,2023-08-01
600732.SH,2011-03-04,7.51,7.62,7.41,7.59,7.52,0.07,0.93,34382.65,25911.865,2023-08-01
600011.SH,2011-03-04,5.57,5.61,5.55,5.61,5.56,0.05,0.9,87499.66,48919.537,2023-08-01
000423.SZ,2011-03-04,48.43,48.77,47.46,48.05,48.42,-0.37,-0.76,70237.29,336043.9219,2023-08-01
600327.SH,2011-03-04,11.6,11.8,11.57,11.78,11.61,0.17,1.46,8794.67,10270.281,2023-08-01
002480.SZ,2011-03-04,76.0,78.8,75.02,77.97,76.0,1.97,2.59,4510.7,35007.9759,2023-08-01
002187.SZ,2011-03-04,27.85,28.02,27.7,27.99,27.88,0.11,0.39,4375.01,12180.2264,2023-08-01
000835.SZ,2011-03-04,10.69,11.15,10.62,11.01,10.7,0.31,2.9,203955.95,222646.4194,2023-08-01
600226.SH,2011-03-04,10.87,10.99,10.82,10.98,10.83,0.15,1.39,42400.29,46235.267,2023-08-01
600456.SH,2011-03-04,27.65,28.32,27.65,28.01,27.65,0.36,1.3,45311.75,126909.607,2023-08-01
000516.SZ,2011-03-04,5.95,6.04,5.91,6.02,5.95,0.07,1.18,74561.78,44588.5157,2023-08-01
300024.SZ,2011-03-04,60.92,62.94,60.6,62.12,60.6,1.52,2.51,20954.9,129943.2064,2023-08-01
600175.SH,2011-03-04,5.23,5.38,5.22,5.33,5.25,0.08,1.52,163505.2,86756.046,2023-08-01
600257.SH,2011-03-04,8.21,8.31,8.15,8.29,8.21,0.08,0.97,90682.12,74642.348,2023-08-01
600241.SH,2011-03-04,13.4,13.86,13.4,13.79,13.34,0.45,3.37,11633.09,15833.78,2023-08-01
600526.SH,2011-03-04,15.5,16.0,15.44,15.83,15.53,0.3,1.93,22763.06,35911.203,2023-08-01
300040.SZ,2011-03-04,18.3,18.3,17.96,18.19,18.35,-0.16,-0.87,7834.99,14201.2707,2023-08-01
000789.SZ,2011-03-04,16.72,17.63,16.45,17.4,16.78,0.62,3.69,158356.73,271227.3027,2023-08-01
002495.SZ,2011-03-04,28.0,28.14,27.9,28.13,28.0,0.13,0.46,5358.62,15000.5998,2023-08-01
000936.SZ,2011-03-04,8.61,8.78,8.58,8.75,8.63,0.12,1.39,85901.85,74685.76,2023-08-01
600673.SH,2011-03-04,18.31,18.45,17.95,18.32,18.38,-0.06,-0.33,47195.71,86015.077,2023-08-01
600780.SH,2011-03-04,5.69,6.19,5.66,6.08,5.7,0.38,6.67,198790.02,117638.934,2023-08-01
002312.SZ,2011-03-04,24.85,25.39,24.85,25.13,25.13,0.0,0.0,4121.1,10349.6139,2023-08-01
600486.SH,2011-03-04,25.6,26.26,25.6,26.05,25.86,0.19,0.73,13534.06,35206.596,2023-08-01
000877.SZ,2011-03-04,39.34,40.78,39.06,40.76,38.78,1.98,5.11,114048.15,456230.4683,2023-08-01
600316.SH,2011-03-04,34.34,35.2,33.16,35.08,34.35,0.73,2.13,95481.28,328400.007,2023-08-01
600258.SH,2011-03-04,24.4,24.91,24.31,24.84,24.48,0.36,1.47,16032.1,39689.782,2023-08-01
002373.SZ,2011-03-04,27.25,27.59,27.25,27.47,27.2,0.27,0.99,2896.96,7937.4201,2023-08-01
601299.SH,2011-03-04,7.75,7.94,7.73,7.91,7.77,0.14,1.8,866008.52,678135.969,2023-08-01
600822.SH,2011-03-04,9.94,10.01,9.79,9.98,9.91,0.07,0.71,66726.24,66195.121,2023-08-01
002255.SZ,2011-03-04,37.97,38.67,37.65,38.3,37.84,0.46,1.22,11768.55,44970.7502,2023-08-01
300070.SZ,2011-03-04,110.0,110.7,106.71,109.84,110.4,-0.56,-0.51,8034.14,87286.2532,2023-08-01
600764.SH,2011-03-04,8.64,8.74,8.55,8.68,8.68,0.0,0.0,50123.26,43434.153,2023-08-01
600433.SH,2011-03-04,11.6,11.85,11.39,11.41,11.59,-0.18,-1.55,119933.83,138720.087,2023-08-01
600117.SH,2011-03-04,9.17,9.44,9.17,9.39,9.14,0.25,2.74,94017.04,87872.479,2023-08-01
600665.SH,2011-03-04,5.43,5.58,5.38,5.49,5.41,0.08,1.48,81250.25,44394.136,2023-08-01
600006.SH,2011-03-04,5.24,5.34,5.23,5.3,5.25,0.05,0.95,108991.15,57556.879,2023-08-01
600105.SH,2011-03-04,14.66,14.95,14.52,14.88,14.67,0.21,1.43,59227.09,87210.782,2023-08-01
600579.SH,2011-03-04,8.26,8.38,8.17,8.31,8.27,0.04,0.48,24756.94,20534.75,2023-08-01
600722.SH,2011-03-04,7.65,7.83,7.57,7.83,7.46,0.37,4.96,157803.55,122728.007,2023-08-01
601998.SH,2011-03-04,5.54,5.71,5.53,5.66,5.55,0.11,1.98,571006.03,322381.966,2023-08-01
600890.SH,2011-03-04,6.03,6.03,6.03,6.03,5.74,0.29,5.05,18075.94,10899.792,2023-08-01
600363.SH,2011-03-04,12.18,12.23,11.96,12.13,12.27,-0.14,-1.14,83359.23,100834.666,2023-08-01
002419.SZ,2011-03-04,46.78,46.99,45.8,46.22,46.88,-0.66,-1.41,12451.59,57536.7372,2023-08-01
600585.SH,2011-03-04,34.94,36.0,34.94,35.98,34.94,1.04,2.98,215845.01,769989.828,2023-08-01
002142.SZ,2011-03-04,13.43,13.65,13.22,13.55,13.4,0.15,1.12,354144.69,476479.1453,2023-08-01
600759.SH,2011-03-04,5.98,6.08,5.9,6.05,6.03,0.02,0.33,158275.56,95054.223,2023-08-01
002474.SZ,2011-03-04,42.65,42.97,42.01,42.95,42.54,0.41,0.96,4402.33,18716.3153,2023-08-01
002284.SZ,2011-03-04,23.17,25.18,22.92,24.9,23.08,1.82,7.89,67791.46,165663.5527,2023-08-01
600806.SH,2011-03-04,12.26,12.48,12.08,12.43,12.34,0.09,0.73,73989.5,90939.573,2023-08-01
300148.SZ,2011-03-04,25.01,25.6,24.99,25.4,25.1,0.3,1.2,8867.91,22489.1328,2023-08-01
002418.SZ,2011-03-04,21.07,21.42,21.0,21.31,21.08,0.23,1.09,7554.6,16006.2592,2023-08-01
000607.SZ,2011-03-04,6.88,6.89,6.73,6.85,6.94,-0.09,-1.3,198362.52,134996.4989,2023-08-01
600335.SH,2011-03-04,14.71,14.82,14.21,14.64,14.74,-0.1,-0.68,54863.42,79567.663,2023-08-01
000547.SZ,2011-03-04,13.8,13.95,13.68,13.92,13.85,0.07,0.51,34661.98,48007.9909,2023-08-01
002338.SZ,2011-03-04,38.31,39.4,38.31,39.16,38.69,0.47,1.21,2694.35,10472.663,2023-08-01
300047.SZ,2011-03-04,27.82,28.5,27.55,28.39,27.89,0.5,1.79,12839.51,35918.2537,2023-08-01
002351.SZ,2011-03-04,28.88,28.9,28.43,28.81,28.62,0.19,0.66,4212.18,12066.1022,2023-08-01
600287.SH,2011-03-04,10.2,10.4,10.13,10.35,10.2,0.15,1.47,52402.05,53953.655,2023-08-01
002117.SZ,2011-03-04,25.36,25.47,25.2,25.25,25.39,-0.14,-0.55,10529.57,26663.2468,2023-08-01
600079.SH,2011-03-04,21.83,22.25,21.68,22.0,21.81,0.19,0.87,25409.43,55924.823,2023-08-01
000710.SZ,2011-03-04,12.62,12.83,12.46,12.7,12.74,-0.04,-0.31,22880.7,28895.0218,2023-08-01
601872.SH,2011-03-04,4.45,4.52,4.44,4.51,4.44,0.07,1.58,98472.01,44126.193,2023-08-01
600120.SH,2011-03-04,8.84,9.09,8.78,9.01,8.85,0.16,1.81,32404.87,29100.019,2023-08-01
000962.SZ,2011-03-04,24.7,25.28,24.7,25.16,24.45,0.71,2.9,60912.29,152696.9654,2023-08-01
600051.SH,2011-03-04,10.72,10.92,10.68,10.76,10.85,-0.09,-0.83,71396.57,76943.408,2023-08-01
600275.SH,2011-03-04,5.85,5.94,5.78,5.83,5.85,-0.02,-0.34,60984.46,35631.102,2023-08-01
600543.SH,2011-03-04,12.17,12.44,12.15,12.27,12.13,0.14,1.15,31020.27,38113.147,2023-08-01
002369.SZ,2011-03-04,39.07,39.07,38.58,38.98,38.96,0.02,0.05,2863.45,11136.7639,2023-08-01
600238.SH,2011-03-04,15.56,15.7,15.4,15.66,15.53,0.13,0.84,29737.88,46336.14,2023-08-01
600639.SH,2011-03-04,9.59,10.19,9.56,10.0,9.62,0.38,3.95,155240.71,153948.329,2023-08-01
600392.SH,2011-03-04,24.26,24.49,23.61,24.26,24.05,0.21,0.87,19466.24,46763.57,2023-08-01
600679.SH,2011-03-04,12.9,12.92,12.48,12.86,13.09,-0.23,-1.76,111762.86,141894.537,2023-08-01
600005.SH,2011-03-04,4.57,4.72,4.57,4.68,4.56,0.12,2.63,440154.69,205471.789,2023-08-01
600233.SH,2011-03-04,14.98,15.27,14.65,15.07,14.78,0.29,1.96,25226.75,37905.412,2023-08-01
600039.SH,2011-03-04,8.85,8.99,8.62,8.9,9.01,-0.11,-1.22,134061.4,117855.179,2023-08-01
600975.SH,2011-03-04,10.48,10.86,10.41,10.81,10.52,0.29,2.76,52614.24,56239.143,2023-08-01
600436.SH,2011-03-04,62.12,62.55,61.81,62.4,62.05,0.35,0.56,6325.75,39295.67,2023-08-01
002178.SZ,2011-03-04,16.22,16.24,15.7,16.16,16.12,0.04,0.25,11851.47,18950.436,2023-08-01
000576.SZ,2011-03-04,12.02,12.02,11.25,11.3,11.48,-0.18,-1.57,489506.05,567237.0833,2023-08-01
000661.SZ,2011-03-04,58.08,58.08,56.33,57.04,58.08,-1.04,-1.79,24290.82,138474.301,2023-08-01
000725.SZ,2011-03-04,3.04,3.11,3.03,3.1,3.04,0.06,1.97,973118.51,300231.7513,2023-08-01
300032.SZ,2011-03-04,20.01,20.29,19.83,20.05,20.01,0.04,0.2,4269.48,8552.6195,2023-08-01
600339.SH,2011-03-04,12.25,12.52,12.18,12.35,12.24,0.11,0.9,179156.65,220577.523,2023-08-01
600184.SH,2011-03-04,47.87,51.0,47.25,50.17,47.99,2.18,4.54,41466.34,206997.083,2023-08-01
002019.SZ,2011-03-04,15.15,15.7,15.15,15.56,15.33,0.23,1.5,14734.94,22693.0421,2023-08-01
600172.SH,2011-03-04,14.2,14.54,14.2,14.42,14.15,0.27,1.91,48177.34,69355.226,2023-08-01
002433.SZ,2011-03-04,28.73,28.73,28.0,28.56,28.58,-0.02,-0.07,4888.69,13899.5622,2023-08-01
002490.SZ,2011-03-04,23.21,23.68,23.12,23.57,23.55,0.02,0.08,29279.02,68367.6084,2023-08-01
002509.SZ,2011-03-04,27.81,28.66,27.6,27.8,27.64,0.16,0.58,8075.45,22530.8518,2023-08-01
600738.SH,2011-03-04,9.49,9.69,9.44,9.68,9.53,0.15,1.57,70874.58,67851.989,2023-08-01
600518.SH,2011-03-04,15.87,16.04,15.45,15.74,15.92,-0.18,-1.13,374768.4,585718.344,2023-08-01
000869.SZ,2011-03-04,91.56,92.89,90.67,92.41,91.56,0.85,0.93,6650.32,60977.4225,2023-08-01
002514.SZ,2011-03-04,36.02,36.6,35.21,36.1,35.9,0.2,0.56,13923.7,49960.3628,2023-08-01
000898.SZ,2011-03-04,7.86,8.09,7.85,8.01,7.84,0.17,2.17,388376.95,310074.386,2023-08-01
600103.SH,2011-03-04,4.27,4.34,4.19,4.25,4.29,-0.04,-0.93,263476.82,111967.043,2023-08-01
601958.SH,2011-03-04,26.55,27.02,26.23,26.82,26.45,0.37,1.4,352262.11,940446.887,2023-08-01
002429.SZ,2011-03-04,23.41,23.75,23.36,23.73,23.41,0.32,1.37,7581.5,17835.0754,2023-08-01
000921.SZ,2011-03-04,7.66,7.86,7.65,7.86,7.67,0.19,2.48,52925.59,41202.926,2023-08-01
300057.SZ,2011-03-04,26.71,27.57,26.32,27.4,26.8,0.6,2.24,21280.6,57556.3982,2023-08-01
000880.SZ,2011-03-04,22.43,22.87,22.22,22.67,22.43,0.24,1.07,23912.13,54260.7797,2023-08-01
002031.SZ,2011-03-04,12.42,12.67,12.4,12.64,12.41,0.23,1.85,15946.39,20029.9814,2023-08-01
600721.SH,2011-03-04,14.88,15.19,14.85,15.01,14.79,0.22,1.49,16297.51,24420.275,2023-08-01
600785.SH,2011-03-04,27.8,27.93,27.16,27.6,27.85,-0.25,-0.9,10418.19,28583.774,2023-08-01
300084.SZ,2011-03-04,36.9,37.5,36.7,37.47,36.79,0.68,1.85,1742.79,6468.6402,2023-08-01
002167.SZ,2011-03-04,38.82,38.82,36.98,38.37,38.9,-0.53,-1.36,42738.24,162419.628,2023-08-01
600115.SH,2011-03-04,6.46,6.63,6.46,6.62,6.44,0.18,2.8,415053.5,271790.227,2023-08-01
600790.SH,2011-03-04,9.96,10.09,9.82,9.97,9.96,0.01,0.1,84039.88,83530.17,2023-08-01
601992.SH,2011-03-04,15.35,15.78,15.21,15.56,15.5,0.06,0.39,493106.89,762301.4,2023-08-01
300158.SZ,2011-03-04,35.6,35.72,35.01,35.35,35.55,-0.2,-0.56,5787.79,20438.83,2023-08-01
600398.SH,2011-03-04,5.65,5.71,5.59,5.7,5.64,0.06,1.06,59309.74,33555.708,2023-08-01
002319.SZ,2011-03-04,19.66,19.88,19.44,19.75,19.6,0.15,0.77,13501.66,26570.5021,2023-08-01
000778.SZ,2011-03-04,9.37,9.6,9.37,9.52,9.35,0.17,1.82,189434.1,179936.111,2023-08-01
600220.SH,2011-03-04,5.53,5.67,5.46,5.6,5.55,0.05,0.9,301650.28,167578.357,2023-08-01
600999.SH,2011-03-04,19.75,20.05,19.54,19.98,19.87,0.11,0.55,86976.94,171544.039,2023-08-01
002116.SZ,2011-03-04,22.65,23.33,22.64,23.23,22.82,0.41,1.8,7749.37,17901.6633,2023-08-01
600617.SH,2011-03-04,11.99,12.53,11.92,12.53,11.93,0.6,5.03,12476.39,15424.03,2023-08-01
000046.SZ,2011-03-04,8.42,8.67,8.42,8.61,8.45,0.16,1.89,62164.64,53155.5332,2023-08-01
300179.SZ,2011-03-04,30.53,30.88,30.2,30.87,30.48,0.39,1.28,11332.0,34613.0816,2023-08-01
002181.SZ,2011-03-04,13.4,13.61,13.3,13.61,13.37,0.24,1.8,34650.92,46734.3574,2023-08-01
000417.SZ,2011-03-04,18.91,19.13,18.38,19.05,18.92,0.13,0.69,34955.35,65742.7382,2023-08-01
300172.SZ,2011-03-04,29.8,30.62,29.7,30.59,29.84,0.75,2.51,11537.63,34846.0725,2023-08-01
000895.SZ,2011-03-04,86.5,86.5,83.48,84.65,85.88,-1.23,-1.43,13386.63,113301.2355,2023-08-01
002448.SZ,2011-03-04,40.02,40.45,39.52,40.29,40.02,0.27,0.67,5264.1,21000.6446,2023-08-01
000626.SZ,2011-03-04,8.24,8.45,8.2,8.42,8.24,0.18,2.18,24493.05,20444.2423,2023-08-01
600783.SH,2011-03-04,41.63,42.7,41.25,42.27,41.93,0.34,0.81,61432.66,257138.222,2023-08-01
600135.SH,2011-03-04,16.19,17.34,16.05,16.86,16.19,0.67,4.14,190039.56,320215.322,2023-08-01
300159.SZ,2011-03-04,99.0,100.99,97.0,100.5,99.0,1.5,1.52,2574.68,25381.2258,2023-08-01
600624.SH,2011-03-04,9.95,10.34,9.82,9.94,10.0,-0.06,-0.6,351599.28,354384.732,2023-08-01
300162.SZ,2011-03-04,39.36,39.9,39.14,39.74,39.36,0.38,0.97,5582.59,21963.4155,2023-08-01
600845.SH,2011-03-04,25.38,25.55,25.3,25.49,25.43,0.06,0.24,5309.04,13498.262,2023-08-01
000070.SZ,2011-03-04,11.09,11.58,11.04,11.51,11.11,0.4,3.6,74900.82,85320.6622,2023-08-01
002053.SZ,2011-03-04,12.7,12.85,12.65,12.84,12.65,0.19,1.5,9873.09,12616.1532,2023-08-01
000826.SZ,2011-03-04,30.56,30.97,29.97,30.8,30.56,0.24,0.79,48838.46,149257.336,2023-08-01
600970.SH,2011-03-04,43.69,44.85,43.6,44.6,43.87,0.73,1.66,25445.77,112818.594,2023-08-01
002510.SZ,2011-03-04,20.11,20.18,19.85,20.18,20.12,0.06,0.3,22676.45,45310.2507,2023-08-01
600176.SH,2011-03-04,26.01,27.3,25.81,27.16,26.0,1.16,4.46,47269.27,125579.663,2023-08-01
300157.SZ,2011-03-04,66.0,67.67,65.56,67.5,67.0,0.5,0.75,7385.28,49084.0089,2023-08-01
600737.SH,2011-03-04,13.1,13.13,12.89,13.07,13.1,-0.03,-0.23,124026.77,161243.038,2023-08-01
300038.SZ,2011-03-04,19.21,19.22,18.9,19.17,19.19,-0.02,-0.1,11208.94,21357.7759,2023-08-01
600063.SH,2011-03-04,11.7,11.94,11.61,11.86,11.61,0.25,2.15,59158.71,69944.083,2023-08-01
600637.SH,2011-03-04,13.52,14.7,13.32,14.13,13.51,0.62,4.59,469976.07,659445.885,2023-08-01
002290.SZ,2011-03-04,30.76,30.97,30.3,30.97,30.76,0.21,0.68,10447.66,32001.0956,2023-08-01
002516.SZ,2011-03-04,20.41,20.79,20.4,20.74,20.53,0.21,1.02,6192.17,12798.3084,2023-08-01
002384.SZ,2011-03-04,60.0,60.8,59.0,60.36,60.1,0.26,0.43,5529.15,33218.758,2023-08-01
600520.SH,2011-03-04,14.42,14.67,14.4,14.66,14.41,0.25,1.73,10472.81,15183.258,2023-08-01
000528.SZ,2011-03-04,41.01,41.95,40.88,41.48,41.11,0.37,0.9,108063.47,446891.6052,2023-08-01
600850.SH,2011-03-04,24.08,24.5,23.7,24.48,24.46,0.02,0.08,25037.14,60355.625,2023-08-01
600872.SH,2011-03-04,8.0,8.24,7.94,8.15,7.96,0.19,2.39,227930.07,184710.165,2023-08-01
002285.SZ,2011-03-04,26.91,28.15,26.8,28.04,26.92,1.12,4.16,24341.36,67014.3503,2023-08-01
600160.SH,2011-03-04,26.25,26.68,25.66,26.39,26.29,0.1,0.38,184866.83,484701.204,2023-08-01
002395.SZ,2011-03-04,29.4,29.45,28.75,29.4,29.3,0.1,0.34,5409.14,15721.8725,2023-08-01
300006.SZ,2011-03-04,35.21,35.51,34.7,35.15,35.45,-0.3,-0.85,4182.97,14641.3848,2023-08-01
000409.SZ,2011-03-04,7.82,7.95,7.82,7.95,7.88,0.07,0.89,11116.82,8778.7803,2023-08-01
000860.SZ,2011-03-04,20.39,20.59,20.06,20.59,20.42,0.17,0.83,52771.71,107227.171,2023-08-01
600385.SH,2011-03-04,6.13,6.25,6.13,6.22,6.18,0.04,0.65,20325.92,12597.074,2023-08-01
600062.SH,2011-03-04,25.98,26.26,25.51,26.19,26.03,0.16,0.61,47150.52,122180.84,2023-08-01
600635.SH,2011-03-04,7.06,7.16,7.03,7.1,7.08,0.02,0.28,126540.41,89783.837,2023-08-01
600839.SH,2011-03-04,3.99,4.04,3.98,4.02,3.98,0.04,1.01,218045.43,87503.625,2023-08-01
000559.SZ,2011-03-04,14.52,14.6,14.25,14.59,14.43,0.16,1.11,86140.69,124756.2746,2023-08-01
600085.SH,2011-03-04,33.03,33.83,33.0,33.48,32.98,0.5,1.52,23405.27,78034.524,2023-08-01
002186.SZ,2011-03-04,31.63,32.7,31.63,32.6,31.75,0.85,2.68,20016.13,64834.567,2023-08-01
002042.SZ,2011-03-04,28.3,28.74,28.19,28.58,28.3,0.28,0.99,16937.45,48097.6036,2023-08-01
002321.SZ,2011-03-04,24.29,24.65,23.87,24.51,24.29,0.22,0.91,15301.21,37142.9146,2023-08-01
300108.SZ,2011-03-04,33.1,33.8,33.02,33.72,33.25,0.47,1.41,3715.8,12445.5085,2023-08-01
002140.SZ,2011-03-04,42.69,42.99,41.9,42.15,42.69,-0.54,-1.26,18697.18,78762.1807,2023-08-01
600390.SH,2011-03-04,21.08,22.0,20.82,22.0,21.0,1.0,4.76,48627.4,105093.661,2023-08-01
002111.SZ,2011-03-04,24.2,26.45,23.7,25.98,24.45,1.53,6.26,46991.07,119766.5809,2023-08-01
600698.SH,2011-03-04,6.67,6.73,6.6,6.73,6.41,0.32,4.99,77883.27,52247.189,2023-08-01
600323.SH,2011-03-04,16.83,16.93,16.5,16.83,16.77,0.06,0.36,43996.06,73468.334,2023-08-01
002470.SZ,2011-03-04,18.68,19.16,18.68,19.05,18.68,0.37,1.98,21230.22,40224.6143,2023-08-01
002322.SZ,2011-03-04,69.85,71.01,69.55,70.31,69.85,0.46,0.66,2596.38,18195.633,2023-08-01
000708.SZ,2011-03-04,17.7,18.24,17.7,18.15,17.76,0.39,2.2,38075.51,68657.9853,2023-08-01
002143.SZ,2011-03-04,9.7,9.95,9.7,9.86,9.75,0.11,1.13,8485.67,8342.5995,2023-08-01
600809.SH,2011-03-04,56.65,58.5,55.8,58.19,56.65,1.54,2.72,26302.46,149601.932,2023-08-01
002003.SZ,2011-03-04,22.67,22.81,22.3,22.73,22.66,0.07,0.31,15764.92,35585.2935,2023-08-01
600061.SH,2011-03-04,12.44,12.58,12.35,12.51,12.44,0.07,0.56,38026.87,47486.97,2023-08-01
300095.SZ,2011-03-04,23.3,23.75,23.29,23.67,23.46,0.21,0.9,2735.04,6425.1747,2023-08-01
600843.SH,2011-03-04,16.6,17.14,16.56,16.8,16.89,-0.09,-0.53,23016.25,38765.141,2023-08-01
600810.SH,2011-03-04,12.08,12.5,12.02,12.4,12.1,0.3,2.48,83582.52,103408.533,2023-08-01
000096.SZ,2011-03-04,6.77,6.93,6.71,6.92,6.85,0.07,1.02,46544.59,31750.0455,2023-08-01
002532.SZ,2011-03-04,41.88,42.45,41.02,41.72,41.91,-0.19,-0.45,10156.41,42175.1644,2023-08-01
002374.SZ,2011-03-04,33.75,34.16,33.4,33.69,33.86,-0.17,-0.5,3164.18,10626.8733,2023-08-01
002359.SZ,2011-03-04,19.73,19.78,19.5,19.77,19.75,0.02,0.1,4417.22,8666.8701,2023-08-01
000958.SZ,2011-03-04,5.6,5.71,5.58,5.69,5.63,0.06,1.07,36005.06,20326.6879,2023-08-01
600558.SH,2011-03-04,17.92,18.38,17.9,18.35,18.04,0.31,1.72,16326.07,29655.342,2023-08-01
002352.SZ,2011-03-04,29.65,29.92,28.9,29.44,29.69,-0.25,-0.84,6352.56,18560.6308,2023-08-01
600098.SH,2011-03-04,7.72,8.67,7.72,8.24,7.92,0.32,4.04,295737.63,243215.057,2023-08-01
600774.SH,2011-03-04,9.94,10.11,9.9,10.1,9.97,0.13,1.3,47875.44,47941.099,2023-08-01
600020.SH,2011-03-04,3.69,3.74,3.67,3.74,3.71,0.03,0.81,70661.38,26199.647,2023-08-01
000767.SZ,2011-03-04,4.22,4.27,4.16,4.23,4.22,0.01,0.24,54669.81,23013.2248,2023-08-01
600206.SH,2011-03-04,16.13,16.63,16.02,16.53,16.22,0.31,1.91,35773.4,58476.027,2023-08-01
000610.SZ,2011-03-04,14.56,14.84,14.32,14.6,14.66,-0.06,-0.41,65473.56,95363.7461,2023-08-01
300130.SZ,2011-03-04,41.59,42.5,41.31,42.39,41.53,0.86,2.07,4141.1,17310.7309,2023-08-01
300042.SZ,2011-03-04,26.24,26.4,26.11,26.35,26.25,0.1,0.38,7098.12,18634.3677,2023-08-01
002146.SZ,2011-03-04,12.35,12.77,12.2,12.76,12.35,0.41,3.32,255369.8,320122.6179,2023-08-01
600782.SH,2011-03-04,6.18,6.47,6.18,6.46,6.2,0.26,4.19,119199.32,75886.958,2023-08-01
000570.SZ,2011-03-04,9.24,9.58,9.24,9.41,9.29,0.12,1.29,46939.83,44304.5738,2023-08-01
600270.SH,2011-03-04,10.78,11.45,10.71,11.35,10.73,0.62,5.78,139899.45,156339.1,2023-08-01
002450.SZ,2011-03-04,33.75,35.59,33.75,34.79,34.93,-0.14,-0.4,3969.71,13810.9714,2023-08-01
002183.SZ,2011-03-04,12.83,13.22,12.71,13.18,12.88,0.3,2.33,51454.28,66675.0784,2023-08-01
601369.SH,2011-03-04,20.85,21.2,20.8,21.15,20.84,0.31,1.49,19885.48,41746.156,2023-08-01
002289.SZ,2011-03-04,31.0,31.56,30.85,31.46,31.21,0.25,0.8,15604.42,48786.9861,2023-08-01
300003.SZ,2011-03-04,26.86,27.67,26.86,27.59,26.86,0.73,2.72,22951.33,62885.5914,2023-08-01
600644.SH,2011-03-04,16.28,16.49,15.92,16.3,16.17,0.13,0.8,209602.12,338037.604,2023-08-01
002085.SZ,2011-03-04,12.94,13.04,12.81,12.98,12.94,0.04,0.31,18602.1,24028.314,2023-08-01
600485.SH,2011-03-04,19.42,19.89,19.35,19.85,19.44,0.41,2.11,25127.24,49403.549,2023-08-01
600100.SH,2011-03-04,27.29,28.21,27.29,28.18,27.29,0.89,3.26,139157.58,387227.789,2023-08-01
600657.SH,2011-03-04,5.92,6.19,5.92,6.15,5.95,0.2,3.36,213458.06,130156.912,2023-08-01
600568.SH,2011-03-04,12.4,12.86,12.39,12.82,12.41,0.41,3.3,21938.7,27817.827,2023-08-01
002018.SZ,2011-03-04,7.58,7.7,7.52,7.61,7.57,0.04,0.53,39187.77,29852.1335,2023-08-01
600248.SH,2011-03-04,11.25,11.47,11.22,11.35,11.26,0.09,0.8,31515.0,35764.706,2023-08-01
000698.SZ,2011-03-04,9.95,10.2,9.9,10.05,10.02,0.03,0.3,125531.47,125916.0557,2023-08-01
000100.SZ,2011-03-04,4.58,4.68,4.55,4.65,4.55,0.1,2.2,554243.0,256039.3854,2023-08-01
002069.SZ,2011-03-04,38.66,39.29,38.63,39.13,38.76,0.37,0.95,16179.22,63174.9757,2023-08-01
601898.SH,2011-03-04,10.7,10.85,10.6,10.79,10.66,0.13,1.22,356440.3,383608.175,2023-08-01
600836.SH,2011-03-04,12.06,12.45,11.96,12.39,12.06,0.33,2.74,119296.13,146782.435,2023-08-01
000822.SZ,2011-03-04,9.38,10.32,9.3,10.05,9.4,0.65,6.91,432610.64,424920.7489,2023-08-01
600208.SH,2011-03-04,5.28,5.41,5.25,5.38,5.28,0.1,1.89,223934.34,119393.447,2023-08-01
300097.SZ,2011-03-04,25.38,25.47,25.02,25.47,25.38,0.09,0.35,6138.74,15477.8742,2023-08-01
600074.SH,2011-03-04,5.06,5.23,5.03,5.2,5.08,0.12,2.36,118551.07,61049.999,2023-08-01
002016.SZ,2011-03-04,8.65,9.45,8.62,9.45,8.59,0.86,10.01,190699.08,174365.0487,2023-08-01
600080.SH,2011-03-04,6.7,6.81,6.68,6.79,6.73,0.06,0.89,64043.1,43136.665,2023-08-01
600981.SH,2011-03-04,6.52,6.7,6.52,6.66,6.56,0.1,1.52,39002.57,25770.9,2023-08-01
600593.SH,2011-03-04,17.5,17.99,17.35,17.96,17.52,0.44,2.51,25915.51,45952.704,2023-08-01
601618.SH,2011-03-04,4.01,4.07,4.0,4.06,4.01,0.05,1.25,483403.36,195751.483,2023-08-01
600855.SH,2011-03-04,12.95,13.39,12.81,13.27,12.99,0.28,2.16,59629.0,78523.747,2023-08-01
000625.SZ,2011-03-04,10.05,10.32,10.05,10.31,10.06,0.25,2.49,327631.06,335689.9655,2023-08-01
002269.SZ,2011-03-04,29.15,29.3,28.69,29.14,29.11,0.03,0.1,17601.9,51104.5301,2023-08-01
002102.SZ,2011-03-04,9.88,10.09,9.8,10.03,9.9,0.13,1.31,19246.73,19140.3842,2023-08-01
002172.SZ,2011-03-04,8.96,9.05,8.9,9.04,8.97,0.07,0.78,31235.24,27994.0516,2023-08-01
600157.SH,2011-03-04,24.8,25.48,24.51,25.32,24.76,0.56,2.26,21009.29,52632.183,2023-08-01
000903.SZ,2011-03-04,13.25,13.43,13.2,13.41,13.21,0.2,1.51,55062.06,73252.5824,2023-08-01
600723.SH,2011-03-04,12.7,12.92,12.65,12.88,12.69,0.19,1.5,50132.4,64039.414,2023-08-01
600356.SH,2011-03-04,11.24,11.38,11.2,11.35,11.25,0.1,0.89,12670.05,14319.768,2023-08-01
300091.SZ,2011-03-04,54.28,54.55,53.58,54.55,53.73,0.82,1.53,5855.94,31726.2865,2023-08-01
600242.SH,2011-03-04,8.23,8.5,8.23,8.43,8.44,-0.01,-0.12,34749.37,29112.845,2023-08-01
000707.SZ,2011-03-04,8.2,8.36,8.15,8.3,8.22,0.08,0.97,65150.23,53847.9235,2023-08-01
000159.SZ,2011-03-04,14.71,15.2,14.6,15.06,14.7,0.36,2.45,79219.89,118250.3601,2023-08-01
002368.SZ,2011-03-04,47.05,47.8,46.5,46.7,47.15,-0.45,-0.95,4052.24,18988.6195,2023-08-01
300021.SZ,2011-03-04,21.71,21.95,21.24,21.82,21.68,0.14,0.65,16569.52,35797.9249,2023-08-01
002425.SZ,2011-03-04,42.23,43.5,42.0,42.89,42.5,0.39,0.92,5692.73,24349.5795,2023-08-01
002104.SZ,2011-03-04,15.78,15.95,15.22,15.67,15.78,-0.11,-0.7,92724.43,144363.5731,2023-08-01
000608.SZ,2011-03-04,7.28,7.44,7.28,7.42,7.27,0.15,2.06,178960.69,132228.0336,2023-08-01
600106.SH,2011-03-04,9.41,9.62,9.4,9.6,9.63,-0.03,-0.31,97067.05,92130.121,2023-08-01
000685.SZ,2011-03-04,18.79,19.14,18.74,19.12,18.87,0.25,1.32,63909.08,121443.2823,2023-08-01
002546.SZ,2011-03-04,39.89,40.56,39.69,40.55,39.8,0.75,1.88,9964.48,40033.8594,2023-08-01
002106.SZ,2011-03-04,54.4,55.39,53.4,53.73,54.66,-0.93,-1.7,68924.55,372016.3036,2023-08-01
300126.SZ,2011-03-04,31.17,31.55,31.03,31.5,31.18,0.32,1.03,3103.98,9741.112,2023-08-01
002423.SZ,2011-03-04,9.33,9.67,9.3,9.59,9.3,0.29,3.12,37840.88,36146.5841,2023-08-01
300061.SZ,2011-03-04,21.25,21.5,21.25,21.41,21.35,0.06,0.28,2381.06,5086.9422,2023-08-01
002078.SZ,2011-03-04,13.6,13.85,13.39,13.7,13.6,0.1,0.74,130973.63,178037.5107,2023-08-01
002020.SZ,2011-03-04,21.5,22.29,21.31,21.6,21.78,-0.18,-0.83,14998.93,32459.5335,2023-08-01
002148.SZ,2011-03-04,38.71,39.45,38.7,39.35,38.71,0.64,1.65,5058.1,19707.1134,2023-08-01
000881.SZ,2011-03-04,12.36,12.57,12.24,12.52,12.36,0.16,1.29,68920.29,85546.1613,2023-08-01
600155.SH,2011-03-04,5.34,5.44,5.26,5.36,5.34,0.02,0.37,34620.93,18562.88,2023-08-01
002260.SZ,2011-03-04,11.65,11.77,11.56,11.72,11.65,0.07,0.6,8133.5,9513.7938,2023-08-01
000016.SZ,2011-03-04,4.93,5.0,4.92,4.96,4.93,0.03,0.61,78695.2,39049.8436,2023-08-01
601518.SH,2011-03-04,3.71,3.75,3.69,3.74,3.72,0.02,0.54,45586.8,16948.804,2023-08-01
300014.SZ,2011-03-04,24.9,25.18,24.5,25.1,25.0,0.1,0.4,8810.88,21849.0147,2023-08-01
600984.SH,2011-03-04,9.11,9.4,9.1,9.38,9.09,0.29,3.19,12017.36,11174.427,2023-08-01
000037.SZ,2011-03-04,5.76,5.96,5.76,5.89,5.88,0.01,0.17,48862.16,28723.5209,2023-08-01
601186.SH,2011-03-04,7.05,7.15,7.04,7.12,7.05,0.07,0.99,439335.28,311423.072,2023-08-01
000899.SZ,2011-03-04,5.94,6.07,5.92,6.04,5.98,0.06,1.0,34857.74,20967.7816,2023-08-01
000050.SZ,2011-03-04,14.42,14.59,14.06,14.42,14.41,0.01,0.07,107452.55,154120.5712,2023-08-01
000976.SZ,2011-03-04,6.34,6.6,6.23,6.41,6.41,0.0,0.0,210290.51,133861.7424,2023-08-01
002074.SZ,2011-03-04,20.59,20.8,20.03,20.7,20.59,0.11,0.53,23533.46,48090.8059,2023-08-01
600408.SH,2011-03-04,6.16,6.32,6.11,6.24,6.15,0.09,1.46,190913.18,118691.4,2023-08-01
300048.SZ,2011-03-04,52.01,52.97,51.87,52.8,52.01,0.79,1.52,8933.39,47015.3994,2023-08-01
000056.SZ,2011-03-04,13.89,14.16,13.61,14.0,13.9,0.1,0.72,16883.72,23437.5689,2023-08-01
600777.SH,2011-03-04,6.16,6.33,6.14,6.27,6.23,0.04,0.64,132641.08,82909.634,2023-08-01
600862.SH,2011-03-04,12.56,13.29,12.53,13.28,12.7,0.58,4.5669,123350.99,160921.759,2023-08-01
001872.SZ,2011-03-04,17.85,18.25,17.7,18.17,17.81,0.36,2.02,44408.37,79976.767,2023-08-01
001914.SZ,2011-03-04,14.22,14.48,14.08,14.46,14.11,0.35,2.48,38005.64,54265.744,2023-08-01
