security_code,trade_date,adj_factor,data_date
000001.SZ,2010-09-30,35.906,2023-07-31
000002.SZ,2010-09-30,111.936,2023-07-31
000004.SZ,2010-09-30,4.064,2023-07-31
000005.SZ,2010-09-30,9.268,2023-07-31
000006.SZ,2010-09-30,16.752,2023-07-31
000007.SZ,2010-09-30,5.521,2023-07-31
000008.SZ,2010-09-30,2.532,2023-07-31
000009.SZ,2010-09-30,3.878,2023-07-31
000010.SZ,2010-09-30,2.694,2023-07-31
000011.SZ,2010-09-30,3.192,2023-07-31
000012.SZ,2010-09-30,15.042,2023-07-31
000014.SZ,2010-09-30,5.306,2023-07-31
000016.SZ,2010-09-30,10.174,2023-07-31
000017.SZ,2010-09-30,2.683,2023-07-31
000018.SZ,2010-09-30,1.731,2023-07-31
000019.SZ,2010-09-30,1.983,2023-07-31
000020.SZ,2010-09-30,1.752,2023-07-31
000021.SZ,2010-09-30,12.897,2023-07-31
000022.SZ,2010-09-30,3.278,2023-07-31
000023.SZ,2010-09-30,2.596,2023-07-31
000024.SZ,2010-09-30,4.991,2023-07-31
000025.SZ,2010-09-30,1.883,2023-07-31
000026.SZ,2010-09-30,4.809,2023-07-31
000027.SZ,2010-09-30,6.341,2023-07-31
000028.SZ,2010-09-30,3.762,2023-07-31
000029.SZ,2010-09-30,2.142,2023-07-31
000030.SZ,2010-09-30,2.097,2023-07-31
000031.SZ,2010-09-30,13.353,2023-07-31
000032.SZ,2010-09-30,3.285,2023-07-31
000033.SZ,2010-09-30,1.978,2023-07-31
000034.SZ,2010-09-30,2.961,2023-07-31
000035.SZ,2010-09-30,2.306,2023-07-31
000036.SZ,2010-09-30,6.967,2023-07-31
000037.SZ,2010-09-30,5.659,2023-07-31
000039.SZ,2010-09-30,21.045,2023-07-31
000040.SZ,2010-09-30,4.177,2023-07-31
000042.SZ,2010-09-30,5.801,2023-07-31
000043.SZ,2010-09-30,2.399,2023-07-31
000045.SZ,2010-09-30,2.928,2023-07-31
000046.SZ,2010-09-30,14.061,2023-07-31
000048.SZ,2010-09-30,5.901,2023-07-31
000049.SZ,2010-09-30,3.4,2023-07-31
000050.SZ,2010-09-30,8.066,2023-07-31
000055.SZ,2010-09-30,3.875,2023-07-31
000056.SZ,2010-09-30,1.951,2023-07-31
000058.SZ,2010-09-30,3.194,2023-07-31
000059.SZ,2010-09-30,1.513,2023-07-31
000060.SZ,2010-09-30,17.704,2023-07-31
000061.SZ,2010-09-30,11.247,2023-07-31
000062.SZ,2010-09-30,4.502,2023-07-31
000063.SZ,2010-09-30,10.364,2023-07-31
000065.SZ,2010-09-30,4.127,2023-07-31
000066.SZ,2010-09-30,10.531,2023-07-31
000068.SZ,2010-09-30,2.28,2023-07-31
000069.SZ,2010-09-30,14.762,2023-07-31
000070.SZ,2010-09-30,1.413,2023-07-31
000078.SZ,2010-09-30,8.047,2023-07-31
000088.SZ,2010-09-30,4.188,2023-07-31
000089.SZ,2010-09-30,6.47,2023-07-31
000090.SZ,2010-09-30,2.279,2023-07-31
000096.SZ,2010-09-30,2.554,2023-07-31
000099.SZ,2010-09-30,3.64,2023-07-31
000100.SZ,2010-09-30,1.299,2023-07-31
000150.SZ,2010-09-30,1.988,2023-07-31
000151.SZ,2010-09-30,2.403,2023-07-31
000153.SZ,2010-09-30,5.446,2023-07-31
000155.SZ,2010-09-30,1.568,2023-07-31
000157.SZ,2010-09-30,41.433,2023-07-31
000158.SZ,2010-09-30,2.23,2023-07-31
000159.SZ,2010-09-30,2.996,2023-07-31
000301.SZ,2010-09-30,1.991,2023-07-31
000338.SZ,2010-09-30,1.638,2023-07-31
000400.SZ,2010-09-30,3.767,2023-07-31
000401.SZ,2010-09-30,3.735,2023-07-31
000402.SZ,2010-09-30,26.914,2023-07-31
000404.SZ,2010-09-30,2.919,2023-07-31
000407.SZ,2010-09-30,8.28,2023-07-31
000408.SZ,2010-09-30,5.585,2023-07-31
000409.SZ,2010-09-30,1.99,2023-07-31
000410.SZ,2010-09-30,2.867,2023-07-31
000411.SZ,2010-09-30,2.537,2023-07-31
000413.SZ,2010-09-30,1.454,2023-07-31
000415.SZ,2010-09-30,7.703,2023-07-31
000416.SZ,2010-09-30,9.19,2023-07-31
000417.SZ,2010-09-30,9.7,2023-07-31
000418.SZ,2010-09-30,2.444,2023-07-31
000419.SZ,2010-09-30,9.541,2023-07-31
000420.SZ,2010-09-30,3.176,2023-07-31
000421.SZ,2010-09-30,6.31,2023-07-31
000422.SZ,2010-09-30,10.04,2023-07-31
000423.SZ,2010-09-30,8.717,2023-07-31
000425.SZ,2010-09-30,5.865,2023-07-31
000426.SZ,2010-09-30,6.882,2023-07-31
000428.SZ,2010-09-30,9.237,2023-07-31
000429.SZ,2010-09-30,2.689,2023-07-31
000430.SZ,2010-09-30,4.575,2023-07-31
000488.SZ,2010-09-30,4.295,2023-07-31
000501.SZ,2010-09-30,4.751,2023-07-31
000502.SZ,2010-09-30,3.113,2023-07-31
000503.SZ,2010-09-30,6.344,2023-07-31
000504.SZ,2010-09-30,2.103,2023-07-31
000505.SZ,2010-09-30,3.312,2023-07-31
000506.SZ,2010-09-30,2.369,2023-07-31
000507.SZ,2010-09-30,2.203,2023-07-31
000509.SZ,2010-09-30,2.785,2023-07-31
000510.SZ,2010-09-30,10.351,2023-07-31
000511.SZ,2010-09-30,16.201,2023-07-31
000513.SZ,2010-09-30,2.503,2023-07-31
000514.SZ,2010-09-30,3.478,2023-07-31
000516.SZ,2010-09-30,15.068,2023-07-31
000517.SZ,2010-09-30,4.178,2023-07-31
000518.SZ,2010-09-30,8.377,2023-07-31
000519.SZ,2010-09-30,5.6,2023-07-31
000520.SZ,2010-09-30,6.855,2023-07-31
000521.SZ,2010-09-30,3.217,2023-07-31
000522.SZ,2010-09-30,4.111,2023-07-31
000523.SZ,2010-09-30,2.73,2023-07-31
000524.SZ,2010-09-30,4.463,2023-07-31
000525.SZ,2010-09-30,6.719,2023-07-31
000526.SZ,2010-09-30,2.471,2023-07-31
000527.SZ,2010-09-30,39.434,2023-07-31
000528.SZ,2010-09-30,4.881,2023-07-31
000529.SZ,2010-09-30,3.035,2023-07-31
000530.SZ,2010-09-30,4.129,2023-07-31
000531.SZ,2010-09-30,4.924,2023-07-31
000532.SZ,2010-09-30,4.268,2023-07-31
000533.SZ,2010-09-30,2.147,2023-07-31
000534.SZ,2010-09-30,3.895,2023-07-31
000536.SZ,2010-09-30,1.791,2023-07-31
000537.SZ,2010-09-30,5.759,2023-07-31
000538.SZ,2010-09-30,10.836,2023-07-31
000539.SZ,2010-09-30,11.98,2023-07-31
000540.SZ,2010-09-30,12.937,2023-07-31
000541.SZ,2010-09-30,15.972,2023-07-31
000543.SZ,2010-09-30,2.319,2023-07-31
000544.SZ,2010-09-30,2.086,2023-07-31
000545.SZ,2010-09-30,1.701,2023-07-31
000546.SZ,2010-09-30,1.717,2023-07-31
000547.SZ,2010-09-30,3.804,2023-07-31
000548.SZ,2010-09-30,3.365,2023-07-31
000550.SZ,2010-09-30,2.104,2023-07-31
000551.SZ,2010-09-30,4.988,2023-07-31
000552.SZ,2010-09-30,1.483,2023-07-31
000553.SZ,2010-09-30,4.052,2023-07-31
000554.SZ,2010-09-30,4.868,2023-07-31
000555.SZ,2010-09-30,1.553,2023-07-31
000557.SZ,2010-09-30,7.328,2023-07-31
000558.SZ,2010-09-30,2.319,2023-07-31
000559.SZ,2010-09-30,12.07,2023-07-31
000560.SZ,2010-09-30,1.534,2023-07-31
000561.SZ,2010-09-30,2.52,2023-07-31
000562.SZ,2010-09-30,4.136,2023-07-31
000563.SZ,2010-09-30,3.836,2023-07-31
000564.SZ,2010-09-30,2.915,2023-07-31
000565.SZ,2010-09-30,2.921,2023-07-31
000566.SZ,2010-09-30,2.284,2023-07-31
000567.SZ,2010-09-30,3.261,2023-07-31
000568.SZ,2010-09-30,23.729,2023-07-31
000570.SZ,2010-09-30,4.383,2023-07-31
000571.SZ,2010-09-30,7.318,2023-07-31
000572.SZ,2010-09-30,4.611,2023-07-31
000573.SZ,2010-09-30,7.068,2023-07-31
000576.SZ,2010-09-30,6.187,2023-07-31
000578.SZ,2010-09-30,3.801,2023-07-31
000581.SZ,2010-09-30,2.565,2023-07-31
000582.SZ,2010-09-30,3.39,2023-07-31
000584.SZ,2010-09-30,2.935,2023-07-31
000585.SZ,2010-09-30,1.277,2023-07-31
000586.SZ,2010-09-30,3.698,2023-07-31
000587.SZ,2010-09-30,2.078,2023-07-31
000589.SZ,2010-09-30,2.882,2023-07-31
000590.SZ,2010-09-30,4.211,2023-07-31
000591.SZ,2010-09-30,4.012,2023-07-31
000592.SZ,2010-09-30,2.455,2023-07-31
000593.SZ,2010-09-30,5.481,2023-07-31
000594.SZ,2010-09-30,12.94,2023-07-31
000595.SZ,2010-09-30,2.479,2023-07-31
000596.SZ,2010-09-30,1.541,2023-07-31
000597.SZ,2010-09-30,2.157,2023-07-31
000598.SZ,2010-09-30,5.191,2023-07-31
000599.SZ,2010-09-30,4.783,2023-07-31
000600.SZ,2010-09-30,5.707,2023-07-31
000601.SZ,2010-09-30,8.441,2023-07-31
000602.SZ,2010-09-30,3.611,2023-07-31
000603.SZ,2010-09-30,3.798,2023-07-31
000605.SZ,2010-09-30,2.517,2023-07-31
000606.SZ,2010-09-30,6.419,2023-07-31
000607.SZ,2010-09-30,3.735,2023-07-31
000608.SZ,2010-09-30,10.914,2023-07-31
000609.SZ,2010-09-30,5.991,2023-07-31
000610.SZ,2010-09-30,2.976,2023-07-31
000611.SZ,2010-09-30,4.596,2023-07-31
000612.SZ,2010-09-30,5.067,2023-07-31
000613.SZ,2010-09-30,1.43,2023-07-31
000615.SZ,2010-09-30,4.479,2023-07-31
000616.SZ,2010-09-30,18.82,2023-07-31
000617.SZ,2010-09-30,4.726,2023-07-31
000619.SZ,2010-09-30,8.539,2023-07-31
000623.SZ,2010-09-30,9.516,2023-07-31
000625.SZ,2010-09-30,3.591,2023-07-31
000626.SZ,2010-09-30,5.262,2023-07-31
000627.SZ,2010-09-30,26.959,2023-07-31
000628.SZ,2010-09-30,3.123,2023-07-31
000629.SZ,2010-09-30,5.12,2023-07-31
000630.SZ,2010-09-30,5.039,2023-07-31
000631.SZ,2010-09-30,6.601,2023-07-31
000632.SZ,2010-09-30,7.527,2023-07-31
000633.SZ,2010-09-30,7.479,2023-07-31
000635.SZ,2010-09-30,3.55,2023-07-31
000636.SZ,2010-09-30,16.11,2023-07-31
000637.SZ,2010-09-30,14.576,2023-07-31
000638.SZ,2010-09-30,2.21,2023-07-31
000639.SZ,2010-09-30,1.707,2023-07-31
000650.SZ,2010-09-30,6.976,2023-07-31
000651.SZ,2010-09-30,55.029,2023-07-31
000652.SZ,2010-09-30,26.25,2023-07-31
000655.SZ,2010-09-30,5.537,2023-07-31
000656.SZ,2010-09-30,1.795,2023-07-31
000659.SZ,2010-09-30,9.612,2023-07-31
000661.SZ,2010-09-30,3.136,2023-07-31
000662.SZ,2010-09-30,4.596,2023-07-31
000663.SZ,2010-09-30,4.049,2023-07-31
000665.SZ,2010-09-30,3.941,2023-07-31
000666.SZ,2010-09-30,1.502,2023-07-31
000667.SZ,2010-09-30,24.561,2023-07-31
000668.SZ,2010-09-30,3.611,2023-07-31
000669.SZ,2010-09-30,1.691,2023-07-31
000671.SZ,2010-09-30,6.134,2023-07-31
000673.SZ,2010-09-30,5.756,2023-07-31
000676.SZ,2010-09-30,8.247,2023-07-31
000677.SZ,2010-09-30,18.3,2023-07-31
000678.SZ,2010-09-30,4.96,2023-07-31
000679.SZ,2010-09-30,3.44,2023-07-31
000680.SZ,2010-09-30,3.495,2023-07-31
000682.SZ,2010-09-30,15.526,2023-07-31
000683.SZ,2010-09-30,4.083,2023-07-31
000685.SZ,2010-09-30,5.223,2023-07-31
000686.SZ,2010-09-30,5.618,2023-07-31
000687.SZ,2010-09-30,3.319,2023-07-31
000690.SZ,2010-09-30,33.624,2023-07-31
000691.SZ,2010-09-30,3.055,2023-07-31
000692.SZ,2010-09-30,5.988,2023-07-31
000695.SZ,2010-09-30,2.55,2023-07-31
000697.SZ,2010-09-30,3.668,2023-07-31
000698.SZ,2010-09-30,2.96,2023-07-31
000700.SZ,2010-09-30,6.934,2023-07-31
000701.SZ,2010-09-30,1.626,2023-07-31
000702.SZ,2010-09-30,2.553,2023-07-31
000703.SZ,2010-09-30,2.25,2023-07-31
000705.SZ,2010-09-30,2.66,2023-07-31
000707.SZ,2010-09-30,2.963,2023-07-31
000708.SZ,2010-09-30,1.61,2023-07-31
000709.SZ,2010-09-30,9.014,2023-07-31
000710.SZ,2010-09-30,3.497,2023-07-31
000711.SZ,2010-09-30,2.701,2023-07-31
000712.SZ,2010-09-30,6.32,2023-07-31
000713.SZ,2010-09-30,3.342,2023-07-31
000715.SZ,2010-09-30,3.078,2023-07-31
000716.SZ,2010-09-30,1.821,2023-07-31
000717.SZ,2010-09-30,4.493,2023-07-31
000718.SZ,2010-09-30,3.85,2023-07-31
000720.SZ,2010-09-30,7.26,2023-07-31
000721.SZ,2010-09-30,2.304,2023-07-31
000723.SZ,2010-09-30,1.723,2023-07-31
000725.SZ,2010-09-30,3.893,2023-07-31
000726.SZ,2010-09-30,5.647,2023-07-31
000727.SZ,2010-09-30,2.817,2023-07-31
000728.SZ,2010-09-30,1.326,2023-07-31
000729.SZ,2010-09-30,3.725,2023-07-31
000731.SZ,2010-09-30,10.103,2023-07-31
000732.SZ,2010-09-30,2.12,2023-07-31
000733.SZ,2010-09-30,2.141,2023-07-31
000735.SZ,2010-09-30,5.771,2023-07-31
000736.SZ,2010-09-30,1.191,2023-07-31
000737.SZ,2010-09-30,3.636,2023-07-31
000738.SZ,2010-09-30,1.768,2023-07-31
000739.SZ,2010-09-30,4.456,2023-07-31
000748.SZ,2010-09-30,3.355,2023-07-31
000750.SZ,2010-09-30,2.15,2023-07-31
000751.SZ,2010-09-30,3.371,2023-07-31
000752.SZ,2010-09-30,4.707,2023-07-31
000753.SZ,2010-09-30,4.675,2023-07-31
000755.SZ,2010-09-30,2.567,2023-07-31
000756.SZ,2010-09-30,1.456,2023-07-31
000758.SZ,2010-09-30,6.009,2023-07-31
000759.SZ,2010-09-30,6.351,2023-07-31
000760.SZ,2010-09-30,5.846,2023-07-31
000761.SZ,2010-09-30,1.76,2023-07-31
000762.SZ,2010-09-30,3.566,2023-07-31
000766.SZ,2010-09-30,3.268,2023-07-31
000767.SZ,2010-09-30,10.762,2023-07-31
000768.SZ,2010-09-30,8.103,2023-07-31
000776.SZ,2010-09-30,2.281,2023-07-31
000777.SZ,2010-09-30,3.703,2023-07-31
000778.SZ,2010-09-30,6.977,2023-07-31
000779.SZ,2010-09-30,2.278,2023-07-31
000780.SZ,2010-09-30,4.301,2023-07-31
000782.SZ,2010-09-30,3.228,2023-07-31
000783.SZ,2010-09-30,2.25,2023-07-31
000785.SZ,2010-09-30,6.115,2023-07-31
000786.SZ,2010-09-30,4.491,2023-07-31
000788.SZ,2010-09-30,2.642,2023-07-31
000789.SZ,2010-09-30,2.3,2023-07-31
000790.SZ,2010-09-30,5.207,2023-07-31
000791.SZ,2010-09-30,2.394,2023-07-31
000792.SZ,2010-09-30,4.751,2023-07-31
000793.SZ,2010-09-30,12.468,2023-07-31
000795.SZ,2010-09-30,2.144,2023-07-31
000796.SZ,2010-09-30,3.99,2023-07-31
000797.SZ,2010-09-30,1.849,2023-07-31
000798.SZ,2010-09-30,2.229,2023-07-31
000799.SZ,2010-09-30,1.965,2023-07-31
000800.SZ,2010-09-30,2.305,2023-07-31
000801.SZ,2010-09-30,3.562,2023-07-31
000802.SZ,2010-09-30,1.629,2023-07-31
000803.SZ,2010-09-30,3.005,2023-07-31
000806.SZ,2010-09-30,8.502,2023-07-31
000807.SZ,2010-09-30,5.102,2023-07-31
000809.SZ,2010-09-30,1.269,2023-07-31
000810.SZ,2010-09-30,2.481,2023-07-31
000811.SZ,2010-09-30,6.225,2023-07-31
000812.SZ,2010-09-30,3.976,2023-07-31
000813.SZ,2010-09-30,2.515,2023-07-31
000815.SZ,2010-09-30,3.446,2023-07-31
000816.SZ,2010-09-30,6.235,2023-07-31
000818.SZ,2010-09-30,1.438,2023-07-31
000819.SZ,2010-09-30,5.255,2023-07-31
000820.SZ,2010-09-30,1.925,2023-07-31
000821.SZ,2010-09-30,2.435,2023-07-31
000822.SZ,2010-09-30,2.204,2023-07-31
000823.SZ,2010-09-30,2.637,2023-07-31
000825.SZ,2010-09-30,6.173,2023-07-31
000826.SZ,2010-09-30,3.273,2023-07-31
000828.SZ,2010-09-30,2.703,2023-07-31
000829.SZ,2010-09-30,14.801,2023-07-31
000830.SZ,2010-09-30,5.646,2023-07-31
000831.SZ,2010-09-30,3.987,2023-07-31
000833.SZ,2010-09-30,1.59,2023-07-31
000835.SZ,2010-09-30,7.462,2023-07-31
000836.SZ,2010-09-30,2.648,2023-07-31
000837.SZ,2010-09-30,3.967,2023-07-31
000838.SZ,2010-09-30,3.379,2023-07-31
000839.SZ,2010-09-30,8.358,2023-07-31
000848.SZ,2010-09-30,5.474,2023-07-31
000850.SZ,2010-09-30,4.92,2023-07-31
000851.SZ,2010-09-30,1.689,2023-07-31
000852.SZ,2010-09-30,3.119,2023-07-31
000856.SZ,2010-09-30,1.878,2023-07-31
000858.SZ,2010-09-30,14.223,2023-07-31
000859.SZ,2010-09-30,2.789,2023-07-31
000860.SZ,2010-09-30,2.176,2023-07-31
000861.SZ,2010-09-30,4.675,2023-07-31
000862.SZ,2010-09-30,2.248,2023-07-31
000868.SZ,2010-09-30,3.261,2023-07-31
000869.SZ,2010-09-30,3.011,2023-07-31
000875.SZ,2010-09-30,1.406,2023-07-31
000876.SZ,2010-09-30,7.573,2023-07-31
000877.SZ,2010-09-30,3.175,2023-07-31
000878.SZ,2010-09-30,2.792,2023-07-31
000880.SZ,2010-09-30,3.165,2023-07-31
000881.SZ,2010-09-30,4.601,2023-07-31
000882.SZ,2010-09-30,1.896,2023-07-31
000883.SZ,2010-09-30,2.165,2023-07-31
000885.SZ,2010-09-30,1.05,2023-07-31
000886.SZ,2010-09-30,2.84,2023-07-31
000887.SZ,2010-09-30,2.563,2023-07-31
000888.SZ,2010-09-30,2.871,2023-07-31
000889.SZ,2010-09-30,3.511,2023-07-31
000890.SZ,2010-09-30,3.5,2023-07-31
000892.SZ,2010-09-30,2.486,2023-07-31
000893.SZ,2010-09-30,1.329,2023-07-31
000895.SZ,2010-09-30,4.832,2023-07-31
000897.SZ,2010-09-30,5.918,2023-07-31
000898.SZ,2010-09-30,1.982,2023-07-31
000899.SZ,2010-09-30,3.039,2023-07-31
000900.SZ,2010-09-30,2.792,2023-07-31
000901.SZ,2010-09-30,2.929,2023-07-31
000902.SZ,2010-09-30,1.631,2023-07-31
000903.SZ,2010-09-30,2.96,2023-07-31
000905.SZ,2010-09-30,2.505,2023-07-31
000906.SZ,2010-09-30,2.495,2023-07-31
000908.SZ,2010-09-30,2.546,2023-07-31
000909.SZ,2010-09-30,1.38,2023-07-31
000910.SZ,2010-09-30,2.296,2023-07-31
000911.SZ,2010-09-30,1.835,2023-07-31
000912.SZ,2010-09-30,2.301,2023-07-31
000913.SZ,2010-09-30,2.543,2023-07-31
000915.SZ,2010-09-30,2.343,2023-07-31
000916.SZ,2010-09-30,1.774,2023-07-31
000917.SZ,2010-09-30,3.516,2023-07-31
000918.SZ,2010-09-30,2.431,2023-07-31
000919.SZ,2010-09-30,3.103,2023-07-31
000920.SZ,2010-09-30,2.987,2023-07-31
000921.SZ,2010-09-30,1.183,2023-07-31
000922.SZ,2010-09-30,2.219,2023-07-31
000923.SZ,2010-09-30,1.641,2023-07-31
000925.SZ,2010-09-30,2.149,2023-07-31
000926.SZ,2010-09-30,2.932,2023-07-31
000927.SZ,2010-09-30,1.573,2023-07-31
000928.SZ,2010-09-30,1.111,2023-07-31
000929.SZ,2010-09-30,2.476,2023-07-31
000930.SZ,2010-09-30,5.556,2023-07-31
000931.SZ,2010-09-30,1.54,2023-07-31
000932.SZ,2010-09-30,1.445,2023-07-31
000933.SZ,2010-09-30,7.341,2023-07-31
000935.SZ,2010-09-30,3.019,2023-07-31
000936.SZ,2010-09-30,3.56,2023-07-31
000937.SZ,2010-09-30,2.493,2023-07-31
000938.SZ,2010-09-30,2.478,2023-07-31
000939.SZ,2010-09-30,5.761,2023-07-31
000948.SZ,2010-09-30,1.702,2023-07-31
000949.SZ,2010-09-30,3.528,2023-07-31
000950.SZ,2010-09-30,2.24,2023-07-31
000951.SZ,2010-09-30,1.684,2023-07-31
000952.SZ,2010-09-30,2.082,2023-07-31
000953.SZ,2010-09-30,2.608,2023-07-31
000955.SZ,2010-09-30,1.895,2023-07-31
000957.SZ,2010-09-30,2.409,2023-07-31
000958.SZ,2010-09-30,2.173,2023-07-31
000959.SZ,2010-09-30,2.187,2023-07-31
000960.SZ,2010-09-30,3.039,2023-07-31
000961.SZ,2010-09-30,2.062,2023-07-31
000962.SZ,2010-09-30,3.055,2023-07-31
000963.SZ,2010-09-30,3.134,2023-07-31
000965.SZ,2010-09-30,1.651,2023-07-31
000966.SZ,2010-09-30,1.799,2023-07-31
000967.SZ,2010-09-30,1.802,2023-07-31
000968.SZ,2010-09-30,1.849,2023-07-31
000969.SZ,2010-09-30,6.528,2023-07-31
000970.SZ,2010-09-30,7.558,2023-07-31
000971.SZ,2010-09-30,1.896,2023-07-31
000972.SZ,2010-09-30,3.266,2023-07-31
000973.SZ,2010-09-30,2.441,2023-07-31
000975.SZ,2010-09-30,4.506,2023-07-31
000976.SZ,2010-09-30,3.673,2023-07-31
000977.SZ,2010-09-30,1.359,2023-07-31
000978.SZ,2010-09-30,2.933,2023-07-31
000979.SZ,2010-09-30,1.766,2023-07-31
000980.SZ,2010-09-30,2.042,2023-07-31
000982.SZ,2010-09-30,3.996,2023-07-31
000983.SZ,2010-09-30,5.95,2023-07-31
000985.SZ,2010-09-30,1.582,2023-07-31
000987.SZ,2010-09-30,2.232,2023-07-31
000988.SZ,2010-09-30,4.867,2023-07-31
000989.SZ,2010-09-30,3.046,2023-07-31
000990.SZ,2010-09-30,2.95,2023-07-31
000993.SZ,2010-09-30,1.769,2023-07-31
000995.SZ,2010-09-30,1.686,2023-07-31
000996.SZ,2010-09-30,2.697,2023-07-31
000997.SZ,2010-09-30,5.829,2023-07-31
000998.SZ,2010-09-30,3.554,2023-07-31
000999.SZ,2010-09-30,1.799,2023-07-31
001696.SZ,2010-09-30,19.917,2023-07-31
001872.SZ,2010-09-30,3.278,2023-07-31
001896.SZ,2010-09-30,1.387,2023-07-31
001914.SZ,2010-09-30,2.399,2023-07-31
002001.SZ,2010-09-30,5.894,2023-07-31
002002.SZ,2010-09-30,2.863,2023-07-31
002003.SZ,2010-09-30,3.267,2023-07-31
002004.SZ,2010-09-30,2.14,2023-07-31
002005.SZ,2010-09-30,4.971,2023-07-31
002006.SZ,2010-09-30,2.551,2023-07-31
002007.SZ,2010-09-30,12.117,2023-07-31
002008.SZ,2010-09-30,7.691,2023-07-31
002009.SZ,2010-09-30,5.189,2023-07-31
002010.SZ,2010-09-30,3.882,2023-07-31
002011.SZ,2010-09-30,2.948,2023-07-31
002012.SZ,2010-09-30,2.519,2023-07-31
002013.SZ,2010-09-30,3.833,2023-07-31
002014.SZ,2010-09-30,2.243,2023-07-31
002015.SZ,2010-09-30,4.533,2023-07-31
002016.SZ,2010-09-30,3.891,2023-07-31
002017.SZ,2010-09-30,2.951,2023-07-31
002018.SZ,2010-09-30,5.328,2023-07-31
002019.SZ,2010-09-30,5.551,2023-07-31
002020.SZ,2010-09-30,2.123,2023-07-31
002021.SZ,2010-09-30,7.004,2023-07-31
002022.SZ,2010-09-30,10.751,2023-07-31
002023.SZ,2010-09-30,4.893,2023-07-31
002024.SZ,2010-09-30,82.046,2023-07-31
002025.SZ,2010-09-30,4.608,2023-07-31
002026.SZ,2010-09-30,2.0,2023-07-31
002027.SZ,2010-09-30,3.566,2023-07-31
002028.SZ,2010-09-30,10.451,2023-07-31
002029.SZ,2010-09-30,3.97,2023-07-31
002030.SZ,2010-09-30,4.746,2023-07-31
002031.SZ,2010-09-30,2.449,2023-07-31
002032.SZ,2010-09-30,4.855,2023-07-31
002033.SZ,2010-09-30,1.485,2023-07-31
002034.SZ,2010-09-30,1.756,2023-07-31
002035.SZ,2010-09-30,4.218,2023-07-31
002036.SZ,2010-09-30,3.551,2023-07-31
002037.SZ,2010-09-30,2.386,2023-07-31
002038.SZ,2010-09-30,4.931,2023-07-31
002039.SZ,2010-09-30,1.434,2023-07-31
002040.SZ,2010-09-30,2.234,2023-07-31
002041.SZ,2010-09-30,2.614,2023-07-31
002042.SZ,2010-09-30,1.337,2023-07-31
002043.SZ,2010-09-30,2.106,2023-07-31
002044.SZ,2010-09-30,1.859,2023-07-31
002045.SZ,2010-09-30,3.463,2023-07-31
002046.SZ,2010-09-30,2.011,2023-07-31
002047.SZ,2010-09-30,3.175,2023-07-31
002048.SZ,2010-09-30,5.896,2023-07-31
002049.SZ,2010-09-30,2.155,2023-07-31
002050.SZ,2010-09-30,1.429,2023-07-31
002051.SZ,2010-09-30,1.052,2023-07-31
002052.SZ,2010-09-30,3.391,2023-07-31
002053.SZ,2010-09-30,1.031,2023-07-31
002054.SZ,2010-09-30,2.327,2023-07-31
002055.SZ,2010-09-30,2.908,2023-07-31
002056.SZ,2010-09-30,2.039,2023-07-31
002057.SZ,2010-09-30,1.205,2023-07-31
002058.SZ,2010-09-30,1.016,2023-07-31
002059.SZ,2010-09-30,1.02,2023-07-31
002060.SZ,2010-09-30,1.251,2023-07-31
002061.SZ,2010-09-30,1.068,2023-07-31
002062.SZ,2010-09-30,3.455,2023-07-31
002063.SZ,2010-09-30,2.398,2023-07-31
002064.SZ,2010-09-30,5.303,2023-07-31
002065.SZ,2010-09-30,4.583,2023-07-31
002066.SZ,2010-09-30,1.534,2023-07-31
002067.SZ,2010-09-30,1.308,2023-07-31
002068.SZ,2010-09-30,2.85,2023-07-31
002069.SZ,2010-09-30,4.152,2023-07-31
002070.SZ,2010-09-30,2.125,2023-07-31
002071.SZ,2010-09-30,1.517,2023-07-31
002072.SZ,2010-09-30,1.107,2023-07-31
002073.SZ,2010-09-30,9.089,2023-07-31
002074.SZ,2010-09-30,2.082,2023-07-31
002076.SZ,2010-09-30,1.805,2023-07-31
002077.SZ,2010-09-30,1.433,2023-07-31
002078.SZ,2010-09-30,3.744,2023-07-31
002079.SZ,2010-09-30,2.035,2023-07-31
002080.SZ,2010-09-30,1.038,2023-07-31
002081.SZ,2010-09-30,3.461,2023-07-31
002082.SZ,2010-09-30,2.642,2023-07-31
002083.SZ,2010-09-30,2.007,2023-07-31
002084.SZ,2010-09-30,1.604,2023-07-31
002085.SZ,2010-09-30,1.153,2023-07-31
002086.SZ,2010-09-30,2.021,2023-07-31
002087.SZ,2010-09-30,1.679,2023-07-31
002088.SZ,2010-09-30,2.118,2023-07-31
002089.SZ,2010-09-30,3.05,2023-07-31
002090.SZ,2010-09-30,3.165,2023-07-31
002091.SZ,2010-09-30,2.441,2023-07-31
002092.SZ,2010-09-30,3.055,2023-07-31
002093.SZ,2010-09-30,6.031,2023-07-31
002094.SZ,2010-09-30,2.05,2023-07-31
002095.SZ,2010-09-30,2.283,2023-07-31
002096.SZ,2010-09-30,2.365,2023-07-31
002097.SZ,2010-09-30,3.016,2023-07-31
002098.SZ,2010-09-30,1.05,2023-07-31
002099.SZ,2010-09-30,1.551,2023-07-31
002100.SZ,2010-09-30,3.073,2023-07-31
002101.SZ,2010-09-30,1.026,2023-07-31
002102.SZ,2010-09-30,1.517,2023-07-31
002103.SZ,2010-09-30,1.226,2023-07-31
002104.SZ,2010-09-30,3.93,2023-07-31
002105.SZ,2010-09-30,1.068,2023-07-31
002106.SZ,2010-09-30,2.344,2023-07-31
002107.SZ,2010-09-30,2.041,2023-07-31
002108.SZ,2010-09-30,2.179,2023-07-31
002109.SZ,2010-09-30,2.341,2023-07-31
002110.SZ,2010-09-30,1.05,2023-07-31
002111.SZ,2010-09-30,1.731,2023-07-31
002112.SZ,2010-09-30,1.421,2023-07-31
002113.SZ,2010-09-30,1.601,2023-07-31
002114.SZ,2010-09-30,1.82,2023-07-31
002115.SZ,2010-09-30,2.481,2023-07-31
002116.SZ,2010-09-30,1.058,2023-07-31
002117.SZ,2010-09-30,1.073,2023-07-31
002118.SZ,2010-09-30,3.101,2023-07-31
002119.SZ,2010-09-30,2.011,2023-07-31
002120.SZ,2010-09-30,2.26,2023-07-31
002121.SZ,2010-09-30,4.05,2023-07-31
002122.SZ,2010-09-30,8.035,2023-07-31
002123.SZ,2010-09-30,4.826,2023-07-31
002124.SZ,2010-09-30,3.101,2023-07-31
002125.SZ,2010-09-30,1.0,2023-07-31
002126.SZ,2010-09-30,1.019,2023-07-31
002127.SZ,2010-09-30,2.734,2023-07-31
002128.SZ,2010-09-30,2.143,2023-07-31
002129.SZ,2010-09-30,1.261,2023-07-31
002130.SZ,2010-09-30,4.563,2023-07-31
002131.SZ,2010-09-30,4.09,2023-07-31
002132.SZ,2010-09-30,1.53,2023-07-31
002133.SZ,2010-09-30,2.067,2023-07-31
002134.SZ,2010-09-30,1.251,2023-07-31
002135.SZ,2010-09-30,1.018,2023-07-31
002136.SZ,2010-09-30,1.0,2023-07-31
002137.SZ,2010-09-30,2.01,2023-07-31
002138.SZ,2010-09-30,2.027,2023-07-31
002139.SZ,2010-09-30,3.421,2023-07-31
002140.SZ,2010-09-30,4.282,2023-07-31
002141.SZ,2010-09-30,1.42,2023-07-31
002142.SZ,2010-09-30,1.053,2023-07-31
002143.SZ,2010-09-30,1.509,2023-07-31
002144.SZ,2010-09-30,1.015,2023-07-31
002145.SZ,2010-09-30,1.0,2023-07-31
002146.SZ,2010-09-30,3.256,2023-07-31
002147.SZ,2010-09-30,2.452,2023-07-31
002148.SZ,2010-09-30,1.53,2023-07-31
002149.SZ,2010-09-30,1.506,2023-07-31
002150.SZ,2010-09-30,2.339,2023-07-31
002151.SZ,2010-09-30,1.734,2023-07-31
002152.SZ,2010-09-30,2.453,2023-07-31
002153.SZ,2010-09-30,4.062,2023-07-31
002154.SZ,2010-09-30,2.659,2023-07-31
002155.SZ,2010-09-30,1.424,2023-07-31
002156.SZ,2010-09-30,1.32,2023-07-31
002157.SZ,2010-09-30,3.018,2023-07-31
002158.SZ,2010-09-30,1.265,2023-07-31
002159.SZ,2010-09-30,1.506,2023-07-31
002160.SZ,2010-09-30,1.015,2023-07-31
002161.SZ,2010-09-30,4.052,2023-07-31
002162.SZ,2010-09-30,1.126,2023-07-31
002163.SZ,2010-09-30,2.297,2023-07-31
002164.SZ,2010-09-30,1.529,2023-07-31
002165.SZ,2010-09-30,3.445,2023-07-31
002166.SZ,2010-09-30,2.002,2023-07-31
002167.SZ,2010-09-30,2.613,2023-07-31
002168.SZ,2010-09-30,6.195,2023-07-31
002169.SZ,2010-09-30,2.409,2023-07-31
002170.SZ,2010-09-30,3.264,2023-07-31
002171.SZ,2010-09-30,1.205,2023-07-31
002172.SZ,2010-09-30,3.012,2023-07-31
002173.SZ,2010-09-30,1.5,2023-07-31
002174.SZ,2010-09-30,1.018,2023-07-31
002175.SZ,2010-09-30,1.525,2023-07-31
002176.SZ,2010-09-30,1.622,2023-07-31
002177.SZ,2010-09-30,3.032,2023-07-31
002178.SZ,2010-09-30,1.214,2023-07-31
002179.SZ,2010-09-30,3.401,2023-07-31
002180.SZ,2010-09-30,1.546,2023-07-31
002181.SZ,2010-09-30,1.313,2023-07-31
002182.SZ,2010-09-30,1.011,2023-07-31
002183.SZ,2010-09-30,4.627,2023-07-31
002184.SZ,2010-09-30,2.041,2023-07-31
002185.SZ,2010-09-30,2.154,2023-07-31
002186.SZ,2010-09-30,1.042,2023-07-31
002187.SZ,2010-09-30,1.04,2023-07-31
002188.SZ,2010-09-30,1.978,2023-07-31
002189.SZ,2010-09-30,1.01,2023-07-31
002190.SZ,2010-09-30,1.975,2023-07-31
002191.SZ,2010-09-30,2.554,2023-07-31
002192.SZ,2010-09-30,2.027,2023-07-31
002193.SZ,2010-09-30,2.026,2023-07-31
002194.SZ,2010-09-30,2.776,2023-07-31
002195.SZ,2010-09-30,1.321,2023-07-31
002196.SZ,2010-09-30,1.037,2023-07-31
002197.SZ,2010-09-30,1.539,2023-07-31
002198.SZ,2010-09-30,2.006,2023-07-31
002199.SZ,2010-09-30,1.727,2023-07-31
002200.SZ,2010-09-30,1.815,2023-07-31
002201.SZ,2010-09-30,1.702,2023-07-31
002202.SZ,2010-09-30,4.61,2023-07-31
002203.SZ,2010-09-30,1.033,2023-07-31
002204.SZ,2010-09-30,1.02,2023-07-31
002205.SZ,2010-09-30,1.263,2023-07-31
002206.SZ,2010-09-30,2.058,2023-07-31
002207.SZ,2010-09-30,1.016,2023-07-31
002208.SZ,2010-09-30,3.068,2023-07-31
002209.SZ,2010-09-30,1.52,2023-07-31
002210.SZ,2010-09-30,2.295,2023-07-31
002211.SZ,2010-09-30,1.016,2023-07-31
002212.SZ,2010-09-30,1.558,2023-07-31
002213.SZ,2010-09-30,2.049,2023-07-31
002214.SZ,2010-09-30,1.016,2023-07-31
002215.SZ,2010-09-30,1.735,2023-07-31
002216.SZ,2010-09-30,2.026,2023-07-31
002217.SZ,2010-09-30,1.831,2023-07-31
002218.SZ,2010-09-30,1.806,2023-07-31
002219.SZ,2010-09-30,3.209,2023-07-31
002220.SZ,2010-09-30,2.849,2023-07-31
002221.SZ,2010-09-30,1.005,2023-07-31
002222.SZ,2010-09-30,1.066,2023-07-31
002223.SZ,2010-09-30,2.452,2023-07-31
002224.SZ,2010-09-30,1.815,2023-07-31
002225.SZ,2010-09-30,1.333,2023-07-31
002226.SZ,2010-09-30,2.609,2023-07-31
002227.SZ,2010-09-30,1.012,2023-07-31
002228.SZ,2010-09-30,1.933,2023-07-31
002229.SZ,2010-09-30,1.74,2023-07-31
002230.SZ,2010-09-30,1.518,2023-07-31
002231.SZ,2010-09-30,1.522,2023-07-31
002232.SZ,2010-09-30,2.193,2023-07-31
002233.SZ,2010-09-30,1.013,2023-07-31
002234.SZ,2010-09-30,1.0,2023-07-31
002235.SZ,2010-09-30,1.962,2023-07-31
002236.SZ,2010-09-30,2.026,2023-07-31
002237.SZ,2010-09-30,2.008,2023-07-31
002238.SZ,2010-09-30,1.011,2023-07-31
002239.SZ,2010-09-30,1.518,2023-07-31
002240.SZ,2010-09-30,1.01,2023-07-31
002241.SZ,2010-09-30,3.036,2023-07-31
002242.SZ,2010-09-30,2.973,2023-07-31
002243.SZ,2010-09-30,1.64,2023-07-31
002244.SZ,2010-09-30,2.634,2023-07-31
002245.SZ,2010-09-30,3.015,2023-07-31
002246.SZ,2010-09-30,1.011,2023-07-31
002247.SZ,2010-09-30,1.521,2023-07-31
002248.SZ,2010-09-30,2.013,2023-07-31
002249.SZ,2010-09-30,3.478,2023-07-31
002250.SZ,2010-09-30,1.943,2023-07-31
002251.SZ,2010-09-30,2.057,2023-07-31
002252.SZ,2010-09-30,1.047,2023-07-31
002253.SZ,2010-09-30,1.483,2023-07-31
002254.SZ,2010-09-30,2.257,2023-07-31
002255.SZ,2010-09-30,1.012,2023-07-31
002256.SZ,2010-09-30,2.436,2023-07-31
002258.SZ,2010-09-30,1.558,2023-07-31
002259.SZ,2010-09-30,1.421,2023-07-31
002260.SZ,2010-09-30,1.313,2023-07-31
002261.SZ,2010-09-30,1.829,2023-07-31
002262.SZ,2010-09-30,1.962,2023-07-31
002263.SZ,2010-09-30,1.52,2023-07-31
002264.SZ,2010-09-30,1.543,2023-07-31
002265.SZ,2010-09-30,1.001,2023-07-31
002266.SZ,2010-09-30,1.017,2023-07-31
002267.SZ,2010-09-30,1.039,2023-07-31
002268.SZ,2010-09-30,1.999,2023-07-31
002269.SZ,2010-09-30,1.548,2023-07-31
002270.SZ,2010-09-30,1.021,2023-07-31
002271.SZ,2010-09-30,3.042,2023-07-31
002272.SZ,2010-09-30,1.131,2023-07-31
002273.SZ,2010-09-30,1.726,2023-07-31
002274.SZ,2010-09-30,1.319,2023-07-31
002275.SZ,2010-09-30,1.019,2023-07-31
002276.SZ,2010-09-30,2.005,2023-07-31
002277.SZ,2010-09-30,1.815,2023-07-31
002278.SZ,2010-09-30,1.21,2023-07-31
002279.SZ,2010-09-30,1.821,2023-07-31
002280.SZ,2010-09-30,2.017,2023-07-31
002281.SZ,2010-09-30,1.007,2023-07-31
002282.SZ,2010-09-30,1.019,2023-07-31
002283.SZ,2010-09-30,1.004,2023-07-31
002284.SZ,2010-09-30,2.009,2023-07-31
002285.SZ,2010-09-30,1.711,2023-07-31
002286.SZ,2010-09-30,1.302,2023-07-31
002287.SZ,2010-09-30,1.016,2023-07-31
002288.SZ,2010-09-30,1.599,2023-07-31
002289.SZ,2010-09-30,1.015,2023-07-31
002290.SZ,2010-09-30,1.806,2023-07-31
002291.SZ,2010-09-30,1.302,2023-07-31
002292.SZ,2010-09-30,1.6,2023-07-31
002293.SZ,2010-09-30,1.014,2023-07-31
002294.SZ,2010-09-30,2.013,2023-07-31
002295.SZ,2010-09-30,1.008,2023-07-31
002296.SZ,2010-09-30,1.713,2023-07-31
002297.SZ,2010-09-30,2.003,2023-07-31
002298.SZ,2010-09-30,1.505,2023-07-31
002299.SZ,2010-09-30,1.005,2023-07-31
002300.SZ,2010-09-30,1.528,2023-07-31
002301.SZ,2010-09-30,1.517,2023-07-31
002302.SZ,2010-09-30,1.515,2023-07-31
002303.SZ,2010-09-30,1.0,2023-07-31
002304.SZ,2010-09-30,1.006,2023-07-31
002305.SZ,2010-09-30,1.007,2023-07-31
002306.SZ,2010-09-30,1.009,2023-07-31
002307.SZ,2010-09-30,1.002,2023-07-31
002308.SZ,2010-09-30,2.015,2023-07-31
002309.SZ,2010-09-30,1.802,2023-07-31
002310.SZ,2010-09-30,3.009,2023-07-31
002311.SZ,2010-09-30,1.308,2023-07-31
002312.SZ,2010-09-30,2.014,2023-07-31
002313.SZ,2010-09-30,1.002,2023-07-31
002314.SZ,2010-09-30,1.015,2023-07-31
002315.SZ,2010-09-30,1.009,2023-07-31
002316.SZ,2010-09-30,1.305,2023-07-31
002317.SZ,2010-09-30,1.513,2023-07-31
002318.SZ,2010-09-30,1.304,2023-07-31
002319.SZ,2010-09-30,1.004,2023-07-31
002320.SZ,2010-09-30,1.315,2023-07-31
002321.SZ,2010-09-30,1.006,2023-07-31
002322.SZ,2010-09-30,1.005,2023-07-31
002323.SZ,2010-09-30,1.017,2023-07-31
002324.SZ,2010-09-30,1.009,2023-07-31
002325.SZ,2010-09-30,1.254,2023-07-31
002326.SZ,2010-09-30,1.006,2023-07-31
002327.SZ,2010-09-30,1.315,2023-07-31
002328.SZ,2010-09-30,1.009,2023-07-31
002329.SZ,2010-09-30,1.008,2023-07-31
002330.SZ,2010-09-30,1.0,2023-07-31
002331.SZ,2010-09-30,1.317,2023-07-31
002332.SZ,2010-09-30,1.023,2023-07-31
002333.SZ,2010-09-30,1.62,2023-07-31
002334.SZ,2010-09-30,1.922,2023-07-31
002335.SZ,2010-09-30,1.007,2023-07-31
002336.SZ,2010-09-30,1.019,2023-07-31
002337.SZ,2010-09-30,1.009,2023-07-31
002338.SZ,2010-09-30,1.01,2023-07-31
002339.SZ,2010-09-30,1.005,2023-07-31
002340.SZ,2010-09-30,1.306,2023-07-31
002341.SZ,2010-09-30,1.006,2023-07-31
002342.SZ,2010-09-30,1.214,2023-07-31
002343.SZ,2010-09-30,1.015,2023-07-31
002344.SZ,2010-09-30,1.009,2023-07-31
002345.SZ,2010-09-30,1.515,2023-07-31
002346.SZ,2010-09-30,1.002,2023-07-31
002347.SZ,2010-09-30,1.009,2023-07-31
002348.SZ,2010-09-30,1.006,2023-07-31
002349.SZ,2010-09-30,1.003,2023-07-31
002350.SZ,2010-09-30,1.222,2023-07-31
002351.SZ,2010-09-30,1.015,2023-07-31
002352.SZ,2010-09-30,1.018,2023-07-31
002353.SZ,2010-09-30,1.007,2023-07-31
002354.SZ,2010-09-30,1.0,2023-07-31
002355.SZ,2010-09-30,1.007,2023-07-31
002356.SZ,2010-09-30,1.019,2023-07-31
002357.SZ,2010-09-30,1.206,2023-07-31
002358.SZ,2010-09-30,1.0,2023-07-31
002359.SZ,2010-09-30,1.0,2023-07-31
002360.SZ,2010-09-30,1.0,2023-07-31
002361.SZ,2010-09-30,1.0,2023-07-31
002362.SZ,2010-09-30,1.0,2023-07-31
002363.SZ,2010-09-30,1.006,2023-07-31
002364.SZ,2010-09-30,1.006,2023-07-31
002365.SZ,2010-09-30,1.015,2023-07-31
002366.SZ,2010-09-30,1.0,2023-07-31
002367.SZ,2010-09-30,1.208,2023-07-31
002368.SZ,2010-09-30,1.0,2023-07-31
002369.SZ,2010-09-30,1.015,2023-07-31
002370.SZ,2010-09-30,1.0,2023-07-31
002371.SZ,2010-09-30,1.0,2023-07-31
002372.SZ,2010-09-30,1.0,2023-07-31
002373.SZ,2010-09-30,1.0,2023-07-31
002374.SZ,2010-09-30,1.0,2023-07-31
002375.SZ,2010-09-30,1.0,2023-07-31
002376.SZ,2010-09-30,1.005,2023-07-31
002377.SZ,2010-09-30,1.0,2023-07-31
002378.SZ,2010-09-30,1.0,2023-07-31
002379.SZ,2010-09-30,1.0,2023-07-31
002380.SZ,2010-09-30,1.009,2023-07-31
002381.SZ,2010-09-30,1.0,2023-07-31
002382.SZ,2010-09-30,1.0,2023-07-31
002383.SZ,2010-09-30,1.0,2023-07-31
002384.SZ,2010-09-30,1.003,2023-07-31
002385.SZ,2010-09-30,1.005,2023-07-31
002386.SZ,2010-09-30,1.203,2023-07-31
002387.SZ,2010-09-30,1.0,2023-07-31
002388.SZ,2010-09-30,1.0,2023-07-31
002389.SZ,2010-09-30,1.0,2023-07-31
002390.SZ,2010-09-30,1.0,2023-07-31
002391.SZ,2010-09-30,1.611,2023-07-31
002392.SZ,2010-09-30,1.006,2023-07-31
002393.SZ,2010-09-30,1.0,2023-07-31
002394.SZ,2010-09-30,1.0,2023-07-31
002395.SZ,2010-09-30,1.0,2023-07-31
002396.SZ,2010-09-30,1.0,2023-07-31
002397.SZ,2010-09-30,1.519,2023-07-31
002398.SZ,2010-09-30,1.0,2023-07-31
002399.SZ,2010-09-30,1.0,2023-07-31
002400.SZ,2010-09-30,1.0,2023-07-31
002401.SZ,2010-09-30,1.0,2023-07-31
002402.SZ,2010-09-30,1.0,2023-07-31
002403.SZ,2010-09-30,1.0,2023-07-31
002404.SZ,2010-09-30,1.01,2023-07-31
002405.SZ,2010-09-30,1.0,2023-07-31
002406.SZ,2010-09-30,1.0,2023-07-31
002407.SZ,2010-09-30,1.0,2023-07-31
002408.SZ,2010-09-30,1.0,2023-07-31
002409.SZ,2010-09-30,1.0,2023-07-31
002410.SZ,2010-09-30,1.82,2023-07-31
002411.SZ,2010-09-30,1.5,2023-07-31
002412.SZ,2010-09-30,1.0,2023-07-31
002413.SZ,2010-09-30,1.0,2023-07-31
002414.SZ,2010-09-30,1.0,2023-07-31
002415.SZ,2010-09-30,1.007,2023-07-31
002416.SZ,2010-09-30,1.0,2023-07-31
002417.SZ,2010-09-30,1.0,2023-07-31
002418.SZ,2010-09-30,1.0,2023-07-31
002419.SZ,2010-09-30,1.0,2023-07-31
002420.SZ,2010-09-30,1.0,2023-07-31
002421.SZ,2010-09-30,1.0,2023-07-31
002422.SZ,2010-09-30,1.0,2023-07-31
002423.SZ,2010-09-30,1.0,2023-07-31
002424.SZ,2010-09-30,1.0,2023-07-31
002425.SZ,2010-09-30,1.0,2023-07-31
002426.SZ,2010-09-30,1.0,2023-07-31
002427.SZ,2010-09-30,1.0,2023-07-31
002428.SZ,2010-09-30,1.0,2023-07-31
002429.SZ,2010-09-30,1.0,2023-07-31
002430.SZ,2010-09-30,1.0,2023-07-31
002431.SZ,2010-09-30,1.0,2023-07-31
002432.SZ,2010-09-30,1.0,2023-07-31
002433.SZ,2010-09-30,1.0,2023-07-31
002434.SZ,2010-09-30,1.0,2023-07-31
002435.SZ,2010-09-30,1.0,2023-07-31
002436.SZ,2010-09-30,1.0,2023-07-31
002437.SZ,2010-09-30,1.0,2023-07-31
002438.SZ,2010-09-30,1.0,2023-07-31
002439.SZ,2010-09-30,1.0,2023-07-31
002440.SZ,2010-09-30,1.0,2023-07-31
002441.SZ,2010-09-30,1.0,2023-07-31
002442.SZ,2010-09-30,1.0,2023-07-31
002443.SZ,2010-09-30,1.0,2023-07-31
002444.SZ,2010-09-30,1.0,2023-07-31
002445.SZ,2010-09-30,1.0,2023-07-31
002446.SZ,2010-09-30,1.0,2023-07-31
002447.SZ,2010-09-30,1.0,2023-07-31
002448.SZ,2010-09-30,1.0,2023-07-31
002449.SZ,2010-09-30,1.0,2023-07-31
002450.SZ,2010-09-30,1.0,2023-07-31
002451.SZ,2010-09-30,1.0,2023-07-31
002452.SZ,2010-09-30,1.0,2023-07-31
002453.SZ,2010-09-30,1.0,2023-07-31
002454.SZ,2010-09-30,1.0,2023-07-31
002455.SZ,2010-09-30,1.0,2023-07-31
002456.SZ,2010-09-30,1.0,2023-07-31
002457.SZ,2010-09-30,1.0,2023-07-31
002458.SZ,2010-09-30,1.0,2023-07-31
002459.SZ,2010-09-30,1.0,2023-07-31
002460.SZ,2010-09-30,1.0,2023-07-31
002461.SZ,2010-09-30,1.0,2023-07-31
002462.SZ,2010-09-30,1.0,2023-07-31
002463.SZ,2010-09-30,1.0,2023-07-31
002464.SZ,2010-09-30,1.0,2023-07-31
002465.SZ,2010-09-30,1.0,2023-07-31
002466.SZ,2010-09-30,1.0,2023-07-31
002467.SZ,2010-09-30,1.0,2023-07-31
002468.SZ,2010-09-30,1.0,2023-07-31
002469.SZ,2010-09-30,1.0,2023-07-31
002470.SZ,2010-09-30,1.0,2023-07-31
002471.SZ,2010-09-30,1.0,2023-07-31
002472.SZ,2010-09-30,1.0,2023-07-31
002473.SZ,2010-09-30,1.0,2023-07-31
002474.SZ,2010-09-30,1.0,2023-07-31
002475.SZ,2010-09-30,1.0,2023-07-31
002476.SZ,2010-09-30,1.0,2023-07-31
002477.SZ,2010-09-30,1.0,2023-07-31
002478.SZ,2010-09-30,1.0,2023-07-31
002479.SZ,2010-09-30,1.0,2023-07-31
002480.SZ,2010-09-30,1.0,2023-07-31
002481.SZ,2010-09-30,1.0,2023-07-31
002482.SZ,2010-09-30,1.0,2023-07-31
002483.SZ,2010-09-30,1.0,2023-07-31
002484.SZ,2010-09-30,1.0,2023-07-31
300001.SZ,2010-09-30,1.005,2023-07-31
300002.SZ,2010-09-30,2.504,2023-07-31
300003.SZ,2010-09-30,2.009,2023-07-31
300004.SZ,2010-09-30,1.002,2023-07-31
300005.SZ,2010-09-30,2.009,2023-07-31
300006.SZ,2010-09-30,1.004,2023-07-31
300007.SZ,2010-09-30,2.008,2023-07-31
300008.SZ,2010-09-30,1.717,2023-07-31
300009.SZ,2010-09-30,1.818,2023-07-31
300010.SZ,2010-09-30,1.516,2023-07-31
300011.SZ,2010-09-30,2.009,2023-07-31
300012.SZ,2010-09-30,1.515,2023-07-31
300013.SZ,2010-09-30,1.509,2023-07-31
300014.SZ,2010-09-30,1.508,2023-07-31
300015.SZ,2010-09-30,2.009,2023-07-31
300016.SZ,2010-09-30,1.506,2023-07-31
300017.SZ,2010-09-30,1.705,2023-07-31
300018.SZ,2010-09-30,2.016,2023-07-31
300019.SZ,2010-09-30,2.009,2023-07-31
300020.SZ,2010-09-30,2.009,2023-07-31
300021.SZ,2010-09-30,2.0,2023-07-31
300022.SZ,2010-09-30,2.005,2023-07-31
300023.SZ,2010-09-30,1.506,2023-07-31
300024.SZ,2010-09-30,2.202,2023-07-31
300025.SZ,2010-09-30,2.006,2023-07-31
300026.SZ,2010-09-30,2.01,2023-07-31
300027.SZ,2010-09-30,2.009,2023-07-31
300028.SZ,2010-09-30,1.206,2023-07-31
300029.SZ,2010-09-30,1.008,2023-07-31
300030.SZ,2010-09-30,1.0,2023-07-31
300031.SZ,2010-09-30,2.009,2023-07-31
300032.SZ,2010-09-30,1.014,2023-07-31
300033.SZ,2010-09-30,2.006,2023-07-31
300034.SZ,2010-09-30,1.003,2023-07-31
300035.SZ,2010-09-30,1.509,2023-07-31
300036.SZ,2010-09-30,1.006,2023-07-31
300037.SZ,2010-09-30,1.006,2023-07-31
300038.SZ,2010-09-30,1.004,2023-07-31
300039.SZ,2010-09-30,1.609,2023-07-31
300040.SZ,2010-09-30,2.014,2023-07-31
300041.SZ,2010-09-30,1.009,2023-07-31
300042.SZ,2010-09-30,1.006,2023-07-31
300043.SZ,2010-09-30,1.512,2023-07-31
300044.SZ,2010-09-30,1.254,2023-07-31
300045.SZ,2010-09-30,1.005,2023-07-31
300046.SZ,2010-09-30,1.21,2023-07-31
300047.SZ,2010-09-30,1.012,2023-07-31
300048.SZ,2010-09-30,1.004,2023-07-31
300049.SZ,2010-09-30,1.311,2023-07-31
300050.SZ,2010-09-30,2.013,2023-07-31
300051.SZ,2010-09-30,1.524,2023-07-31
300052.SZ,2010-09-30,1.307,2023-07-31
300053.SZ,2010-09-30,1.009,2023-07-31
300054.SZ,2010-09-30,1.009,2023-07-31
300055.SZ,2010-09-30,1.303,2023-07-31
300056.SZ,2010-09-30,1.0,2023-07-31
300057.SZ,2010-09-30,1.017,2023-07-31
300058.SZ,2010-09-30,1.51,2023-07-31
300059.SZ,2010-09-30,1.004,2023-07-31
300061.SZ,2010-09-30,1.0,2023-07-31
300062.SZ,2010-09-30,1.0,2023-07-31
300063.SZ,2010-09-30,1.0,2023-07-31
300064.SZ,2010-09-30,1.0,2023-07-31
300065.SZ,2010-09-30,1.0,2023-07-31
300066.SZ,2010-09-30,1.008,2023-07-31
300067.SZ,2010-09-30,1.0,2023-07-31
300068.SZ,2010-09-30,1.0,2023-07-31
300069.SZ,2010-09-30,1.0,2023-07-31
300070.SZ,2010-09-30,1.0,2023-07-31
300071.SZ,2010-09-30,1.003,2023-07-31
300072.SZ,2010-09-30,1.0,2023-07-31
300073.SZ,2010-09-30,1.0,2023-07-31
300074.SZ,2010-09-30,1.0,2023-07-31
300075.SZ,2010-09-30,1.0,2023-07-31
300076.SZ,2010-09-30,2.008,2023-07-31
300077.SZ,2010-09-30,1.0,2023-07-31
300078.SZ,2010-09-30,1.0,2023-07-31
300079.SZ,2010-09-30,1.0,2023-07-31
300080.SZ,2010-09-30,1.0,2023-07-31
300081.SZ,2010-09-30,1.0,2023-07-31
300082.SZ,2010-09-30,1.506,2023-07-31
300083.SZ,2010-09-30,1.0,2023-07-31
300084.SZ,2010-09-30,1.0,2023-07-31
300085.SZ,2010-09-30,1.0,2023-07-31
300086.SZ,2010-09-30,1.0,2023-07-31
300087.SZ,2010-09-30,1.0,2023-07-31
300088.SZ,2010-09-30,1.0,2023-07-31
300089.SZ,2010-09-30,1.0,2023-07-31
300090.SZ,2010-09-30,1.0,2023-07-31
300091.SZ,2010-09-30,1.0,2023-07-31
300092.SZ,2010-09-30,1.0,2023-07-31
300093.SZ,2010-09-30,1.0,2023-07-31
300094.SZ,2010-09-30,1.0,2023-07-31
300095.SZ,2010-09-30,1.0,2023-07-31
300096.SZ,2010-09-30,1.0,2023-07-31
300097.SZ,2010-09-30,1.0,2023-07-31
300098.SZ,2010-09-30,1.0,2023-07-31
300099.SZ,2010-09-30,1.0,2023-07-31
300100.SZ,2010-09-30,1.0,2023-07-31
300101.SZ,2010-09-30,1.003,2023-07-31
300102.SZ,2010-09-30,1.0,2023-07-31
300103.SZ,2010-09-30,1.0,2023-07-31
300104.SZ,2010-09-30,1.0,2023-07-31
300105.SZ,2010-09-30,1.0,2023-07-31
300106.SZ,2010-09-30,1.0,2023-07-31
300107.SZ,2010-09-30,1.0,2023-07-31
300108.SZ,2010-09-30,1.0,2023-07-31
300109.SZ,2010-09-30,1.0,2023-07-31
300110.SZ,2010-09-30,1.0,2023-07-31
300111.SZ,2010-09-30,1.0,2023-07-31
300112.SZ,2010-09-30,1.0,2023-07-31
300113.SZ,2010-09-30,1.0,2023-07-31
300114.SZ,2010-09-30,1.0,2023-07-31
300115.SZ,2010-09-30,1.0,2023-07-31
300116.SZ,2010-09-30,1.0,2023-07-31
300117.SZ,2010-09-30,1.0,2023-07-31
300118.SZ,2010-09-30,1.0,2023-07-31
300119.SZ,2010-09-30,1.0,2023-07-31
300120.SZ,2010-09-30,1.0,2023-07-31
300121.SZ,2010-09-30,1.0,2023-07-31
300122.SZ,2010-09-30,1.0,2023-07-31
300123.SZ,2010-09-30,1.0,2023-07-31
300124.SZ,2010-09-30,1.0,2023-07-31
600000.SH,2010-09-30,5.058,2023-07-31
600004.SH,2010-09-30,1.345,2023-07-31
600005.SH,2010-09-30,4.719,2023-07-31
600006.SH,2010-09-30,3.322,2023-07-31
600007.SH,2010-09-30,1.533,2023-07-31
600008.SH,2010-09-30,3.222,2023-07-31
600009.SH,2010-09-30,2.586,2023-07-31
600010.SH,2010-09-30,2.926,2023-07-31
600011.SH,2010-09-30,3.389,2023-07-31
600012.SH,2010-09-30,1.631,2023-07-31
600015.SH,2010-09-30,1.787,2023-07-31
600016.SH,2010-09-30,13.284,2023-07-31
600017.SH,2010-09-30,3.092,2023-07-31
600018.SH,2010-09-30,1.066,2023-07-31
600019.SH,2010-09-30,1.75,2023-07-31
600020.SH,2010-09-30,3.056,2023-07-31
600021.SH,2010-09-30,1.758,2023-07-31
600022.SH,2010-09-30,4.273,2023-07-31
600026.SH,2010-09-30,1.533,2023-07-31
600027.SH,2010-09-30,1.377,2023-07-31
600028.SH,2010-09-30,1.546,2023-07-31
600029.SH,2010-09-30,1.501,2023-07-31
600030.SH,2010-09-30,4.413,2023-07-31
600031.SH,2010-09-30,13.168,2023-07-31
600033.SH,2010-09-30,5.051,2023-07-31
600035.SH,2010-09-30,1.52,2023-07-31
600036.SH,2010-09-30,3.431,2023-07-31
600037.SH,2010-09-30,4.716,2023-07-31
600038.SH,2010-09-30,2.888,2023-07-31
600039.SH,2010-09-30,1.935,2023-07-31
600048.SH,2010-09-30,6.849,2023-07-31
600050.SH,2010-09-30,1.45,2023-07-31
600051.SH,2010-09-30,4.027,2023-07-31
600052.SH,2010-09-30,3.175,2023-07-31
600053.SH,2010-09-30,1.771,2023-07-31
600054.SH,2010-09-30,2.715,2023-07-31
600055.SH,2010-09-30,6.239,2023-07-31
600056.SH,2010-09-30,4.109,2023-07-31
600058.SH,2010-09-30,4.647,2023-07-31
600059.SH,2010-09-30,7.354,2023-07-31
600060.SH,2010-09-30,3.265,2023-07-31
600061.SH,2010-09-30,5.721,2023-07-31
600062.SH,2010-09-30,4.805,2023-07-31
600063.SH,2010-09-30,4.074,2023-07-31
600064.SH,2010-09-30,6.058,2023-07-31
600066.SH,2010-09-30,10.303,2023-07-31
600067.SH,2010-09-30,12.021,2023-07-31
600068.SH,2010-09-30,4.998,2023-07-31
600069.SH,2010-09-30,4.932,2023-07-31
600070.SH,2010-09-30,3.429,2023-07-31
600071.SH,2010-09-30,5.748,2023-07-31
600072.SH,2010-09-30,3.483,2023-07-31
600073.SH,2010-09-30,1.79,2023-07-31
600074.SH,2010-09-30,7.08,2023-07-31
600075.SH,2010-09-30,7.245,2023-07-31
600076.SH,2010-09-30,3.174,2023-07-31
600077.SH,2010-09-30,3.988,2023-07-31
600078.SH,2010-09-30,6.465,2023-07-31
600079.SH,2010-09-30,6.412,2023-07-31
600080.SH,2010-09-30,5.034,2023-07-31
600081.SH,2010-09-30,8.513,2023-07-31
600082.SH,2010-09-30,5.899,2023-07-31
600083.SH,2010-09-30,1.0,2023-07-31
600084.SH,2010-09-30,7.186,2023-07-31
600085.SH,2010-09-30,4.113,2023-07-31
600086.SH,2010-09-30,3.208,2023-07-31
600087.SH,2010-09-30,10.675,2023-07-31
600088.SH,2010-09-30,2.883,2023-07-31
600089.SH,2010-09-30,22.762,2023-07-31
600090.SH,2010-09-30,4.889,2023-07-31
600091.SH,2010-09-30,2.575,2023-07-31
600093.SH,2010-09-30,3.131,2023-07-31
600095.SH,2010-09-30,3.286,2023-07-31
600096.SH,2010-09-30,2.381,2023-07-31
600097.SH,2010-09-30,1.33,2023-07-31
600098.SH,2010-09-30,4.47,2023-07-31
600099.SH,2010-09-30,2.697,2023-07-31
600100.SH,2010-09-30,9.857,2023-07-31
600101.SH,2010-09-30,4.045,2023-07-31
600102.SH,2010-09-30,2.928,2023-07-31
600103.SH,2010-09-30,4.119,2023-07-31
600104.SH,2010-09-30,6.032,2023-07-31
600105.SH,2010-09-30,3.908,2023-07-31
600106.SH,2010-09-30,2.341,2023-07-31
600107.SH,2010-09-30,2.589,2023-07-31
600108.SH,2010-09-30,9.631,2023-07-31
600109.SH,2010-09-30,4.136,2023-07-31
600110.SH,2010-09-30,13.984,2023-07-31
600111.SH,2010-09-30,4.205,2023-07-31
600112.SH,2010-09-30,3.359,2023-07-31
600113.SH,2010-09-30,3.019,2023-07-31
600114.SH,2010-09-30,2.39,2023-07-31
600115.SH,2010-09-30,1.34,2023-07-31
600116.SH,2010-09-30,1.857,2023-07-31
600117.SH,2010-09-30,2.743,2023-07-31
600118.SH,2010-09-30,10.549,2023-07-31
600119.SH,2010-09-30,2.801,2023-07-31
600120.SH,2010-09-30,16.275,2023-07-31
600121.SH,2010-09-30,3.939,2023-07-31
600122.SH,2010-09-30,2.868,2023-07-31
600123.SH,2010-09-30,3.144,2023-07-31
600125.SH,2010-09-30,11.565,2023-07-31
600126.SH,2010-09-30,3.833,2023-07-31
600127.SH,2010-09-30,5.087,2023-07-31
600128.SH,2010-09-30,2.801,2023-07-31
600129.SH,2010-09-30,3.033,2023-07-31
600130.SH,2010-09-30,6.031,2023-07-31
600131.SH,2010-09-30,4.97,2023-07-31
600132.SH,2010-09-30,4.698,2023-07-31
600133.SH,2010-09-30,4.045,2023-07-31
600135.SH,2010-09-30,2.806,2023-07-31
600136.SH,2010-09-30,1.236,2023-07-31
600137.SH,2010-09-30,1.5,2023-07-31
600138.SH,2010-09-30,3.304,2023-07-31
600139.SH,2010-09-30,3.381,2023-07-31
600141.SH,2010-09-30,2.469,2023-07-31
600143.SH,2010-09-30,10.118,2023-07-31
600145.SH,2010-09-30,3.867,2023-07-31
600146.SH,2010-09-30,1.32,2023-07-31
600148.SH,2010-09-30,2.725,2023-07-31
600149.SH,2010-09-30,2.889,2023-07-31
600150.SH,2010-09-30,1.548,2023-07-31
600151.SH,2010-09-30,4.696,2023-07-31
600152.SH,2010-09-30,3.005,2023-07-31
600153.SH,2010-09-30,11.622,2023-07-31
600155.SH,2010-09-30,2.897,2023-07-31
600156.SH,2010-09-30,1.888,2023-07-31
600157.SH,2010-09-30,6.024,2023-07-31
600158.SH,2010-09-30,5.997,2023-07-31
600159.SH,2010-09-30,4.687,2023-07-31
600160.SH,2010-09-30,3.056,2023-07-31
600161.SH,2010-09-30,5.227,2023-07-31
600162.SH,2010-09-30,4.212,2023-07-31
600163.SH,2010-09-30,2.351,2023-07-31
600165.SH,2010-09-30,1.989,2023-07-31
600166.SH,2010-09-30,5.912,2023-07-31
600167.SH,2010-09-30,1.317,2023-07-31
600168.SH,2010-09-30,2.015,2023-07-31
600169.SH,2010-09-30,3.36,2023-07-31
600170.SH,2010-09-30,2.05,2023-07-31
600171.SH,2010-09-30,2.686,2023-07-31
600172.SH,2010-09-30,2.978,2023-07-31
600173.SH,2010-09-30,2.017,2023-07-31
600175.SH,2010-09-30,13.21,2023-07-31
600176.SH,2010-09-30,2.72,2023-07-31
600177.SH,2010-09-30,12.037,2023-07-31
600178.SH,2010-09-30,2.095,2023-07-31
600179.SH,2010-09-30,1.605,2023-07-31
600180.SH,2010-09-30,2.711,2023-07-31
600182.SH,2010-09-30,1.016,2023-07-31
600183.SH,2010-09-30,4.639,2023-07-31
600184.SH,2010-09-30,1.604,2023-07-31
600185.SH,2010-09-30,2.239,2023-07-31
600186.SH,2010-09-30,5.023,2023-07-31
600187.SH,2010-09-30,1.823,2023-07-31
600188.SH,2010-09-30,2.403,2023-07-31
600189.SH,2010-09-30,1.936,2023-07-31
600190.SH,2010-09-30,2.544,2023-07-31
600191.SH,2010-09-30,2.512,2023-07-31
600192.SH,2010-09-30,1.757,2023-07-31
600193.SH,2010-09-30,3.407,2023-07-31
600195.SH,2010-09-30,2.328,2023-07-31
600196.SH,2010-09-30,12.403,2023-07-31
600197.SH,2010-09-30,3.206,2023-07-31
600198.SH,2010-09-30,1.814,2023-07-31
600199.SH,2010-09-30,4.492,2023-07-31
600200.SH,2010-09-30,10.917,2023-07-31
600201.SH,2010-09-30,3.841,2023-07-31
600202.SH,2010-09-30,4.892,2023-07-31
600203.SH,2010-09-30,1.67,2023-07-31
600206.SH,2010-09-30,2.074,2023-07-31
600207.SH,2010-09-30,1.555,2023-07-31
600208.SH,2010-09-30,5.165,2023-07-31
600209.SH,2010-09-30,3.493,2023-07-31
600210.SH,2010-09-30,5.948,2023-07-31
600211.SH,2010-09-30,1.511,2023-07-31
600212.SH,2010-09-30,2.718,2023-07-31
600213.SH,2010-09-30,1.571,2023-07-31
600215.SH,2010-09-30,1.649,2023-07-31
600216.SH,2010-09-30,2.826,2023-07-31
600217.SH,2010-09-30,4.518,2023-07-31
600218.SH,2010-09-30,1.949,2023-07-31
600219.SH,2010-09-30,2.194,2023-07-31
600220.SH,2010-09-30,8.388,2023-07-31
600221.SH,2010-09-30,1.479,2023-07-31
600222.SH,2010-09-30,4.047,2023-07-31
600223.SH,2010-09-30,1.821,2023-07-31
600225.SH,2010-09-30,2.683,2023-07-31
600226.SH,2010-09-30,5.472,2023-07-31
600227.SH,2010-09-30,5.648,2023-07-31
600228.SH,2010-09-30,2.169,2023-07-31
600229.SH,2010-09-30,1.369,2023-07-31
600230.SH,2010-09-30,1.468,2023-07-31
600231.SH,2010-09-30,3.592,2023-07-31
600232.SH,2010-09-30,2.406,2023-07-31
600233.SH,2010-09-30,2.31,2023-07-31
600234.SH,2010-09-30,1.68,2023-07-31
600235.SH,2010-09-30,2.107,2023-07-31
600236.SH,2010-09-30,4.178,2023-07-31
600237.SH,2010-09-30,4.18,2023-07-31
600238.SH,2010-09-30,2.587,2023-07-31
600239.SH,2010-09-30,6.801,2023-07-31
600240.SH,2010-09-30,3.471,2023-07-31
600241.SH,2010-09-30,1.462,2023-07-31
600242.SH,2010-09-30,1.088,2023-07-31
600243.SH,2010-09-30,1.579,2023-07-31
600246.SH,2010-09-30,10.735,2023-07-31
600247.SH,2010-09-30,4.678,2023-07-31
600248.SH,2010-09-30,2.709,2023-07-31
600249.SH,2010-09-30,4.376,2023-07-31
600250.SH,2010-09-30,2.707,2023-07-31
600251.SH,2010-09-30,4.009,2023-07-31
600252.SH,2010-09-30,5.413,2023-07-31
600253.SH,2010-09-30,2.857,2023-07-31
600255.SH,2010-09-30,5.368,2023-07-31
600256.SH,2010-09-30,9.024,2023-07-31
600257.SH,2010-09-30,6.514,2023-07-31
600258.SH,2010-09-30,1.537,2023-07-31
600259.SH,2010-09-30,1.051,2023-07-31
600260.SH,2010-09-30,4.289,2023-07-31
600261.SH,2010-09-30,3.09,2023-07-31
600262.SH,2010-09-30,1.391,2023-07-31
600263.SH,2010-09-30,1.427,2023-07-31
600265.SH,2010-09-30,1.659,2023-07-31
600266.SH,2010-09-30,2.784,2023-07-31
600267.SH,2010-09-30,4.085,2023-07-31
600268.SH,2010-09-30,3.295,2023-07-31
600269.SH,2010-09-30,8.636,2023-07-31
600270.SH,2010-09-30,4.853,2023-07-31
600271.SH,2010-09-30,8.034,2023-07-31
600272.SH,2010-09-30,1.243,2023-07-31
600273.SH,2010-09-30,1.417,2023-07-31
600275.SH,2010-09-30,2.756,2023-07-31
600276.SH,2010-09-30,7.454,2023-07-31
600277.SH,2010-09-30,2.212,2023-07-31
600278.SH,2010-09-30,1.511,2023-07-31
600279.SH,2010-09-30,1.461,2023-07-31
600280.SH,2010-09-30,1.37,2023-07-31
600281.SH,2010-09-30,1.933,2023-07-31
600282.SH,2010-09-30,4.915,2023-07-31
600283.SH,2010-09-30,1.526,2023-07-31
600284.SH,2010-09-30,1.441,2023-07-31
600285.SH,2010-09-30,2.765,2023-07-31
600287.SH,2010-09-30,4.642,2023-07-31
600288.SH,2010-09-30,4.415,2023-07-31
600289.SH,2010-09-30,7.101,2023-07-31
600290.SH,2010-09-30,3.289,2023-07-31
600291.SH,2010-09-30,3.193,2023-07-31
600292.SH,2010-09-30,3.082,2023-07-31
600293.SH,2010-09-30,2.162,2023-07-31
600295.SH,2010-09-30,2.805,2023-07-31
600297.SH,2010-09-30,3.176,2023-07-31
600298.SH,2010-09-30,2.983,2023-07-31
600299.SH,2010-09-30,2.756,2023-07-31
600300.SH,2010-09-30,6.761,2023-07-31
600301.SH,2010-09-30,1.764,2023-07-31
600302.SH,2010-09-30,2.94,2023-07-31
600303.SH,2010-09-30,2.646,2023-07-31
600305.SH,2010-09-30,1.387,2023-07-31
600306.SH,2010-09-30,1.719,2023-07-31
600307.SH,2010-09-30,2.006,2023-07-31
600308.SH,2010-09-30,3.456,2023-07-31
600309.SH,2010-09-30,18.028,2023-07-31
600310.SH,2010-09-30,1.609,2023-07-31
600311.SH,2010-09-30,4.499,2023-07-31
600312.SH,2010-09-30,5.694,2023-07-31
600315.SH,2010-09-30,3.283,2023-07-31
600316.SH,2010-09-30,2.694,2023-07-31
600317.SH,2010-09-30,3.292,2023-07-31
600318.SH,2010-09-30,1.544,2023-07-31
600319.SH,2010-09-30,1.471,2023-07-31
600320.SH,2010-09-30,10.7,2023-07-31
600321.SH,2010-09-30,3.758,2023-07-31
600322.SH,2010-09-30,2.933,2023-07-31
600323.SH,2010-09-30,1.84,2023-07-31
600325.SH,2010-09-30,3.794,2023-07-31
600326.SH,2010-09-30,5.906,2023-07-31
600327.SH,2010-09-30,7.077,2023-07-31
600328.SH,2010-09-30,2.849,2023-07-31
600329.SH,2010-09-30,2.804,2023-07-31
600330.SH,2010-09-30,4.02,2023-07-31
600331.SH,2010-09-30,9.0,2023-07-31
600332.SH,2010-09-30,1.386,2023-07-31
600333.SH,2010-09-30,2.557,2023-07-31
600335.SH,2010-09-30,3.277,2023-07-31
600336.SH,2010-09-30,1.504,2023-07-31
600337.SH,2010-09-30,5.131,2023-07-31
600338.SH,2010-09-30,1.257,2023-07-31
600339.SH,2010-09-30,3.512,2023-07-31
600340.SH,2010-09-30,2.129,2023-07-31
600343.SH,2010-09-30,1.502,2023-07-31
600345.SH,2010-09-30,1.803,2023-07-31
600346.SH,2010-09-30,2.865,2023-07-31
600348.SH,2010-09-30,7.362,2023-07-31
600350.SH,2010-09-30,1.578,2023-07-31
600351.SH,2010-09-30,6.616,2023-07-31
600352.SH,2010-09-30,7.902,2023-07-31
600353.SH,2010-09-30,1.745,2023-07-31
600354.SH,2010-09-30,1.356,2023-07-31
600355.SH,2010-09-30,2.91,2023-07-31
600356.SH,2010-09-30,1.521,2023-07-31
600358.SH,2010-09-30,3.527,2023-07-31
600359.SH,2010-09-30,1.583,2023-07-31
600360.SH,2010-09-30,5.119,2023-07-31
600361.SH,2010-09-30,4.541,2023-07-31
600362.SH,2010-09-30,1.365,2023-07-31
600363.SH,2010-09-30,3.151,2023-07-31
600365.SH,2010-09-30,1.318,2023-07-31
600366.SH,2010-09-30,4.513,2023-07-31
600367.SH,2010-09-30,4.253,2023-07-31
600368.SH,2010-09-30,1.488,2023-07-31
600369.SH,2010-09-30,2.018,2023-07-31
600370.SH,2010-09-30,2.425,2023-07-31
600371.SH,2010-09-30,2.064,2023-07-31
600372.SH,2010-09-30,1.415,2023-07-31
600373.SH,2010-09-30,2.039,2023-07-31
600375.SH,2010-09-30,3.425,2023-07-31
600376.SH,2010-09-30,3.408,2023-07-31
600377.SH,2010-09-30,1.702,2023-07-31
600378.SH,2010-09-30,3.177,2023-07-31
600379.SH,2010-09-30,1.726,2023-07-31
600380.SH,2010-09-30,7.63,2023-07-31
600381.SH,2010-09-30,3.215,2023-07-31
600382.SH,2010-09-30,2.942,2023-07-31
600383.SH,2010-09-30,12.075,2023-07-31
600385.SH,2010-09-30,2.42,2023-07-31
600386.SH,2010-09-30,2.406,2023-07-31
600387.SH,2010-09-30,2.776,2023-07-31
600388.SH,2010-09-30,1.491,2023-07-31
600389.SH,2010-09-30,1.948,2023-07-31
600390.SH,2010-09-30,2.315,2023-07-31
600391.SH,2010-09-30,1.29,2023-07-31
600392.SH,2010-09-30,2.997,2023-07-31
600393.SH,2010-09-30,4.154,2023-07-31
600395.SH,2010-09-30,2.408,2023-07-31
600396.SH,2010-09-30,3.108,2023-07-31
600397.SH,2010-09-30,1.695,2023-07-31
600398.SH,2010-09-30,6.252,2023-07-31
600399.SH,2010-09-30,1.354,2023-07-31
600400.SH,2010-09-30,2.777,2023-07-31
600403.SH,2010-09-30,2.363,2023-07-31
600405.SH,2010-09-30,3.44,2023-07-31
600406.SH,2010-09-30,5.777,2023-07-31
600408.SH,2010-09-30,4.214,2023-07-31
600409.SH,2010-09-30,3.715,2023-07-31
600410.SH,2010-09-30,7.112,2023-07-31
600415.SH,2010-09-30,9.102,2023-07-31
600416.SH,2010-09-30,1.666,2023-07-31
600418.SH,2010-09-30,5.51,2023-07-31
600419.SH,2010-09-30,1.368,2023-07-31
600420.SH,2010-09-30,4.344,2023-07-31
600421.SH,2010-09-30,1.921,2023-07-31
600422.SH,2010-09-30,4.451,2023-07-31
600423.SH,2010-09-30,3.242,2023-07-31
600425.SH,2010-09-30,2.733,2023-07-31
600426.SH,2010-09-30,3.191,2023-07-31
600428.SH,2010-09-30,5.696,2023-07-31
600429.SH,2010-09-30,1.423,2023-07-31
600432.SH,2010-09-30,4.898,2023-07-31
600433.SH,2010-09-30,1.83,2023-07-31
600435.SH,2010-09-30,6.61,2023-07-31
600436.SH,2010-09-30,1.471,2023-07-31
600438.SH,2010-09-30,4.801,2023-07-31
600439.SH,2010-09-30,9.773,2023-07-31
600444.SH,2010-09-30,1.995,2023-07-31
600446.SH,2010-09-30,2.783,2023-07-31
600448.SH,2010-09-30,1.822,2023-07-31
600449.SH,2010-09-30,1.619,2023-07-31
600452.SH,2010-09-30,1.533,2023-07-31
600455.SH,2010-09-30,1.13,2023-07-31
600456.SH,2010-09-30,2.55,2023-07-31
600458.SH,2010-09-30,3.233,2023-07-31
600459.SH,2010-09-30,1.546,2023-07-31
600460.SH,2010-09-30,5.585,2023-07-31
600461.SH,2010-09-30,1.386,2023-07-31
600462.SH,2010-09-30,3.473,2023-07-31
600463.SH,2010-09-30,2.726,2023-07-31
600466.SH,2010-09-30,1.695,2023-07-31
600467.SH,2010-09-30,4.322,2023-07-31
600468.SH,2010-09-30,4.819,2023-07-31
600469.SH,2010-09-30,1.553,2023-07-31
600470.SH,2010-09-30,1.411,2023-07-31
600475.SH,2010-09-30,2.356,2023-07-31
600476.SH,2010-09-30,2.053,2023-07-31
600477.SH,2010-09-30,6.887,2023-07-31
600478.SH,2010-09-30,2.525,2023-07-31
600479.SH,2010-09-30,8.339,2023-07-31
600480.SH,2010-09-30,1.814,2023-07-31
600481.SH,2010-09-30,3.727,2023-07-31
600482.SH,2010-09-30,2.798,2023-07-31
600483.SH,2010-09-30,2.199,2023-07-31
600485.SH,2010-09-30,2.822,2023-07-31
600486.SH,2010-09-30,1.905,2023-07-31
600487.SH,2010-09-30,1.586,2023-07-31
600488.SH,2010-09-30,4.474,2023-07-31
600489.SH,2010-09-30,5.43,2023-07-31
600490.SH,2010-09-30,2.192,2023-07-31
600491.SH,2010-09-30,4.873,2023-07-31
600493.SH,2010-09-30,1.556,2023-07-31
600495.SH,2010-09-30,2.522,2023-07-31
600496.SH,2010-09-30,2.88,2023-07-31
600497.SH,2010-09-30,6.916,2023-07-31
600498.SH,2010-09-30,1.643,2023-07-31
600499.SH,2010-09-30,13.722,2023-07-31
600500.SH,2010-09-30,5.543,2023-07-31
600501.SH,2010-09-30,3.877,2023-07-31
600502.SH,2010-09-30,2.494,2023-07-31
600503.SH,2010-09-30,1.35,2023-07-31
600505.SH,2010-09-30,3.198,2023-07-31
600506.SH,2010-09-30,1.327,2023-07-31
600507.SH,2010-09-30,3.85,2023-07-31
600508.SH,2010-09-30,2.891,2023-07-31
600509.SH,2010-09-30,5.318,2023-07-31
600510.SH,2010-09-30,4.79,2023-07-31
600511.SH,2010-09-30,5.026,2023-07-31
600512.SH,2010-09-30,5.905,2023-07-31
600513.SH,2010-09-30,2.717,2023-07-31
600515.SH,2010-09-30,2.216,2023-07-31
600516.SH,2010-09-30,4.537,2023-07-31
600517.SH,2010-09-30,10.112,2023-07-31
600518.SH,2010-09-30,17.699,2023-07-31
600519.SH,2010-09-30,4.645,2023-07-31
600520.SH,2010-09-30,2.342,2023-07-31
600521.SH,2010-09-30,6.298,2023-07-31
600522.SH,2010-09-30,1.76,2023-07-31
600523.SH,2010-09-30,1.315,2023-07-31
600525.SH,2010-09-30,4.947,2023-07-31
600526.SH,2010-09-30,1.896,2023-07-31
600527.SH,2010-09-30,5.75,2023-07-31
600528.SH,2010-09-30,3.985,2023-07-31
600529.SH,2010-09-30,3.649,2023-07-31
600530.SH,2010-09-30,2.324,2023-07-31
600531.SH,2010-09-30,2.709,2023-07-31
600532.SH,2010-09-30,2.308,2023-07-31
600533.SH,2010-09-30,7.245,2023-07-31
600535.SH,2010-09-30,3.662,2023-07-31
600536.SH,2010-09-30,2.572,2023-07-31
600537.SH,2010-09-30,2.087,2023-07-31
600538.SH,2010-09-30,3.082,2023-07-31
600539.SH,2010-09-30,1.214,2023-07-31
600540.SH,2010-09-30,2.035,2023-07-31
600543.SH,2010-09-30,2.443,2023-07-31
600545.SH,2010-09-30,3.87,2023-07-31
600546.SH,2010-09-30,3.801,2023-07-31
600547.SH,2010-09-30,10.768,2023-07-31
600548.SH,2010-09-30,1.592,2023-07-31
600549.SH,2010-09-30,7.242,2023-07-31
600550.SH,2010-09-30,6.98,2023-07-31
600551.SH,2010-09-30,2.693,2023-07-31
600552.SH,2010-09-30,1.768,2023-07-31
600553.SH,2010-09-30,2.795,2023-07-31
600555.SH,2010-09-30,4.286,2023-07-31
600557.SH,2010-09-30,5.878,2023-07-31
600558.SH,2010-09-30,1.503,2023-07-31
600559.SH,2010-09-30,1.403,2023-07-31
600560.SH,2010-09-30,1.932,2023-07-31
600561.SH,2010-09-30,2.535,2023-07-31
600562.SH,2010-09-30,1.473,2023-07-31
600563.SH,2010-09-30,2.178,2023-07-31
600565.SH,2010-09-30,10.08,2023-07-31
600566.SH,2010-09-30,1.801,2023-07-31
600567.SH,2010-09-30,1.772,2023-07-31
600568.SH,2010-09-30,2.04,2023-07-31
600569.SH,2010-09-30,2.483,2023-07-31
600570.SH,2010-09-30,13.826,2023-07-31
600571.SH,2010-09-30,4.864,2023-07-31
600572.SH,2010-09-30,2.643,2023-07-31
600573.SH,2010-09-30,1.27,2023-07-31
600575.SH,2010-09-30,4.346,2023-07-31
600576.SH,2010-09-30,1.43,2023-07-31
600577.SH,2010-09-30,5.258,2023-07-31
600578.SH,2010-09-30,1.623,2023-07-31
600579.SH,2010-09-30,1.883,2023-07-31
600580.SH,2010-09-30,4.102,2023-07-31
600581.SH,2010-09-30,3.127,2023-07-31
600582.SH,2010-09-30,14.024,2023-07-31
600583.SH,2010-09-30,17.717,2023-07-31
600584.SH,2010-09-30,4.379,2023-07-31
600585.SH,2010-09-30,2.439,2023-07-31
600586.SH,2010-09-30,6.202,2023-07-31
600587.SH,2010-09-30,2.413,2023-07-31
600588.SH,2010-09-30,13.06,2023-07-31
600589.SH,2010-09-30,4.081,2023-07-31
600590.SH,2010-09-30,3.17,2023-07-31
600592.SH,2010-09-30,3.016,2023-07-31
600593.SH,2010-09-30,1.347,2023-07-31
600594.SH,2010-09-30,4.875,2023-07-31
600595.SH,2010-09-30,7.114,2023-07-31
600596.SH,2010-09-30,6.879,2023-07-31
600597.SH,2010-09-30,2.193,2023-07-31
600598.SH,2010-09-30,2.049,2023-07-31
600599.SH,2010-09-30,2.185,2023-07-31
600600.SH,2010-09-30,1.532,2023-07-31
600601.SH,2010-09-30,5686.434,2023-07-31
600602.SH,2010-09-30,511.679,2023-07-31
600603.SH,2010-09-30,76.747,2023-07-31
600604.SH,2010-09-30,25.941,2023-07-31
600605.SH,2010-09-30,34.473,2023-07-31
600606.SH,2010-09-30,91.366,2023-07-31
600608.SH,2010-09-30,96.539,2023-07-31
600609.SH,2010-09-30,25.927,2023-07-31
600610.SH,2010-09-30,17.182,2023-07-31
600611.SH,2010-09-30,394.114,2023-07-31
600612.SH,2010-09-30,67.623,2023-07-31
600613.SH,2010-09-30,22.802,2023-07-31
600614.SH,2010-09-30,83.14,2023-07-31
600615.SH,2010-09-30,54.797,2023-07-31
600616.SH,2010-09-30,269.025,2023-07-31
600617.SH,2010-09-30,24.687,2023-07-31
600618.SH,2010-09-30,24.463,2023-07-31
600619.SH,2010-09-30,48.968,2023-07-31
600620.SH,2010-09-30,208.126,2023-07-31
600621.SH,2010-09-30,254.485,2023-07-31
600622.SH,2010-09-30,84.271,2023-07-31
600623.SH,2010-09-30,25.715,2023-07-31
600624.SH,2010-09-30,10.151,2023-07-31
600626.SH,2010-09-30,6.251,2023-07-31
600628.SH,2010-09-30,41.208,2023-07-31
600629.SH,2010-09-30,3.738,2023-07-31
600630.SH,2010-09-30,3.139,2023-07-31
600631.SH,2010-09-30,7.626,2023-07-31
600634.SH,2010-09-30,5.828,2023-07-31
600635.SH,2010-09-30,84.656,2023-07-31
600636.SH,2010-09-30,11.402,2023-07-31
600637.SH,2010-09-30,3.332,2023-07-31
600638.SH,2010-09-30,11.083,2023-07-31
600639.SH,2010-09-30,5.381,2023-07-31
600640.SH,2010-09-30,8.256,2023-07-31
600641.SH,2010-09-30,14.803,2023-07-31
600642.SH,2010-09-30,4.571,2023-07-31
600643.SH,2010-09-30,5.503,2023-07-31
600644.SH,2010-09-30,11.408,2023-07-31
600645.SH,2010-09-30,18.139,2023-07-31
600647.SH,2010-09-30,12.069,2023-07-31
600648.SH,2010-09-30,6.126,2023-07-31
600649.SH,2010-09-30,9.6,2023-07-31
600650.SH,2010-09-30,3.402,2023-07-31
600651.SH,2010-09-30,4741.241,2023-07-31
600652.SH,2010-09-30,5238.996,2023-07-31
600653.SH,2010-09-30,10055.64,2023-07-31
600654.SH,2010-09-30,1471.433,2023-07-31
600655.SH,2010-09-30,173.421,2023-07-31
600656.SH,2010-09-30,17.771,2023-07-31
600657.SH,2010-09-30,13.75,2023-07-31
600658.SH,2010-09-30,3.789,2023-07-31
600660.SH,2010-09-30,51.574,2023-07-31
600661.SH,2010-09-30,5.032,2023-07-31
600662.SH,2010-09-30,51.305,2023-07-31
600663.SH,2010-09-30,4.874,2023-07-31
600664.SH,2010-09-30,4.471,2023-07-31
600665.SH,2010-09-30,3.001,2023-07-31
600666.SH,2010-09-30,4.671,2023-07-31
600667.SH,2010-09-30,2.189,2023-07-31
600668.SH,2010-09-30,5.652,2023-07-31
600671.SH,2010-09-30,3.269,2023-07-31
600673.SH,2010-09-30,5.069,2023-07-31
600674.SH,2010-09-30,4.557,2023-07-31
600675.SH,2010-09-30,22.769,2023-07-31
600676.SH,2010-09-30,11.637,2023-07-31
600677.SH,2010-09-30,6.178,2023-07-31
600678.SH,2010-09-30,4.222,2023-07-31
600679.SH,2010-09-30,2.503,2023-07-31
600680.SH,2010-09-30,3.907,2023-07-31
600682.SH,2010-09-30,5.982,2023-07-31
600683.SH,2010-09-30,5.606,2023-07-31
600684.SH,2010-09-30,3.077,2023-07-31
600685.SH,2010-09-30,1.526,2023-07-31
600686.SH,2010-09-30,11.845,2023-07-31
600687.SH,2010-09-30,3.686,2023-07-31
600688.SH,2010-09-30,1.344,2023-07-31
600689.SH,2010-09-30,2.541,2023-07-31
600690.SH,2010-09-30,7.768,2023-07-31
600691.SH,2010-09-30,3.163,2023-07-31
600692.SH,2010-09-30,8.374,2023-07-31
600693.SH,2010-09-30,5.008,2023-07-31
600694.SH,2010-09-30,4.017,2023-07-31
600695.SH,2010-09-30,2.321,2023-07-31
600696.SH,2010-09-30,3.304,2023-07-31
600697.SH,2010-09-30,2.485,2023-07-31
600698.SH,2010-09-30,5.222,2023-07-31
600699.SH,2010-09-30,2.926,2023-07-31
600701.SH,2010-09-30,4.732,2023-07-31
600702.SH,2010-09-30,3.332,2023-07-31
600703.SH,2010-09-30,3.614,2023-07-31
600704.SH,2010-09-30,4.329,2023-07-31
600706.SH,2010-09-30,1.965,2023-07-31
600707.SH,2010-09-30,2.273,2023-07-31
600708.SH,2010-09-30,6.031,2023-07-31
600710.SH,2010-09-30,4.775,2023-07-31
600711.SH,2010-09-30,2.152,2023-07-31
600712.SH,2010-09-30,2.582,2023-07-31
600713.SH,2010-09-30,4.973,2023-07-31
600714.SH,2010-09-30,2.623,2023-07-31
600715.SH,2010-09-30,1.92,2023-07-31
600716.SH,2010-09-30,4.331,2023-07-31
600717.SH,2010-09-30,15.086,2023-07-31
600718.SH,2010-09-30,16.254,2023-07-31
600719.SH,2010-09-30,2.708,2023-07-31
600720.SH,2010-09-30,6.816,2023-07-31
600721.SH,2010-09-30,1.452,2023-07-31
600722.SH,2010-09-30,5.892,2023-07-31
600723.SH,2010-09-30,2.596,2023-07-31
600724.SH,2010-09-30,10.743,2023-07-31
600725.SH,2010-09-30,4.04,2023-07-31
600726.SH,2010-09-30,3.597,2023-07-31
600728.SH,2010-09-30,4.879,2023-07-31
600729.SH,2010-09-30,2.648,2023-07-31
600730.SH,2010-09-30,2.677,2023-07-31
600731.SH,2010-09-30,6.409,2023-07-31
600732.SH,2010-09-30,2.681,2023-07-31
600733.SH,2010-09-30,2.34,2023-07-31
600734.SH,2010-09-30,3.659,2023-07-31
600735.SH,2010-09-30,3.554,2023-07-31
600736.SH,2010-09-30,20.778,2023-07-31
600737.SH,2010-09-30,10.66,2023-07-31
600738.SH,2010-09-30,5.39,2023-07-31
600739.SH,2010-09-30,19.881,2023-07-31
600740.SH,2010-09-30,7.42,2023-07-31
600741.SH,2010-09-30,31.24,2023-07-31
600742.SH,2010-09-30,4.756,2023-07-31
600743.SH,2010-09-30,4.827,2023-07-31
600744.SH,2010-09-30,4.106,2023-07-31
600745.SH,2010-09-30,2.128,2023-07-31
600746.SH,2010-09-30,7.15,2023-07-31
600747.SH,2010-09-30,15.915,2023-07-31
600748.SH,2010-09-30,4.506,2023-07-31
600749.SH,2010-09-30,3.119,2023-07-31
600750.SH,2010-09-30,6.597,2023-07-31
600751.SH,2010-09-30,2.017,2023-07-31
600753.SH,2010-09-30,2.246,2023-07-31
600754.SH,2010-09-30,2.515,2023-07-31
600755.SH,2010-09-30,12.628,2023-07-31
600756.SH,2010-09-30,3.39,2023-07-31
600757.SH,2010-09-30,6.22,2023-07-31
600758.SH,2010-09-30,2.657,2023-07-31
600759.SH,2010-09-30,3.321,2023-07-31
600760.SH,2010-09-30,4.905,2023-07-31
600761.SH,2010-09-30,4.583,2023-07-31
600763.SH,2010-09-30,1.2,2023-07-31
600764.SH,2010-09-30,8.007,2023-07-31
600765.SH,2010-09-30,8.785,2023-07-31
600766.SH,2010-09-30,3.224,2023-07-31
600767.SH,2010-09-30,3.774,2023-07-31
600768.SH,2010-09-30,3.339,2023-07-31
600769.SH,2010-09-30,5.58,2023-07-31
600770.SH,2010-09-30,13.823,2023-07-31
600771.SH,2010-09-30,5.324,2023-07-31
600773.SH,2010-09-30,6.146,2023-07-31
600774.SH,2010-09-30,4.861,2023-07-31
600775.SH,2010-09-30,1.376,2023-07-31
600776.SH,2010-09-30,4.343,2023-07-31
600777.SH,2010-09-30,8.029,2023-07-31
600778.SH,2010-09-30,3.421,2023-07-31
600779.SH,2010-09-30,5.984,2023-07-31
600780.SH,2010-09-30,10.209,2023-07-31
600781.SH,2010-09-30,2.123,2023-07-31
600782.SH,2010-09-30,5.03,2023-07-31
600783.SH,2010-09-30,2.891,2023-07-31
600784.SH,2010-09-30,3.486,2023-07-31
600785.SH,2010-09-30,4.208,2023-07-31
600787.SH,2010-09-30,14.61,2023-07-31
600789.SH,2010-09-30,2.105,2023-07-31
600790.SH,2010-09-30,5.079,2023-07-31
600791.SH,2010-09-30,6.961,2023-07-31
600792.SH,2010-09-30,3.378,2023-07-31
600793.SH,2010-09-30,1.733,2023-07-31
600794.SH,2010-09-30,3.744,2023-07-31
600795.SH,2010-09-30,187.984,2023-07-31
600796.SH,2010-09-30,7.598,2023-07-31
600797.SH,2010-09-30,12.3,2023-07-31
600798.SH,2010-09-30,7.529,2023-07-31
600800.SH,2010-09-30,9.904,2023-07-31
600801.SH,2010-09-30,1.797,2023-07-31
600802.SH,2010-09-30,2.719,2023-07-31
600803.SH,2010-09-30,5.451,2023-07-31
600804.SH,2010-09-30,7.686,2023-07-31
600805.SH,2010-09-30,8.459,2023-07-31
600806.SH,2010-09-30,3.107,2023-07-31
600807.SH,2010-09-30,2.506,2023-07-31
600808.SH,2010-09-30,1.813,2023-07-31
600809.SH,2010-09-30,1.944,2023-07-31
600810.SH,2010-09-30,3.062,2023-07-31
600811.SH,2010-09-30,11.862,2023-07-31
600812.SH,2010-09-30,3.882,2023-07-31
600814.SH,2010-09-30,5.564,2023-07-31
600815.SH,2010-09-30,5.958,2023-07-31
600816.SH,2010-09-30,4.156,2023-07-31
600818.SH,2010-09-30,1.934,2023-07-31
600819.SH,2010-09-30,3.227,2023-07-31
600820.SH,2010-09-30,7.587,2023-07-31
600821.SH,2010-09-30,4.462,2023-07-31
600822.SH,2010-09-30,2.675,2023-07-31
600823.SH,2010-09-30,9.971,2023-07-31
600824.SH,2010-09-30,16.715,2023-07-31
600825.SH,2010-09-30,12.291,2023-07-31
600826.SH,2010-09-30,2.98,2023-07-31
600827.SH,2010-09-30,7.302,2023-07-31
600828.SH,2010-09-30,5.479,2023-07-31
600829.SH,2010-09-30,5.58,2023-07-31
600830.SH,2010-09-30,9.324,2023-07-31
600831.SH,2010-09-30,6.265,2023-07-31
600832.SH,2010-09-30,15.972,2023-07-31
600833.SH,2010-09-30,5.011,2023-07-31
600834.SH,2010-09-30,3.708,2023-07-31
600835.SH,2010-09-30,4.141,2023-07-31
600836.SH,2010-09-30,6.752,2023-07-31
600837.SH,2010-09-30,19.385,2023-07-31
600838.SH,2010-09-30,8.473,2023-07-31
600839.SH,2010-09-30,21.599,2023-07-31
600841.SH,2010-09-30,1.722,2023-07-31
600843.SH,2010-09-30,2.805,2023-07-31
600844.SH,2010-09-30,6.935,2023-07-31
600845.SH,2010-09-30,1.556,2023-07-31
600846.SH,2010-09-30,11.619,2023-07-31
600847.SH,2010-09-30,1.862,2023-07-31
600848.SH,2010-09-30,2.242,2023-07-31
600850.SH,2010-09-30,4.966,2023-07-31
600851.SH,2010-09-30,11.535,2023-07-31
600853.SH,2010-09-30,1.944,2023-07-31
600854.SH,2010-09-30,5.923,2023-07-31
600855.SH,2010-09-30,1.598,2023-07-31
600856.SH,2010-09-30,2.753,2023-07-31
600857.SH,2010-09-30,5.546,2023-07-31
600858.SH,2010-09-30,3.632,2023-07-31
600859.SH,2010-09-30,2.777,2023-07-31
600860.SH,2010-09-30,1.661,2023-07-31
600861.SH,2010-09-30,2.159,2023-07-31
600862.SH,2010-09-30,3.546,2023-07-31
600863.SH,2010-09-30,6.18,2023-07-31
600864.SH,2010-09-30,8.842,2023-07-31
600865.SH,2010-09-30,4.522,2023-07-31
600866.SH,2010-09-30,14.624,2023-07-31
600867.SH,2010-09-30,8.926,2023-07-31
600868.SH,2010-09-30,27.789,2023-07-31
600869.SH,2010-09-30,2.445,2023-07-31
600870.SH,2010-09-30,8.269,2023-07-31
600871.SH,2010-09-30,1.087,2023-07-31
600872.SH,2010-09-30,10.514,2023-07-31
600873.SH,2010-09-30,1.853,2023-07-31
600874.SH,2010-09-30,1.546,2023-07-31
600875.SH,2010-09-30,2.83,2023-07-31
600876.SH,2010-09-30,1.427,2023-07-31
600877.SH,2010-09-30,4.641,2023-07-31
600879.SH,2010-09-30,16.112,2023-07-31
600880.SH,2010-09-30,17.073,2023-07-31
600881.SH,2010-09-30,42.784,2023-07-31
600882.SH,2010-09-30,2.189,2023-07-31
600883.SH,2010-09-30,4.536,2023-07-31
600884.SH,2010-09-30,8.964,2023-07-31
600885.SH,2010-09-30,2.693,2023-07-31
600886.SH,2010-09-30,16.263,2023-07-31
600887.SH,2010-09-30,10.34,2023-07-31
600888.SH,2010-09-30,5.102,2023-07-31
600889.SH,2010-09-30,4.495,2023-07-31
600890.SH,2010-09-30,5.544,2023-07-31
600891.SH,2010-09-30,2.211,2023-07-31
600892.SH,2010-09-30,1.581,2023-07-31
600893.SH,2010-09-30,1.576,2023-07-31
600894.SH,2010-09-30,2.942,2023-07-31
600895.SH,2010-09-30,17.924,2023-07-31
600896.SH,2010-09-30,4.906,2023-07-31
600897.SH,2010-09-30,3.85,2023-07-31
600900.SH,2010-09-30,2.176,2023-07-31
600960.SH,2010-09-30,2.049,2023-07-31
600961.SH,2010-09-30,1.504,2023-07-31
600962.SH,2010-09-30,1.439,2023-07-31
600963.SH,2010-09-30,3.081,2023-07-31
600965.SH,2010-09-30,1.49,2023-07-31
600966.SH,2010-09-30,3.353,2023-07-31
600967.SH,2010-09-30,1.381,2023-07-31
600969.SH,2010-09-30,1.377,2023-07-31
600970.SH,2010-09-30,4.904,2023-07-31
600971.SH,2010-09-30,2.711,2023-07-31
600973.SH,2010-09-30,1.853,2023-07-31
600975.SH,2010-09-30,2.649,2023-07-31
600976.SH,2010-09-30,2.557,2023-07-31
600978.SH,2010-09-30,4.214,2023-07-31
600979.SH,2010-09-30,1.942,2023-07-31
600980.SH,2010-09-30,1.764,2023-07-31
600981.SH,2010-09-30,4.313,2023-07-31
600982.SH,2010-09-30,1.438,2023-07-31
600983.SH,2010-09-30,1.443,2023-07-31
600984.SH,2010-09-30,1.464,2023-07-31
600985.SH,2010-09-30,1.71,2023-07-31
600986.SH,2010-09-30,4.048,2023-07-31
600987.SH,2010-09-30,2.207,2023-07-31
600988.SH,2010-09-30,1.366,2023-07-31
600990.SH,2010-09-30,2.743,2023-07-31
600991.SH,2010-09-30,1.88,2023-07-31
600992.SH,2010-09-30,1.485,2023-07-31
600993.SH,2010-09-30,4.112,2023-07-31
600995.SH,2010-09-30,7.811,2023-07-31
600997.SH,2010-09-30,3.414,2023-07-31
600999.SH,2010-09-30,1.024,2023-07-31
601000.SH,2010-09-30,1.0,2023-07-31
601001.SH,2010-09-30,2.073,2023-07-31
601002.SH,2010-09-30,1.034,2023-07-31
601003.SH,2010-09-30,3.778,2023-07-31
601005.SH,2010-09-30,1.051,2023-07-31
601006.SH,2010-09-30,1.11,2023-07-31
601007.SH,2010-09-30,1.014,2023-07-31
601008.SH,2010-09-30,1.216,2023-07-31
601009.SH,2010-09-30,1.371,2023-07-31
601018.SH,2010-09-30,1.0,2023-07-31
601088.SH,2010-09-30,1.046,2023-07-31
601099.SH,2010-09-30,1.002,2023-07-31
601101.SH,2010-09-30,1.024,2023-07-31
601106.SH,2010-09-30,1.0,2023-07-31
601107.SH,2010-09-30,1.025,2023-07-31
601111.SH,2010-09-30,1.013,2023-07-31
601117.SH,2010-09-30,1.0,2023-07-31
601139.SH,2010-09-30,1.009,2023-07-31
601158.SH,2010-09-30,1.012,2023-07-31
601166.SH,2010-09-30,1.115,2023-07-31
601168.SH,2010-09-30,1.031,2023-07-31
601169.SH,2010-09-30,1.034,2023-07-31
601179.SH,2010-09-30,1.0,2023-07-31
601186.SH,2010-09-30,1.032,2023-07-31
601188.SH,2010-09-30,1.0,2023-07-31
601268.SH,2010-09-30,1.0,2023-07-31
601288.SH,2010-09-30,1.0,2023-07-31
601299.SH,2010-09-30,1.004,2023-07-31
601318.SH,2010-09-30,1.033,2023-07-31
601328.SH,2010-09-30,1.144,2023-07-31
601333.SH,2010-09-30,1.07,2023-07-31
601369.SH,2010-09-30,1.0,2023-07-31
601390.SH,2010-09-30,1.014,2023-07-31
601398.SH,2010-09-30,1.108,2023-07-31
601518.SH,2010-09-30,1.0,2023-07-31
601588.SH,2010-09-30,1.019,2023-07-31
601600.SH,2010-09-30,1.019,2023-07-31
601601.SH,2010-09-30,1.044,2023-07-31
601607.SH,2010-09-30,8.278,2023-07-31
601618.SH,2010-09-30,1.0,2023-07-31
601628.SH,2010-09-30,1.057,2023-07-31
601666.SH,2010-09-30,1.8,2023-07-31
601668.SH,2010-09-30,1.008,2023-07-31
601678.SH,2010-09-30,1.0,2023-07-31
601688.SH,2010-09-30,1.0,2023-07-31
601699.SH,2010-09-30,1.938,2023-07-31
601717.SH,2010-09-30,1.0,2023-07-31
601718.SH,2010-09-30,1.0,2023-07-31
601727.SH,2010-09-30,1.012,2023-07-31
601766.SH,2010-09-30,1.014,2023-07-31
601788.SH,2010-09-30,1.049,2023-07-31
601801.SH,2010-09-30,1.006,2023-07-31
601808.SH,2010-09-30,1.026,2023-07-31
601818.SH,2010-09-30,1.0,2023-07-31
601857.SH,2010-09-30,1.072,2023-07-31
601866.SH,2010-09-30,1.008,2023-07-31
601872.SH,2010-09-30,1.035,2023-07-31
601877.SH,2010-09-30,1.01,2023-07-31
601888.SH,2010-09-30,1.0,2023-07-31
601898.SH,2010-09-30,1.033,2023-07-31
601899.SH,2010-09-30,1.036,2023-07-31
601918.SH,2010-09-30,1.031,2023-07-31
601919.SH,2010-09-30,1.031,2023-07-31
601939.SH,2010-09-30,1.093,2023-07-31
601958.SH,2010-09-30,1.252,2023-07-31
601988.SH,2010-09-30,1.101,2023-07-31
601989.SH,2010-09-30,1.005,2023-07-31
601991.SH,2010-09-30,2.084,2023-07-31
601998.SH,2010-09-30,1.04,2023-07-31
601999.SH,2010-09-30,1.007,2023-07-31
430047.BJ,2010-09-30,30.0,2023-07-31
