security_code,trade_date,close,turnover_rate,turnover_rate_f,volume_ratio,pe,pe_ttm,pb,ps,ps_ttm,dv_ratio,dv_ttm,total_share,float_share,free_share,total_mv,circ_mv,data_date
000685.SZ,2021-12-03,8.76,0.6418,1.3869,1.1,9.3993,8.6395,0.8779,5.9185,5.2657,2.8539,3.1963,147511.1351,125322.9908,57994.6553,1292197.5435,1097829.3994,2023-08-05
002986.SZ,2021-12-03,42.91,1.4654,1.9504,1.64,207.2016,53.8831,3.3331,2.9628,2.5847,1.6646,0.1998,15867.6,10661.35,8010.1,680878.716,457478.5285,2023-08-05
300268.SZ,2021-12-03,19.83,1.2161,1.7361,0.55,,,,0.7634,0.7557,0.0,,17420.0,13377.4275,9370.8356,345438.6,265274.3873,2023-08-05
600202.SH,2021-12-03,4.48,2.027,3.0726,1.16,34.0662,23.45,2.2548,1.8725,1.8987,0.8929,,38334.0672,38334.0672,25289.1287,171736.6211,171736.6211,2023-08-05
600675.SH,2021-12-03,2.77,0.0854,0.3444,1.34,12.2526,9.4961,1.0717,1.4618,1.2319,4.9819,4.9411,609613.5252,609613.5252,151139.066,1688629.4648,1688629.4648,2023-08-05
603018.SH,2021-12-03,8.05,1.8053,1.8053,1.37,9.237,9.5486,1.5075,1.0053,1.0038,2.1569,2.588,66862.0952,66862.0952,66862.0952,538239.8664,538239.8664,2023-08-05
300911.SZ,2021-12-03,67.39,3.7472,3.7472,1.07,50.6697,35.7516,6.2207,10.1688,6.9684,,0.7322,10809.32,4193.334,4193.334,728440.0748,282588.7783,2023-08-05
600967.SH,2021-12-03,11.37,3.972,9.343,3.85,29.5324,27.4169,1.9124,1.4642,1.3822,0.5929,0.73,170425.1817,168963.1817,71830.9318,1937734.3159,1921111.3759,2023-08-05
600039.SH,2021-12-03,12.75,2.0162,5.1058,0.8,20.1264,12.7485,2.4172,0.997,0.7994,0.426,1.9608,477543.0289,361052.551,142576.3097,6088673.6185,4603420.0253,2023-08-05
000031.SZ,2021-12-03,3.42,0.4447,0.8137,1.28,,,0.7424,0.3813,0.3427,4.9708,,428631.3339,189074.8427,103339.4287,1465919.1619,646635.962,2023-08-05
000738.SZ,2021-12-03,30.81,1.9738,4.0552,0.97,110.237,93.1218,3.5605,11.5816,9.8694,0.1131,0.1272,131518.4001,114563.4399,55762.6966,4052081.9071,3529699.5833,2023-08-05
600888.SH,2021-12-03,9.57,2.0392,3.2136,0.82,36.1413,18.1,2.0072,2.2194,1.5865,0.4845,0.8883,132589.6855,124138.0484,78770.4014,1268883.2902,1188001.1232,2023-08-05
600340.SH,2021-12-03,3.32,1.0225,1.3195,1.23,3.5448,,0.4148,0.1284,0.1782,34.7603,,391372.0342,389335.5062,301686.3118,1299355.1535,1292593.8806,2023-08-05
603159.SH,2021-12-03,16.84,0.6024,1.5764,0.71,58.5952,58.2624,5.2052,3.9828,3.5733,1.3658,0.5938,14000.0,14000.0,5350.1,235760.0,235760.0,2023-08-05
600812.SH,2021-12-03,10.46,1.3789,2.9127,1.29,184.4004,,2.9437,1.5616,1.6255,0.2726,0.2727,171573.037,163080.4729,77203.1554,1794653.967,1705821.7465,2023-08-05
688561.SH,2021-12-03,93.0,0.266,0.5209,0.57,,,6.9594,15.1891,12.7282,,,67961.6,45608.8608,23289.8783,6320428.8,4241624.0544,2023-08-05
600955.SH,2021-12-03,47.5,3.9163,3.9163,0.6,36.533,11.9998,3.2977,5.9559,2.9457,,,55000.0,13750.0,13750.0,2612500.0,653125.0,2023-08-05
002712.SZ,2021-12-03,4.65,0.8903,1.5092,0.75,,,1.3697,0.6824,0.5439,0.0,,58120.2488,57425.2007,33873.8984,270259.1569,267027.1833,2023-08-05
603566.SH,2021-12-03,18.55,0.4399,0.7492,0.81,26.1862,20.0192,3.3449,6.4229,5.4113,1.0594,2.638,32149.6,32149.6,18876.098,596375.08,596375.08,2023-08-05
000061.SZ,2021-12-03,6.23,0.4813,1.3358,1.05,33.527,31.7537,1.8949,3.3304,2.6771,0.9631,0.9631,169696.4131,169693.6756,61140.2113,1057208.6536,1057191.599,2023-08-05
605507.SH,2021-12-03,28.0,1.1203,1.1203,0.6,19.3174,22.5518,2.5396,3.7199,3.6618,,1.7857,55882.35,8382.35,8382.35,1564705.8,234705.8,2023-08-05
002082.SZ,2021-12-03,10.8,0.8782,1.0826,0.87,23.4327,21.1011,2.5912,0.4873,1.7629,1.3889,1.84,61822.2829,23800.0,19305.664,667680.6553,257040.0,2023-08-05
601108.SH,2021-12-03,10.59,0.979,1.4451,1.13,16.5857,16.0243,1.6292,5.8222,5.863,1.5109,1.8886,358901.3157,358901.3157,243149.1268,3800764.9333,3800764.9333,2023-08-05
871981.BJ,2021-12-03,47.15,9.1787,9.1787,0.92,79.9236,54.7836,5.5085,7.7332,6.0739,,,5283.83,1271.014,1271.014,249132.5845,59928.3101,2023-08-05
601100.SH,2021-12-03,79.33,0.4654,1.4977,1.34,45.945,37.417,12.1839,13.1832,10.6599,0.511,0.7563,130536.0,130536.0,40563.6359,10355420.88,10355420.88,2023-08-05
688075.SH,2021-12-03,102.17,12.0416,12.0416,0.57,9.6556,9.2141,3.0267,5.223,4.439,,,6133.34,1406.244,1406.244,626643.3478,143675.9495,2023-08-05
600478.SH,2021-12-03,7.18,1.4702,2.0265,0.58,214.0019,72.7504,4.5759,4.6628,4.0601,0.0,,165328.1386,160413.1503,116374.4449,1187056.0351,1151766.4192,2023-08-05
688600.SH,2021-12-03,23.75,3.6496,4.2982,0.95,53.805,50.4721,3.9027,7.5893,5.8866,,,13334.0,6672.711,5665.8061,316682.5,158476.8863,2023-08-05
603266.SH,2021-12-03,12.58,2.2225,6.7047,0.67,26.9731,24.5402,2.1913,2.5709,2.1788,0.5566,0.7949,19891.055,19771.3834,6553.7274,250229.4719,248724.0032,2023-08-05
603076.SH,2021-12-03,37.44,1.2416,2.541,0.83,42.7641,47.4284,3.4419,5.3031,4.848,0.0,0.2862,12070.1344,12070.1344,5897.6001,451905.8319,451905.8319,2023-08-05
300880.SZ,2021-12-03,26.28,4.066,6.4686,0.67,53.2857,41.4896,6.0105,8.2816,6.9192,,0.6342,16003.2,7001.4,4400.89,420564.096,183996.792,2023-08-05
300175.SZ,2021-12-03,4.68,2.3695,3.1157,1.06,,,3.6248,7.3933,8.7429,0.2137,,47080.0,47080.0,35804.704,220334.4,220334.4,2023-08-05
300508.SZ,2021-12-03,46.86,5.6831,9.0134,0.77,146.4851,56.889,6.9424,20.3599,11.2343,0.1344,0.0726,9091.2,4529.1328,2855.6832,426013.632,212235.163,2023-08-05
000046.SZ,2021-12-03,1.83,0.5201,1.4965,0.79,,,0.6369,4.3282,1.2603,5.4645,,519620.0656,519394.6456,180527.3548,950904.72,950492.2014,2023-08-05
002058.SZ,2021-12-03,10.06,1.5879,2.4241,2.02,,290.4018,8.0841,17.5295,13.5075,0.0,,14344.8332,14311.7781,9374.9925,144309.022,143976.4877,2023-08-05
300008.SZ,2021-12-03,4.97,4.0438,5.0928,0.93,336.0384,1523.4504,5.1539,16.4039,8.7748,0.0,,172802.9133,128674.8618,102170.7655,858830.4791,639514.0631,2023-08-05
600028.SH,2021-12-03,4.2,0.1398,1.04,1.1,15.4446,7.3367,0.6609,0.2415,0.199,6.1905,6.9048,12107120.9646,9555777.1046,1284854.3653,50849908.0513,40134263.8393,2023-08-05
300202.SZ,2021-12-03,4.91,4.8888,6.7072,1.19,56.5128,99.5207,1.653,4.7681,5.9096,1.6293,,54950.4,45234.6881,32971.2245,269806.464,222102.3186,2023-08-05
002348.SZ,2021-12-03,2.02,1.1944,1.7549,0.51,,,2.6451,3.769,4.1459,0.0,,94720.0,85423.8289,58138.5351,191334.4,172556.1344,2023-08-05
300331.SZ,2021-12-03,34.3,4.0954,4.5165,1.21,168.6262,124.3921,3.7198,6.397,5.4409,0.2538,,25966.2286,16542.307,15000.0971,890641.641,567401.1301,2023-08-05
603389.SH,2021-12-03,5.14,0.2675,0.9301,0.65,80.8107,105.4401,2.1326,4.3298,4.0961,0.0,0.7782,26275.2,26275.2,7555.2,135054.528,135054.528,2023-08-05
002825.SZ,2021-12-03,18.15,9.175,14.764,0.99,32.4397,37.5921,2.9297,2.4788,1.9018,0.9444,2.2039,17122.1847,11341.0599,7047.8591,310767.6523,205840.2372,2023-08-05
605018.SH,2021-12-03,14.07,6.1413,6.1413,0.64,29.2079,28.3034,2.9673,4.0315,3.8609,,1.4215,41668.0,4168.0,4168.0,586268.76,58643.76,2023-08-05
002132.SZ,2021-12-03,6.72,3.5735,4.919,0.79,69.0359,65.7839,2.9771,2.9807,2.5839,0.7206,0.7357,125649.8403,125354.5953,91066.3048,844366.9268,842382.8804,2023-08-05
688020.SH,2021-12-03,90.54,2.6675,3.1148,1.37,60.7494,101.6919,4.4637,25.1033,27.9667,,,8000.0,3746.2518,3208.2846,724320.0,339185.638,2023-08-05
300659.SZ,2021-12-03,46.85,3.9171,4.6394,0.86,43.9185,46.9048,6.9586,10.6948,8.6084,0.2501,0.5338,22661.8285,14862.8277,12548.902,1061706.6652,696323.4777,2023-08-05
600118.SH,2021-12-03,25.56,0.6094,1.2555,1.0,85.4912,91.9498,5.0295,4.3132,4.3808,0.3912,0.3912,118248.9135,118248.9135,57394.7959,3022442.2291,3022442.2291,2023-08-05
300036.SZ,2021-12-03,29.8,4.5469,4.6974,0.61,62.1661,52.042,4.7399,9.061,8.0402,0.1479,0.1613,48955.0063,39438.469,38174.917,1458859.1877,1175266.3762,2023-08-05
000837.SZ,2021-12-03,10.91,1.8032,2.5961,0.68,64.1809,33.98,3.0633,2.3961,1.8859,0.0,,89937.091,69309.9024,48140.3422,981213.6628,756171.0352,2023-08-05
688699.SH,2021-12-03,216.22,6.349,6.349,0.93,147.1612,24.7064,9.7985,30.6131,12.6077,,,7436.8,1766.24,1766.24,1607984.896,381896.4128,2023-08-05
300413.SZ,2021-12-03,43.89,1.2148,1.9972,0.82,41.4225,34.9347,4.8779,5.8624,5.0789,0.2168,0.2819,187072.0815,93135.6654,56646.8305,8210593.657,4087724.3544,2023-08-05
002324.SZ,2021-12-03,14.06,1.5789,2.1897,1.23,36.0311,124.6212,5.3549,3.2058,3.0241,0.3704,0.2963,101406.2317,63254.9543,45611.0458,1425771.6177,889364.6575,2023-08-05
300004.SZ,2021-12-03,6.65,1.0392,1.8177,0.59,21.4825,729.0172,1.4072,3.9969,3.1656,0.0,,47999.3598,47755.3715,27302.165,319195.7427,317573.2205,2023-08-05
300756.SZ,2021-12-03,25.88,9.763,9.763,0.57,,388.0326,2.4765,6.8654,4.7372,0.8863,,10160.4244,3335.2838,3335.2838,262951.7835,86317.1447,2023-08-05
300915.SZ,2021-12-03,65.76,8.1212,8.1212,2.61,68.1621,44.8138,4.2883,10.3531,7.9884,,0.6083,9000.0,2250.0,2250.0,591840.0,147960.0,2023-08-05
300373.SZ,2021-12-03,77.47,4.9878,10.4132,0.99,104.9412,58.3358,8.1492,15.1685,9.8894,0.1044,0.1931,51240.0109,51120.1815,24486.1095,3969563.6444,3960280.4608,2023-08-05
002303.SZ,2021-12-03,3.46,1.0627,1.3327,0.8,27.2986,44.4543,1.1072,1.5744,1.4495,9.6243,3.4682,153132.3685,95211.6755,75923.6228,529837.995,329432.3972,2023-08-05
605117.SH,2021-12-03,279.03,4.5033,4.5033,0.81,124.5176,94.5932,19.3402,15.7497,12.4709,,0.2867,17066.7,4266.7,4266.7,4762121.301,1190537.301,2023-08-05
688162.SH,2021-12-03,123.02,10.7923,10.7923,0.44,131.4026,78.3814,6.6802,11.2788,8.6086,,,13700.0,2623.8089,2623.8089,1685374.0,322780.9709,2023-08-05
600595.SH,2021-12-03,4.1,0.2187,0.3974,1.47,,,1.7275,1.9659,1.1802,0.0,,392244.8114,392244.8114,215935.2934,1608203.7267,1608203.7267,2023-08-05
603398.SH,2021-12-03,17.31,3.0217,5.8396,0.47,148.5718,165.6163,5.3165,11.8244,14.1787,0.0,0.3351,34263.4507,34263.4507,17729.6949,593100.3316,593100.3316,2023-08-05
002588.SZ,2021-12-03,5.52,1.6043,2.412,0.66,22.1984,14.8162,1.2951,1.0328,1.0121,0.3623,1.2681,115688.4,79558.745,52918.4079,638599.968,439164.2724,2023-08-05
002649.SZ,2021-12-03,12.56,4.4982,5.0576,0.67,21.9211,18.0475,2.051,1.6827,1.4385,0.6856,1.5997,57743.6213,51385.9819,45702.0454,725259.8835,645407.9327,2023-08-05
000672.SZ,2021-12-03,19.66,6.3857,14.5826,2.66,7.8958,7.6135,2.0792,2.4868,2.0848,4.5128,4.2621,81361.9871,81361.9871,35628.4332,1599576.6664,1599576.6664,2023-08-05
688083.SH,2021-12-03,359.1,2.8848,2.8848,0.68,184.779,160.2549,8.1745,48.7712,41.4883,,,6194.3857,1410.2692,1410.2692,2224403.9049,506427.6697,2023-08-05
000892.SZ,2021-12-03,3.09,1.6729,1.8564,0.84,,,1.5708,16.3907,4.8255,0.0,,98098.0473,53537.771,48244.7612,303122.9662,165431.7124,2023-08-05
600839.SH,2021-12-03,3.01,1.1273,1.4684,0.78,306.2822,40.2114,1.0542,0.1471,0.135,0.3322,0.3322,461624.4222,461495.8631,354314.5069,1389489.5108,1389102.5479,2023-08-05
002473.SZ,2021-12-03,10.15,1.7188,3.3473,0.74,,,82.5047,850.0508,38.3954,0.0,,16000.0,16000.0,8215.6706,162400.0,162400.0,2023-08-05
603063.SH,2021-12-03,36.69,3.3944,4.8885,1.07,60.041,80.8971,5.3524,6.847,7.7162,0.043,0.1682,43640.59,43341.19,30094.45,1601173.2471,1590188.2611,2023-08-05
000019.SZ,2021-12-03,6.7,0.4462,0.6861,0.71,19.0625,19.7194,1.7155,0.6498,0.6714,2.9851,2.9851,115253.5254,41618.4832,27068.4852,772198.6202,278843.8374,2023-08-05
600804.SH,2021-12-03,6.51,2.4814,2.8765,0.7,109.5054,,3.0263,2.1085,2.4773,0.0,,169719.1806,143235.7859,123559.06,1104871.8657,932464.9662,2023-08-05
605167.SH,2021-12-03,8.97,4.4213,4.4213,1.03,38.6597,34.9866,3.0879,2.6757,2.0466,,1.2486,44907.0,11226.8882,11226.8882,402815.79,100705.1872,2023-08-05
603650.SH,2021-12-03,51.28,1.0477,4.262,1.0,74.2109,85.2928,11.4143,14.8899,13.4801,0.6348,0.654,59405.5286,59405.5286,14602.9686,3046315.5066,3046315.5066,2023-08-05
603963.SH,2021-12-03,7.12,0.2256,0.8513,0.58,484.0426,,3.4395,7.3239,8.6573,,0.6461,21970.0,21970.0,5822.05,156426.4,156426.4,2023-08-05
601696.SH,2021-12-03,13.68,0.8943,0.9989,0.67,43.0275,38.8459,2.4226,11.7142,11.6283,0.2193,0.7018,277800.0,145168.4209,129964.6314,3800304.0,1985903.9979,2023-08-05
002582.SZ,2021-12-03,8.23,0.6307,0.7801,0.7,1.7452,,0.8537,1.2531,3.6667,1.1478,12.4885,45697.7978,35357.0834,28585.6613,376092.8759,290988.7964,2023-08-05
688510.SH,2021-12-03,32.46,6.2381,6.2381,1.5,140.0264,266.0609,8.8525,27.8529,28.7565,,,25838.2608,5168.0,5168.0,838709.9456,167753.28,2023-08-05
600203.SH,2021-12-03,10.78,1.5926,2.2821,0.89,494.6768,,2.4457,0.3775,0.2967,0.0,,45644.712,45644.712,31853.591,492049.9954,492049.9954,2023-08-05
000852.SZ,2021-12-03,6.83,6.7638,16.3926,1.44,745.7945,206.2169,2.8853,0.8548,0.8424,0.0,,77760.4997,77760.4997,32084.8697,531104.213,531104.213,2023-08-05
002390.SZ,2021-12-03,6.85,2.4085,3.21,1.71,80.0277,53.3297,2.1202,2.3755,2.208,0.0,,202722.8611,156787.4603,117642.4284,1388651.5985,1073994.1031,2023-08-05
300708.SZ,2021-12-03,20.19,5.6374,6.614,0.72,513.497,79.4211,6.8507,7.8027,5.8374,0.0474,0.055,54363.1746,34987.8475,29821.3381,1097592.4952,706404.641,2023-08-05
603416.SH,2021-12-03,50.16,1.7531,2.3922,0.72,21.2571,22.3634,4.1412,6.2152,5.4505,0.319,0.5582,14056.0,9122.484,6685.474,705048.96,457583.7974,2023-08-05
000550.SZ,2021-12-03,16.99,2.3013,7.2626,1.41,26.6316,21.9038,1.7329,0.4431,0.4017,0.412,20.4591,86321.4,51846.316,16428.716,1466600.586,880868.9088,2023-08-05
300173.SZ,2021-12-03,7.13,1.8339,2.6117,0.59,451.9708,239.9118,3.4164,7.0838,4.0547,0.0,,73472.5698,66358.4106,46595.7373,523859.4227,473135.4676,2023-08-05
002455.SZ,2021-12-03,16.28,4.9164,5.2822,0.77,138.624,58.4051,5.2055,4.2128,2.5009,0.7388,0.5658,56586.6485,45058.1508,41937.8182,921230.6376,733546.695,2023-08-05
600512.SH,2021-12-03,3.13,1.6333,1.9926,1.3,8.2414,5.5088,0.8274,0.8477,0.6957,0.9585,1.5974,159890.2832,159890.2832,131058.1138,500456.5864,500456.5864,2023-08-05
601877.SH,2021-12-03,52.74,0.7145,1.5203,0.8,17.6422,18.4139,3.5457,3.4099,2.9332,0.9476,0.9476,214997.3551,214997.3551,101048.2753,11338960.508,11338960.508,2023-08-05
600126.SH,2021-12-03,5.13,0.428,1.305,0.95,15.2881,8.6866,0.8441,0.5343,0.3563,2.3392,3.8986,337718.9083,337718.9083,110768.9091,1732497.9996,1732497.9996,2023-08-05
300151.SZ,2021-12-03,42.73,1.4924,1.7951,0.92,127.1514,188.0625,20.7796,19.2053,18.2646,0.0,0.4626,50250.0,31576.83,26250.6925,2147182.5,1349277.9459,2023-08-05
000726.SZ,2021-12-03,6.1,0.5849,0.78,0.95,55.3115,21.6323,0.6807,1.1328,1.0878,1.5716,0.8198,88234.1181,56127.9603,42092.602,538228.1204,342380.5578,2023-08-05
002813.SZ,2021-12-03,27.81,23.0253,34.3587,1.53,42.141,27.3086,8.599,6.7738,9.5042,0.0,,12000.0,5616.7031,3763.9983,333720.0,156200.5132,2023-08-05
002274.SZ,2021-12-03,12.58,4.1219,6.8717,0.77,65.6009,7.5036,2.9097,1.9643,1.3335,0.7949,0.7866,95236.4646,93799.913,56264.5929,1198074.7247,1180002.9055,2023-08-05
601228.SH,2021-12-03,3.48,1.5976,9.7681,15.42,24.6915,22.7147,1.4992,1.9153,1.7664,1.2069,1.2356,619318.0,619318.0,101289.2858,2155226.64,2155226.64,2023-08-05
601326.SH,2021-12-03,2.74,0.8537,3.6803,7.2,15.3844,15.2702,0.9611,2.3714,2.335,3.2847,2.3358,558741.2,475755.9,110357.5437,1530950.888,1303571.166,2023-08-05
300587.SZ,2021-12-03,21.96,1.8415,2.3138,1.01,64.8575,34.8338,7.467,10.2957,7.191,0.1976,0.3191,57916.1915,47583.7242,37871.1093,1271839.5653,1044938.5834,2023-08-05
688070.SH,2021-12-03,36.88,3.2859,3.2859,0.54,78.8211,1670.0662,4.6143,11.8832,13.929,,,8758.0,1878.5736,1878.5736,322995.04,69281.7944,2023-08-05
002997.SZ,2021-12-03,17.04,1.976,2.586,0.62,30.267,27.7101,2.7667,3.2937,3.0873,,1.1737,18360.0,11445.0,8745.0,312854.4,195022.8,2023-08-05
002170.SZ,2021-12-03,7.71,3.7107,4.7758,0.45,88.3602,75.1883,3.3487,3.2154,2.9265,0.0778,0.1297,88686.2627,69322.0702,53862.3825,683771.0854,534473.1612,2023-08-05
300075.SZ,2021-12-03,13.97,4.392,4.7592,0.86,43.0294,34.2478,2.0573,4.8282,4.144,0.2526,0.2821,48869.3524,39016.9355,36006.6651,682704.853,545066.5889,2023-08-05
000820.SZ,2021-12-03,3.47,6.4551,6.7373,1.78,,1.2312,34.8163,1330.0517,,0.0,,63724.5222,28765.617,27560.8535,221124.092,99816.691,2023-08-05
000901.SZ,2021-12-03,9.34,2.5488,3.9155,1.46,,,1.6984,1.3936,1.28,0.1369,,79820.1406,79820.1406,51958.7701,745520.1132,745520.1132,2023-08-05
300264.SZ,2021-12-03,10.04,18.5808,19.7988,0.68,,,19.4838,32.63,33.9837,0.0,,41310.0,33756.9775,31680.2108,414752.4,338920.0541,2023-08-05
688456.SH,2021-12-03,29.8,2.3221,2.3221,0.38,23.3722,22.351,2.9109,1.7791,1.2307,,,10366.0,2850.0,2850.0,308906.8,84930.0,2023-08-05
300796.SZ,2021-12-03,17.16,0.8097,0.9956,0.45,54.1227,30.8435,1.9502,5.139,4.0611,0.4662,0.2914,12115.0,6185.2778,5030.1078,207893.4,106139.367,2023-08-05
605007.SH,2021-12-03,18.45,3.4703,3.4703,1.53,21.799,18.0626,3.9222,2.8012,2.2089,,1.626,40001.0,8236.0463,8236.0463,738018.45,151955.0542,2023-08-05
300700.SZ,2021-12-03,13.92,2.6606,3.0512,0.72,991.7264,,3.148,6.1399,6.2159,0.0,,10713.7593,7722.8202,6734.1766,149135.5295,107501.6572,2023-08-05
600873.SH,2021-12-03,7.31,1.0711,1.5272,0.65,23.0646,15.202,2.3988,1.3285,1.0655,3.5058,4.0876,309861.9928,309861.9928,217320.0621,2265091.1674,2265091.1674,2023-08-05
002932.SZ,2021-12-03,72.46,2.8873,34.7443,0.37,16.206,6.7965,3.2446,7.9235,3.3667,0.0876,3.7231,10487.7931,6011.499,499.5681,759945.488,435593.2175,2023-08-05
002597.SZ,2021-12-03,50.78,1.1656,2.1368,0.96,39.6409,31.6887,5.4806,7.769,5.7271,1.056,0.8834,56090.9624,55948.2657,30517.9384,2848299.0707,2841052.9322,2023-08-05
601869.SH,2021-12-03,31.8,0.7974,3.0404,0.75,44.3303,34.3367,2.529,2.9315,2.5191,1.0,0.6792,75790.5108,40633.8314,10657.351,2410138.2434,1292155.8385,2023-08-05
600555.SH,2021-12-03,1.54,1.2408,1.7856,0.66,,,2.536,160.5149,152.5661,0.0,,130350.0,97350.0,67650.6557,200739.0,149919.0,2023-08-05
600777.SH,2021-12-03,2.07,1.675,1.9748,1.01,,,1.1385,3.3973,3.6356,0.0,,680049.5825,623207.8317,528618.6063,1407702.6358,1290040.2116,2023-08-05
600759.SH,2021-12-03,2.49,2.2831,3.4131,0.97,32.2462,31.6536,1.1153,3.4742,2.603,0.0,,226350.7518,225818.4018,151056.4109,563613.372,562287.8205,2023-08-05
603059.SH,2021-12-03,22.52,1.4285,5.714,1.09,29.2906,49.6101,2.1546,2.7207,2.3371,0.8881,1.0657,10000.0,10000.0,2500.0,225200.0,225200.0,2023-08-05
000150.SZ,2021-12-03,3.52,3.942,7.1916,0.7,,,,1.9784,2.2568,0.0,,87769.7557,80599.0242,44179.0909,308949.5401,283708.5652,2023-08-05
000737.SZ,2021-12-03,7.8,1.1124,1.6309,0.84,46.8432,,8.4517,3.8032,3.911,0.0,,54876.0,54876.0,37430.431,428032.8,428032.8,2023-08-05
605208.SH,2021-12-03,22.98,7.3126,7.3126,0.85,24.9405,20.8054,2.2208,1.6023,1.4051,,0.6527,18800.0,4700.0,4700.0,432024.0,108006.0,2023-08-05
300345.SZ,2021-12-03,5.35,1.2228,2.0601,0.69,457.1128,279.8765,4.6074,15.8246,15.4232,0.0,,44129.5483,44129.5483,26193.5256,236093.0834,236093.0834,2023-08-05
300342.SZ,2021-12-03,14.18,2.3033,3.9846,0.72,47.2412,49.053,4.2047,6.7087,5.8647,1.058,1.0578,42503.5113,41332.3485,23892.0156,602699.7902,586092.7017,2023-08-05
300964.SZ,2021-12-03,45.51,9.7104,9.7104,0.66,42.5918,47.8802,3.5393,8.0411,7.0338,,,7729.8284,1932.46,1932.46,351784.4905,87946.2546,2023-08-05
301043.SZ,2021-12-03,31.56,5.8572,5.8572,0.68,30.448,30.7517,2.9214,5.2046,4.1642,,,6800.0,1700.0,1700.0,214608.0,53652.0,2023-08-05
300828.SZ,2021-12-03,31.42,8.3517,12.3985,0.43,52.7006,46.7498,4.5926,9.4035,6.8799,0.7957,0.9548,11028.0,5557.4625,3743.5225,346499.76,174615.4718,2023-08-05
603316.SH,2021-12-03,5.27,0.6597,1.2762,0.92,33.6233,42.9003,1.5313,1.2137,1.0988,0.4671,1.4596,26426.4,26426.4,13659.9578,139267.128,139267.128,2023-08-05
600468.SH,2021-12-03,5.61,1.0835,2.4715,0.83,57.2306,51.2992,3.3634,2.8615,2.59,0.0,0.5358,112189.5038,112189.5038,49185.5726,629383.1163,629383.1163,2023-08-05
300217.SZ,2021-12-03,5.15,5.8342,6.7717,0.71,122.8256,88.6129,2.7398,3.0963,2.7449,0.1716,0.2574,144121.6681,89675.9474,77261.7282,742226.5907,461831.1291,2023-08-05
600864.SH,2021-12-03,5.8,0.6276,1.5072,1.19,64.0167,68.4045,0.9089,9.1877,7.8587,0.6207,0.5172,208057.052,208057.052,86636.6286,1206730.9016,1206730.9016,2023-08-05
688056.SH,2021-12-03,67.05,3.3175,4.2364,1.12,68.8894,54.6091,5.8009,12.8867,11.4523,,,6700.0,2535.5,1985.5,449235.0,170005.275,2023-08-05
600626.SH,2021-12-03,3.71,0.6911,0.9507,1.09,,,1.2317,0.3798,0.3666,0.5183,,110797.871,80815.6847,58746.4337,411060.1014,299826.1902,2023-08-05
002930.SZ,2021-12-03,24.65,0.9031,1.9716,0.8,48.3448,39.6937,5.1952,12.9782,10.4608,0.9298,1.2109,44663.9977,42161.941,19311.3238,1100967.5433,1039291.8457,2023-08-05
000407.SZ,2021-12-03,4.27,1.2007,1.5503,1.19,26.406,18.4009,1.4285,0.8176,0.7632,0.8197,0.4684,88008.4656,87574.383,67824.7055,375796.1481,373942.6154,2023-08-05
000668.SZ,2021-12-03,13.64,0.3556,0.6012,0.51,,,2.2285,18.2776,17.1227,0.4399,,14684.189,14668.8393,8676.231,200292.338,200082.9681,2023-08-05
603551.SH,2021-12-03,10.21,0.3467,0.3987,0.66,21.9422,20.4514,2.3742,2.6019,2.0887,3.1848,3.9133,40596.0,13373.6339,11629.6327,414485.16,136544.8021,2023-08-05
603617.SH,2021-12-03,13.52,1.6707,5.4054,0.91,27.7137,25.1371,3.8402,3.6536,2.9704,0.8455,2.2189,19946.0557,19946.0557,6164.8617,269670.6731,269670.6731,2023-08-05
603601.SH,2021-12-03,11.89,0.2516,0.4403,0.82,23.964,37.5959,4.5015,4.5745,5.0058,0.8339,1.6718,72492.1324,72492.1324,41423.7581,861931.4542,861931.4542,2023-08-05
600724.SH,2021-12-03,3.51,0.1591,0.6909,0.9,12.0297,12.8833,1.7704,2.1676,2.4179,7.6923,6.2678,144524.1071,144494.2664,33279.4209,507279.6159,507174.8751,2023-08-05
300993.SZ,2021-12-03,31.97,8.7194,8.7194,1.1,38.9616,29.6897,3.8056,10.9342,8.3939,,,13168.0,3292.0,3292.0,420980.96,105245.24,2023-08-05
600232.SH,2021-12-03,5.25,0.634,1.233,1.1,60.1868,73.7841,1.8419,1.8893,1.6033,3.729,3.729,36471.8544,36471.8544,18754.5093,191477.2356,191477.2356,2023-08-05
603083.SH,2021-12-03,13.31,1.2661,1.9209,0.77,,,1.9622,1.2393,1.2739,0.1965,,25222.0566,25222.0566,16624.1158,335705.5733,335705.5733,2023-08-05
002749.SZ,2021-12-03,9.09,0.3008,0.5628,0.59,23.1786,24.4553,3.0166,3.4136,3.1758,2.3511,2.4243,43563.428,27695.883,14800.4634,395991.5605,251755.5765,2023-08-05
603035.SH,2021-12-03,16.32,5.2777,7.6633,0.62,16.2706,14.0962,1.5034,2.6545,2.2845,1.3841,1.8859,36074.1294,36074.1294,24844.4412,588729.7918,588729.7918,2023-08-05
600649.SH,2021-12-03,3.92,0.4571,0.9688,1.03,12.883,8.051,0.4906,1.5104,1.0576,1.8367,2.3469,252957.5634,252957.5634,119364.2188,991593.6485,991593.6485,2023-08-05
000596.SZ,2021-12-03,264.0,0.8819,3.0153,2.12,75.2465,61.0503,8.6079,13.559,11.3226,0.5334,0.5334,52860.0,38360.0,11219.5978,13955040.0,10127040.0,2023-08-05
600195.SH,2021-12-03,11.67,1.5718,3.1208,1.5,28.1905,29.706,2.4547,2.3711,2.247,0.6752,1.0711,101561.0601,101561.0601,51151.6438,1185217.5714,1185217.5714,2023-08-05
600456.SH,2021-12-03,67.8,0.9228,1.7667,0.46,89.3223,54.6903,5.4452,7.4679,5.6318,0.2657,1.5487,47777.7539,47777.7539,24955.0241,3239331.7144,3239331.7144,2023-08-05
300680.SZ,2021-12-03,32.15,1.0934,1.2169,0.48,120.9165,68.463,7.4337,11.2265,7.8521,0.1145,0.2222,20185.1388,13986.7756,12567.6873,648952.2124,449674.8355,2023-08-05
603213.SH,2021-12-03,16.86,35.4763,35.4763,0.77,56.5271,22.7284,5.445,6.362,4.3829,,,43480.0,6526.0,6526.0,733072.8,110028.36,2023-08-05
000895.SZ,2021-12-03,30.21,1.1548,1.6735,1.01,16.732,21.9424,4.892,1.4171,1.5149,5.2898,5.5611,346466.1213,148882.4214,102739.638,10466741.5245,4497737.9505,2023-08-05
603882.SH,2021-12-03,103.35,0.489,0.8711,0.42,31.7613,22.5435,8.5876,5.8165,4.3458,0.1299,0.3174,46395.8775,46083.5077,25870.8963,4795013.9396,4762730.5208,2023-08-05
000590.SZ,2021-12-03,8.32,0.2441,0.4534,0.47,87.6845,46.9215,2.9131,7.2427,6.3271,0.0,,23947.1267,23937.6227,12885.7492,199240.0941,199161.0209,2023-08-05
600219.SH,2021-12-03,4.39,0.6568,1.12,0.79,25.5984,16.6295,1.2351,2.3527,1.9373,1.139,1.2528,1195048.152,1195048.152,700828.1865,5246261.3873,5246261.3873,2023-08-05
000731.SZ,2021-12-03,8.72,6.008,6.8508,0.65,49.249,12.6906,1.6883,1.7537,1.3769,0.579,,58572.3752,58572.3752,51367.02,510751.1117,510751.1117,2023-08-05
000818.SZ,2021-12-03,40.7,2.0187,2.7751,0.58,117.6228,40.208,8.3095,7.8559,6.1168,0.1242,0.6143,68261.4,67686.39,49236.17,2778238.98,2754836.073,2023-08-05
603155.SH,2021-12-03,59.5,5.4081,5.4081,1.14,58.8282,34.9981,4.3859,18.8767,12.12,,0.9244,15556.0,3889.0,3889.0,925582.0,231395.5,2023-08-05
002080.SZ,2021-12-03,37.53,2.4072,6.0542,1.22,30.6929,19.9852,4.6287,3.366,3.0822,0.6928,1.0658,167812.3584,167812.3584,66724.898,6297997.8108,6297997.8108,2023-08-05
300715.SZ,2021-12-03,18.86,0.969,2.0479,0.5,26.4006,25.7718,2.5214,3.663,2.7947,0.2324,1.3931,38992.2028,27699.0743,13105.7993,735392.9448,522404.5413,2023-08-05
603968.SH,2021-12-03,17.07,1.0589,2.218,0.53,14.099,22.9644,2.0225,1.44,1.2563,2.9291,2.9291,20448.0,20448.0,9762.3994,349047.36,349047.36,2023-08-05
688081.SH,2021-12-03,25.21,0.8646,1.2189,0.69,56.4994,296.5744,2.685,9.6299,9.152,,,7360.0,3085.15,2188.3,185545.6,77776.6315,2023-08-05
600876.SH,2021-12-03,29.28,1.467,4.0777,0.71,57.7507,33.0337,4.8429,6.2074,4.5449,0.0,,64567.4963,29854.0432,10740.6445,1890536.2917,874126.3849,2023-08-05
300990.SZ,2021-12-03,118.89,12.4724,12.4724,1.05,49.562,46.6448,4.0478,10.0971,7.8204,,0.6729,5200.0,1300.0,1300.0,618228.0,154557.0,2023-08-05
603633.SH,2021-12-03,16.54,3.0687,5.9991,0.41,101.6324,85.2614,3.9645,8.2318,6.65,0.0,0.5865,26350.12,26350.12,13478.8408,435830.9848,435830.9848,2023-08-05
000404.SZ,2021-12-03,4.49,1.5892,2.2918,0.99,26.9317,22.8975,0.934,0.299,0.2347,0.4454,2.2272,69599.5979,69469.5764,48170.0792,312502.1946,311918.398,2023-08-05
002052.SZ,2021-12-03,2.28,0.3238,0.483,0.73,,,9.7775,5.8959,10.5568,0.0,,74595.9694,74595.5475,49999.2816,170078.8102,170077.8483,2023-08-05
002034.SZ,2021-12-03,17.25,1.3369,2.869,1.26,14.1879,11.8023,1.4731,4.3622,2.4975,0.5679,2.8437,42948.8845,42597.0057,19849.0521,740868.2576,734798.3483,2023-08-05
300814.SZ,2021-12-03,27.19,10.3231,10.3231,0.49,46.4267,51.4025,4.6285,4.4175,3.818,,,17579.6,4169.4699,4169.4699,477989.324,113367.8866,2023-08-05
000065.SZ,2021-12-03,8.16,1.3361,2.9654,2.18,8.4109,8.6621,1.056,0.4918,0.4668,1.1202,1.1933,77448.166,67805.8074,30551.0996,631977.0346,553295.3884,2023-08-05
300824.SZ,2021-12-03,19.7,1.2858,1.5746,0.63,42.6785,42.4205,6.3439,6.1106,5.3302,1.0152,1.269,21740.0,9614.725,7851.5196,428278.0,189410.0825,2023-08-05
000766.SZ,2021-12-03,4.08,0.3941,0.5594,0.7,,,1.7241,3.5468,2.768,0.0,,96649.4707,70699.572,49810.432,394329.8405,288454.2538,2023-08-05
000591.SZ,2021-12-03,11.55,22.1007,22.9261,2.17,33.7868,28.0834,2.3385,6.547,5.1524,0.9524,1.0736,300709.8032,203709.8929,196375.417,3473198.227,2352849.263,2023-08-05
002993.SZ,2021-12-03,38.17,4.3611,4.3611,0.84,27.2658,26.2903,3.7223,3.0461,2.3319,,0.6046,23504.0,5993.0,5993.0,897147.68,228752.81,2023-08-05
603259.SH,2021-12-03,141.8,0.5567,0.6453,0.58,141.5799,100.8905,11.2105,25.3462,19.7302,0.1373,0.2132,295564.0481,254674.6931,219707.4858,41910982.0206,36112871.4816,2023-08-05
000541.SZ,2021-12-03,5.61,0.3957,0.8167,1.75,24.7712,28.4275,1.3609,2.0963,1.7711,3.2977,1.7311,139934.6154,107303.8507,51987.8567,785033.1924,601974.6024,2023-08-05
600222.SH,2021-12-03,8.0,3.1419,4.4312,0.7,157.0094,163.7327,2.8311,3.2398,2.9247,0.0,0.1962,57388.6283,57388.6283,40690.8619,459109.0264,459109.0264,2023-08-05
601318.SH,2021-12-03,48.99,0.3946,0.4331,0.94,6.2582,7.3589,1.154,0.7351,0.7427,4.2589,4.6145,1828024.141,1083266.4498,986994.5396,89554902.6676,53069223.3757,2023-08-05
300531.SZ,2021-12-03,20.93,3.1726,5.9445,0.75,58.1376,52.2203,4.1294,5.9768,4.9697,0.1492,0.1514,33104.767,30413.3029,16231.8084,692882.7733,636550.4297,2023-08-05
300696.SZ,2021-12-03,53.08,2.6666,3.3573,0.79,94.8178,56.8364,7.9713,42.6851,25.9727,0.1838,0.1654,24429.7078,14273.7177,11336.9474,1296728.89,757648.9355,2023-08-05
600479.SH,2021-12-03,10.5,6.3051,8.8215,0.52,14.7921,13.6261,2.1567,1.2116,1.2079,4.7619,9.5238,41850.7117,41850.7117,29912.5981,439432.4729,439432.4729,2023-08-05
000826.SZ,2021-12-03,4.45,0.8104,1.5069,0.86,,,0.804,0.7471,0.7992,0.0,,143057.8784,142687.4479,76735.7222,636607.5589,634959.1432,2023-08-05
688288.SH,2021-12-03,47.83,15.1663,21.139,2.25,54.3498,63.0018,5.138,10.5214,10.1786,,,10034.392,5292.0226,3796.7857,479944.9694,253117.441,2023-08-05
605599.SH,2021-12-03,12.25,2.8045,2.8045,0.58,26.3379,26.1206,3.0739,1.348,1.0087,,,77777.78,7777.78,7777.78,952777.805,95277.805,2023-08-05
300569.SZ,2021-12-03,16.08,13.9804,20.312,1.45,29.8482,27.9613,3.6432,3.7264,3.5235,1.0114,0.8148,79369.3851,56851.0989,39129.6768,1276259.7124,914165.6703,2023-08-05
603385.SH,2021-12-03,9.18,1.2168,2.9611,1.78,11.4897,11.6238,0.9078,1.0976,0.9229,2.4056,2.6129,38472.2298,36939.6444,15179.0,353175.0696,339105.9356,2023-08-05
002812.SZ,2021-12-03,250.45,1.0993,1.7421,0.72,200.3428,100.5493,17.4405,52.1837,31.6122,0.045,0.0674,89240.6653,74244.6838,46848.5554,22350324.6244,18594581.0577,2023-08-05
000017.SZ,2021-12-03,3.59,0.799,1.0108,1.05,522.8277,4266.7198,154.076,16.7943,16.7417,0.0,,55134.7947,30298.1008,23947.2261,197933.913,108770.1819,2023-08-05
600965.SH,2021-12-03,6.36,0.2911,0.7855,0.68,43.1186,28.6948,2.4708,4.7931,3.9884,2.3585,1.5723,81870.0955,81870.0955,30342.7326,520693.8074,520693.8074,2023-08-05
688559.SH,2021-12-03,69.56,1.4339,1.7607,0.61,179.8567,176.2032,9.6651,10.5347,8.4209,,,20000.0,12647.875,10300.1965,1391200.0,879786.185,2023-08-05
600780.SH,2021-12-03,3.76,0.6571,1.5401,1.96,14.3739,30.3826,0.7757,0.621,0.5399,2.1277,2.3936,114650.2523,114650.2523,48918.9278,431084.9486,431084.9486,2023-08-05
601166.SH,2021-12-03,18.3,0.4191,0.5448,1.13,5.706,4.8251,0.6577,1.8715,1.7649,4.1639,4.3825,2077419.0751,1961525.0551,1508854.0745,38016769.0743,35895908.5083,2023-08-05
600629.SH,2021-12-03,6.22,0.362,1.236,1.32,22.6914,21.1733,1.2465,0.458,0.4541,1.6249,0.7369,63420.9612,62831.1919,18401.6017,394478.3787,390810.0136,2023-08-05
600343.SH,2021-12-03,10.5,2.2065,3.9252,1.56,242.6838,,3.2155,5.3651,5.2909,0.0,,63820.6348,63820.6348,35876.5744,670116.6654,670116.6654,2023-08-05
870436.BJ,2021-12-03,22.01,9.9545,9.9545,1.35,31.9047,29.0783,4.3393,2.6376,2.3491,,,9177.6,2448.1,2448.1,201998.976,53882.681,2023-08-05
301052.SZ,2021-12-03,29.3,4.9701,4.9701,0.61,51.6188,33.6588,3.9162,5.9411,4.7326,,,7203.9937,1708.2013,1708.2013,211077.0154,50050.2981,2023-08-05
002294.SZ,2021-12-03,27.65,0.1964,0.5293,0.75,506.4435,166.3293,3.8755,11.2558,11.041,1.6737,,111481.6535,104570.1597,38795.6265,3082467.7193,2891364.9157,2023-08-05
000014.SZ,2021-12-03,7.37,0.9799,1.485,1.07,339.8406,,1.7256,4.2881,10.5606,0.1493,0.1085,20170.5187,20170.5187,13309.1796,148656.7228,148656.7228,2023-08-05
002055.SZ,2021-12-03,14.95,17.1863,23.8755,2.5,59.4872,,3.6555,0.9639,0.9062,0.0,,46886.958,45370.1242,32658.6558,700960.0221,678283.3568,2023-08-05
603586.SH,2021-12-03,12.58,0.2648,0.6287,0.72,15.6921,345.8978,1.2794,1.9891,1.9568,4.6418,5.3986,20345.87,20211.37,8512.8183,255951.0446,254259.0346,2023-08-05
002054.SZ,2021-12-03,9.06,0.578,0.7648,0.61,37.5284,26.4802,1.8133,2.6862,2.2063,0.4607,0.7726,48211.5452,36400.8642,27509.9738,436796.5995,329791.8297,2023-08-05
600136.SH,2021-12-03,5.77,1.0226,1.5586,0.86,,,1.6447,4.821,1.8313,0.0,,58461.8623,48688.2186,31943.1191,337324.9455,280931.0213,2023-08-05
002987.SZ,2021-12-03,29.96,2.3774,2.3774,0.45,24.4093,24.2063,3.4978,2.9394,2.2988,,0.4768,22492.7334,9298.0716,9298.0716,673882.2927,278570.2251,2023-08-05
603602.SH,2021-12-03,10.54,1.3199,2.0177,0.8,129.3587,49.0928,3.0184,2.7632,2.168,0.2919,0.2846,20384.8713,20384.8713,13335.3582,214856.5435,214856.5435,2023-08-05
688148.SH,2021-12-03,38.5,4.7416,4.7416,0.77,332.0747,177.7339,14.4797,19.8467,10.1638,,,51171.8,7225.8979,7225.8979,1970114.3,278197.0692,2023-08-05
001207.SZ,2021-12-03,23.07,5.453,5.453,0.95,35.4553,25.496,3.3057,4.2156,3.1921,,,18200.0,4550.0,4550.0,419874.0,104968.5,2023-08-05
002106.SZ,2021-12-03,11.48,3.2338,4.5084,0.69,18.4954,15.3684,1.7181,1.2001,1.0423,0.8711,1.3066,70581.616,70413.9158,50506.5647,810276.9517,808351.7534,2023-08-05
000929.SZ,2021-12-03,9.04,3.4106,4.8489,1.14,,56.1762,2.4305,5.4767,5.1956,0.0,,18576.6,18575.4223,13065.4496,167932.464,167921.8176,2023-08-05
002191.SZ,2021-12-03,14.55,5.049,8.2779,0.81,25.9855,21.8734,2.7933,5.106,4.4307,1.021,2.3611,147088.755,142198.6619,86731.7739,2140141.3853,2068990.5306,2023-08-05
600582.SH,2021-12-03,4.3,0.598,1.604,0.71,13.0434,10.8246,0.9536,0.8659,0.7548,2.3256,3.4884,413858.8892,413858.8892,154300.0206,1779593.2236,1779593.2236,2023-08-05
300845.SZ,2021-12-03,21.25,3.4252,4.4399,0.5,28.9879,36.4479,2.7055,6.8626,6.7671,,2.8235,9235.6,6324.3024,4878.8924,196256.5,134391.426,2023-08-05
603565.SH,2021-12-03,30.34,1.8014,1.8355,0.97,28.5524,14.014,3.2866,2.7918,2.433,,2.0627,95875.7808,20144.4753,19770.5556,2908871.1895,611183.3806,2023-08-05
002076.SZ,2021-12-03,1.9,1.8285,2.2044,0.67,33.421,182.0584,,4.3739,6.3877,0.0,,76957.1569,74508.9261,61804.8794,146218.5981,141566.9596,2023-08-05
601028.SH,2021-12-03,16.38,0.3968,0.7936,1.05,109.4062,38.6061,5.1382,1.0771,1.108,0.0,,78302.576,78302.576,39148.3902,1282596.1949,1282596.1949,2023-08-05
002270.SZ,2021-12-03,11.13,4.9163,7.3755,0.65,29.2223,20.4352,2.8717,6.1761,5.4008,0.8266,1.6801,75923.913,75922.4768,50608.0234,845033.1517,845017.1668,2023-08-05
002908.SZ,2021-12-03,14.52,2.5964,3.3644,0.53,40.4087,39.1994,3.642,5.1844,4.5528,1.0332,0.689,20083.105,14787.6228,11411.839,291606.6846,214716.2831,2023-08-05
605086.SH,2021-12-03,23.41,2.8808,2.8808,0.7,39.3177,30.4278,2.8996,13.3414,10.5827,,,12800.0,3200.0,3200.0,299648.0,74912.0,2023-08-05
601399.SH,2021-12-03,3.65,0.5959,0.7351,0.96,78.6718,77.3402,2.0532,3.0063,2.7547,0.0,,726826.3664,237741.2281,192712.9455,2652916.2374,867755.4826,2023-08-05
002820.SZ,2021-12-03,10.06,0.5439,0.8079,0.96,82.2895,70.6315,1.9417,5.9084,4.9614,1.9499,1.4624,20480.0,20273.5721,13647.7207,206028.8,203952.1353,2023-08-05
839167.BJ,2021-12-03,21.88,0.5151,1.0288,0.69,37.5884,40.028,6.8986,3.618,2.8054,,,10332.0,5910.75,2959.54,226064.16,129327.21,2023-08-05
002198.SZ,2021-12-03,7.7,1.8502,2.9048,1.07,196.9834,158.9444,5.6841,7.1739,6.6011,0.0,,50750.9848,50750.9848,32324.7652,390782.583,390782.583,2023-08-05
601866.SH,2021-12-03,3.38,2.7396,6.1708,1.63,20.713,9.9239,1.42,2.3298,1.4138,1.1145,1.4011,1305604.2519,793212.5,352150.0614,4412942.3714,2681058.25,2023-08-05
688599.SH,2021-12-03,71.55,2.2797,3.4705,1.51,120.3694,95.2139,9.2206,5.0298,3.6305,,,206802.6375,121365.3853,79722.4784,14796728.7131,8683693.3182,2023-08-05
600714.SH,2021-12-03,13.54,4.6477,12.3251,1.55,1089.8804,71.6451,5.7985,23.9359,13.3738,0.0,,28817.6273,28817.6273,10866.7985,390190.6736,390190.6736,2023-08-05
603665.SH,2021-12-03,30.5,2.7408,6.2214,0.76,63.8152,133.449,4.3135,4.565,4.6053,3.0607,,16068.3077,16068.3077,7078.6811,490083.3849,490083.3849,2023-08-05
603121.SH,2021-12-03,11.82,6.6916,6.6916,1.27,53.1045,44.1633,2.7202,4.9016,3.4656,1.5185,1.348,26475.3,11888.712,11888.712,312938.046,140524.5758,2023-08-05
002937.SZ,2021-12-03,20.64,5.5677,5.5677,0.63,48.2662,49.8913,5.9393,5.9026,5.1012,0.5753,0.8692,29752.65,9756.1988,9756.1988,614094.696,201367.9432,2023-08-05
300358.SZ,2021-12-03,24.46,2.0234,3.8631,0.69,69.0662,24.9389,4.033,3.8728,2.3415,0.1182,0.2044,56623.4642,51632.8493,27044.8673,1385009.9343,1262939.4939,2023-08-05
600369.SH,2021-12-03,4.96,0.5406,0.9023,1.27,30.1971,26.5102,1.3049,10.3988,9.7279,1.3702,2.0161,664510.9124,564510.9124,338187.2449,3295974.1255,2799974.1255,2023-08-05
301015.SZ,2021-12-03,29.3,8.9319,8.9319,0.69,56.4166,36.5114,7.2458,2.6169,2.1862,,,52510.0,4444.2177,4444.2177,1538543.0,130215.5786,2023-08-05
300450.SZ,2021-12-03,81.26,0.67,1.0197,1.01,165.7101,112.3776,14.3438,21.7099,16.61,0.113,0.214,156514.1016,145081.0383,95331.4737,12718335.896,11789285.1723,2023-08-05
600359.SH,2021-12-03,7.83,2.1454,3.5947,0.79,78.1152,38.4236,5.6781,5.3705,4.2526,0.0,,38151.282,38151.282,22769.7245,298724.5381,298724.5381,2023-08-05
601949.SH,2021-12-03,5.45,0.2514,1.0497,0.94,13.4049,12.8897,1.3445,1.6669,1.5641,2.1284,2.2385,182250.0,182250.0,43654.2902,993262.5,993262.5,2023-08-05
603899.SH,2021-12-03,55.88,0.6238,1.729,1.3,41.2947,35.5153,9.0742,3.9461,3.0948,0.7098,0.8945,92774.559,92201.038,33263.538,5184242.3569,5152194.0034,2023-08-05
000862.SZ,2021-12-03,7.54,9.5417,11.3352,1.92,155.2192,35.9183,1.9017,4.4299,4.3122,0.0,,70611.8997,50135.289,42202.9097,532413.7237,378020.0791,2023-08-05
300048.SZ,2021-12-03,8.65,4.853,6.3272,0.67,,,5.2255,7.5874,7.3711,0.0,,110220.1357,109005.9982,83608.7484,953404.1738,942901.8844,2023-08-05
002976.SZ,2021-12-03,24.67,22.6837,22.6837,2.53,53.314,65.7521,3.7961,5.0675,4.1176,1.689,0.3378,12000.0,3526.5,3526.5,296040.0,86998.755,2023-08-05
300030.SZ,2021-12-03,10.09,5.6845,6.684,1.03,19.1721,,3.0222,3.3895,3.5159,0.0,0.3171,30879.5815,25444.3834,21639.4315,311574.9773,256733.8285,2023-08-05
300387.SZ,2021-12-03,6.51,0.8719,1.5438,0.57,27.2679,54.2604,1.513,2.9229,2.952,0.7734,0.7704,28978.9018,28905.7018,16325.722,188652.6507,188176.1187,2023-08-05
603687.SH,2021-12-03,11.15,1.6336,2.2998,0.92,16.4296,21.89,2.6381,3.3909,2.9017,0.2332,0.6099,41085.9829,14181.7129,10073.1281,458108.7093,158126.0988,2023-08-05
002722.SZ,2021-12-03,15.65,1.3047,2.5272,0.53,81.5906,19.9109,1.4018,1.1603,0.8917,1.2779,0.639,17547.7298,17546.1023,9058.7862,274621.9714,274596.501,2023-08-05
002111.SZ,2021-12-03,12.3,0.7881,1.202,0.76,17.1736,14.6119,1.9336,2.2176,1.8974,1.5402,2.3229,53455.8505,47159.8363,30919.9028,657506.9612,580065.9865,2023-08-05
600229.SH,2021-12-03,6.71,0.2563,0.6145,0.62,19.2711,20.4759,1.5733,2.1857,2.0007,2.9806,2.2355,70209.601,70209.601,29286.9729,471106.4227,471106.4227,2023-08-05
688099.SH,2021-12-03,125.87,2.2113,2.4473,1.59,450.6285,82.1427,14.7466,18.8981,12.3011,,,41112.0,21309.2855,19253.6905,5174767.44,2682199.7659,2023-08-05
300352.SZ,2021-12-03,6.75,3.2806,3.5084,0.48,380.2027,,4.4705,15.2715,14.0109,0.0444,0.0593,144982.4087,120983.3148,113126.0309,978631.2587,816637.3749,2023-08-05
600248.SH,2021-12-03,4.61,2.7638,3.7344,0.98,6.1067,2.7843,0.9993,0.1353,0.0717,0.1063,1.3461,374783.8808,125654.096,92997.0761,1727753.6905,579265.3826,2023-08-05
605066.SH,2021-12-03,12.21,2.3176,2.4335,0.63,19.9868,22.0727,2.7788,1.9947,1.6187,,2.4575,40403.8,22826.15,21739.9,493330.398,278707.2915,2023-08-05
003018.SZ,2021-12-03,10.92,1.8838,1.8838,1.25,32.1872,24.3777,2.1972,5.5198,4.59,,3.4799,26000.0,7758.42,7758.42,283920.0,84721.9464,2023-08-05
603556.SH,2021-12-03,14.4,1.5364,4.2331,1.72,14.6238,26.1541,1.3238,2.5079,2.6998,4.1813,3.4722,48868.404,48868.404,17736.4228,703705.0176,703705.0176,2023-08-05
002727.SZ,2021-12-03,33.53,1.4856,1.9918,0.67,25.305,21.0481,3.1204,1.5794,1.4365,0.8521,0.8947,59618.0525,39716.3933,29622.5644,1998993.3003,1331690.6673,2023-08-05
002959.SZ,2021-12-03,56.88,2.3145,4.0889,0.86,20.7844,30.141,4.4996,2.4313,2.523,1.3485,2.1097,15644.4,7622.1075,4314.406,889853.472,433545.4746,2023-08-05
601211.SH,2021-12-03,17.04,0.3903,0.6845,1.1,13.6485,10.9958,1.1442,4.3125,3.6693,2.2615,3.282,890844.9523,742762.2353,423501.4457,15179997.9872,12656668.4895,2023-08-05
300258.SZ,2021-12-03,15.15,2.8581,5.0154,1.27,46.8424,39.3246,2.3533,6.0665,5.1949,0.5549,0.6474,48177.0753,44366.8265,25282.9096,729882.6908,672157.4215,2023-08-05
603101.SH,2021-12-03,5.72,0.3349,0.9582,0.51,165.9558,30.9277,1.8343,1.2687,1.1087,0.0,,47040.0,47040.0,16439.2284,269068.8,269068.8,2023-08-05
002095.SZ,2021-12-03,18.17,3.5245,7.2291,0.77,124.1433,134.4311,5.0184,12.1746,7.9394,0.2752,0.2752,25272.0,25168.1731,12270.385,459192.24,457305.7052,2023-08-05
600879.SH,2021-12-03,8.6,3.3675,4.7043,1.35,48.8774,41.3697,1.7816,1.6694,1.4348,0.6977,,271927.1284,271927.1284,194653.7428,2338573.3042,2338573.3042,2023-08-05
300461.SZ,2021-12-03,21.45,4.6408,7.4721,0.65,26.6878,33.2822,14.3921,7.6895,8.7741,0.0,,13040.4,7057.8117,4383.5157,279716.58,151390.061,2023-08-05
603836.SH,2021-12-03,25.86,5.7918,5.7918,0.65,28.6469,12.7514,2.6538,0.9778,0.5196,,,20523.5237,5131.0,5131.0,530738.3229,132687.66,2023-08-05
300316.SZ,2021-12-03,68.2,1.1291,2.3984,1.13,102.1668,60.6915,14.1274,23.0078,16.4899,0.1465,0.1979,128556.3394,120758.503,56850.9586,8767542.3471,8235729.9046,2023-08-05
600808.SH,2021-12-03,3.69,3.0657,7.9441,2.15,14.3322,4.0872,0.8376,0.3482,0.2602,2.168,3.523,770068.1186,596775.1186,230300.1571,2841551.3576,2202100.1876,2023-08-05
605288.SH,2021-12-03,68.22,5.2762,5.2762,1.15,27.9493,30.8995,2.3862,3.791,2.9107,,1.0744,7068.236,1750.0,1750.0,482195.0599,119385.0,2023-08-05
002447.SZ,2021-12-03,1.89,0.717,0.9366,0.68,,,9.4701,25.6252,14.9608,0.0,,142719.3,142707.78,109250.27,269739.477,269717.7042,2023-08-05
002051.SZ,2021-12-03,6.93,0.7282,1.8015,1.57,,440.5311,0.8048,1.0765,0.9614,2.1645,,123740.8937,111236.3342,44959.9742,857524.3933,770867.796,2023-08-05
688363.SH,2021-12-03,162.3,2.3575,2.3575,1.1,120.6244,102.0252,14.2911,29.5905,19.2425,,,48000.0,9482.8832,9482.8832,7790400.0,1539071.9434,2023-08-05
600877.SH,2021-12-03,18.75,3.1086,4.003,2.23,232.1943,174.1753,13.6665,46.4685,15.3629,0.0,,99705.6934,68728.204,53371.5867,1869481.7513,1288653.825,2023-08-05
300841.SZ,2021-12-03,163.2,0.748,1.6209,0.52,35.9959,22.6757,5.9316,14.1416,14.6549,,0.6127,9000.0,6143.7082,2835.2549,1468800.0,1002653.1782,2023-08-05
002801.SZ,2021-12-03,19.91,2.8527,4.7446,0.69,23.6347,20.5616,3.8573,5.7279,4.3931,0.7727,2.009,22963.2,11338.08,6817.2,457197.312,225741.1728,2023-08-05
300839.SZ,2021-12-03,19.95,2.8771,2.8771,0.54,46.6709,154.6411,3.2539,2.7741,2.1987,1.1567,0.3856,13520.0,6019.611,6019.611,269724.0,120091.2395,2023-08-05
002731.SZ,2021-12-03,10.15,4.0777,6.7023,0.45,90.2434,65.736,1.9967,1.2325,0.8381,0.1478,0.1478,25615.6,23922.094,14554.075,259998.34,242809.2541,2023-08-05
300883.SZ,2021-12-03,8.75,4.7969,6.1567,0.95,46.3615,52.3768,2.1575,4.2376,4.1295,,0.1143,34600.0,23889.71,18613.5,302750.0,209034.9625,2023-08-05
002102.SZ,2021-12-03,3.57,0.4003,0.4494,0.63,74.9204,87.4271,2.6215,0.7322,0.694,0.0,,263383.629,197179.2414,175650.5702,940279.5555,703929.8918,2023-08-05
603131.SH,2021-12-03,22.84,3.6449,10.9326,2.18,59.7718,46.1928,5.4657,6.6886,5.4374,0.4378,0.8757,31798.2354,29736.886,9914.3541,726271.6965,679190.4762,2023-08-05
000975.SZ,2021-12-03,8.96,0.6526,1.0199,0.72,20.0245,18.7825,2.4307,3.147,3.4021,1.5944,2.7902,277672.2265,244845.0295,156662.2381,2487943.1494,2193811.4643,2023-08-05
002037.SZ,2021-12-03,7.18,0.8321,1.1887,0.47,27.8139,27.672,0.9962,0.5855,0.5614,0.8357,0.7242,48762.5309,32736.816,22915.776,350114.9719,235050.3389,2023-08-05
600289.SH,2021-12-03,4.06,0.457,0.6116,0.99,,,1.6405,4.8937,4.2946,0.0,,63105.2069,56592.2684,42280.862,256207.14,229764.6097,2023-08-05
300395.SZ,2021-12-03,67.19,1.1192,1.3603,0.94,95.3615,62.2654,9.6353,26.2938,19.7195,0.2681,0.2679,33794.8844,31435.2732,25864.8857,2270678.2828,2112136.0063,2023-08-05
601607.SH,2021-12-03,18.55,0.2968,0.5799,0.74,11.7256,9.8022,1.0835,0.2747,0.248,2.372,2.5876,284208.9322,192293.5018,98411.7181,5272075.6923,3567044.4584,2023-08-05
002458.SZ,2021-12-03,10.81,1.8347,2.1609,0.74,116.6779,61.0974,3.1846,6.1297,5.3935,6.3024,,99290.998,67645.0783,57433.3801,1073335.6884,731243.2964,2023-08-05
600882.SH,2021-12-03,61.7,1.0115,1.4415,0.61,537.4831,212.6644,6.7713,11.188,7.7402,0.0,,51621.0147,40930.9045,28722.726,3185016.607,2525436.8077,2023-08-05
000718.SZ,2021-12-03,4.5,1.1201,1.9238,1.1,13.1539,14.6677,1.5304,3.1851,3.2168,6.0345,,303463.6384,228918.2406,133282.2601,1365586.3728,1030132.0827,2023-08-05
002141.SZ,2021-12-03,7.81,3.1796,5.3044,0.95,,,11.1146,9.1958,6.1935,0.0,,113465.6519,113465.6519,68014.5872,886166.7413,886166.7413,2023-08-05
835174.BJ,2021-12-03,22.21,1.7854,2.186,1.12,28.8076,18.8823,3.8223,4.4373,2.8062,,,9000.8718,2650.5335,2164.8192,199909.3627,58868.349,2023-08-05
600500.SH,2021-12-03,8.64,1.9325,4.3591,1.54,77.874,9.2142,1.9273,0.4412,0.3185,1.8487,0.463,276591.6472,270791.6472,120051.6975,2389751.8318,2339639.8318,2023-08-05
300542.SZ,2021-12-03,13.34,2.7282,5.5838,0.57,58.6237,61.5496,,3.4832,4.0634,0.2563,0.6747,30005.6059,24044.0513,11747.955,400274.7827,320747.6443,2023-08-05
000423.SZ,2021-12-03,42.01,1.7809,2.6192,1.27,634.6944,75.1631,2.7938,8.0586,6.5499,0.4761,0.7141,65402.1537,65386.7313,44458.0466,2747544.4769,2746896.5819,2023-08-05
300015.SZ,2021-12-03,42.15,0.7208,1.4586,0.81,132.1886,104.4656,20.6846,19.1286,15.2489,0.2039,0.2713,540610.7855,445872.3736,220326.3832,22786744.6088,18793520.5472,2023-08-05
603938.SH,2021-12-03,42.45,2.3047,6.5749,1.3,85.1179,29.8944,5.6568,8.2355,5.9298,0.2718,0.145,19521.658,19521.658,6842.958,828694.3821,828694.3821,2023-08-05
688208.SH,2021-12-03,72.66,0.3468,0.3511,0.41,75.5023,71.6652,11.9856,20.7235,15.2852,,,45000.0,27090.5,26755.8394,3269700.0,1968395.73,2023-08-05
300422.SZ,2021-12-03,8.91,1.1099,2.5715,0.67,23.067,35.6342,1.4056,1.2463,1.2477,0.791,0.451,50487.2458,38107.5267,16447.7284,449841.3601,339538.0629,2023-08-05
300127.SZ,2021-12-03,28.57,10.5369,24.2234,0.63,62.4782,49.2237,6.9402,15.2788,11.6667,1.2251,1.2251,32314.636,22766.614,9903.2499,923229.1505,650442.162,2023-08-05
002653.SZ,2021-12-03,20.91,2.0515,6.0448,4.61,35.2754,44.1217,7.9379,6.7447,7.8365,0.4398,1.7799,107398.622,47599.277,16154.2076,2245705.186,995300.8821,2023-08-05
600169.SH,2021-12-03,3.11,1.0422,1.5692,0.77,307.3858,18.5987,2.1795,1.2038,1.221,0.0,,333314.15,256395.5,170288.7275,1036607.0065,797390.005,2023-08-05
002692.SZ,2021-12-03,3.14,0.6831,1.2264,0.57,,,2.3304,0.851,0.742,0.0,,71814.6,67884.54,37810.6698,225497.844,213157.4556,2023-08-05
000688.SZ,2021-12-03,14.68,1.7669,6.7888,1.28,113.4534,77.9024,6.9072,18.3959,15.3517,0.0,0.0919,113730.7631,113730.3255,29600.3503,1669567.6023,1669561.1783,2023-08-05
688066.SH,2021-12-03,61.88,2.4722,2.7837,1.3,88.3544,75.3639,5.4329,13.445,9.1104,,,18396.7281,9877.4715,8772.196,1138389.5348,611217.9364,2023-08-05
688628.SH,2021-12-03,26.81,1.309,1.309,0.76,20.0626,27.6041,3.1338,3.3302,3.4506,,,11000.0,2612.5,2612.5,294910.0,70041.125,2023-08-05
603696.SH,2021-12-03,9.21,0.6285,1.9014,0.78,41.0127,43.8403,3.9957,5.1527,4.0565,3.2573,2.7144,23520.0,23520.0,7774.7566,216619.2,216619.2,2023-08-05
300429.SZ,2021-12-03,12.85,2.4331,2.7026,1.0,71.2931,65.5823,3.6622,8.5271,7.0712,0.4669,0.3113,51526.0201,36614.7582,32963.6219,662109.3583,470499.6429,2023-08-05
000425.SZ,2021-12-03,6.05,0.7068,1.1424,1.11,12.71,8.0275,1.3349,0.6407,0.5125,0.9917,1.6529,783366.843,782090.8928,483865.031,4739369.4002,4731649.9014,2023-08-05
600325.SH,2021-12-03,5.36,0.549,0.7682,0.99,3.9104,3.5462,0.7225,0.2225,0.2229,7.4628,8.3955,211718.8116,211399.9866,151074.3503,1134812.8302,1133103.9282,2023-08-05
605376.SH,2021-12-03,79.4,2.8745,2.8745,0.75,130.6382,94.1528,13.5998,34.8576,23.2353,,0.3526,26160.0,6540.0,6540.0,2077104.0,519276.0,2023-08-05
600996.SH,2021-12-03,4.55,0.2905,0.756,0.78,,,1.2485,1.3778,1.6905,2.1978,,105170.2656,105170.2656,40410.944,478524.7085,478524.7085,2023-08-05
600132.SH,2021-12-03,150.5,0.6148,1.537,0.97,67.6403,43.8867,44.653,6.6569,3.8294,0.9302,,48397.1198,48397.1198,19358.848,7283766.5299,7283766.5299,2023-08-05
002096.SZ,2021-12-03,14.85,4.7383,13.5366,0.86,274.0207,245.1493,2.6527,2.7581,2.9401,0.1347,0.1347,37128.7,37084.9975,12981.1163,551361.195,550712.2129,2023-08-05
600845.SH,2021-12-03,64.81,0.6407,2.0675,1.21,75.7487,56.3682,11.4871,10.3512,8.7821,0.4673,1.0516,152014.1976,109152.462,33824.7794,9852040.1465,7074171.0622,2023-08-05
000153.SZ,2021-12-03,13.14,6.517,9.1586,1.23,39.5442,33.2682,2.7276,1.235,1.167,0.0,,31214.123,31197.723,22199.4605,410153.5762,409938.0802,2023-08-05
002086.SZ,2021-12-03,2.03,5.014,6.595,1.3,,,1.1239,3.5875,3.7851,0.0,,75635.0,62940.6688,47852.0187,153539.05,127769.5577,2023-08-05
300020.SZ,2021-12-03,8.22,3.499,4.2312,0.57,34.1816,40.7157,1.5507,2.5211,2.5018,0.365,,65578.9086,62728.8765,51873.9098,539058.6287,515631.3648,2023-08-05
605567.SH,2021-12-03,15.05,5.3546,5.3546,0.61,20.2781,33.9341,2.7313,1.6157,1.4614,,,20000.0,5000.0,5000.0,301000.0,75250.0,2023-08-05
000506.SZ,2021-12-03,3.07,1.3842,2.2005,0.97,,,5.7369,6.7099,3.0776,0.0,,92901.7761,92859.4461,58411.3026,285208.4526,285078.4995,2023-08-05
603527.SH,2021-12-03,12.72,2.8217,6.4612,1.2,49.472,26.1332,3.0261,0.8085,0.5085,1.2354,0.9434,24382.4,24382.4,10648.0765,310144.128,310144.128,2023-08-05
688655.SH,2021-12-03,19.84,4.4457,4.6558,0.97,46.8482,34.4356,4.1273,5.9133,4.6087,,,13339.0,3172.05,3028.9596,264645.76,62933.472,2023-08-05
600988.SH,2021-12-03,16.06,1.6898,2.1827,0.78,34.0836,32.2624,5.7776,5.8625,7.144,0.0,,166391.1378,153512.35,118843.9718,2672241.6731,2465408.341,2023-08-05
600647.SH,2021-12-03,12.59,0.8387,1.4138,0.41,149.7898,110.5735,5.7035,7.3239,4.268,0.0,,13914.355,13914.355,8253.7095,175181.7295,175181.7295,2023-08-05
002548.SZ,2021-12-03,5.71,0.696,1.0096,0.78,29.823,,1.6894,0.9692,0.7322,0.2191,0.5254,69073.0442,53775.2985,37074.9436,394407.0824,307056.9544,2023-08-05
000605.SZ,2021-12-03,5.29,0.5574,1.0255,0.71,92.3856,150.6529,0.938,0.9886,1.0621,0.3781,0.3781,35265.86,33719.3683,18328.6434,186556.3994,178375.4583,2023-08-05
000913.SZ,2021-12-03,15.21,1.3142,2.2444,1.21,28.8012,27.0771,2.283,1.9096,1.5684,2.8928,,45353.6,45353.6,26556.4603,689828.256,689828.256,2023-08-05
601233.SH,2021-12-03,20.44,1.1112,1.7051,0.7,17.3135,6.8395,1.422,1.0753,0.7778,0.8812,0.6034,241111.9493,228753.1037,149076.7287,4928328.2437,4675713.4396,2023-08-05
000967.SZ,2021-12-03,8.19,3.8372,8.7171,1.87,18.6845,24.6876,1.5795,1.8075,2.066,1.3431,1.4379,316308.6883,202348.7565,89072.4647,2590568.1572,1657236.3157,2023-08-05
600062.SH,2021-12-03,12.27,0.7673,1.9176,0.4,12.7348,12.5387,1.2975,1.5052,1.4214,2.4776,2.3635,104323.771,104323.771,41744.2086,1280052.6702,1280052.6702,2023-08-05
601111.SH,2021-12-03,8.26,0.2591,0.964,0.69,,,1.7646,1.7262,1.5282,0.5378,,1452481.5185,996213.1821,267741.2204,11997497.3428,8228720.8841,2023-08-05
688303.SH,2021-12-03,61.82,7.1109,7.1109,1.99,114.05,23.7086,7.8224,25.5139,11.933,,,192500.0,19852.7692,19852.7692,11900350.0,1227298.1919,2023-08-05
600262.SH,2021-12-03,16.7,1.1474,2.5741,0.74,43.4438,35.0571,2.2482,2.0448,1.6597,0.7186,0.7186,17000.0,17000.0,7577.8501,283900.0,283900.0,2023-08-05
002375.SZ,2021-12-03,7.62,0.7045,1.5142,0.94,32.1627,31.2796,1.1972,0.9466,0.8104,0.4224,0.32,133999.6498,133099.2524,61930.4496,1021077.3315,1014216.3033,2023-08-05
000799.SZ,2021-12-03,243.15,2.3023,3.3367,0.89,160.7102,89.6871,23.5785,43.2634,23.6633,0.0823,0.2879,32492.898,32492.898,22420.1689,7900648.1487,7900648.1487,2023-08-05
300333.SZ,2021-12-03,8.01,2.7842,3.3296,0.44,,,3.4241,12.5903,13.4948,0.7491,,33600.0,33312.2567,27855.6471,269136.0,266831.1762,2023-08-05
002386.SZ,2021-12-03,11.73,5.1502,6.6733,1.4,79.044,15.5223,1.6565,0.4231,0.4963,0.4263,,78085.7017,78057.3537,60240.8422,915945.2809,915612.7589,2023-08-05
300720.SZ,2021-12-03,15.15,4.858,5.955,0.69,40.2919,38.5399,5.337,13.4935,11.8605,0.7334,1.1001,19440.0,9964.458,8128.8995,294516.0,150961.5387,2023-08-05
600006.SH,2021-12-03,7.4,2.1759,5.4534,0.83,26.7387,25.6404,1.8128,1.0777,0.9351,0.8973,1.123,200000.0,200000.0,79800.0,1480000.0,1480000.0,2023-08-05
603520.SH,2021-12-03,65.13,2.1683,3.6746,1.31,66.8454,61.4299,7.7122,11.673,9.7822,0.3677,0.7673,24501.6871,24442.6421,14423.2421,1595794.8808,1591949.28,2023-08-05
300703.SZ,2021-12-03,10.94,3.4168,5.3855,1.34,38.7932,84.5709,2.8554,1.8504,1.4913,2.7234,1.3595,18377.514,17205.347,10915.9945,201050.0032,188226.4962,2023-08-05
002983.SZ,2021-12-03,22.28,1.3243,1.3257,0.49,46.961,45.9466,3.911,7.3307,5.3855,0.0,1.0358,18418.4,5158.9572,5153.6012,410361.952,114941.5664,2023-08-05
002668.SZ,2021-12-03,5.43,0.4069,1.2254,1.03,,,2.4432,0.7054,0.5879,0.0,,108411.1428,96453.9516,32031.7512,588672.5054,523744.9572,2023-08-05
600960.SH,2021-12-03,3.95,2.0705,3.748,2.07,53.6449,100.7481,0.6754,0.8013,0.7822,0.2532,0.2532,95051.5518,95051.5518,52508.6638,375453.6296,375453.6296,2023-08-05
601099.SH,2021-12-03,3.19,0.9559,1.073,0.96,,,2.1902,18.5596,13.1786,0.0,,681631.637,681631.637,607227.6395,2174404.922,2174404.922,2023-08-05
600526.SH,2021-12-03,6.06,1.2926,2.2806,0.72,63.4043,43.1858,1.5971,1.0662,1.1335,0.0,,54740.4672,54740.4672,31026.1974,331727.2312,331727.2312,2023-08-05
600836.SH,2021-12-03,6.71,1.9149,2.6314,2.37,18.9314,32.5342,3.9266,2.0276,5.0521,0.0,,66275.3072,66275.3072,48228.442,444707.3113,444707.3113,2023-08-05
300938.SZ,2021-12-03,51.0,8.1241,8.1241,0.51,55.1038,44.0228,3.343,11.571,9.5904,,0.5882,6510.0,1627.5,1627.5,332010.0,83002.5,2023-08-05
002968.SZ,2021-12-03,37.85,0.7032,0.7032,0.76,46.9403,38.8493,6.8831,4.6717,3.2957,0.7212,0.9597,16271.85,6968.391,6968.391,615889.5225,263753.5994,2023-08-05
300793.SZ,2021-12-03,18.71,3.6434,5.5665,0.79,73.1141,53.7646,3.9021,1.8805,1.6193,1.0021,0.5345,26668.8,10188.8,6668.8,498973.248,190632.448,2023-08-05
002378.SZ,2021-12-03,9.08,1.3633,3.8499,0.4,225.7224,62.8482,4.6823,4.3451,3.2071,0.0,,92416.7436,91917.3552,32550.133,839144.0319,834609.5852,2023-08-05
600488.SH,2021-12-03,4.23,0.2056,0.4722,0.8,136.9814,,1.5565,1.4933,1.3679,0.9384,0.2365,110034.668,109188.668,47533.7429,465446.6456,461868.0656,2023-08-05
601198.SH,2021-12-03,12.15,0.9043,1.9135,1.02,25.5082,27.1358,1.4907,6.9057,7.2755,0.9831,1.1938,323244.552,275796.0657,130336.0173,3927421.3068,3350922.1983,2023-08-05
600276.SH,2021-12-03,49.2,0.6095,0.9999,0.84,49.7372,50.1444,9.1933,11.3489,11.0362,0.3231,0.3388,639747.7594,637900.2274,388806.5783,31475589.7625,31384691.1881,2023-08-05
605333.SH,2021-12-03,21.6,18.1011,18.1011,0.78,116.6888,114.3405,10.8379,5.6568,3.9558,,0.3009,40100.0,6257.0,6257.0,866160.0,135151.2,2023-08-05
002035.SZ,2021-12-03,6.06,0.7104,0.8924,0.78,12.5935,12.4372,1.6713,1.178,0.9597,4.9505,2.4752,84765.3618,76138.7018,60617.8143,513678.0925,461400.5329,2023-08-05
605081.SH,2021-12-03,32.91,1.3799,1.3799,0.63,15.9056,20.8704,1.4261,4.5904,5.9216,,,7810.1429,1953.0,1953.0,257031.8028,64273.23,2023-08-05
002114.SZ,2021-12-03,8.03,2.6432,3.6406,0.76,,59.2298,1.7301,1.5076,1.1374,0.0,,32339.5267,32339.0823,23479.3223,259686.3994,259682.8309,2023-08-05
688590.SH,2021-12-03,18.19,3.8497,3.8497,0.55,40.5706,34.8091,3.146,3.082,2.7573,,,18202.228,3867.976,3867.976,331098.5273,70358.4834,2023-08-05
002301.SZ,2021-12-03,7.41,5.1911,8.9019,2.32,27.0816,60.5186,1.5202,0.6791,0.6211,1.9589,0.9283,73402.0099,73273.5712,42729.0615,543908.8934,542957.1626,2023-08-05
603639.SH,2021-12-03,24.48,0.5805,1.7157,0.45,20.4675,21.6317,2.8803,2.5791,2.5703,0.6114,0.8754,34000.8066,33225.9906,11242.1067,832339.7456,813372.2499,2023-08-05
600130.SH,2021-12-03,4.05,2.806,3.3564,0.81,90.6668,110.943,3.2208,4.35,3.5409,0.0,,76800.0,76800.0,64205.36,311040.0,311040.0,2023-08-05
605377.SH,2021-12-03,17.03,2.1378,2.1378,0.88,18.8026,12.0066,2.0221,3.0327,1.9417,,2.5022,28705.738,7135.338,7135.338,488858.7181,121514.8061,2023-08-05
300094.SZ,2021-12-03,4.19,5.028,8.0531,1.24,,,1.8311,0.8506,0.8834,0.0,,91229.2315,88399.0961,55191.923,382250.48,370392.2127,2023-08-05
300862.SZ,2021-12-03,34.43,1.3039,1.8709,0.57,34.9161,30.2366,2.4302,6.3539,5.9451,,,13186.993,8586.4658,5984.2988,454028.169,295632.0175,2023-08-05
000692.SZ,2021-12-03,3.75,1.4982,2.3086,0.68,,,20.9642,1.0551,1.0347,0.0,,53283.2976,53282.7726,34577.7608,199812.366,199810.3973,2023-08-05
605177.SH,2021-12-03,25.93,0.8372,0.8372,0.43,25.7303,48.9816,1.69,3.341,4.3532,,1.3498,11360.0,5619.6356,5619.6356,294564.8,145717.1511,2023-08-05
002315.SZ,2021-12-03,16.34,1.5105,1.8432,0.6,28.8177,21.8197,2.4265,4.4225,3.6219,3.5276,3.0572,30577.3268,18540.504,15194.405,499633.5199,302951.8354,2023-08-05
600763.SH,2021-12-03,191.94,2.0015,3.0214,1.04,124.9299,85.8401,22.211,29.4768,22.202,0.0,,32064.0,32064.0,21240.8,6154364.16,6154364.16,2023-08-05
603000.SH,2021-12-03,13.1,0.3364,0.7742,0.64,45.5046,47.9834,4.4139,6.8961,6.5208,1.0,1.229,110569.1056,110569.1056,48036.5035,1448455.2834,1448455.2834,2023-08-05
603801.SH,2021-12-03,20.95,0.9974,1.8645,1.26,16.5456,13.1443,2.9594,1.7037,1.3658,2.2482,2.7251,31230.8758,30852.9458,16503.6066,654286.848,646369.2145,2023-08-05
300095.SZ,2021-12-03,16.89,4.5173,6.1862,0.57,38.9171,31.8395,4.0413,4.8648,4.4137,0.1161,0.296,37871.0854,29161.1207,21294.1078,639642.6324,492531.3286,2023-08-05
603060.SH,2021-12-03,18.72,0.2356,0.7432,0.77,48.8574,54.585,7.9571,7.6732,5.949,0.5533,0.6143,60368.0,60368.0,19137.0283,1130088.96,1130088.96,2023-08-05
600422.SH,2021-12-03,8.88,0.4368,0.7216,0.46,14.7384,12.4757,1.4289,0.8725,0.8092,2.2422,2.5901,75825.5769,75569.5746,45744.8844,673331.1229,671057.8224,2023-08-05
603320.SH,2021-12-03,13.58,1.0145,3.0469,0.63,42.2633,23.9817,2.4292,2.4231,1.6597,0.7024,0.7364,13000.9525,13000.9525,4328.9495,176552.935,176552.935,2023-08-05
002451.SZ,2021-12-03,7.84,2.799,5.8124,1.33,461.4902,124.7516,4.791,7.5799,3.4011,0.0,,43920.0,43914.9,21147.4071,344332.8,344292.816,2023-08-05
300471.SZ,2021-12-03,31.25,9.6945,15.3902,0.73,,,10.744,23.8256,14.6959,0.0384,,36472.0,33721.4725,21241.6402,1139750.0,1053796.0156,2023-08-05
000677.SZ,2021-12-03,3.22,1.2753,1.9131,0.76,425.3734,46.8523,8.0753,4.0897,2.9569,0.0,,86397.7948,86397.7948,57592.7701,278200.8993,278200.8993,2023-08-05
002483.SZ,2021-12-03,7.82,2.6564,4.0162,0.74,28.771,19.5943,1.7668,2.0385,1.9725,0.6394,0.6394,94228.8735,86334.0184,57103.6304,736869.7908,675132.0239,2023-08-05
300516.SZ,2021-12-03,38.95,4.2706,14.7272,1.2,102.893,76.8966,6.0392,9.7005,7.3505,0.1797,0.2644,18000.0,18000.0,5219.6103,701100.0,701100.0,2023-08-05
002267.SZ,2021-12-03,7.22,0.7545,2.1211,0.95,22.5184,15.6053,1.2655,0.9797,1.0647,2.7701,2.7701,111207.5445,111207.5445,39554.4989,802918.4713,802918.4713,2023-08-05
000698.SZ,2021-12-03,5.84,1.081,1.9643,0.78,13.3912,7.2814,1.1051,0.5,0.4078,0.0,1.5411,81951.4395,78569.0549,43237.5726,478596.4067,458843.2806,2023-08-05
300184.SZ,2021-12-03,6.83,4.0561,4.3282,0.46,,,2.5643,0.7678,0.7769,0.0,,116468.1922,99421.3109,93170.9573,795477.7527,679047.5534,2023-08-05
601002.SH,2021-12-03,4.81,0.8295,1.3506,0.92,9.1846,7.6813,1.1202,1.8296,1.5593,0.0,1.0395,95928.2,84951.378,52175.8573,461414.642,408616.1282,2023-08-05
688121.SH,2021-12-03,32.41,3.6124,3.6124,0.63,26.4387,33.9376,3.9516,2.4082,2.1586,,,20266.6667,4155.9709,4155.9709,656842.6677,134695.0169,2023-08-05
002047.SZ,2021-12-03,3.25,2.2737,3.8125,0.52,39.2832,,1.0404,0.732,0.8337,0.0,0.3059,134129.6921,133559.0099,79652.9497,435921.4993,434066.7822,2023-08-05
300210.SZ,2021-12-03,3.66,1.2007,1.8438,0.68,14.2489,43.6046,1.8575,4.6586,6.8816,0.0,,48421.9953,41448.2618,26992.0583,177224.5028,151700.6382,2023-08-05
002611.SZ,2021-12-03,6.13,3.3093,4.3069,0.69,20.9794,16.8577,2.1012,2.7997,2.3762,0.0,,133193.8167,109076.2037,83810.9793,816478.0964,668637.1287,2023-08-05
603528.SH,2021-12-03,6.82,0.3453,1.0548,0.68,53.7176,110.5367,2.6092,6.7224,5.1525,1.1735,0.5865,62652.9819,62411.1819,20428.8119,427293.3366,425644.2606,2023-08-05
688609.SH,2021-12-03,13.33,4.2481,4.2481,0.54,49.0646,54.4951,5.424,3.2867,2.6595,,,50000.0,8500.0,8500.0,666500.0,113305.0,2023-08-05
301041.SZ,2021-12-03,31.2,21.4837,21.4837,0.45,59.0191,60.8883,5.6296,5.7207,5.0069,,,10668.0,2530.5432,2530.5432,332841.6,78952.9478,2023-08-05
300067.SZ,2021-12-03,4.23,1.3646,1.6681,0.76,38.6701,46.1744,1.9606,4.4758,4.2004,1.6715,,105285.6214,77741.7961,63594.6419,445358.1785,328847.7975,2023-08-05
603329.SH,2021-12-03,13.84,2.4125,4.2706,1.72,34.1922,19.7437,2.1953,1.2672,1.0098,0.0,1.0838,15875.6195,15462.3964,8734.8064,219718.5739,213999.5662,2023-08-05
000700.SZ,2021-12-03,4.97,0.9504,1.5292,0.82,316.9844,,2.0063,0.7442,0.5967,2.6156,4.3862,91706.9308,91706.9308,56992.4226,455783.4461,455783.4461,2023-08-05
603069.SH,2021-12-03,14.47,0.8644,2.0099,1.05,,,4.7543,7.2801,5.8098,0.3455,,31600.0,31600.0,13591.0,457252.0,457252.0,2023-08-05
600976.SH,2021-12-03,58.95,4.136,5.7982,1.29,61.1878,32.4022,6.0844,3.6819,2.6168,0.3393,0.6194,15339.86,15223.6199,10859.3585,904284.747,897432.3931,2023-08-05
300947.SZ,2021-12-03,33.35,3.7057,3.7057,0.8,27.4001,24.287,2.0849,3.2353,2.9464,,1.999,8084.3998,2021.1,2021.1,269614.7333,67403.685,2023-08-05
600811.SH,2021-12-03,2.98,0.4734,0.6731,1.25,46.0365,370.4253,0.5155,0.7159,0.7474,0.0,,371457.6124,371457.6124,261289.9446,1106943.685,1106943.685,2023-08-05
300846.SZ,2021-12-03,13.2,3.3891,4.2462,0.69,135.4578,260.7644,8.3635,5.3833,4.6006,0.3788,,41131.6277,26545.8268,21187.6798,542937.4856,350404.9138,2023-08-05
000007.SZ,2021-12-03,6.13,4.2471,5.0551,1.11,,,34.1655,47.0409,15.2365,0.0,,34644.8044,30894.8044,25956.5517,212372.651,189385.151,2023-08-05
003816.SZ,2021-12-03,3.0,1.6081,2.4797,1.33,15.843,15.017,1.5155,2.1463,1.8979,2.5333,2.6667,5049861.11,975435.5725,632584.3225,15149583.33,2926306.7175,2023-08-05
601678.SH,2021-12-03,8.89,4.6751,5.4414,0.93,34.3157,10.3671,1.7865,2.6954,2.0157,0.8647,1.0856,195777.8373,195777.8373,168206.8904,1740464.9736,1740464.9736,2023-08-05
002235.SZ,2021-12-03,4.6,2.3865,2.8886,0.73,,,2.1302,7.9637,7.9835,0.0,,57957.2284,54827.5426,45298.2369,266603.2506,252206.696,2023-08-05
002688.SZ,2021-12-03,5.71,0.4887,0.8641,0.92,37.9819,31.6644,1.7988,2.4557,2.1775,3.5641,1.4256,78042.2398,62069.6474,35107.3492,445621.1893,354417.6867,2023-08-05
300506.SZ,2021-12-03,7.4,3.0824,3.6883,0.87,,,3.8571,9.4513,7.2923,0.473,,65504.5776,48569.3711,40590.509,484733.8742,359413.3461,2023-08-05
688129.SH,2021-12-03,18.83,1.5344,1.5344,0.68,28.8386,25.7803,2.7136,5.5384,4.9706,,,12000.0,3993.0,3993.0,225960.0,75188.19,2023-08-05
300018.SZ,2021-12-03,7.51,5.4683,6.0499,0.8,78.8534,37.892,3.1061,8.8856,8.4922,0.0,,48083.1536,40509.1589,36615.0901,361104.4835,304223.7833,2023-08-05
601858.SH,2021-12-03,8.13,0.2155,0.8419,1.05,13.8124,12.6148,1.4827,2.5463,2.4334,2.337,3.1242,79050.0,79050.0,20236.3636,642676.5,642676.5,2023-08-05
000702.SZ,2021-12-03,4.79,0.7166,0.9572,0.89,38.0802,,3.64,1.1955,0.9076,0.0,,26663.4576,26663.4576,19961.696,127717.9619,127717.9619,2023-08-05
301007.SZ,2021-12-03,24.41,23.1123,23.1123,0.56,73.7557,59.1359,6.4288,8.4326,7.1005,,,15334.0,3635.9728,3635.9728,374302.94,88754.096,2023-08-05
300622.SZ,2021-12-03,22.47,3.3262,4.1261,1.73,55.9585,35.9528,6.2053,5.8979,4.4347,0.9463,1.5455,17226.8571,10643.6784,8580.3401,387087.479,239163.4536,2023-08-05
002829.SZ,2021-12-03,35.62,1.2651,1.4726,0.52,50.0414,49.0887,5.6425,8.0388,7.5004,0.0,0.2807,15468.504,9619.8016,8264.058,550988.1125,342657.333,2023-08-05
300229.SZ,2021-12-03,9.65,1.5736,2.8535,0.51,21.6108,21.0166,3.1193,5.2675,5.0889,0.3465,0.5198,71475.6853,70870.6145,39082.7456,689740.3631,683901.4299,2023-08-05
300360.SZ,2021-12-03,12.75,9.1196,12.7988,1.14,21.9239,22.25,2.532,5.8624,5.479,1.2066,1.1765,50438.7126,43594.2632,31062.4522,643093.5857,555826.8558,2023-08-05
601789.SH,2021-12-03,3.67,0.8684,1.3827,1.21,12.8126,9.0853,1.1045,0.181,0.1707,2.7248,2.7248,97609.1335,97609.1335,61300.2145,358225.5199,358225.5199,2023-08-05
300115.SZ,2021-12-03,17.09,3.5642,5.669,1.12,34.2014,59.6536,3.0341,2.0949,1.9701,0.4433,0.4876,120102.7716,119635.1846,75216.3735,2052556.3666,2044565.3048,2023-08-05
300859.SZ,2021-12-03,19.08,1.0299,2.5437,0.52,,73.9074,4.4924,57.7763,18.3061,0.0,,15500.0,9571.25,3875.0,295740.0,182619.45,2023-08-05
300392.SZ,2021-12-03,7.09,0.5007,0.8942,0.89,,,7.1959,3.0562,9.6905,0.0,,38400.0,29552.0,16547.312,272256.0,209523.68,2023-08-05
688551.SH,2021-12-03,72.88,4.8057,4.8057,1.15,107.9017,85.9187,6.0876,35.8836,26.7517,,,8000.0,2456.5,2456.5,583040.0,179029.72,2023-08-05
688722.SH,2021-12-03,14.49,5.9366,5.9366,0.64,57.1921,58.1973,3.2917,11.5058,9.9366,,,22466.67,4304.5892,4304.5892,325542.0483,62373.4975,2023-08-05
601336.SH,2021-12-03,38.59,0.318,0.944,1.17,8.4219,7.9498,1.1492,0.5829,0.5453,3.6538,3.602,311954.66,208543.934,70249.7025,12038330.3294,8047710.4131,2023-08-05
601615.SH,2021-12-03,29.76,3.6614,3.9274,0.9,42.3706,22.3696,3.3398,2.5925,2.2601,0.1848,0.3543,195632.6712,147841.8357,137830.6927,5822028.2949,4399773.0304,2023-08-05
000727.SZ,2021-12-03,2.62,1.4421,2.1002,0.69,15.9117,5.5123,5.9657,0.1731,0.1035,0.0,,452956.698,341922.2152,234777.3882,1186746.5488,895836.2038,2023-08-05
600114.SH,2021-12-03,12.91,6.3247,8.2341,1.76,90.9439,64.293,3.0126,2.4235,2.1378,1.5494,1.1619,61638.3477,61638.3477,47344.7261,795751.0688,795751.0688,2023-08-05
002285.SZ,2021-12-03,3.66,0.8457,1.5671,0.85,67.116,25.4269,1.4643,1.1071,1.1077,0.1232,1.4726,203357.9072,201444.4186,108712.7606,744289.9404,737286.5721,2023-08-05
002882.SZ,2021-12-03,13.05,2.6438,12.7874,0.65,29.4347,25.5712,2.8365,1.7658,1.3489,2.2989,2.2989,43290.0,43113.75,8913.75,564934.5,562634.4375,2023-08-05
600611.SH,2021-12-03,3.45,0.333,0.4775,0.43,15.2346,17.4898,0.8635,3.2994,3.6485,3.5649,,236412.2864,156331.6364,109013.029,815622.3881,539344.1456,2023-08-05
002506.SZ,2021-12-03,4.11,1.7115,2.5309,0.74,,,6.2151,4.0401,5.2697,0.0,,585550.2667,584781.3427,395464.1282,2406611.5961,2403451.3185,2023-08-05
002109.SZ,2021-12-03,5.52,0.7483,2.443,0.76,27.1731,9.5177,1.3178,2.996,2.0468,0.3623,,105294.4789,105294.4789,32251.4745,581225.5235,581225.5235,2023-08-05
300035.SZ,2021-12-03,38.31,2.3346,2.4498,0.44,150.2341,81.4879,10.6604,25.2756,14.2958,0.1565,0.261,64236.5824,52803.1329,50319.8704,2460903.4717,2022888.0214,2023-08-05
688128.SH,2021-12-03,39.66,7.1576,11.0389,1.05,56.7457,49.3471,6.6462,6.367,4.9465,,,40450.0,9608.5,6230.1392,1604247.0,381073.11,2023-08-05
300137.SZ,2021-12-03,7.26,3.1363,3.2218,1.33,29.5126,44.3457,1.8969,3.1724,3.106,1.3774,1.3552,54537.401,47049.1099,45801.6497,395941.5313,341576.5379,2023-08-05
603890.SH,2021-12-03,13.26,2.3096,3.6834,0.58,23.6276,20.7801,2.3429,1.6259,1.4236,0.941,1.3405,43916.9552,38710.2233,24272.1353,582338.826,513297.561,2023-08-05
601827.SH,2021-12-03,8.98,1.4908,2.5299,0.85,20.906,12.5268,1.7403,3.0575,2.6304,0.0,1.6704,167826.8,79974.1,47125.4992,1507084.664,718167.418,2023-08-05
300514.SZ,2021-12-03,13.84,5.8929,10.3591,0.53,82.2901,50.1627,4.4895,4.1957,3.5109,0.3613,0.3613,20000.0,15291.2,8698.6,276800.0,211630.208,2023-08-05
600825.SH,2021-12-03,4.05,0.3176,0.6656,0.74,,,1.7429,3.2733,3.0898,0.1728,,104488.785,104488.785,49858.137,423179.5793,423179.5793,2023-08-05
688202.SH,2021-12-03,542.5,2.6981,2.6981,0.78,259.958,142.7729,27.7831,50.5063,32.9976,,,6200.0,2678.0654,2678.0654,3363500.0,1452850.4795,2023-08-05
002571.SZ,2021-12-03,7.38,3.3849,4.895,2.15,562.2978,156.132,1.9943,3.6927,3.1153,0.0,,39195.07,29830.6188,20627.99,289259.6166,220149.9667,2023-08-05
600184.SH,2021-12-03,15.32,4.271,10.4851,0.66,150.1774,138.414,3.2091,3.1278,2.607,0.2415,0.2154,50876.0826,50876.0826,20723.926,779421.5854,779421.5854,2023-08-05
300212.SZ,2021-12-03,31.1,1.0655,1.7254,0.58,30.2094,30.0962,4.4929,7.3808,6.7779,0.4444,,66599.0133,61923.7657,38240.4046,2071229.3136,1925829.1133,2023-08-05
000078.SZ,2021-12-03,3.22,0.4719,0.8805,0.54,,,1.4952,0.2213,0.2106,0.0,,275083.3257,262119.9543,140475.4415,885768.3088,844026.2528,2023-08-05
603970.SH,2021-12-03,24.94,3.8466,4.7486,0.93,36.1548,29.5921,4.1678,0.721,0.5361,1.0024,1.2029,19200.0096,9552.0096,7737.6096,478848.2394,238227.1194,2023-08-05
300882.SZ,2021-12-03,22.16,7.7524,7.7524,0.48,51.8707,60.8335,5.5378,7.9323,8.2297,,1.0414,20442.942,5760.612,5760.612,453015.5947,127655.1619,2023-08-05
300128.SZ,2021-12-03,3.94,2.4162,3.3391,0.87,192.8438,,3.657,3.1599,3.4399,0.0,,109411.5412,109306.6762,79097.0278,431081.4723,430668.3042,2023-08-05
300491.SZ,2021-12-03,26.3,7.8618,14.2234,0.99,100.9686,104.1633,5.8298,13.0696,11.0482,0.0,0.0959,15931.2928,12436.9807,6874.3559,418993.0006,327092.5924,2023-08-05
002677.SZ,2021-12-03,15.5,0.4755,0.8448,0.53,18.4225,15.1905,5.7203,5.6549,4.7056,3.4968,3.871,64605.1647,41779.4594,23515.9212,1001380.0529,647581.6207,2023-08-05
603717.SH,2021-12-03,13.6,0.7722,1.2453,0.41,,,2.5089,6.7737,6.7428,0.0,,29014.624,24179.624,14992.6411,394598.8864,328842.8864,2023-08-05
001202.SZ,2021-12-03,17.27,3.2076,3.2076,0.75,24.6433,29.2817,3.0683,2.2794,2.7073,,,12880.0,3224.2,3224.2,222437.6,55681.934,2023-08-05
603351.SH,2021-12-03,31.63,9.1411,10.4349,0.55,42.6613,39.4275,3.1709,5.8218,4.3344,0.9801,0.9148,13547.8432,5966.5803,5226.7703,428518.2804,188722.9349,2023-08-05
600051.SH,2021-12-03,6.89,0.9026,1.2728,0.81,6.2307,17.8089,0.7126,0.4359,0.676,2.9028,2.9028,31088.0,31088.0,22046.24,214196.32,214196.32,2023-08-05
002988.SZ,2021-12-03,20.71,3.3411,3.3411,0.54,41.5832,30.3813,2.1972,1.4025,0.9429,0.0,0.6277,23277.0,8421.9359,8421.9359,482066.67,174418.2925,2023-08-05
600636.SH,2021-12-03,10.08,0.7214,1.2652,0.85,28.9666,32.6616,1.4705,6.4415,8.1166,0.9768,1.071,44693.6885,44044.9035,25114.7349,450512.3801,443972.6273,2023-08-05
605089.SH,2021-12-03,77.01,6.1458,6.1458,0.77,61.582,57.6683,6.7522,12.3717,10.5231,,,10000.0,2500.0,2500.0,770100.0,192525.0,2023-08-05
000530.SZ,2021-12-03,3.89,0.8778,1.2287,0.5,153.6983,,0.9911,1.899,1.5308,0.7712,0.2571,84321.2507,59852.1068,42760.4134,328009.6652,232824.6955,2023-08-05
300950.SZ,2021-12-03,42.62,22.7436,22.7436,1.68,69.2729,72.264,7.6687,17.0119,14.2296,,0.2346,10000.0,2500.0,2500.0,426200.0,106550.0,2023-08-05
002674.SZ,2021-12-03,10.87,0.7744,2.0136,0.75,27.459,12.8224,1.3804,2.1723,1.7211,5.5985,,29186.2944,28886.6652,11109.3302,317255.0201,313998.0507,2023-08-05
300777.SZ,2021-12-03,60.59,3.071,3.3245,0.91,104.3136,98.5735,18.8026,62.2225,56.4056,0.1139,0.1733,40001.0,26225.8728,24225.8229,2423660.59,1589025.633,2023-08-05
301060.SZ,2021-12-03,37.36,39.6076,39.6076,0.68,135.5663,76.7751,9.7262,12.0848,9.0739,,,40051.7,4060.9907,4060.9907,1496331.512,151718.6126,2023-08-05
000990.SZ,2021-12-03,15.09,0.8051,1.8869,0.87,53.2505,13.3095,1.0698,1.9429,1.4976,0.0,,125301.1919,125301.1019,53461.6813,1890794.9858,1890793.6277,2023-08-05
301198.SZ,2021-12-03,47.75,57.1106,57.1106,,81.175,73.2956,5.3621,17.8391,12.9701,,,10000.0,2370.6963,2370.6963,477500.0,113200.7483,2023-08-05
600676.SH,2021-12-03,4.06,0.2257,0.4207,0.97,,,0.7538,0.5374,0.5147,0.9852,,102849.2944,102849.2944,55189.9254,417568.1353,417568.1353,2023-08-05
300686.SZ,2021-12-03,14.78,1.6649,1.8749,0.85,37.3802,43.8182,2.233,1.6907,1.5705,0.3293,0.2708,26562.424,19836.6085,17614.4499,392592.6267,293185.0736,2023-08-05
688055.SH,2021-12-03,6.9,0.3102,1.7501,0.64,87.7656,25.3256,5.133,5.2481,3.9208,,,333333.34,178666.673,31666.673,2300000.046,1232800.0437,2023-08-05
002119.SZ,2021-12-03,15.23,3.7019,5.2538,0.61,65.0007,40.6383,5.2638,3.6907,2.6821,0.1641,0.1707,37528.4,36750.35,25894.864,571557.532,559707.8305,2023-08-05
000652.SZ,2021-12-03,4.07,0.8554,1.2768,0.59,29.4984,27.0205,1.181,0.3189,0.2648,0.9828,0.2457,147557.3852,147435.3019,98777.2508,600558.5578,600061.6787,2023-08-05
300231.SZ,2021-12-03,8.6,1.8157,2.0011,0.57,23.3811,22.4963,2.7159,1.6409,1.4325,1.6528,2.2038,44210.022,36647.018,33250.98,380206.1892,315164.3548,2023-08-05
605488.SH,2021-12-03,26.95,2.5229,2.5229,0.76,26.8693,19.1654,3.2102,2.5483,1.922,,1.8553,12000.0,3000.0,3000.0,323400.0,80850.0,2023-08-05
300412.SZ,2021-12-03,13.41,12.5518,18.3127,0.68,50.7969,46.9624,4.0393,3.4246,2.9857,1.1982,1.1931,25722.49,22246.5494,15248.1496,344938.5909,298326.2275,2023-08-05
603056.SH,2021-12-03,9.87,0.2155,0.8933,0.48,17.9597,34.2691,1.6976,0.3685,0.3258,0.282,1.5198,102695.747,96000.0,23155.2655,1013607.0229,947520.0,2023-08-05
300026.SZ,2021-12-03,4.36,0.8803,1.3715,0.57,22.8431,21.4249,1.6972,2.0188,1.8026,1.1474,0.9174,300415.4837,268201.5067,172146.5916,1309811.5089,1169358.5692,2023-08-05
002973.SZ,2021-12-03,14.38,1.5433,1.5433,0.95,15.6428,18.7463,3.6666,2.0772,1.9146,0.2364,0.6954,40866.3285,10647.4307,10647.4307,587657.8038,153110.0535,2023-08-05
300932.SZ,2021-12-03,38.72,4.7837,5.0436,0.63,32.4998,33.0603,2.9613,3.7087,3.0991,,0.9039,12562.9513,3150.0,2987.6414,486437.4743,121968.0,2023-08-05
300586.SZ,2021-12-03,14.29,6.3356,12.4781,0.84,178.8036,,6.2685,4.9401,4.5619,0.2402,,52447.3578,28898.8536,14673.0501,749472.743,412964.6179,2023-08-05
300367.SZ,2021-12-03,2.41,2.213,2.9272,1.19,,,,10.4261,11.9864,0.0,,119577.2516,106156.0717,80255.6619,288181.1764,255836.1328,2023-08-05
688218.SH,2021-12-03,15.24,1.0783,1.1752,0.73,60.5395,58.691,2.0966,3.7817,3.234,,,11734.0,8744.1371,8022.8074,178826.16,133260.6494,2023-08-05
603309.SH,2021-12-03,13.72,0.9564,2.3143,0.56,23.2982,37.4274,3.0648,3.1549,3.3853,1.1213,1.4577,26000.0,26000.0,10744.5744,356720.0,356720.0,2023-08-05
002381.SZ,2021-12-03,7.8,0.5133,0.6839,0.73,10.1778,14.3663,1.6894,1.7725,1.7169,3.8462,6.4103,41157.2264,32200.5844,24169.6296,321026.3659,251164.5583,2023-08-05
600983.SH,2021-12-03,8.55,0.083,0.3472,0.57,,,1.9715,1.3254,1.2794,0.5848,,76643.9,76643.9,18329.0439,655305.345,655305.345,2023-08-05
600064.SH,2021-12-03,9.17,0.4,0.613,1.13,5.6225,5.2468,0.7735,3.9034,2.4194,4.9073,5.4526,123595.6888,123595.6888,80661.1731,1133372.4663,1133372.4663,2023-08-05
002355.SZ,2021-12-03,5.92,3.6486,4.8812,2.71,,,1.5251,2.5074,2.2898,0.0338,,62057.04,61716.665,46131.865,367377.6768,365362.6568,2023-08-05
002609.SZ,2021-12-03,9.9,4.4893,6.714,6.49,39.8849,38.7714,2.8474,4.6497,4.2532,0.3035,1.0105,64399.9741,44504.8666,29758.1142,637559.7436,440598.1793,2023-08-05
000950.SZ,2021-12-03,4.79,0.2407,0.7306,0.61,9.4428,8.7526,0.9071,0.1847,0.1368,1.0348,0.8351,174336.7337,172818.4696,56935.4191,835072.9544,827800.4694,2023-08-05
688333.SH,2021-12-03,210.9,0.9281,0.9281,1.09,194.5969,,14.5635,40.9348,32.5123,,,8000.0,4538.5751,4538.5751,1687200.0,957185.4886,2023-08-05
688003.SH,2021-12-03,40.93,0.7967,0.7967,0.41,73.7936,71.015,5.5986,8.219,7.0503,,,19360.0,7330.2,7330.2,792404.8,300025.086,2023-08-05
605199.SH,2021-12-03,22.71,8.3021,8.3021,1.09,74.7842,73.4033,9.7304,7.8217,7.2166,,0.6605,40010.8752,8274.0752,8274.0752,908646.9758,187904.2478,2023-08-05
300114.SZ,2021-12-03,17.99,2.3326,4.9819,1.11,40.486,34.4027,5.0849,6.0388,5.3806,0.2754,0.2779,59076.0499,59076.0499,27659.9649,1062778.1377,1062778.1377,2023-08-05
002023.SZ,2021-12-03,13.8,3.9096,4.5903,1.22,329.4139,14.4164,2.6433,10.8322,12.0657,0.2174,,75679.1003,68365.8067,58227.7022,1044371.5841,943448.1325,2023-08-05
603998.SH,2021-12-03,5.62,0.5865,0.9998,0.76,37.8313,36.8314,2.0312,1.8873,1.6457,2.1462,1.0676,42942.972,42942.972,25189.7017,241339.5026,241339.5026,2023-08-05
001206.SZ,2021-12-03,46.75,2.8113,2.8113,0.5,22.6784,34.0567,2.5718,3.5536,3.4964,,1.7112,9433.3576,2358.34,2358.34,441009.4678,110252.395,2023-08-05
000792.SZ,2021-12-03,28.52,1.0391,2.4018,0.96,75.9721,42.606,17.9515,11.0547,17.6132,0.0,,543287.6672,542889.6187,234875.9367,15494564.2685,15483211.9253,2023-08-05
601865.SH,2021-12-03,44.31,2.6078,2.6078,1.18,58.4048,37.5424,8.3501,15.1953,11.0858,0.1301,0.3384,214689.3254,53349.3254,53349.3254,9512884.0085,2363908.6085,2023-08-05
603558.SH,2021-12-03,11.92,1.7894,3.3984,0.96,,,2.0236,2.9599,2.3981,3.0001,,39294.2649,39294.2649,20690.7052,468387.6376,468387.6376,2023-08-05
688316.SH,2021-12-03,55.02,1.8799,1.8799,0.62,,,4.0455,6.0926,4.6808,,,4746.2175,1140.0,1140.0,261136.8869,62722.8,2023-08-05
300312.SZ,2021-12-03,3.1,6.5726,11.0408,1.28,,,,51.3791,80.1181,0.0,,32004.0,23909.4901,14233.3991,99212.4,74119.4193,2023-08-05
603126.SH,2021-12-03,8.71,2.9449,6.1568,1.13,39.464,27.5997,2.8192,2.0475,1.8618,0.8037,0.9185,61050.0,61050.0,29201.4214,531745.5,531745.5,2023-08-05
430090.BJ,2021-12-03,6.2,4.1066,4.1066,0.99,34.6359,34.1602,3.0267,1.9676,1.6272,,,15333.3497,8891.2243,8891.2243,95066.7681,55125.5907,2023-08-05
601878.SH,2021-12-03,13.0,2.0282,4.4862,1.5,30.9841,23.0404,2.2181,4.7399,3.2269,0.595,1.0,387816.8795,387816.8795,175334.3636,5041619.4335,5041619.4335,2023-08-05
300178.SZ,2021-12-03,2.6,2.5197,3.1688,1.34,,,,2.9407,0.928,0.0,,61650.8293,58751.368,46716.2597,160292.1562,152753.5568,2023-08-05
688255.SH,2021-12-03,41.7,7.7193,7.7193,0.99,44.1583,48.245,2.9568,5.5025,5.3416,,,7841.4611,1672.9782,1672.9782,326988.9279,69763.1909,2023-08-05
300717.SZ,2021-12-03,15.6,1.7246,4.1805,0.96,44.0428,61.5114,2.6275,6.0643,5.4264,1.2821,0.641,10240.0,10147.84,4186.4136,159744.0,158306.304,2023-08-05
603196.SH,2021-12-03,7.92,2.5917,9.4658,0.86,,21.8443,2.2622,2.3109,1.9218,2.5253,1.4933,24000.0,23671.6,6481.1,190080.0,187479.072,2023-08-05
600490.SH,2021-12-03,5.73,2.0471,2.8928,0.51,27.4001,26.1115,1.9804,1.4551,1.2929,0.0,1.1259,221288.7079,199262.1386,141007.9228,1267984.2963,1141772.0542,2023-08-05
300302.SZ,2021-12-03,10.46,4.6637,6.0277,1.94,136.9033,227.0153,3.3648,15.3955,12.6653,0.094,0.0956,48797.123,35102.9913,27159.4868,510417.9066,367177.289,2023-08-05
002694.SZ,2021-12-03,3.55,4.364,6.3292,2.74,,,3.1631,1.4838,1.3349,0.0,,59719.68,52997.0011,36541.1244,212004.864,188139.3539,2023-08-05
688057.SH,2021-12-03,25.8,0.4058,0.4058,0.37,18.4149,18.7447,2.2921,7.3344,7.7081,,,27600.0,13768.6019,13768.6019,712080.0,355229.929,2023-08-05
600310.SH,2021-12-03,5.22,4.9063,9.8188,1.78,24.8712,31.3753,2.1449,0.34,0.5068,0.779,1.2192,122142.5602,82777.5,41362.701,637584.1642,432098.55,2023-08-05
603587.SH,2021-12-03,18.19,0.9296,1.3369,0.73,13.8968,12.3198,2.4273,3.4136,2.9627,4.5813,4.3917,48120.0,15760.6296,10959.0,875302.8,286685.8524,2023-08-05
300187.SZ,2021-12-03,8.0,2.4865,6.2057,0.67,158.3914,150.8648,3.4424,6.8841,5.5846,2.725,,64450.0165,64372.9792,25792.6281,515600.132,514983.8336,2023-08-05
300195.SZ,2021-12-03,7.02,10.7724,11.566,1.72,,,1.0789,2.4293,2.1354,0.0,,42338.7356,31343.9381,29193.5131,297217.9239,220034.4455,2023-08-05
603165.SH,2021-12-03,20.23,1.5423,3.321,0.67,22.956,22.2439,3.0736,3.1401,2.5306,1.4324,3.3685,26316.9621,26316.9621,12221.6734,532392.1433,532392.1433,2023-08-05
300085.SZ,2021-12-03,14.29,1.6994,2.6218,0.41,484.118,,7.8002,7.2623,7.637,0.0,0.07,70664.0535,52247.4207,33864.9582,1009789.3245,746615.6418,2023-08-05
688112.SH,2021-12-03,103.68,25.4756,25.4756,,205.9039,138.2386,8.0652,50.0869,38.3427,,,10666.67,2326.19,2326.19,1105920.3456,241179.3792,2023-08-05
300806.SZ,2021-12-03,54.4,1.2552,1.389,0.62,56.8859,49.8534,7.8276,6.7114,5.5723,0.1131,0.2299,18992.5406,10420.6905,9416.3632,1033194.2086,566885.5632,2023-08-05
605399.SH,2021-12-03,43.81,7.232,8.8482,0.7,63.1946,22.9337,5.7784,10.8026,6.0121,,0.4793,18400.0,6507.784,5319.1,806104.0,285106.017,2023-08-05
600388.SH,2021-12-03,8.48,1.1946,1.8219,0.66,12.8996,11.0138,1.4064,0.8905,0.7916,2.3585,2.1226,106906.4624,106906.4624,70098.8294,906566.8012,906566.8012,2023-08-05
300364.SZ,2021-12-03,12.28,13.1981,16.7478,0.63,182.5556,148.9372,5.8745,9.1517,7.5454,0.0,,72729.531,63233.0968,49830.8566,893118.6407,776502.4287,2023-08-05
000592.SZ,2021-12-03,2.99,2.178,2.6998,0.91,,,1.9006,4.6797,3.5215,0.0,,193178.0892,191393.6915,154404.7392,577602.4867,572267.1376,2023-08-05
600061.SH,2021-12-03,8.23,0.2888,0.7936,0.94,12.7474,11.6727,1.1662,55.1029,35.1186,1.1191,1.5668,642529.9469,642529.9469,233835.8188,5288021.463,5288021.463,2023-08-05
002467.SZ,2021-12-03,4.27,1.2873,1.3637,0.64,16.7685,155.9557,2.5827,6.0216,6.45,1.1651,3.5077,136788.9673,111083.1007,104854.5941,584088.8904,474324.84,2023-08-05
300164.SZ,2021-12-03,4.48,2.6819,3.0451,0.58,,,2.5061,3.6371,3.3736,1.7881,,51284.7789,44620.6355,39298.19,229755.8095,199900.447,2023-08-05
601236.SH,2021-12-03,11.39,0.3406,1.1395,1.36,38.0181,34.7978,2.3594,9.6191,6.9769,0.6763,1.0483,471678.7742,255830.2465,76462.5216,5372421.2381,2913906.5076,2023-08-05
300487.SZ,2021-12-03,91.5,1.4987,1.9227,0.48,99.5292,72.9702,10.767,21.7968,17.7763,0.2606,0.2186,21978.5441,12822.4316,9994.9316,2011036.7852,1173252.4914,2023-08-05
605011.SH,2021-12-03,22.45,7.6418,7.6418,0.91,38.4038,33.4214,4.8512,4.3015,3.2662,,0.8018,40010.0,4010.0,4010.0,898224.5,90024.5,2023-08-05
600345.SH,2021-12-03,15.59,0.6491,1.2325,0.79,36.9959,32.3522,1.4742,17.4773,18.5419,0.6414,0.3207,19800.0,19800.0,10427.6962,308682.0,308682.0,2023-08-05
000931.SZ,2021-12-03,6.95,1.3787,2.148,1.11,205.7986,,3.1733,2.9248,2.6086,0.0,,75312.6982,74619.1982,47892.6288,523423.2525,518603.4275,2023-08-05
605580.SH,2021-12-03,17.17,10.0753,10.0753,1.17,31.443,28.5028,4.2261,6.5185,5.109,,,20000.0,5000.0,5000.0,343400.0,85850.0,2023-08-05
603987.SH,2021-12-03,18.27,0.9964,1.5255,0.7,39.7861,30.607,4.1236,3.0496,2.7716,0.8104,,44156.9,43796.4,28605.499,806746.563,800160.228,2023-08-05
603379.SH,2021-12-03,24.52,2.8461,2.9324,0.57,67.4745,59.4771,2.8994,5.5018,4.4997,1.3109,0.4486,61047.9037,19306.0783,18737.5964,1496894.5987,473385.0399,2023-08-05
000762.SZ,2021-12-03,58.05,5.5295,7.1138,0.63,,249.2651,14.0936,78.9419,53.9138,0.0,,52081.924,52079.5518,40480.753,3023355.6882,3023217.982,2023-08-05
002724.SZ,2021-12-03,18.66,0.7001,1.175,0.98,48.3786,39.0274,5.3178,8.5382,7.1184,0.4948,0.8247,77982.9726,36438.7158,21711.9858,1455162.2687,679946.4368,2023-08-05
300163.SZ,2021-12-03,3.78,2.358,3.1108,0.79,98.5417,104.4313,2.9678,6.4983,6.3801,0.0,,47400.0,47362.47,35901.1197,179172.0,179030.1366,2023-08-05
300205.SZ,2021-12-03,13.48,1.4644,2.4238,0.43,,,4.449,3.4231,3.9754,0.7418,,43005.6,42598.8788,25737.2383,579715.488,574232.8862,2023-08-05
002828.SZ,2021-12-03,7.94,2.05,2.1655,0.99,64.0176,67.8752,1.6506,1.7054,1.6087,0.764,0.7557,20098.76,15411.579,14589.204,159584.1544,122367.9373,2023-08-05
002362.SZ,2021-12-03,16.23,0.6632,0.8388,0.45,38.1519,53.7667,2.5736,2.5512,2.3622,0.0,,24445.4646,20623.0474,16307.4326,396749.8905,334712.0593,2023-08-05
001216.SZ,2021-12-03,17.95,16.7222,16.7222,0.46,38.3153,33.6612,3.5961,4.9083,4.1781,,,25186.67,6296.67,6296.67,452100.7265,113025.2265,2023-08-05
600703.SH,2021-12-03,34.5,1.7467,3.1667,1.01,152.0617,113.3072,5.0826,18.28,12.7874,0.2623,0.4348,447934.1308,407842.4928,224964.2342,15453727.5126,14070566.0016,2023-08-05
002441.SZ,2021-12-03,9.2,1.8847,2.7729,0.56,19.1896,15.815,1.1758,0.4664,0.4052,2.3916,2.7174,54454.3609,39884.6029,27109.7944,500980.1203,366938.3467,2023-08-05
002607.SZ,2021-12-03,9.12,2.281,2.7354,0.77,24.4088,607.6381,16.6202,5.0209,5.5885,2.6316,,616739.9389,164254.7503,136969.0703,5624668.2428,1498003.3227,2023-08-05
600598.SH,2021-12-03,14.28,0.512,1.428,0.85,25.6422,31.615,3.5754,7.8328,7.0685,2.6611,2.8011,177767.9909,177767.9909,63741.7788,2538526.9101,2538526.9101,2023-08-05
600281.SH,2021-12-03,6.73,8.9801,15.8879,1.64,83.2193,127.8221,6.7163,8.9071,11.4954,0.0,,51440.2025,51440.2025,29074.8686,346192.5628,346192.5628,2023-08-05
600008.SH,2021-12-03,3.34,1.4551,2.7135,1.05,16.675,9.9824,1.4111,1.2753,1.0719,1.8551,2.0958,734059.0677,734059.0677,393643.2234,2451757.2861,2451757.2861,2023-08-05
000819.SZ,2021-12-03,8.99,1.9134,3.1104,0.73,99.0859,51.1101,3.0894,1.8473,1.5722,0.2648,0.1112,29915.0255,29915.0255,18402.401,268936.0792,268936.0792,2023-08-05
002661.SZ,2021-12-03,11.55,1.238,1.9449,0.69,13.2959,48.7054,1.5224,0.9835,0.9445,2.0508,2.5595,33701.0083,33065.0279,21048.3417,389246.6459,381901.0722,2023-08-05
002159.SZ,2021-12-03,10.36,0.5592,0.8344,0.75,64.4029,57.2142,1.3167,4.5314,3.5755,0.0,,17730.1325,13802.8985,9250.4385,183684.1727,142998.0285,2023-08-05
688127.SH,2021-12-03,21.21,2.2867,2.6319,0.73,46.6916,51.931,5.9103,19.4662,19.7984,,,40284.5,16898.38,14681.6607,854434.245,358414.6398,2023-08-05
603192.SH,2021-12-03,49.0,2.3957,8.0697,0.5,42.0758,36.1996,3.8972,3.4898,1.8512,0.7592,0.7347,10666.6667,10666.6667,3166.6667,522666.6683,522666.6683,2023-08-05
603893.SH,2021-12-03,149.15,1.8389,2.1964,1.16,194.2878,115.3238,24.4156,33.3622,23.0679,0.2321,0.3352,41680.7,18907.94,15830.166,6216676.405,2820119.251,2023-08-05
688257.SH,2021-12-03,56.17,5.1498,5.1498,0.96,45.7799,38.7986,2.6668,7.1429,5.9978,,,9280.0,2005.8893,2005.8893,521257.6,112670.802,2023-08-05
300340.SZ,2021-12-03,22.83,5.8522,6.6228,0.46,,,6.7571,2.9416,1.715,0.219,,21214.472,18471.6283,16322.3831,484326.3958,421707.2741,2023-08-05
000880.SZ,2021-12-03,9.15,4.7311,4.7311,1.21,27.6388,22.1415,1.8196,0.9163,0.8342,0.1821,0.4554,33132.06,16216.2,16216.2,303158.349,148378.23,2023-08-05
605286.SH,2021-12-03,39.11,7.3471,7.3471,0.76,44.713,43.2204,4.5654,3.7563,3.0996,,0.3324,16800.0,4200.0,4200.0,657048.0,164262.0,2023-08-05
000779.SZ,2021-12-03,8.63,1.2937,1.9427,2.36,10.6807,10.5866,1.4236,1.3232,1.3208,0.0,2.3175,38033.0518,17503.1047,11655.962,328225.237,151051.7936,2023-08-05
301024.SZ,2021-12-03,47.55,2.6434,2.6434,0.81,27.6425,32.158,2.4411,6.335,5.9259,,,4239.0,1060.0,1060.0,201564.45,50403.0,2023-08-05
300063.SZ,2021-12-03,4.37,6.6678,8.4074,1.65,26.7468,25.7502,2.3973,0.307,0.302,0.0,,74987.195,60861.325,48268.6284,327694.0422,265963.9903,2023-08-05
002864.SZ,2021-12-03,24.6,0.9823,1.1919,0.55,26.9491,24.7329,2.7638,3.1807,2.5332,0.6098,0.6019,8667.0,5529.9863,4557.3463,213208.2,136037.663,2023-08-05
300055.SZ,2021-12-03,14.98,1.4478,1.9989,0.49,,,2.5353,20.539,8.2365,0.1001,0.0929,86518.4815,86309.914,62515.877,1296046.8529,1292922.5117,2023-08-05
603983.SH,2021-12-03,30.45,1.2071,1.859,0.71,26.3467,45.5801,4.1076,7.0117,7.0101,1.2782,1.1494,40181.96,7700.0,5000.0806,1223540.682,234465.0,2023-08-05
688517.SH,2021-12-03,15.3,6.0272,6.0272,0.61,28.1307,32.4311,3.0892,3.9444,4.2541,,,13610.9184,3096.3399,3096.3399,208247.0515,47374.0005,2023-08-05
300494.SZ,2021-12-03,17.89,4.1514,5.1677,0.51,71.0026,37.9741,5.2651,4.7926,3.6259,0.123,,24000.0,17968.7727,14434.7727,429360.0,321461.3436,2023-08-05
300010.SZ,2021-12-03,4.07,7.3276,7.7976,0.87,,,6.0114,2.5495,3.0038,0.0,,86832.4647,74295.2308,69817.1798,353408.1313,302381.5894,2023-08-05
688286.SH,2021-12-03,95.56,1.8232,2.5277,0.56,122.628,268.2317,4.6822,15.4685,14.2629,,,5342.9801,3262.5973,2353.2639,510575.1784,311773.798,2023-08-05
603179.SH,2021-12-03,43.7,1.9396,3.3459,1.58,63.5674,52.9293,4.4915,4.4507,3.7382,0.5524,0.6767,37484.767,37484.767,21729.303,1638084.3179,1638084.3179,2023-08-05
002414.SZ,2021-12-03,24.94,2.3082,5.8541,2.47,58.4753,52.0611,7.9826,17.556,15.2326,0.32,0.716,234655.8302,186705.1683,73615.5702,5852316.4052,4656426.8974,2023-08-05
300854.SZ,2021-12-03,29.7,14.1269,14.1269,0.71,29.7307,22.6292,3.1908,4.2743,4.0346,,,9909.4,2351.9651,2351.9651,294309.18,69853.3635,2023-08-05
600560.SH,2021-12-03,9.17,0.708,1.255,0.7,53.8894,50.5652,2.4726,2.9471,3.2902,0.4144,0.5671,22364.55,22364.55,12617.8376,205082.9235,205082.9235,2023-08-05
301180.SZ,2021-12-03,32.57,22.8963,22.8963,1.12,110.9605,74.9725,19.4771,11.7272,9.7894,,,40001.0,3756.675,3756.675,1302832.57,122354.9048,2023-08-05
000903.SZ,2021-12-03,3.5,0.9604,1.4332,1.05,30.4894,31.846,1.1912,0.6892,0.7373,0.8403,0.9744,197080.0857,197080.0857,132065.8464,689780.3,689780.3,2023-08-05
002547.SZ,2021-12-03,4.22,1.7581,1.97,0.61,,,3.3593,0.9238,1.8351,0.0,,112805.7168,81856.1197,73049.6194,476040.1249,345432.8251,2023-08-05
601965.SH,2021-12-03,20.22,0.6419,1.8678,0.94,35.8195,28.0265,3.791,5.8522,5.5279,1.2355,1.4844,98923.4957,96704.7967,33233.3799,2000233.0831,1955370.9893,2023-08-05
600306.SH,2021-12-03,18.88,0.3933,0.6972,0.91,,,,17.5237,21.4695,0.0,,17813.8918,17747.2546,10011.9273,336326.2772,335068.1668,2023-08-05
603729.SH,2021-12-03,11.38,1.2248,2.0992,1.25,,,1.4083,1.7093,1.3676,0.0,,9333.8,9333.8,5446.17,106218.644,106218.644,2023-08-05
000995.SZ,2021-12-03,24.16,7.0417,11.6381,1.7,128.0077,330.0785,35.9823,42.1501,51.0676,0.0,,17740.8,17740.8,10734.2009,428617.728,428617.728,2023-08-05
002357.SZ,2021-12-03,5.11,0.7936,1.2192,0.98,20.6343,16.0017,1.2018,2.5472,2.2512,0.0,,31348.9036,31341.8349,20401.0712,160192.8974,160156.7763,2023-08-05
603701.SH,2021-12-03,10.12,7.9885,16.0327,0.96,41.6599,63.0668,3.5964,4.4101,4.2509,1.528,0.4941,26136.1901,26136.1901,13022.6159,264498.2438,264498.2438,2023-08-05
300864.SZ,2021-12-03,49.16,5.3544,5.3544,0.95,33.9818,41.2205,4.1093,9.2726,8.786,,1.0706,9120.0,2280.0,2280.0,448339.2,112084.8,2023-08-05
600403.SH,2021-12-03,3.97,0.3782,2.7965,1.9,,,1.4848,1.6166,1.2773,0.2443,,239081.2402,239081.2402,32332.7991,949152.5236,949152.5236,2023-08-05
601966.SH,2021-12-03,38.58,0.6696,1.5898,0.92,23.8407,34.1415,3.1748,2.8797,2.7215,0.9673,1.2704,137212.5701,135546.9061,57092.417,5293660.9545,5229399.6373,2023-08-05
603444.SH,2021-12-03,358.0,1.4066,2.407,1.08,24.5865,17.6552,6.0651,9.3818,6.1579,1.3966,3.352,7186.4552,7186.4552,4199.5052,2572750.9616,2572750.9616,2023-08-05
601216.SH,2021-12-03,5.67,1.4269,3.7986,0.92,9.9362,8.0272,2.2331,3.2331,2.7366,6.1728,5.291,843801.739,843801.739,316969.099,4784355.8601,4784355.8601,2023-08-05
002175.SZ,2021-12-03,2.69,1.819,2.0922,0.8,,,,9.5854,8.4651,0.0,,75377.8212,75374.0682,65529.483,202766.339,202756.2435,2023-08-05
301040.SZ,2021-12-03,43.88,10.3541,10.3541,0.69,32.7695,35.7595,4.4689,3.9987,4.0634,,,10000.0,2370.8621,2370.8621,438800.0,104033.4289,2023-08-05
605186.SH,2021-12-03,38.5,4.9685,4.9685,0.58,54.6902,45.7252,6.0762,18.2562,13.2865,,0.5584,13600.0,3400.0,3400.0,523600.0,130900.0,2023-08-05
688321.SH,2021-12-03,36.97,0.7896,0.8746,0.87,489.092,,11.1545,56.3489,42.1871,,,41072.05,25309.2822,22848.2577,1518433.6885,935684.1629,2023-08-05
605368.SH,2021-12-03,14.15,2.7159,2.7159,0.68,19.6711,16.4965,2.3478,1.8433,1.7233,,3.5336,46270.2,6550.0,6550.0,654723.33,92682.5,2023-08-05
600532.SH,2021-12-03,16.9,0.4624,0.6265,1.28,398.2027,,4.6732,2.0361,4.1909,0.0,,51606.572,51606.572,38092.3456,872151.0668,872151.0668,2023-08-05
688359.SH,2021-12-03,63.94,2.5533,2.5533,0.38,117.9283,103.8613,11.2051,20.5535,15.6846,,,9218.0,2189.4058,2189.4058,589398.92,139990.6069,2023-08-05
603058.SH,2021-12-03,8.4,2.4002,6.4502,1.6,22.2738,19.1913,3.5189,8.0222,8.1745,1.4286,4.3745,41907.44,41907.44,15594.02,352022.496,352022.496,2023-08-05
002922.SZ,2021-12-03,26.2,21.4154,33.8301,1.28,150.9423,38.4127,4.8454,5.5216,3.7729,0.3482,0.449,29632.0455,27680.7771,17522.7196,776359.5921,725236.36,2023-08-05
603786.SH,2021-12-03,86.63,4.5464,4.5464,1.01,67.3442,74.3689,8.9473,11.8956,11.6429,0.4156,0.5772,40010.0,4010.0,4010.0,3466066.3,347386.3,2023-08-05
003003.SZ,2021-12-03,11.57,0.9436,1.9871,0.79,34.7287,52.429,1.6778,2.0138,1.6912,,1.2965,17672.0,9307.95,4420.0,204465.04,107692.9815,2023-08-05
300424.SZ,2021-12-03,16.4,15.2528,17.6925,6.17,,,5.8193,3.2152,3.2179,0.061,0.061,23988.8546,20052.954,17287.7972,393417.2154,328868.4456,2023-08-05
002533.SZ,2021-12-03,9.84,3.5419,5.4413,0.81,28.9042,21.5053,2.1375,0.9265,0.6061,2.5359,2.541,73404.9347,59842.6615,38953.037,722304.5574,588851.7892,2023-08-05
000761.SZ,2021-12-03,4.24,0.8698,5.7475,1.26,45.3311,4.4914,0.8183,0.3578,0.2314,0.0,11.3732,410815.7357,370815.7357,56115.7731,1741858.7194,1572258.7194,2023-08-05
300712.SZ,2021-12-03,71.55,4.5327,10.0487,0.91,255.8879,420.0884,12.2022,13.2895,10.1492,0.1398,0.1398,18210.4,18210.4,8214.1323,1302954.12,1302954.12,2023-08-05
000935.SZ,2021-12-03,23.54,2.2013,7.1161,0.93,20.2209,21.3369,3.2238,12.2028,15.5448,0.4078,0.8921,76344.0333,76344.0333,23616.4516,1797138.5439,1797138.5439,2023-08-05
002150.SZ,2021-12-03,6.29,0.5801,1.3349,0.67,16.8815,18.0471,1.5698,1.5748,1.3192,2.3847,2.3847,35651.7053,35514.9728,15433.9521,224249.2263,223389.1789,2023-08-05
000915.SZ,2021-12-03,27.2,1.253,1.6067,1.19,21.9215,16.6866,2.9114,3.5001,3.145,1.1029,1.2868,23433.1485,23415.169,18260.735,637381.6392,636892.5968,2023-08-05
600243.SH,2021-12-03,4.84,1.8255,2.5153,0.85,73.3558,313.3253,1.8632,3.336,3.616,0.0,,43885.0,43885.0,31848.55,212403.4,212403.4,2023-08-05
300759.SZ,2021-12-03,176.24,0.8495,1.0337,0.59,119.3858,98.3319,14.6475,27.2647,20.4355,0.0851,0.1703,79417.7098,28474.2686,23399.9758,13996577.1752,5018305.0981,2023-08-05
600054.SH,2021-12-03,9.04,0.1484,0.3514,0.4,,251.8341,1.5421,8.9001,6.9004,1.2058,,72937.944,51330.0,21670.425,659359.0138,464023.2,2023-08-05
603579.SH,2021-12-03,30.03,0.3266,0.7416,0.71,21.7838,18.9425,2.5136,2.0808,1.6951,4.8654,1.6168,14000.322,13797.322,6077.282,420429.6697,414333.5797,2023-08-05
002528.SZ,2021-12-03,3.42,0.2779,0.6424,0.58,46.8511,,1.1571,0.7828,0.9216,0.0,,119867.5082,104643.9251,45271.0926,409946.878,357882.2238,2023-08-05
002271.SZ,2021-12-03,41.88,2.4422,2.613,1.78,31.1864,26.8486,4.265,4.8635,3.5905,0.4456,0.7163,252356.1412,194543.738,181822.4171,10568675.1935,8147491.7474,2023-08-05
688520.SH,2021-12-03,62.6,1.1961,1.1961,0.65,,,,83043.6185,2690.8117,,,43533.5714,6909.244,6909.244,2725201.5696,432518.6744,2023-08-05
002823.SZ,2021-12-03,11.61,1.9821,2.7403,0.99,39.8282,,2.539,1.7354,1.3252,0.6,0.9001,28708.8777,15587.761,11274.9047,333310.0701,180973.9052,2023-08-05
301070.SZ,2021-12-03,37.44,8.3787,8.3787,0.42,38.2036,35.9589,3.0522,8.6027,7.0244,,,6455.52,1618.0,1618.0,241694.6688,60577.92,2023-08-05
000545.SZ,2021-12-03,4.05,1.8583,2.8289,0.76,,,2.0343,2.1791,1.607,0.4938,,98683.3096,98540.3096,64730.1648,399667.4039,399088.2539,2023-08-05
600643.SH,2021-12-03,6.6,0.4044,0.7888,1.14,7.9178,7.219,0.8642,6.0201,4.9936,3.7879,3.9157,162192.2452,161905.5157,83000.8859,1070468.8183,1068576.4036,2023-08-05
600875.SH,2021-12-03,21.91,4.6056,8.9911,1.38,36.7028,28.645,2.1204,1.8858,1.6051,0.9355,0.8217,311915.113,199690.0368,102288.3605,6834060.1258,4375208.7063,2023-08-05
002299.SZ,2021-12-03,21.71,0.5902,1.2808,1.2,13.2338,44.7678,2.7493,1.9656,1.8942,6.8819,4.6065,124440.575,122529.2336,56459.4235,2701604.8833,2660109.6615,2023-08-05
603613.SH,2021-12-03,112.25,0.9431,1.0115,0.68,126.7816,83.1133,9.4443,2.2499,1.2615,0.0419,0.0811,34390.0282,22213.2681,20709.9806,3860280.6655,2493439.3442,2023-08-05
600688.SH,2021-12-03,4.48,0.8258,3.2385,0.94,77.2009,14.9876,1.6046,0.6491,0.5941,2.6786,2.2321,1082381.35,732881.35,186881.35,4849068.448,3283308.448,2023-08-05
002806.SZ,2021-12-03,15.88,3.985,5.6005,0.79,,,2.6994,6.8605,4.907,0.4668,,19020.48,12609.4015,8972.0357,302045.2224,200237.2958,2023-08-05
600299.SH,2021-12-03,11.82,0.2592,0.7175,0.78,23.4537,21.0732,2.2486,2.6615,2.5622,1.3198,1.489,268190.1273,268190.1273,96877.6851,3170007.3047,3170007.3047,2023-08-05
688408.SH,2021-12-03,210.18,2.7449,2.8221,1.17,99.9143,173.1687,11.5189,9.1174,9.5001,,,13571.548,7168.5596,6972.4331,2852467.9586,1506687.8567,2023-08-05
300596.SZ,2021-12-03,43.65,0.4967,0.8209,0.57,30.5424,23.5856,3.7178,3.6043,2.7365,0.4399,0.4926,20501.042,18562.7344,11232.2405,894870.4833,810263.3566,2023-08-05
000587.SZ,2021-12-03,1.61,3.1774,4.3834,0.89,75.84,1.6135,,9.0468,,0.0,,212374.933,121301.185,87928.8146,341923.6421,195294.9079,2023-08-05
837092.BJ,2021-12-03,28.53,2.9068,3.031,0.58,34.0734,29.587,3.5837,5.2349,4.8935,,,4657.6,1113.5,1067.875,132881.328,31768.155,2023-08-05
835185.BJ,2021-12-03,157.4,0.6084,0.8008,0.96,154.4947,62.0796,10.5743,17.1617,8.876,,,48538.615,14533.1796,11040.8572,7639978.001,2287522.469,2023-08-05
688529.SH,2021-12-03,38.0,12.4194,12.6203,1.32,59.1922,84.5638,4.5542,4.6925,4.7193,,,12800.0,3242.439,3190.8271,486400.0,123212.682,2023-08-05
688616.SH,2021-12-03,14.1,2.4738,2.4738,0.56,28.6892,33.2488,2.9994,4.6696,5.0493,,,15000.0,3562.5,3562.5,211500.0,50231.25,2023-08-05
603289.SH,2021-12-03,9.56,0.9592,2.6965,1.03,32.6096,18.5489,2.1358,3.2378,2.5034,1.8875,2.0921,29572.12,26572.12,9452.5981,282709.4672,254029.4672,2023-08-05
000029.SZ,2021-12-03,7.18,0.1681,0.6027,1.0,25.0275,28.4931,1.8754,4.4976,5.3253,2.2981,1.2117,101166.0,89166.0,24877.5738,726371.88,640211.88,2023-08-05
002016.SZ,2021-12-03,5.09,0.2108,0.6906,0.68,4.9365,7.2009,0.9443,1.3972,1.8548,0.0,1.9646,80909.5632,68684.5632,20965.5632,411829.6767,349604.4267,2023-08-05
300760.SZ,2021-12-03,353.0,0.2749,0.8239,1.03,64.4578,53.9295,16.6328,20.4101,17.6211,0.4249,0.7082,121569.1266,121569.1266,40564.8763,42913901.6898,42913901.6898,2023-08-05
601899.SH,2021-12-03,10.12,0.8822,1.2546,1.07,40.9362,20.1256,4.0425,1.5535,1.2685,0.9425,1.1858,2632760.224,2049468.164,1441116.3936,26643533.4669,20740617.8197,2023-08-05
002887.SZ,2021-12-03,9.71,0.5322,0.8385,0.63,10.7648,14.4892,1.4827,3.195,4.2171,1.7164,5.0497,31200.0,16026.348,10172.37,302952.0,155615.8391,2023-08-05
002392.SZ,2021-12-03,5.08,2.6859,2.9334,1.0,13.3424,13.0324,1.3136,1.4029,1.2367,0.677,,119049.0839,85100.7469,77921.1501,604769.3462,432311.7943,2023-08-05
300573.SZ,2021-12-03,129.08,6.5752,7.3255,1.98,120.7963,55.8406,12.6247,15.4316,10.7383,0.097,0.3874,8233.26,6145.2875,5515.9,1062749.2008,793233.7105,2023-08-05
002713.SZ,2021-12-03,5.76,0.3958,1.041,1.2,13.4013,11.8617,3.4158,0.7011,0.5543,0.0,,41953.698,40474.5519,15387.5176,241653.3005,233133.4189,2023-08-05
000963.SZ,2021-12-03,34.9,1.0988,2.6307,1.12,21.6565,26.2798,3.7579,1.813,1.7904,0.8023,0.659,174980.9548,174976.1803,73082.3646,6106835.3225,6106668.6925,2023-08-05
600715.SH,2021-12-03,2.66,0.574,0.8243,0.93,,,1.856,9.3448,6.1596,0.0,,185485.35,185485.35,129155.7753,493391.031,493391.031,2023-08-05
300650.SZ,2021-12-03,25.86,3.8281,4.4748,1.56,124.9912,25.1652,3.0663,2.9354,0.6826,0.3827,,12857.4439,5515.709,4718.584,332493.4993,142636.2347,2023-08-05
000666.SZ,2021-12-03,8.38,1.686,1.737,1.2,14.3749,10.4577,0.6236,1.2929,0.7834,0.358,1.3365,70413.0,29354.3593,28492.8345,590060.94,245989.5309,2023-08-05
002511.SZ,2021-12-03,16.82,0.8417,1.6992,0.84,24.3219,30.6601,4.5504,2.8162,2.579,0.4448,0.586,130992.725,127828.6219,63319.7901,2203297.6345,2150077.4204,2023-08-05
300061.SZ,2021-12-03,9.55,21.9029,29.7366,0.89,,,4.9614,4.3079,4.744,0.0,,66094.4225,54412.3755,40078.1365,631201.7349,519638.186,2023-08-05
603367.SH,2021-12-03,12.8,0.3299,0.8078,0.36,13.2244,14.5572,1.1676,1.5793,1.5347,2.0712,1.998,45333.3,44827.8,18306.8409,580266.24,573795.84,2023-08-05
002966.SZ,2021-12-03,6.75,0.3575,0.3575,0.63,8.7483,7.6743,0.7131,2.171,2.1343,2.963,3.5556,333333.3334,162483.652,162483.652,2250000.0005,1096764.651,2023-08-05
000758.SZ,2021-12-03,5.6,1.5206,2.2951,0.75,511.7896,89.857,2.3455,1.6252,1.605,0.0,,196937.8424,196932.5694,130471.2462,1102851.9174,1102822.3886,2023-08-05
832225.BJ,2021-12-03,8.87,0.4479,0.517,0.35,17.3601,16.6122,1.815,2.5273,2.1874,,,8135.8266,4135.634,3583.194,72164.7819,36683.0736,2023-08-05
688379.SH,2021-12-03,22.75,11.0563,13.1074,4.97,30.9514,30.8284,2.1952,2.327,1.6893,,,8800.0,4006.75,3379.75,200200.0,91153.5625,2023-08-05
000507.SZ,2021-12-03,6.58,4.0594,5.3805,3.73,23.0186,15.314,1.1112,1.7118,1.0281,0.7687,0.9196,91973.4895,83051.455,62659.0603,605185.5609,546478.5739,2023-08-05
000757.SZ,2021-12-03,4.4,4.0948,6.8819,1.2,55.4519,25.1026,1.6447,0.7154,0.6316,0.0,,66471.4511,51116.7338,30414.7706,292474.3848,224913.6287,2023-08-05
000876.SZ,2021-12-03,14.79,1.0369,2.1945,1.04,13.4768,,2.1813,0.6067,0.5145,0.9328,,450521.1342,432542.2589,204373.363,6663207.5748,6397300.0091,2023-08-05
688087.SH,2021-12-03,103.0,3.3986,3.3986,1.23,63.0636,58.3063,7.5157,8.0653,6.7859,,,13303.2493,2707.019,2707.019,1370234.6779,278822.957,2023-08-05
002747.SZ,2021-12-03,26.56,1.4448,2.2735,1.98,180.0755,176.7297,8.9999,9.191,7.5677,0.0,0.1681,86863.8373,74049.6566,47059.1824,2307103.5187,1966758.8793,2023-08-05
600300.SH,2021-12-03,3.8,0.8317,1.3028,0.69,14.5814,21.5184,2.1305,1.324,1.5224,0.0,2.5452,167200.0,167200.0,106734.0522,635360.0,635360.0,2023-08-05
000609.SZ,2021-12-03,4.72,3.4234,4.8229,0.68,,,1.2598,13.301,21.3923,0.0,,29926.5522,29208.9522,20733.1219,141253.3264,137866.2544,2023-08-05
000788.SZ,2021-12-03,6.47,0.3515,0.595,0.71,98.4148,68.3994,2.851,1.95,1.6919,0.0,,59598.7425,59598.7425,35207.687,385603.864,385603.864,2023-08-05
002632.SZ,2021-12-03,7.83,4.6243,10.0853,2.18,28.9045,40.3445,2.2917,3.8616,3.8062,2.0434,,62459.909,58835.0538,26976.7918,489061.0875,460678.4713,2023-08-05
600290.SH,2021-12-03,3.2,1.3176,1.8395,1.11,71.3724,,2.6858,2.8969,4.7841,0.0,,75990.3511,75990.3511,54431.8349,243169.1235,243169.1235,2023-08-05
300142.SZ,2021-12-03,65.88,1.6004,1.6828,0.51,104.4925,112.4637,12.9299,35.6668,29.9373,0.0294,0.0747,159115.8474,153993.1436,146450.3881,10482552.0267,10145068.3004,2023-08-05
835508.BJ,2021-12-03,11.73,1.2385,1.5116,0.86,37.9167,62.3868,2.7816,6.4158,5.1499,,,5000.0,1805.0,1478.9,58650.0,21172.65,2023-08-05
002332.SZ,2021-12-03,12.07,0.9058,1.1397,0.96,23.666,19.7259,2.5295,2.9709,2.7121,0.7674,1.2428,98920.4866,96245.2487,76496.4183,1193970.2733,1161680.1518,2023-08-05
600055.SH,2021-12-03,22.69,0.9183,1.295,0.52,55.6091,63.601,5.2592,10.8411,10.2574,0.2183,0.5677,54081.6199,54081.6199,38348.1077,1227111.9555,1227111.9555,2023-08-05
002669.SZ,2021-12-03,16.54,4.9698,6.6399,0.88,19.426,130.6828,1.8629,2.1615,2.0519,0.4829,1.1997,25249.2921,25085.0121,18775.4921,417623.2913,414906.1001,2023-08-05
002510.SZ,2021-12-03,4.59,5.0005,6.0518,0.89,,,2.1155,3.2112,2.763,0.0,,94156.8193,93126.8742,76948.955,432179.8006,427452.3526,2023-08-05
002041.SZ,2021-12-03,25.72,1.7277,4.3783,0.76,221.9949,141.1542,7.6078,25.1277,22.9827,0.2333,0.1361,88000.0,88000.0,34726.398,2263360.0,2263360.0,2023-08-05
002370.SZ,2021-12-03,4.1,1.6887,2.0423,1.14,80.6643,56.2652,6.0834,4.273,5.9074,0.0,,53661.3986,50071.3204,41401.711,220011.7343,205292.4136,2023-08-05
603339.SH,2021-12-03,12.19,0.7857,1.3671,0.7,35.4361,26.7957,1.9767,3.4192,2.6608,1.0421,0.8614,30944.1175,30944.1175,17783.7468,377208.7923,377208.7923,2023-08-05
603508.SH,2021-12-03,22.22,0.5959,1.3153,0.85,,,1.4826,7.1767,6.0213,1.5408,1.4042,27245.2629,22767.163,10314.3911,605389.7416,505886.3619,2023-08-05
000878.SZ,2021-12-03,13.87,1.001,1.6363,0.53,62.1008,51.791,2.5461,0.2672,0.2042,0.0,0.721,169967.856,164187.4705,100440.4987,2357454.1627,2277280.2158,2023-08-05
831768.BJ,2021-12-03,11.95,0.838,1.0591,0.48,24.0668,16.887,1.9249,1.1684,0.9175,,,11097.0,5120.02,4051.08,132609.15,61184.239,2023-08-05
000888.SZ,2021-12-03,6.02,0.6125,1.014,0.6,,37.5497,1.2857,6.7884,5.1723,1.6611,,52691.3102,52691.3102,31826.6608,317201.6874,317201.6874,2023-08-05
600725.SH,2021-12-03,4.16,1.3323,1.9084,0.94,319.7543,275.062,15.4594,3.7278,2.6438,0.0,,123247.0,123247.0,86041.7573,512707.52,512707.52,2023-08-05
002616.SZ,2021-12-03,5.73,0.9297,1.6254,0.78,12.1334,35.8188,1.6998,1.4066,1.5717,3.4901,3.4902,74194.2096,47020.5996,26896.6096,425132.821,269428.0357,2023-08-05
002875.SZ,2021-12-03,9.26,1.0288,1.6417,0.37,,,1.8509,1.25,1.1703,0.0,,16966.5082,7933.2977,4971.7838,157109.8659,73462.3367,2023-08-05
300034.SZ,2021-12-03,57.1,2.1119,3.8988,0.82,136.2466,84.8877,10.0162,17.5072,14.2908,0.203,0.2365,48595.7096,43383.3763,23500.1187,2774815.0182,2477190.7867,2023-08-05
688636.SH,2021-12-03,151.77,3.1948,3.336,1.12,89.2624,70.3863,9.2235,23.5302,18.9605,,,5033.56,1062.5,1017.5476,763943.4012,161255.625,2023-08-05
000620.SZ,2021-12-03,1.84,0.3905,1.0057,0.96,,,0.7251,0.4927,0.4742,0.0,,189669.042,189662.4195,73635.1608,348991.0373,348978.8519,2023-08-05
300130.SZ,2021-12-03,13.32,13.5573,16.3265,0.74,75.3273,87.4135,2.6313,2.4754,1.9319,1.8632,1.8633,48919.7278,35536.2224,29508.8382,651610.7743,473342.4824,2023-08-05
600851.SH,2021-12-03,8.42,0.2629,0.4083,0.86,85.1266,68.6885,2.4422,10.8964,7.8805,0.3563,0.3563,120705.6692,73820.611,47530.7099,1016341.7347,621569.5446,2023-08-05
836239.BJ,2021-12-03,135.35,1.2449,1.2449,0.56,67.951,44.6797,11.8402,5.6362,3.8394,,,8128.3127,3080.4051,3080.4051,1100167.1239,416932.8303,2023-08-05
600726.SH,2021-12-03,2.65,1.0786,2.5328,0.95,,,,0.4884,0.5205,0.0,,196667.5153,153467.5151,65354.8686,521168.9155,406688.915,2023-08-05
600933.SH,2021-12-03,16.34,0.4044,1.3923,0.86,33.0784,31.1844,3.1386,5.4384,4.4036,1.5215,1.5278,86218.57,85982.865,24973.5154,1408811.4338,1404960.0141,2023-08-05
603767.SH,2021-12-03,7.9,7.1187,21.9735,3.87,43.7537,43.69,1.6458,2.2981,2.223,2.5326,1.8995,30598.1,30162.8,9771.8,241724.99,238286.12,2023-08-05
300940.SZ,2021-12-03,38.91,5.0013,5.0013,0.6,66.1428,102.6265,5.3795,4.3549,4.1215,,0.203,11842.5692,2960.6423,2960.6423,460794.3676,115198.5919,2023-08-05
601778.SH,2021-12-03,9.64,8.2336,11.0946,1.03,58.6382,65.1514,2.3423,7.7771,7.4914,0.2676,0.1706,289422.6868,186991.7868,138772.2868,2790034.7008,1802600.8248,2023-08-05
688317.SH,2021-12-03,55.39,4.0586,4.0586,0.45,11.5714,12.8509,2.942,5.2553,5.1005,,,19470.435,4273.8817,4273.8817,1078467.3947,236730.3074,2023-08-05
600378.SH,2021-12-03,40.72,1.7858,3.3573,0.73,57.7793,44.3938,5.4201,6.9032,5.3202,0.4216,0.6066,91922.9657,35663.195,18969.8624,3743103.1633,1452205.3004,2023-08-05
603697.SH,2021-12-03,16.35,1.2209,1.2209,0.69,22.3749,22.5981,2.7051,4.6242,4.1928,0.4822,1.9514,30904.56,8990.2922,8990.2922,505289.556,146991.2775,2023-08-05
002118.SZ,2021-12-03,2.65,1.2575,1.7444,0.7,,,0.9988,11.8865,13.7084,0.0,,128075.9826,128067.878,92322.1354,339401.3539,339379.8767,2023-08-05
601900.SH,2021-12-03,7.64,0.2143,0.4732,0.82,9.0007,7.2952,0.9777,0.9924,0.8964,3.2723,4.0576,89587.6566,89587.6566,40574.0187,684449.6964,684449.6964,2023-08-05
000633.SZ,2021-12-03,6.65,0.9567,1.442,0.83,282.6757,1865.2493,15.3445,19.4851,17.4986,0.0,,38510.6373,38510.4123,25548.2848,256095.738,256094.2418,2023-08-05
002757.SZ,2021-12-03,14.47,0.7603,1.6132,0.72,16.4267,13.7033,1.96,2.0044,1.5782,1.3822,2.0733,29545.5913,27788.1194,13096.357,427524.7061,402094.0877,2023-08-05
002621.SZ,2021-12-03,3.93,1.4144,3.1941,2.54,,,2.7362,9.1141,9.24,0.0,,82656.4688,79513.3833,35209.9701,324839.9224,312487.5964,2023-08-05
002007.SZ,2021-12-03,28.45,0.5789,0.9329,0.56,32.176,30.4297,6.4126,10.3327,9.7719,1.0815,1.0545,182436.6726,157063.258,97466.8096,5190323.3355,4468449.6901,2023-08-05
002325.SZ,2021-12-03,2.74,0.7501,0.9292,0.63,,,1.2345,0.977,1.165,0.7167,,127243.9069,96627.813,77996.7594,348648.3049,264760.2076,2023-08-05
002084.SZ,2021-12-03,4.87,0.7245,1.2103,0.85,19.4483,17.3202,1.5824,0.8862,0.7262,0.0,,60780.8495,60213.8019,36043.424,296002.7371,293241.2153,2023-08-05
300072.SZ,2021-12-03,7.19,1.0118,1.7051,0.58,,,2.2879,2.3684,2.1958,0.4172,,234972.0302,232959.6431,138242.2397,1689448.8971,1674979.8339,2023-08-05
000825.SZ,2021-12-03,7.37,1.635,4.4568,1.06,24.1938,5.6263,1.1778,0.6227,0.4475,1.3569,10.0271,569624.7796,569617.6066,208972.1732,4198134.6257,4198081.7606,2023-08-05
300332.SZ,2021-12-03,12.96,2.9042,3.7078,0.89,204.3904,158.7287,3.3635,6.7355,6.4503,0.0926,0.0979,88022.4323,84079.7973,65858.109,1140770.7226,1089674.173,2023-08-05
301045.SZ,2021-12-03,30.85,4.7021,4.7021,0.51,28.7547,28.7145,3.9163,4.4421,3.667,,,10315.4344,2446.0606,2446.0606,318231.1512,75460.9695,2023-08-05
688116.SH,2021-12-03,163.99,1.6233,1.6233,0.87,355.0813,162.6269,20.3366,80.694,35.6625,,,23222.9186,17941.8989,17941.8989,3808326.4212,2942292.0006,2023-08-05
300181.SZ,2021-12-03,8.19,1.3661,1.6138,0.56,56.1322,31.5584,2.2178,4.5694,3.561,0.2442,1.221,60862.4848,49351.5464,41774.6027,498463.7505,404189.165,2023-08-05
603637.SH,2021-12-03,10.15,18.6789,25.5619,6.49,37.9788,32.7549,3.1245,2.2563,2.1545,1.4076,1.4477,24367.8373,24367.8373,17806.3454,247333.5486,247333.5486,2023-08-05
000968.SZ,2021-12-03,11.45,2.994,7.5815,0.81,88.714,87.9177,2.4126,7.6877,6.0773,0.4367,0.4367,96750.266,96750.266,38208.1449,1107790.5457,1107790.5457,2023-08-05
605179.SH,2021-12-03,14.39,2.0483,2.0483,0.74,43.5693,60.7052,4.5829,2.9635,2.5462,,1.5983,40100.0,6100.0,6100.0,577039.0,87779.0,2023-08-05
600089.SH,2021-12-03,22.13,3.039,3.7296,1.29,33.6915,13.6858,2.1982,1.9001,1.5596,0.7315,0.9309,378610.3952,378610.3952,308495.526,8378648.0458,8378648.0458,2023-08-05
600756.SH,2021-12-03,12.94,1.1086,1.3703,0.73,,,1.9987,3.1559,2.8501,0.2318,,32409.8753,32409.8753,26221.7753,419383.7864,419383.7864,2023-08-05
300327.SZ,2021-12-03,75.49,1.7931,2.2053,0.77,112.0918,71.782,19.48,23.189,17.2099,0.5195,0.5784,31094.4802,30694.522,24957.2333,2347322.3103,2317129.4658,2023-08-05
002679.SZ,2021-12-03,14.6,4.8491,15.8039,1.1,394.4243,,4.8042,23.252,26.1934,0.137,0.2055,23575.6,23575.6,7233.6282,344203.76,344203.76,2023-08-05
603313.SH,2021-12-03,17.17,0.8041,1.7858,0.61,22.0664,,2.638,1.2793,1.0296,0.0,1.568,48654.8339,48529.9039,21851.8772,835403.4981,833258.45,2023-08-05
000982.SZ,2021-12-03,3.27,3.8556,5.891,0.58,422.1144,251.3471,12.4841,98.4415,35.9291,0.0,,426187.7053,426187.7053,278935.9703,1393633.7963,1393633.7963,2023-08-05
301047.SZ,2021-12-03,406.41,8.8184,8.8184,1.54,24.5084,29.6085,4.1979,17.3125,20.6129,,,6800.0,1700.0,1700.0,2763588.0,690897.0,2023-08-05
002176.SZ,2021-12-03,26.71,6.746,8.3413,0.71,3181.2424,188.0413,25.0809,24.716,18.4477,0.0,,170632.5581,170557.3553,137938.1759,4557595.6269,4555586.9601,2023-08-05
300829.SZ,2021-12-03,48.9,3.1196,3.9654,1.38,73.8445,69.2397,6.3574,8.5996,6.6936,0.0,0.2556,18065.4547,9932.5747,7813.9447,883400.7348,485702.9028,2023-08-05
000970.SZ,2021-12-03,14.65,4.841,6.3792,0.61,120.6691,57.3322,3.2563,3.3544,2.3737,0.3413,0.3413,106520.0,106520.0,80834.6827,1560518.0,1560518.0,2023-08-05
600692.SH,2021-12-03,5.72,0.6415,0.6891,0.74,34.2997,24.9189,2.2476,2.0071,1.1971,0.0,,35176.4064,25501.0517,23742.2313,201209.0446,145866.0157,2023-08-05
603113.SH,2021-12-03,16.69,4.3409,11.2567,1.21,16.0492,10.3465,1.6391,1.8914,1.4168,0.0,2.0595,85506.907,72366.3026,27906.2782,1427110.2778,1207793.5904,2023-08-05
300089.SZ,2021-12-03,4.56,1.9012,1.9182,1.25,,,85.3186,17.3337,18.2108,0.0,,48105.687,24412.6132,24196.9585,219361.9327,111321.5162,2023-08-05
000821.SZ,2021-12-03,16.29,9.8317,14.313,2.18,168.1064,88.9565,3.3724,3.316,2.7478,0.0,,62287.4778,47636.1775,32721.6208,1014663.0134,775993.3315,2023-08-05
002782.SZ,2021-12-03,19.31,4.5455,13.017,0.72,44.6954,116.5333,6.1911,7.1951,5.8832,0.4626,0.7769,47690.1227,47197.3027,16481.0833,920896.2693,911379.9151,2023-08-05
000567.SZ,2021-12-03,19.64,1.28,5.2125,0.46,98.5259,51.8023,2.7439,40.3877,27.0684,0.0,,64113.8926,63977.3864,15710.8139,1259196.8507,1256515.8689,2023-08-05
300402.SZ,2021-12-03,30.51,2.7753,8.6051,0.65,152.3485,138.0546,10.0061,5.6435,5.5711,0.1016,1.6388,20200.0,20200.0,6515.0,616302.0,616302.0,2023-08-05
002849.SZ,2021-12-03,12.65,0.6883,0.9064,0.71,19.9878,21.9728,2.0521,1.3974,1.4137,0.3957,0.3953,13235.605,10062.6589,7642.1276,167430.4033,127292.6351,2023-08-05
002358.SZ,2021-12-03,3.06,2.1738,2.9237,0.65,,,0.817,1.7244,1.6461,0.0,,92975.6977,91042.528,67690.6469,284505.635,278590.1357,2023-08-05
300141.SZ,2021-12-03,14.89,7.8075,12.9194,0.8,,,5.6623,7.182,6.8577,0.1014,,25388.46,18475.8446,11165.3471,378034.1694,275105.3261,2023-08-05
688107.SH,2021-12-03,88.88,6.9394,6.9394,0.6,,,23.1861,126.5382,65.7505,,,40010.0,4176.282,4176.282,3556088.8,371187.9442,2023-08-05
002767.SZ,2021-12-03,12.65,0.4929,1.0792,0.7,90.7258,101.6349,2.4873,5.3535,4.5681,0.2767,0.2213,15000.0,12505.9106,5711.8633,189750.0,158199.7691,2023-08-05
603863.SH,2021-12-03,9.01,1.2627,1.2627,0.65,24.2138,46.3716,1.5619,3.718,3.3359,1.1099,,20589.4,10864.4,10864.4,185510.494,97888.244,2023-08-05
002139.SZ,2021-12-03,19.99,3.725,3.9243,0.66,46.396,33.6237,4.8853,4.4518,3.2647,0.2052,0.2285,123827.2672,104320.3375,99020.1196,2475307.0713,2085363.5466,2023-08-05
300503.SZ,2021-12-03,16.09,3.2709,4.7591,0.58,65.9838,32.2746,3.7476,5.6323,4.2782,0.0,0.2859,30607.2836,21766.302,14959.6583,492471.1931,350219.7992,2023-08-05
300817.SZ,2021-12-03,25.1,12.8346,13.3599,1.6,40.779,29.9836,3.2566,4.8714,3.4594,0.6917,0.83,12127.68,4193.28,4028.4,304404.768,105251.328,2023-08-05
300955.SZ,2021-12-03,34.25,8.4714,8.4714,0.8,36.959,37.8757,3.7254,3.5643,3.0453,,1.1971,10080.0,2520.0,2520.0,345240.0,86310.0,2023-08-05
002060.SZ,2021-12-03,5.68,7.5153,11.9922,2.04,25.9082,21.2905,1.9508,0.5427,0.492,1.0563,1.1444,120226.2058,120191.4981,75322.0841,682884.8489,682687.7092,2023-08-05
002877.SZ,2021-12-03,6.66,0.5178,1.0382,0.64,38.7954,37.0296,2.9199,4.014,3.2104,0.5691,0.5675,33252.4102,20586.4311,10268.0263,221461.0519,137105.6311,2023-08-05
002250.SZ,2021-12-03,17.57,0.5397,0.7246,0.79,147.4248,97.8275,2.5928,3.3923,2.6604,0.2848,0.2846,92324.6256,91913.2645,68459.6792,1622143.6718,1614916.0573,2023-08-05
000503.SZ,2021-12-03,9.56,10.7283,14.5416,4.37,,,9.5757,41.8232,36.0716,0.0,,90721.5204,89882.2204,66311.9611,867297.735,859274.027,2023-08-05
002492.SZ,2021-12-03,5.59,1.8707,3.3196,1.69,22.3768,17.0768,1.5539,6.1301,5.2992,0.7156,0.3578,40500.0,39813.1742,22435.4242,226395.0,222555.6438,2023-08-05
301086.SZ,2021-12-03,89.0,4.3527,4.3527,0.48,40.6401,34.6447,3.1473,8.2066,7.0226,,,6000.0,1500.0,1500.0,534000.0,133500.0,2023-08-05
688095.SH,2021-12-03,155.0,0.7429,0.7439,0.6,64.7215,118.5073,2.5252,15.9233,14.1857,,,4814.0,2897.88,2894.2817,746170.0,449171.4,2023-08-05
300860.SZ,2021-12-03,46.86,1.3153,1.5959,0.36,24.6335,41.1579,2.0121,6.5221,13.616,,1.1232,13694.0708,4194.0704,3456.561,641704.1577,196534.1389,2023-08-05
000537.SZ,2021-12-03,19.99,2.0771,8.0886,1.21,16.8347,,2.6675,1.8851,1.9676,1.5008,1.2506,186252.072,173140.6933,44461.1083,3723178.9193,3461082.4591,2023-08-05
600312.SH,2021-12-03,8.81,2.1715,3.6493,0.83,94.8023,104.0947,1.3048,1.2222,1.1949,0.5789,0.3178,135692.1309,135692.1309,80742.3736,1195447.6732,1195447.6732,2023-08-05
002786.SZ,2021-12-03,6.78,2.143,4.041,1.52,,,4.0971,1.0364,1.3816,0.0,,49561.2,49411.2,26203.04,336024.936,335007.936,2023-08-05
000421.SZ,2021-12-03,4.67,0.419,0.9157,1.1,11.8812,,0.9661,0.391,0.8098,1.3919,1.3919,57264.6934,57264.6934,26205.6287,267426.1182,267426.1182,2023-08-05
605108.SH,2021-12-03,17.28,0.6407,0.6407,0.6,24.271,28.4012,2.3883,3.4669,2.8101,,0.4452,26000.0,8165.4852,8165.4852,449280.0,141099.5843,2023-08-05
605178.SH,2021-12-03,35.76,1.1956,1.4473,1.0,26.7233,47.2383,1.7005,3.959,4.1893,,0.3795,9925.16,3139.9738,2593.9378,354923.7216,112285.4631,2023-08-05
600433.SH,2021-12-03,4.53,1.5035,2.1405,1.11,46.6544,31.0381,1.6557,3.4143,1.3515,0.4177,0.6713,183885.7176,146437.0028,102860.9257,833002.3007,663359.6227,2023-08-05
002368.SZ,2021-12-03,28.42,1.4478,2.3765,0.91,44.6811,43.7325,4.9885,1.9307,1.5238,0.6114,0.672,57965.3456,57616.6298,35099.4923,1647375.122,1637464.6189,2023-08-05
603458.SH,2021-12-03,12.48,1.9505,2.1532,0.57,7.6269,7.578,1.23,1.4,1.1629,3.3219,3.9448,31386.9212,30757.4807,27861.3082,391708.7766,383853.3591,2023-08-05
600990.SH,2021-12-03,56.98,1.3999,2.6507,0.52,53.272,42.8528,3.6536,2.3007,2.1574,0.1229,0.5792,15917.911,15917.911,8406.3279,907002.5688,907002.5688,2023-08-05
603517.SH,2021-12-03,63.14,0.5808,1.1076,0.58,55.2953,33.8584,6.8305,7.3506,6.2179,0.8318,0.7847,61422.4695,60863.0695,31915.2755,3878214.7242,3842894.2082,2023-08-05
600115.SH,2021-12-03,4.76,0.1749,0.4009,1.02,,,1.6126,1.5321,1.3051,0.8591,,1887444.0078,980848.5682,427824.5682,8984233.4771,4668839.1846,2023-08-05
600589.SH,2021-12-03,2.24,2.3108,4.1556,0.71,,,1.5554,1.48,1.388,0.0,,70403.3281,70403.3281,39148.5729,157703.4549,157703.4549,2023-08-05
603222.SH,2021-12-03,14.3,3.4244,7.3337,0.88,761.6796,41.7844,3.9324,5.552,4.6008,0.3152,,34074.3468,34074.3468,15910.7368,487263.1592,487263.1592,2023-08-05
000937.SZ,2021-12-03,6.29,3.6845,10.6677,1.75,28.295,16.682,1.1233,1.0767,0.833,1.5898,6.3593,353354.685,290659.9842,100390.666,2222600.9687,1828251.3006,2023-08-05
002838.SZ,2021-12-03,16.99,2.0262,5.2768,0.58,8.1078,30.8716,3.6476,1.5677,1.7146,2.1664,1.177,40805.0746,34757.0165,13346.1592,693278.2175,590521.7103,2023-08-05
300733.SZ,2021-12-03,23.76,4.271,7.5096,1.43,501.9844,134.8267,3.092,7.9358,5.8686,0.3929,,17139.9371,11886.4115,6760.29,407244.9055,282421.1372,2023-08-05
002507.SZ,2021-12-03,32.27,1.1613,1.805,1.27,36.8596,42.9338,4.2099,12.6032,11.7889,0.8267,0.9297,88763.0022,87764.9668,56465.1268,2864382.081,2832175.4786,2023-08-05
002333.SZ,2021-12-03,4.91,0.3287,0.9361,1.06,119.2277,56.5166,1.7763,3.8157,2.0211,0.0,,65260.36,42751.36,15012.16,320428.3676,209909.1776,2023-08-05
000534.SZ,2021-12-03,17.02,2.1141,4.0514,0.92,109.9634,91.4326,8.1199,15.2689,12.9852,0.2914,0.352,49571.3096,49150.7596,25647.6961,843703.6894,836545.9284,2023-08-05
300774.SZ,2021-12-03,20.25,16.797,16.797,0.44,55.4046,44.2687,6.0518,14.2585,11.7933,,,40876.366,3837.8581,3837.8581,827746.4115,77716.6265,2023-08-05
000933.SZ,2021-12-03,8.91,5.1853,7.8407,1.53,55.9727,9.2646,2.2124,1.0663,0.689,0.9476,1.1126,225098.6609,223146.0309,147573.1662,2005629.0686,1988231.1353,2023-08-05
600396.SH,2021-12-03,2.43,1.0608,2.5295,1.61,43.7908,,2.9446,0.4911,0.5381,0.0,,147270.6817,147270.6817,61762.6238,357867.7565,357867.7565,2023-08-05
300411.SZ,2021-12-03,7.94,2.7709,3.1212,1.22,107.984,92.5591,3.4147,4.3988,5.042,0.0,,40652.0007,18121.8004,16088.0167,322776.8856,143887.0952,2023-08-05
000419.SZ,2021-12-03,4.28,0.1806,0.3245,0.6,12.8455,16.7113,0.7737,1.0857,1.0741,0.0,3.5047,54358.2655,54329.9845,30232.7361,232653.3763,232532.3337,2023-08-05
300470.SZ,2021-12-03,42.12,1.0323,1.3502,1.3,41.567,32.3811,4.0224,9.4862,7.8775,0.4039,0.4749,20817.1277,19523.7025,14926.676,876817.4187,822338.3493,2023-08-05
002654.SZ,2021-12-03,3.61,0.5774,0.8822,0.96,38.2996,40.4627,1.4719,0.7458,0.7007,0.0,,85943.3963,76426.409,50015.0114,310255.6606,275899.3365,2023-08-05
603706.SH,2021-12-03,14.17,0.3513,0.9522,0.7,25.6718,22.388,1.7684,3.3351,2.7466,2.683,4.2343,18938.2714,16000.0,5902.231,268355.3057,226720.0,2023-08-05
600513.SH,2021-12-03,8.87,0.754,1.2178,0.38,24.8003,23.3296,2.2648,1.843,1.6052,0.947,1.2176,28799.037,28545.627,17673.7754,255447.4582,253199.7115,2023-08-05
300672.SZ,2021-12-03,205.08,5.2364,10.0922,0.95,521.2905,147.2892,26.4255,50.5331,16.5567,0.0488,0.1562,18010.7101,17307.2403,8979.9901,3693636.4273,3549368.8407,2023-08-05
603979.SH,2021-12-03,20.95,0.7154,1.3285,0.88,34.0662,28.1572,2.5145,3.2208,2.8472,0.3711,0.3711,59396.4099,59396.4099,31985.9518,1244354.7874,1244354.7874,2023-08-05
002461.SZ,2021-12-03,9.1,0.415,2.6163,2.38,35.38,30.5785,2.1738,4.74,4.5156,1.0989,1.2637,221332.848,221332.848,35105.8036,2014128.9168,2014128.9168,2023-08-05
300501.SZ,2021-12-03,20.5,3.0362,3.5701,1.31,38.5903,36.3061,2.7141,5.5634,4.7195,0.1971,0.1971,19371.1505,15497.055,13179.5254,397108.5853,317689.6275,2023-08-05
002499.SZ,2021-12-03,5.42,0.2349,0.3759,0.43,104.7556,,38.3886,26.0108,29.8052,0.0,,18900.0,18896.99,11809.9842,102438.0,102421.6858,2023-08-05
002253.SZ,2021-12-03,14.27,1.0141,1.2571,0.58,47.7785,47.6039,2.2337,9.01,8.3674,0.8409,0.8409,22562.6095,20722.24,16716.5694,321968.4376,295706.3648,2023-08-05
002360.SZ,2021-12-03,9.09,2.046,2.1875,0.93,23.7037,23.4129,2.7266,3.7729,4.0868,1.544,1.0481,39950.4578,30940.647,28939.2095,363149.6614,281250.4812,2023-08-05
300949.SZ,2021-12-03,52.95,5.4136,5.4136,0.43,30.9445,34.9688,2.7075,6.4647,5.4148,,,6000.0,1500.0,1500.0,317700.0,79425.0,2023-08-05
301046.SZ,2021-12-03,56.65,8.4445,8.4445,0.79,93.8875,69.395,11.0498,20.1854,14.029,,,14948.0,3543.798,3543.798,846804.2,200756.1567,2023-08-05
603988.SH,2021-12-03,17.4,5.1794,13.0866,2.8,23.9027,424.8377,7.2737,4.7787,5.1219,2.6724,5.0575,23520.0,23520.0,9308.7264,409248.0,409248.0,2023-08-05
688578.SH,2021-12-03,34.52,3.1972,3.9108,2.01,,531.341,5.0608,27695.4132,31.8321,,,45000.0,18907.4998,15457.4996,1553400.0,652686.8931,2023-08-05
300998.SZ,2021-12-03,38.0,43.2439,43.2439,1.37,85.6763,148.3677,7.5263,6.2713,5.6497,,0.2632,10640.0,2269.94,2269.94,404320.0,86257.72,2023-08-05
001218.SZ,2021-12-03,44.81,9.8252,9.8252,0.88,18.1382,20.282,2.0819,1.7011,1.496,,,8999.55,2250.0,2250.0,403269.8355,100822.5,2023-08-05
603619.SH,2021-12-03,12.85,5.6378,13.8077,2.22,,,2.6381,3.2436,3.391,0.0,,40000.01,40000.01,16332.1614,514000.1285,514000.1285,2023-08-05
002439.SZ,2021-12-03,30.17,2.3837,2.6003,1.71,35.0299,39.1145,4.7917,7.7237,6.5489,0.0825,0.169,93358.3742,72354.6748,66329.0969,2816622.1496,2182940.5387,2023-08-05
603037.SH,2021-12-03,23.67,5.6087,8.7846,0.54,30.0176,25.3714,2.8523,5.0223,4.6035,2.3236,2.5349,10490.135,10490.135,6697.6556,248301.4955,248301.4955,2023-08-05
300078.SZ,2021-12-03,6.83,1.0619,1.3127,0.55,56.3969,70.6449,2.166,4.0208,4.2019,0.2645,0.1837,86612.9866,83631.8507,67651.6094,591566.6985,571205.5403,2023-08-05
002946.SZ,2021-12-03,14.8,1.5547,1.5547,0.7,47.3667,37.555,5.0438,1.902,1.4684,0.3991,0.473,86727.1111,14625.4573,14625.4573,1283561.2443,216456.768,2023-08-05
001267.SZ,2021-12-03,5.49,7.0279,7.0279,0.78,42.7464,43.2677,3.4336,4.7196,4.4712,,,70000.0,28625.886,28625.886,384300.0,157156.1141,2023-08-05
300465.SZ,2021-12-03,11.25,5.7806,8.391,0.98,,,7.788,2.6542,1.9593,0.4,,44676.2257,44676.2257,30777.4201,502607.5391,502607.5391,2023-08-05
600112.SH,2021-12-03,3.82,5.1785,5.8911,1.17,,,,13.9625,20.0293,0.0,,50920.4846,50920.4846,44760.4846,194516.2512,194516.2512,2023-08-05
600689.SH,2021-12-03,6.8,1.0316,1.5695,0.99,,,3.1356,1.4456,1.6108,0.1912,,20099.1343,15220.4143,10004.52,136674.1132,103498.8172,2023-08-05
603615.SH,2021-12-03,8.32,0.4039,1.1756,0.91,54.6011,219.6256,1.623,2.9322,2.47,7.2566,1.8133,24314.0,24182.0,8308.2385,202292.48,201194.24,2023-08-05
300346.SZ,2021-12-03,55.1,3.8216,4.839,1.01,267.3316,191.4001,11.2626,39.0989,26.6008,0.0516,0.0692,42218.1441,38213.7075,30179.0609,2326219.7399,2105575.2833,2023-08-05
601857.SH,2021-12-03,4.92,0.0712,0.7661,0.82,47.3878,10.7121,0.7228,0.4656,0.3771,3.1185,4.4272,18302097.7818,16192207.7818,1503973.8682,90046321.0865,79665662.2865,2023-08-05
603707.SH,2021-12-03,40.77,0.2754,0.9159,0.72,61.5431,47.8091,11.553,17.02,14.0279,0.4345,0.283,121685.6936,121411.1271,36508.5741,4961125.7281,4949931.6519,2023-08-05
601500.SH,2021-12-03,5.5,5.7491,15.085,10.08,64.9509,160.0725,1.3723,1.7146,1.4071,0.7378,2.0659,107479.6667,87229.009,33244.179,591138.1669,479759.5495,2023-08-05
300107.SZ,2021-12-03,5.95,2.3472,2.9564,0.73,72.2956,,2.2854,5.8236,5.8519,10.0454,1.6792,55173.1068,33745.3921,26791.345,328279.9855,200785.083,2023-08-05
000001.SZ,2021-12-03,17.65,0.3646,0.8671,0.97,11.8402,9.6037,1.074,2.2308,2.0864,1.2351,1.0198,1940591.8198,1940575.4475,816063.5037,34251445.6195,34251156.6484,2023-08-05
002130.SZ,2021-12-03,8.55,1.839,2.4194,0.77,27.2193,19.8337,2.9155,2.6307,2.05,0.2337,0.3506,125989.8562,124781.5217,94846.4089,1077213.2705,1066882.0105,2023-08-05
603789.SH,2021-12-03,12.64,1.6338,3.5815,1.0,,,4.4981,13.2291,7.732,0.0,,26000.0,26000.0,11860.615,328640.0,328640.0,2023-08-05
002078.SZ,2021-12-03,11.64,1.0679,2.0254,0.86,16.0138,9.3664,1.6505,1.4488,1.0543,0.8285,0.8392,268699.6565,261270.5815,137748.1631,3127664.0017,3041189.5687,2023-08-05
002361.SZ,2021-12-03,5.83,5.0783,5.7797,1.17,68.1421,44.7396,2.3341,3.052,2.2945,1.4199,1.4199,97857.1946,66857.9631,58744.8136,570507.4445,389781.9249,2023-08-05
600696.SH,2021-12-03,32.2,2.0829,5.5994,1.23,1342.5644,127.8001,21.5265,135.1007,22.0683,0.0,,33446.9431,33446.9431,12441.8586,1076991.5678,1076991.5678,2023-08-05
601939.SH,2021-12-03,5.81,0.6867,0.766,1.06,5.359,4.8847,0.5996,1.9217,1.7959,5.5077,5.611,25001097.7486,959365.7606,860037.8006,145256377.9194,5573915.0691,2023-08-05
603727.SH,2021-12-03,21.05,1.5164,3.5732,0.94,46.1118,25.5079,1.81,2.3529,1.5758,0.3749,0.9375,28831.5186,23580.5002,10007.4002,606903.4665,496369.5292,2023-08-05
002066.SZ,2021-12-03,10.37,0.9144,1.5273,0.91,86.3566,46.7696,4.6473,0.5681,0.5201,0.0,,23100.0,23100.0,13830.2535,239547.0,239547.0,2023-08-05
688313.SH,2021-12-03,12.52,0.7648,1.0405,0.54,150.894,202.9021,4.8961,8.553,7.7987,,,45880.2328,32243.1489,23700.0961,574420.5147,403684.2242,2023-08-05
688336.SH,2021-12-03,18.6,0.8747,0.8747,0.99,,,2.527,17.4984,16.4451,,,61621.1413,7083.1378,7083.1378,1146153.2282,131746.3631,2023-08-05
002939.SZ,2021-12-03,12.89,2.032,2.7111,1.05,26.6394,23.517,2.0874,5.8239,5.0577,0.8534,0.7758,310340.5351,310340.5351,232599.5198,4000289.4974,4000289.4974,2023-08-05
000815.SZ,2021-12-03,6.21,2.1198,4.0864,0.6,88.9633,97.8945,2.0119,3.7156,3.5004,0.0,,69526.3035,69526.3035,36066.8056,431758.3447,431758.3447,2023-08-05
601128.SH,2021-12-03,6.93,1.5653,1.7272,1.21,10.5331,9.181,0.9884,2.8858,2.6277,2.886,2.886,274085.5925,263359.2913,238669.6221,1899413.156,1825079.8887,2023-08-05
000002.SZ,2021-12-03,19.27,1.1272,1.6831,1.51,5.3961,5.8428,0.9842,0.5345,0.4988,5.2756,6.4868,1162538.3375,971755.3265,650774.2474,22402113.7636,18725725.1417,2023-08-05
300929.SZ,2021-12-03,29.3,9.6964,9.6964,0.68,33.3477,33.3101,3.0709,4.1189,3.8134,,0.4096,8258.3098,1894.4647,1894.4647,241968.4771,55507.8157,2023-08-05
600182.SH,2021-12-03,13.56,0.6752,0.6752,1.12,77.3087,109.2477,4.5249,1.6448,1.4161,1.1652,0.8112,34000.0,17000.0,17000.0,461040.0,230520.0,2023-08-05
603187.SH,2021-12-03,45.49,0.4991,0.6468,0.69,41.4655,45.1249,4.8072,5.8803,4.4948,0.611,0.9291,24437.7515,24026.2127,18539.7219,1111673.3157,1092952.4157,2023-08-05
301108.SZ,2021-12-03,82.68,68.4677,68.4677,,37.3782,26.7321,4.0484,9.0368,6.0001,,,8120.9818,1925.4692,1925.4692,671442.7752,159197.7935,2023-08-05
688511.SH,2021-12-03,62.0,2.8061,2.8061,0.58,44.002,44.4275,6.0667,21.1154,23.0209,,,8000.0,1628.3266,1628.3266,496000.0,100956.2492,2023-08-05
002211.SZ,2021-12-03,3.97,1.1789,3.2907,0.57,32.5819,,3.0958,1.864,2.5644,0.0,,43247.5779,39784.8279,14253.5185,171692.8843,157945.7668,2023-08-05
688799.SH,2021-12-03,38.8,2.2839,2.2839,0.59,25.0944,23.1067,2.5594,3.8285,3.2507,,,9380.0,1912.8589,1912.8589,363944.0,74218.9253,2023-08-05
002702.SZ,2021-12-03,5.77,3.7544,5.4738,2.46,39.0589,,3.5314,1.7275,1.7111,0.8666,0.8666,48076.0,38615.5,26486.0,277398.52,222811.435,2023-08-05
300800.SZ,2021-12-03,26.6,2.0731,3.3419,0.33,24.2713,24.0902,3.2642,8.1893,7.587,0.6308,0.6182,23840.0,14480.0,8982.5,634144.0,385168.0,2023-08-05
833266.BJ,2021-12-03,12.26,0.7128,0.7306,0.79,20.9413,17.5771,1.528,3.477,2.8295,,,12800.0,6635.6,6473.1,156928.0,81352.456,2023-08-05
688393.SH,2021-12-03,30.06,0.7444,1.1265,0.69,33.1085,30.2074,2.344,7.4735,6.4077,,,9334.0,5940.46,3925.5498,280580.04,178570.2276,2023-08-05
603168.SH,2021-12-03,8.7,1.2999,2.3755,1.28,,,2.0909,7.8345,4.7477,0.1264,,32259.2499,32259.2499,17652.3806,280655.4741,280655.4741,2023-08-05
831010.BJ,2021-12-03,6.52,3.9141,4.1329,0.68,24.4719,20.0739,2.7334,3.9642,3.3862,,,23450.0,9019.1175,8541.7579,152894.0,58804.6461,2023-08-05
002407.SZ,2021-12-03,50.03,4.2684,4.6349,0.81,788.2672,49.6223,8.7335,9.1065,5.7613,0.0178,0.3982,76608.7589,61244.1722,56400.3431,3832736.2078,3064045.9352,2023-08-05
002468.SZ,2021-12-03,8.22,0.7349,1.781,0.58,346.3843,,1.4772,0.5835,0.5295,1.2165,,153080.2166,149204.5657,61565.2783,1258319.3805,1226461.5301,2023-08-05
300168.SZ,2021-12-03,12.03,0.9684,1.3463,0.92,,,9.3868,4.7491,3.6637,0.0,,118758.4762,118610.155,85316.308,1428664.4687,1426880.1647,2023-08-05
688607.SH,2021-12-03,39.59,6.3158,6.3158,1.35,46.431,37.5832,4.1069,10.2854,9.6575,,,8812.9027,1919.5298,1919.5298,348902.8179,75994.1848,2023-08-05
002716.SZ,2021-12-03,3.22,0.6064,0.861,0.77,32.0162,3.0004,3.5585,5.9061,5.9341,0.0,,221047.9088,210673.705,148387.2809,711774.2663,678369.3301,2023-08-05
002287.SZ,2021-12-03,27.09,0.3255,2.632,0.7,35.423,19.7266,4.8466,9.7351,8.7072,1.2913,1.2547,53049.5397,52828.4138,6534.245,1437112.0305,1431121.7298,2023-08-05
688239.SH,2021-12-03,64.38,3.4706,3.4706,0.76,123.9867,78.514,9.0824,13.4391,10.6419,,,14000.0,2846.5496,2846.5496,901320.0,183260.8632,2023-08-05
300280.SZ,2021-12-03,31.84,1.5767,1.9927,0.61,17.1202,11.3182,2.3254,3.6449,2.6331,0.157,0.0314,16206.5744,16047.4169,12697.4169,516017.3289,510949.7541,2023-08-05
300330.SZ,2021-12-03,9.71,2.079,2.7951,0.8,282.5321,276.3469,4.2814,5.1239,4.8816,0.0,,17115.79,16795.4579,12492.3875,166194.3209,163083.8962,2023-08-05
000035.SZ,2021-12-03,5.56,0.5597,0.888,0.44,21.4699,20.1474,1.1889,0.6417,0.6113,0.0,,252377.7297,245334.5376,154624.097,1403220.1771,1364060.0291,2023-08-05
600197.SH,2021-12-03,25.98,2.8254,4.8563,1.7,35.8606,30.2038,3.4039,6.804,5.8159,1.5519,1.5589,47194.562,47194.562,27458.2143,1226114.7208,1226114.7208,2023-08-05
603580.SH,2021-12-03,11.86,1.8913,5.7198,1.61,50.7044,42.7587,3.3753,7.982,6.2764,0.6914,0.6914,13067.32,13067.32,4320.82,154978.4152,154978.4152,2023-08-05
600516.SH,2021-12-03,12.79,5.298,8.9099,1.38,88.917,47.7021,3.3478,13.7542,10.8,0.0,3.9093,380597.0368,380597.0368,226307.6847,4867836.1007,4867836.1007,2023-08-05
300436.SZ,2021-12-03,31.13,0.3294,0.6131,0.64,333.4158,,4.6798,13.4135,13.4037,0.0,,15877.7,11401.1326,6124.4783,494272.801,354917.2578,2023-08-05
603557.SH,2021-12-03,6.29,3.6509,5.9862,1.66,,,2.0729,4.0343,4.253,6.0799,,49602.9951,49404.8951,30131.7017,312002.8392,310756.7902,2023-08-05
603861.SH,2021-12-03,10.88,1.2404,3.9333,0.52,50.2996,25.7559,1.8309,1.5642,1.4872,1.0495,0.6156,43537.6105,42068.3628,13266.894,473689.2022,457703.7873,2023-08-05
601222.SH,2021-12-03,12.84,5.259,8.5643,0.86,26.5274,29.1493,1.8426,4.5616,4.8051,0.324,0.6816,206016.9156,206016.9156,126507.5229,2645257.1963,2645257.1963,2023-08-05
600261.SH,2021-12-03,4.3,2.0089,3.476,1.63,12.8854,16.282,1.6645,1.2952,1.4308,3.846,6.7871,145210.293,145210.293,83921.9098,624404.2599,624404.2599,2023-08-05
688182.SH,2021-12-03,27.45,10.4359,10.4359,0.67,41.2264,116.9214,5.4239,10.5363,27.1387,,,40000.0,6699.5626,6699.5626,1098000.0,183902.9934,2023-08-05
000629.SZ,2021-12-03,3.76,1.1259,2.7254,0.63,143.3368,39.4999,3.1333,3.053,2.3564,0.0,,858974.6202,858939.3822,354848.6675,3229744.572,3229612.0771,2023-08-05
300433.SZ,2021-12-03,20.84,0.584,1.551,1.16,21.1691,21.7708,2.3635,2.8059,2.3145,1.0912,1.6795,497347.9998,496038.4394,186784.8961,10364732.3158,10337441.0771,2023-08-05
000813.SZ,2021-12-03,3.96,1.0904,2.9487,0.77,31.1947,52.3293,1.5984,9.2186,13.935,0.0,5.2983,224148.18,221986.9572,82087.8592,887626.7928,879068.3505,2023-08-05
600722.SH,2021-12-03,6.05,1.6476,3.7481,0.77,414.665,137.0342,3.9521,10.1871,8.4207,0.0,,68031.9676,68031.9676,29905.6699,411593.404,411593.404,2023-08-05
000600.SZ,2021-12-03,4.65,1.5727,2.7846,2.27,9.008,,0.7529,0.5859,0.5536,2.5806,3.6559,179162.6376,109004.4126,61563.3843,833106.2648,506870.5186,2023-08-05
600322.SH,2021-12-03,1.86,0.502,0.7167,0.77,,,1.0257,0.7471,1.1317,0.0,,110570.0,110570.0,77454.031,205660.2,205660.2,2023-08-05
600448.SH,2021-12-03,3.18,0.8462,1.04,1.03,112.3786,241.0258,1.3955,0.5996,0.566,0.0,,62981.9662,62981.9662,51245.5192,200282.6525,200282.6525,2023-08-05
603377.SH,2021-12-03,8.49,1.6756,2.8501,1.19,38.3667,25.0044,2.8513,7.2858,5.1627,1.8801,0.8061,72783.6901,72783.6901,42789.7201,617933.5289,617933.5289,2023-08-05
002487.SZ,2021-12-03,47.02,3.9095,7.2211,0.55,56.185,44.3671,9.1669,7.8569,5.8232,0.0552,0.017,55566.4,54564.7773,29541.0867,2612732.128,2565635.8286,2023-08-05
300263.SZ,2021-12-03,11.04,3.1266,3.906,0.83,45.4118,40.0711,3.5018,5.5329,4.8022,0.1793,0.2688,91422.1304,76791.1745,61467.8972,1009300.3196,847774.5665,2023-08-05
603421.SH,2021-12-03,7.84,0.3924,0.8982,0.4,28.284,223.1155,1.674,2.4366,2.2911,0.9526,1.0714,65319.2211,65219.0511,28492.5174,512102.6934,511317.3606,2023-08-05
688006.SH,2021-12-03,128.33,1.3518,1.3566,0.65,139.0781,171.1122,18.6915,34.6504,23.2584,,,40309.0,11090.6099,11051.1099,5172853.97,1423257.9685,2023-08-05
603258.SH,2021-12-03,28.3,1.0104,2.7565,1.01,17.6835,18.8609,2.9271,6.819,6.6329,1.5732,0.5662,24672.29,24206.07,8873.32,698225.807,685031.781,2023-08-05
300146.SZ,2021-12-03,23.67,0.9196,1.1154,0.77,26.404,23.3949,3.8738,6.6033,5.6759,1.4155,2.7499,170030.8763,101202.4042,83437.1106,4024630.842,2395460.9074,2023-08-05
601801.SH,2021-12-03,4.86,0.4052,1.746,0.83,15.7517,13.4708,0.8771,1.0923,0.9497,3.2922,3.2922,198920.4737,198920.4737,46159.5872,966753.5022,966753.5022,2023-08-05
600775.SH,2021-12-03,9.08,1.4426,2.5874,0.65,107.3183,145.1954,2.3778,2.0995,1.8346,0.1927,0.2863,91383.8529,67183.8529,37458.4583,829765.3843,610029.3843,2023-08-05
300092.SZ,2021-12-03,12.23,3.2729,4.6365,0.64,35.4102,33.1879,3.9257,3.8528,3.2443,0.1472,0.4088,23159.9,16745.9485,11821.0162,283245.577,204802.9502,2023-08-05
600710.SH,2021-12-03,6.73,2.4768,6.4526,1.78,16.1005,13.0082,1.5884,0.0892,0.0577,1.5156,3.7296,130674.9434,130674.9434,50158.035,879442.3691,879442.3691,2023-08-05
688519.SH,2021-12-03,47.34,6.6644,8.0746,1.36,81.7384,30.1788,3.8613,5.2325,2.8945,,,23440.0,8354.9496,6895.8096,1109649.6,395523.3141,2023-08-05
300818.SZ,2021-12-03,35.39,2.2748,2.6063,0.82,60.9822,22.7677,2.6302,6.7291,3.1971,0.5651,0.1978,7000.0,3145.3,2745.3,247730.0,111312.167,2023-08-05
600798.SH,2021-12-03,4.29,2.893,4.4792,1.59,31.1382,25.2304,1.3849,2.2681,2.2393,1.3986,1.3986,120653.4201,103085.0948,66578.8734,517603.1722,442235.0567,2023-08-05
300464.SZ,2021-12-03,8.97,7.3619,12.0642,0.61,14.96,,1.6421,0.5735,0.6247,0.9476,0.6689,35312.2175,30090.7726,18362.3791,316750.591,269914.2302,2023-08-05
601528.SH,2021-12-03,11.25,14.2248,14.2248,1.25,15.3732,14.0572,1.2875,5.6437,5.328,,,150935.4919,15093.5492,15093.5492,1698024.2839,169802.4285,2023-08-05
000020.SZ,2021-12-03,9.02,0.2433,0.7122,0.72,373.945,251.8028,7.3939,3.6923,3.2152,0.0,,28316.1227,18116.5391,6187.5497,255411.4268,163411.1827,2023-08-05
600652.SH,2021-12-03,2.62,1.8167,2.9057,1.36,,,1.2578,176.7744,193.1016,0.0,,83270.3498,83270.3498,52062.7918,218168.3165,218168.3165,2023-08-05
300927.SZ,2021-12-03,36.6,16.6454,16.6454,1.06,53.3643,43.6958,5.1037,6.7061,4.5457,,0.5738,8020.0,2005.0,2005.0,293532.0,73383.0,2023-08-05
600257.SH,2021-12-03,6.53,11.7029,14.9542,2.55,753.3115,167.6576,2.6781,3.3555,2.5533,0.0,,48123.7188,48123.7188,37660.5977,314247.8838,314247.8838,2023-08-05
600561.SH,2021-12-03,4.7,0.8352,1.1553,1.03,,,1.2104,0.7295,0.6896,0.0,,28447.68,23706.4,17138.7147,133704.096,111420.08,2023-08-05
300368.SZ,2021-12-03,10.62,1.6915,2.4233,0.48,87.55,123.5422,6.2964,4.1565,3.4428,0.1592,0.1592,53194.3475,50955.9738,35567.8738,564923.9705,541152.4418,2023-08-05
000553.SZ,2021-12-03,8.19,0.178,1.1104,0.87,54.0921,154.1551,0.902,0.6708,0.6351,0.1534,0.1954,232981.1766,217706.7461,34892.95,1908115.8364,1783018.2506,2023-08-05
601600.SH,2021-12-03,5.39,3.1134,5.2271,1.54,123.8215,16.3939,1.6676,0.4933,0.3703,0.0,,1702267.2951,1307870.6983,778995.2218,9175220.7206,7049423.0638,2023-08-05
300631.SZ,2021-12-03,48.79,8.2423,12.2647,0.5,70.485,83.0627,0.788,10.9764,10.3265,0.2715,0.3353,11952.0812,11713.9937,7872.2237,583142.0417,571525.7526,2023-08-05
603199.SH,2021-12-03,20.0,0.236,0.6174,0.69,40.5796,23.9385,1.7513,6.4907,4.7997,1.1,0.75,11068.0,11068.0,4230.3286,221360.0,221360.0,2023-08-05
688189.SH,2021-12-03,32.2,3.4985,6.4141,2.59,33.9003,40.592,2.8013,4.1429,5.6043,,,14000.0,9860.0,5378.0,450800.0,317492.0,2023-08-05
002429.SZ,2021-12-03,4.94,0.4159,1.0254,0.72,12.6819,10.0349,1.7161,1.1078,0.9185,0.0,,452694.0607,449630.141,182378.2713,2236308.6599,2221172.8965,2023-08-05
002411.SZ,2021-12-03,13.11,2.5223,6.0327,0.8,,,2.1916,2.889,2.7126,0.0,,153228.3909,153228.3909,64064.1791,2008824.2047,2008824.2047,2023-08-05
000869.SZ,2021-12-03,31.61,0.531,2.2298,1.61,46.0168,41.7756,2.0799,6.3814,5.5932,2.2145,1.2654,68546.4,45346.08,10798.6944,2166751.704,1433389.5888,2023-08-05
603166.SH,2021-12-03,10.13,2.5423,7.3326,1.46,32.6351,28.7982,2.529,3.6977,3.434,1.364,1.8088,64620.8651,59201.871,20525.9325,654609.3635,599714.9532,2023-08-05
600156.SH,2021-12-03,3.89,0.4786,0.8019,0.85,47.0689,,2.2545,1.7123,1.7682,0.0,,40211.0702,40211.0702,24000.639,156421.0631,156421.0631,2023-08-05
002549.SZ,2021-12-03,16.6,5.1874,15.349,1.88,143.462,90.5056,9.8405,19.9583,16.4271,0.6024,0.3012,62370.0,62110.1175,20990.9679,1035342.0,1031027.9505,2023-08-05
002373.SZ,2021-12-03,15.37,2.0187,2.5595,1.61,22.4803,27.0127,1.9812,2.5797,2.3521,0.4294,0.4533,158087.4765,136483.6251,107647.5724,2429804.5138,2097753.3178,2023-08-05
603860.SH,2021-12-03,21.08,0.5489,1.315,1.21,40.1142,40.1301,2.1422,7.8216,7.8651,0.783,0.4986,6668.0,6668.0,2783.3,140561.44,140561.44,2023-08-05
002003.SZ,2021-12-03,11.97,2.1117,3.4976,1.23,23.4358,20.6379,3.5248,3.7206,3.0441,3.2649,3.3417,77585.0428,64519.7553,38954.3206,928692.9623,772301.4709,2023-08-05
000920.SZ,2021-12-03,9.98,1.9508,3.5787,0.75,39.7497,29.0518,3.3524,3.3582,2.8194,0.7715,0.8818,42200.0,42177.96,22991.5404,421156.0,420936.0408,2023-08-05
300019.SZ,2021-12-03,23.3,3.034,5.1518,0.55,45.2802,39.9055,4.63,5.9813,4.0279,0.5438,0.8584,39113.02,33356.5636,19644.0649,911333.366,777207.9319,2023-08-05
300024.SZ,2021-12-03,10.28,0.6852,0.9258,0.65,,,3.6099,6.0306,5.8436,0.0,,156023.9617,151711.8903,112284.6732,1603926.3263,1559598.2323,2023-08-05
300772.SZ,2021-12-03,46.0,4.8772,5.3168,0.53,90.1328,42.8522,6.2777,1.3586,1.1723,0.2828,,33899.0171,19217.6171,17628.9301,1559354.7866,884010.3866,2023-08-05
600392.SH,2021-12-03,22.29,3.5405,4.7978,0.58,121.0056,38.8154,4.796,4.7961,3.7511,0.0,0.224,175516.7067,175516.7067,129522.4257,3912267.3923,3912267.3923,2023-08-05
600475.SH,2021-12-03,11.34,0.389,1.5876,0.89,13.6586,11.9697,1.1091,1.0786,0.9685,2.3754,2.3742,72682.6374,70655.4354,17311.2335,824221.1081,801232.6374,2023-08-05
000898.SZ,2021-12-03,3.8,0.794,3.0311,1.09,18.0687,4.3896,0.594,0.3542,0.2585,1.5,2.209,940525.0201,794125.2719,208014.119,3573995.0764,3017676.0332,2023-08-05
600546.SH,2021-12-03,8.26,5.9216,14.7954,2.45,19.8123,8.459,1.8614,0.4623,0.4278,0.7264,0.799,198245.614,198245.614,79344.9958,1637508.7716,1637508.7716,2023-08-05
600961.SH,2021-12-03,9.29,2.1512,3.7714,0.93,30.8451,35.0698,,0.3319,0.2992,0.0,,52745.7914,52745.7914,30085.4099,490008.4021,490008.4021,2023-08-05
603596.SH,2021-12-03,68.23,0.5283,1.8866,0.5,60.392,52.581,8.8099,9.1615,8.3312,0.1461,0.1725,40844.6,40662.6,11386.1,2786827.058,2774409.198,2023-08-05
605122.SH,2021-12-03,21.44,1.8487,1.8487,0.97,15.1619,21.9612,1.6181,3.1334,3.253,,1.9989,17235.4,4326.0,4326.0,369526.976,92749.44,2023-08-05
301012.SZ,2021-12-03,60.24,34.676,34.676,0.85,103.1168,101.041,9.1995,11.5499,10.4231,,,8400.0,1991.2152,1991.2152,506016.0,119950.8036,2023-08-05
600828.SH,2021-12-03,3.44,0.0741,0.5485,0.94,27.9702,23.9773,0.8891,1.6106,1.386,8.7209,2.907,173198.2546,173136.0181,23397.9684,595801.9958,595587.9023,2023-08-05
600077.SH,2021-12-03,2.31,0.6395,1.2603,1.38,8.7848,12.5353,0.6501,0.4323,0.3709,1.7181,0.4082,134012.2326,134012.2326,67999.431,309568.2573,309568.2573,2023-08-05
600165.SH,2021-12-03,8.87,1.3995,1.9768,0.72,290.5821,546.8038,6.4879,51.0005,44.8657,0.0,,68488.3775,68488.3775,48488.3775,607491.9084,607491.9084,2023-08-05
000682.SZ,2021-12-03,7.47,6.5592,9.7253,0.87,36.0075,32.4546,2.7098,2.6932,2.4368,0.5087,,134072.7007,116388.7207,78497.4781,1001523.0742,869423.7436,2023-08-05
002705.SZ,2021-12-03,23.42,0.6752,1.89,0.83,17.3107,24.1009,3.2343,1.4678,1.31,1.6558,2.5619,82672.778,82296.8403,29401.1742,1936196.4608,1927391.9998,2023-08-05
601368.SH,2021-12-03,5.29,0.5435,1.3943,0.31,18.8503,32.5108,1.0606,3.027,2.7267,1.7013,1.7202,88297.3077,86028.4977,33533.6638,467092.7577,455090.7528,2023-08-05
603348.SH,2021-12-03,52.04,1.2681,3.0387,0.51,162.7974,173.8264,5.2001,5.2422,3.3184,0.2546,0.2873,26216.7641,25742.7641,10742.7641,1364320.4038,1339653.4438,2023-08-05
601919.SH,2021-12-03,17.44,2.29,4.8405,0.73,28.1332,3.7916,2.494,1.6308,0.9798,0.0,,1601381.3463,1133091.7797,536064.476,27928090.6795,19761120.638,2023-08-05
300052.SZ,2021-12-03,29.6,11.7026,14.6195,0.63,,,10.9624,26.5201,22.2033,0.0676,,26326.93,26119.5753,20908.2389,779277.128,773139.4289,2023-08-05
688004.SH,2021-12-03,33.93,1.311,2.0394,0.78,41.5122,41.1192,2.6952,6.6949,6.2707,,,5680.0,3913.332,2515.6199,192722.4,132779.3548,2023-08-05
600624.SH,2021-12-03,6.53,0.5024,0.7327,0.96,,,4.046,4.7549,4.4478,0.4135,,68471.201,68471.201,46951.0874,447116.9425,447116.9425,2023-08-05
300923.SZ,2021-12-03,31.47,4.5819,4.5819,0.86,42.754,37.3036,2.224,7.0846,5.9667,,0.572,7860.0,1965.0,1965.0,247354.2,61838.55,2023-08-05
600720.SH,2021-12-03,10.14,1.6393,2.1871,1.38,5.4775,8.3472,0.9547,1.0077,1.0334,5.7199,6.7061,77629.0282,77616.2687,58177.2258,787158.3459,787028.9646,2023-08-05
300555.SZ,2021-12-03,8.87,0.9636,1.2049,0.77,520.6775,,2.812,9.4384,10.8431,0.2255,,20000.0,17679.7041,14138.9958,177400.0,156818.9754,2023-08-05
600989.SH,2021-12-03,17.0,2.7147,2.7147,1.02,26.9681,18.3625,4.306,7.827,5.9865,1.647,1.6439,733336.0,199427.0,199426.9937,12466712.0,3390259.0,2023-08-05
600562.SH,2021-12-03,16.87,1.1563,1.9634,0.78,44.9117,44.3134,4.7231,5.8106,5.9151,0.0624,0.6698,124185.784,66073.8434,38913.5505,2095014.1761,1114665.7382,2023-08-05
300388.SZ,2021-12-03,7.71,0.7952,1.9987,0.93,16.2568,16.1711,1.4616,1.3928,1.2541,1.5131,1.5162,69896.1785,69732.4714,27744.739,538899.5362,537637.3545,2023-08-05
601058.SH,2021-12-03,13.42,1.0428,1.3827,0.72,27.5649,31.1357,3.9941,2.6687,2.351,0.6568,1.118,306348.4772,255889.445,192994.0934,4111196.564,3434036.3519,2023-08-05
601798.SH,2021-12-03,5.81,0.8355,2.1705,1.12,111.3401,,1.2122,1.7454,2.1862,0.0,,35452.8198,35452.8198,13647.5461,205980.883,205980.883,2023-08-05
301055.SZ,2021-12-03,24.6,4.5384,4.5384,0.45,49.6996,43.5477,5.4308,6.7061,5.5055,,,15600.0,3328.1193,3328.1193,383760.0,81871.7348,2023-08-05
000009.SZ,2021-12-03,17.32,2.7792,3.4776,0.78,67.5047,43.2552,5.7583,4.2168,2.8233,0.1155,0.1732,257921.3965,255143.0324,203902.358,4467198.5874,4419077.3212,2023-08-05
002848.SZ,2021-12-03,8.98,1.6018,2.5604,2.21,,,5.2037,3.5917,2.5286,0.0,,16715.0,16075.9944,10057.5844,150100.7,144362.4297,2023-08-05
002221.SZ,2021-12-03,12.94,0.9624,1.5983,0.86,17.6302,18.7306,1.9544,0.7337,0.7962,1.5585,1.7062,164902.2824,153148.1294,92218.4418,2133835.5343,1981736.7944,2023-08-05
603322.SH,2021-12-03,12.46,0.4637,0.789,0.65,50.3888,222.9664,4.4203,1.3502,1.2478,0.0,,16015.0,15652.0,9199.4499,199546.9,195023.92,2023-08-05
688113.SH,2021-12-03,68.46,1.457,1.457,0.71,60.0931,53.6232,6.6052,12.1647,11.8701,,,6370.0,1520.0,1520.0,436090.2,104059.2,2023-08-05
300765.SZ,2021-12-03,17.16,31.4946,31.4946,3.62,31.2483,32.6346,3.2531,7.1119,7.028,0.2988,0.4483,54600.0,13650.0,13650.0,936936.0,234234.0,2023-08-05
301010.SZ,2021-12-03,22.52,10.4978,10.4978,0.78,40.3969,39.0532,3.2946,3.1473,3.0283,,,10800.0,2560.2586,2560.2586,243216.0,57657.0237,2023-08-05
300375.SZ,2021-12-03,4.77,4.5539,4.9744,1.04,,,1.6145,2.025,1.9814,0.0,,71112.3166,62880.8508,57566.1322,339205.7502,299941.6583,2023-08-05
002316.SZ,2021-12-03,4.06,2.742,3.1178,0.33,,,10.1337,0.4867,0.6699,0.0,,39312.0,29341.3643,25804.7493,159606.72,119125.9391,2023-08-05
603305.SH,2021-12-03,46.07,1.3132,4.798,1.16,61.881,47.4909,5.8762,12.6544,8.1255,0.0,0.7163,44703.8482,44703.8482,12234.9378,2059506.2866,2059506.2866,2023-08-05
600737.SH,2021-12-03,9.44,1.2385,2.481,1.15,38.1572,38.616,1.949,0.9556,0.8124,1.3242,0.8475,213884.8228,211109.876,105381.5155,2019072.7272,1992877.2294,2023-08-05
002795.SZ,2021-12-03,12.34,3.4727,4.4462,1.24,193.8361,611.6064,3.5052,3.868,2.7691,0.0,,20302.0,14454.4563,11289.6063,250526.68,178367.9907,2023-08-05
300575.SZ,2021-12-03,23.36,1.071,1.2417,0.41,24.6493,28.1454,3.0869,2.5975,2.4858,0.8191,1.1416,20701.575,12999.3098,11212.1865,483588.792,303663.8769,2023-08-05
300247.SZ,2021-12-03,3.81,6.8237,8.5582,1.47,,,3.6666,5.959,5.8245,0.0,,80404.0313,80302.7813,64028.3911,306339.3593,305953.5968,2023-08-05
603038.SH,2021-12-03,13.2,1.0413,2.5902,0.73,80.2931,48.0341,2.0436,3.151,2.4069,1.109,0.7424,20667.4697,18413.1867,7401.9967,272810.6,243054.0644,2023-08-05
002030.SZ,2021-12-03,19.9,2.2828,3.3505,0.57,11.4037,8.1272,4.4268,5.2289,3.7646,0.0714,1.7274,140344.6032,137113.3216,93417.9312,2792857.6037,2728555.0998,2023-08-05
600157.SH,2021-12-03,1.87,1.3838,1.6902,1.08,9.2643,8.3056,0.9876,1.8762,1.673,0.0,,2221776.4145,2221776.4145,1819047.1763,4154721.8951,4154721.8951,2023-08-05
001208.SZ,2021-12-03,16.15,10.2636,10.2636,0.73,92.1827,58.9561,6.5515,5.0818,3.7965,,0.6192,53442.4,13360.6,13360.6,863094.76,215773.69,2023-08-05
002772.SZ,2021-12-03,8.03,7.9387,9.2371,1.15,17.5357,171.789,1.0888,2.2341,2.1967,1.0229,1.0501,41264.4082,26619.6224,22877.7895,331353.1978,213755.5679,2023-08-05
600906.SH,2021-12-03,12.35,6.0525,6.0525,0.72,75.3427,55.7498,3.635,19.5512,16.4578,,0.6478,324500.0,50000.0,50000.0,4007575.0,617500.0,2023-08-05
000058.SZ,2021-12-03,6.04,1.2966,2.4191,0.77,287.8844,,3.8336,5.3171,4.2833,0.4967,0.1656,123565.6249,53828.2117,28852.0597,746336.3744,325122.3987,2023-08-05
600522.SH,2021-12-03,16.31,5.0652,6.7759,0.98,21.9854,42.408,2.1673,1.1349,0.9786,0.6032,0.6032,306617.9771,306617.9771,229206.1888,5000939.2065,5000939.2065,2023-08-05
603185.SH,2021-12-03,199.8,8.5058,8.5058,1.53,103.4956,34.4962,7.7124,18.2631,6.3567,0.1038,0.2903,27522.5954,10224.7514,10224.7514,5499014.5609,2042905.3297,2023-08-05
300725.SZ,2021-12-03,150.7,1.1019,1.2393,0.53,163.374,62.1476,12.8098,29.4403,25.0848,0.0722,0.051,19969.9696,16351.8647,14538.8551,3009474.4187,2464226.0103,2023-08-05
600753.SH,2021-12-03,19.71,7.6786,12.6881,0.75,212.8738,286.4064,14.0425,1.6982,2.5355,0.0,,23030.7175,21504.0,13013.85,453935.4419,423843.84,2023-08-05
002972.SZ,2021-12-03,18.23,0.8926,0.8927,1.1,23.395,21.0007,2.6873,8.9151,8.1914,0.8228,1.0896,17632.0,5853.8049,5853.2849,321431.36,106714.8633,2023-08-05
300670.SZ,2021-12-03,10.94,4.8548,6.5914,0.49,54.7341,80.0186,3.7049,6.3985,6.9658,0.0,0.5472,31658.7479,21148.6517,15576.7572,346346.702,231366.2496,2023-08-05
000926.SZ,2021-12-03,4.1,0.4482,0.6062,0.84,12.8791,18.492,0.3541,0.5261,0.3338,2.3844,1.176,96246.2474,94679.7682,70008.7499,394609.6143,388187.0496,2023-08-05
603900.SH,2021-12-03,7.28,1.3576,4.7273,2.39,23.7601,21.8316,1.0696,2.0196,1.7307,5.4945,4.1209,34047.384,34047.384,9777.87,247864.9555,247864.9555,2023-08-05
688697.SH,2021-12-03,18.0,7.9724,7.9724,0.81,56.5391,44.2481,4.9526,5.0491,3.7324,,,32666.67,6644.8696,6644.8696,588000.06,119607.6528,2023-08-05
603797.SH,2021-12-03,6.85,0.2656,0.7557,0.79,16.7727,16.2772,1.5808,6.6277,5.468,1.3197,2.9197,58406.1318,44980.7681,15809.6961,400082.0028,308118.2615,2023-08-05
688067.SH,2021-12-03,27.33,1.9056,1.9056,0.83,61.7416,54.0719,3.9226,10.3132,8.7337,,,6800.0,1384.0371,1384.0371,185844.0,37825.7339,2023-08-05
603738.SH,2021-12-03,64.26,2.8171,4.7776,0.74,330.6225,64.2878,8.559,20.2343,11.6841,0.1067,0.5619,19866.7067,17019.3798,10035.6026,1276634.5725,1093665.3459,2023-08-05
002497.SZ,2021-12-03,31.46,7.7546,8.1972,1.54,111.9665,47.5686,6.0122,11.1563,8.0874,0.0391,0.0472,115256.252,104224.8327,98596.8492,3625961.6879,3278913.2367,2023-08-05
000711.SZ,2021-12-03,2.73,0.9372,1.6182,1.04,,,1.4474,2.4126,2.3245,0.0,,102366.7816,82186.5026,47596.5079,279461.3138,224369.1521,2023-08-05
002073.SZ,2021-12-03,8.82,3.8866,4.6027,0.55,88.4255,54.2036,1.9143,2.7289,1.8742,0.0,,95358.6674,93393.2074,78862.3588,841063.4465,823728.0893,2023-08-05
300252.SZ,2021-12-03,10.18,4.558,6.3893,2.2,,,2.4901,2.9969,2.4268,0.0,,57715.3834,41133.9548,29344.0913,587542.603,418743.6599,2023-08-05
603928.SH,2021-12-03,13.24,6.3066,19.966,1.14,22.2814,26.8848,1.8319,1.8268,1.4623,1.5106,1.1329,20160.0,20160.0,6367.87,266918.4,266918.4,2023-08-05
600843.SH,2021-12-03,6.53,1.5142,2.3151,0.38,55.1351,35.5379,1.4748,1.5196,1.5268,0.0,,71316.648,30464.585,19925.0492,465697.7114,198933.7401,2023-08-05
600135.SH,2021-12-03,7.62,1.3053,2.2219,0.86,113.1736,74.9168,1.6154,2.0529,1.7646,0.6168,0.2756,55330.7099,42776.4817,25129.0154,421620.0094,325956.7906,2023-08-05
002239.SZ,2021-12-03,4.15,2.2129,3.3445,0.66,,,2.4851,3.6115,2.669,0.0931,,324325.8144,324322.0419,214588.1024,1345952.1298,1345936.4739,2023-08-05
603668.SH,2021-12-03,8.39,6.6192,9.7987,4.07,53.0785,50.9182,1.9721,1.0053,0.7524,0.0,,43616.4726,33904.2752,22902.872,365942.2051,284456.8689,2023-08-05
300227.SZ,2021-12-03,10.37,4.838,5.1939,1.12,39.8955,37.6649,3.6456,5.8361,5.731,0.1207,0.3798,49932.6233,39836.1072,37106.1067,517801.3036,413100.4317,2023-08-05
002149.SZ,2021-12-03,20.71,2.0936,3.2569,0.48,127.3286,69.106,3.8989,4.9824,4.3192,0.4207,0.7243,48821.4274,48813.9274,31377.9182,1011091.7615,1010936.4365,2023-08-05
600543.SH,2021-12-03,6.77,2.5767,3.9475,2.14,1169.0562,,1.899,16.3409,13.3975,0.384,,32112.0,32112.0,20961.0483,217398.24,217398.24,2023-08-05
000908.SZ,2021-12-03,3.81,0.9211,1.1615,0.65,,,6.2689,3.8181,6.688,0.0,,87977.4351,75783.7001,60099.2873,335194.0277,288735.8974,2023-08-05
600339.SH,2021-12-03,2.89,0.5929,2.1328,1.07,18.8712,15.4765,0.6414,0.2282,0.2069,1.5225,1.5917,558314.7471,558314.7471,155218.0662,1613529.6191,1613529.6191,2023-08-05
002307.SZ,2021-12-03,4.14,1.5125,1.5125,0.53,90.8556,85.3487,1.442,0.4211,0.361,0.0,,120892.1927,62914.578,62914.578,500493.6778,260466.3529,2023-08-05
301065.SZ,2021-12-03,62.85,14.4953,14.4953,0.45,48.4359,62.6146,3.6947,7.1094,6.8744,,,7068.0,1768.0,1768.0,444223.8,111118.8,2023-08-05
300265.SZ,2021-12-03,11.39,2.3768,5.6519,0.54,70.137,87.6538,3.1949,2.8328,2.3434,0.1277,0.1756,36497.1415,36463.7478,15334.1378,415702.4417,415322.0874,2023-08-05
600605.SH,2021-12-03,8.7,0.3804,0.9888,0.91,36.0941,27.859,2.0508,19.3837,16.2121,0.4105,0.8374,20628.2429,20628.2429,7935.8575,179465.7132,179465.7132,2023-08-05
688521.SH,2021-12-03,77.15,1.8924,1.8924,1.04,,1000.6136,14.3074,25.3645,19.4287,,,49516.8791,20403.6044,20403.6044,3820227.2226,1574138.0795,2023-08-05
688187.SH,2021-12-03,83.0,3.2431,3.2431,0.87,47.4853,53.9061,3.6169,7.3312,8.0071,,,141623.6912,15848.8549,15848.8549,11754766.3696,1315454.9567,2023-08-05
300200.SZ,2021-12-03,10.13,0.9516,1.7023,0.66,18.5337,21.4824,2.3946,4.4917,3.8192,2.472,2.9615,42552.4433,41496.9787,23197.2445,431056.2506,420364.3942,2023-08-05
600010.SH,2021-12-03,2.87,2.7151,4.195,0.68,322.2724,32.5716,2.3065,2.2075,1.6379,0.0,,4558503.2648,3167721.1587,2050224.0111,13082904.37,9091359.7255,2023-08-05
603030.SH,2021-12-03,3.55,0.9141,1.5341,0.68,15.4504,,0.9397,0.3796,0.4344,1.0227,0.767,58005.2866,53813.6702,32065.8701,205918.7674,191038.5292,2023-08-05
300735.SZ,2021-12-03,15.82,5.0317,10.6449,1.58,38.4524,48.7262,2.8493,5.3621,4.5031,1.3545,1.2451,77462.112,75039.1959,35470.0299,1225450.6118,1187120.0791,2023-08-05
600699.SH,2021-12-03,23.83,7.2483,11.5684,2.3,52.9095,35.5805,2.2559,0.6808,0.6776,0.2637,0.6253,136808.4624,136808.4624,85718.6883,3260145.659,3260145.659,2023-08-05
600538.SH,2021-12-03,6.31,7.6343,9.0859,0.78,1033.4685,202.8445,3.6167,12.356,8.4598,0.0,,52419.8348,46440.1185,39020.8164,330769.1576,293037.1477,2023-08-05
300474.SZ,2021-12-03,173.0,3.0937,4.3824,0.73,250.9993,167.9245,19.0081,79.713,52.0595,0.0694,0.0751,30123.7772,15934.8581,11249.1599,5211413.4556,2756730.4513,2023-08-05
300473.SZ,2021-12-03,27.77,5.2347,8.6958,0.77,,,1.761,1.1064,0.9932,0.3648,,13491.8545,13282.4182,7995.6865,374668.7995,368852.7534,2023-08-05
600727.SH,2021-12-03,10.92,6.0589,8.0141,0.8,25.0058,13.0497,1.9664,1.9693,1.4678,0.0,2.7473,52858.3135,43961.8037,33236.4133,577212.7834,480062.8964,2023-08-05
002417.SZ,2021-12-03,4.82,2.1313,2.3127,1.2,77.3818,,5.4698,2.7009,4.057,0.0,,27000.0,22413.5971,20655.2068,130140.0,108033.538,2023-08-05
002871.SZ,2021-12-03,10.47,1.0314,1.663,0.74,30.5578,32.1837,2.8322,5.1405,4.5654,2.9652,2.9641,16918.6,8603.2783,5335.7334,177137.742,90076.3238,2023-08-05
600846.SH,2021-12-03,8.05,0.4959,0.7869,0.83,8.4385,8.5052,1.564,0.798,0.7967,4.2236,3.9752,62476.1516,62476.1516,39372.4688,502933.0204,502933.0204,2023-08-05
600928.SH,2021-12-03,4.28,0.712,0.7168,1.26,6.9009,6.804,0.7116,2.665,2.6072,4.3224,4.4393,444444.4445,115563.5387,114789.9488,1902222.2225,494611.9456,2023-08-05
002902.SZ,2021-12-03,15.85,11.0739,12.319,0.8,766.3084,179.6672,3.1068,1.9708,1.5011,0.3155,,21000.0,13224.9535,11888.25,332850.0,209615.513,2023-08-05
301019.SZ,2021-12-03,44.74,4.7254,4.7254,0.67,34.2816,30.3041,3.7607,8.3328,7.2861,,,8000.0,2000.0,2000.0,357920.0,89480.0,2023-08-05
300640.SZ,2021-12-03,6.13,7.6292,9.3184,0.89,45.0804,79.565,2.6084,3.1383,2.402,2.26,0.8157,28685.0254,18781.16,15376.46,175839.2057,115128.5108,2023-08-05
002460.SZ,2021-12-03,160.4,2.4438,2.7396,0.63,225.0229,72.8052,11.93,41.7401,26.5489,0.1778,0.187,143747.888,85945.2531,76666.0337,23057161.2352,13785618.5972,2023-08-05
002520.SZ,2021-12-03,11.65,5.6146,8.4842,0.7,93.2108,67.7727,2.7548,5.2507,4.7518,0.3314,0.4198,86289.9328,55170.9638,36510.2759,1005277.7171,642741.7283,2023-08-05
000040.SZ,2021-12-03,3.82,5.6564,6.6376,1.84,,,0.4735,1.6362,1.5014,0.0,,148687.387,106034.057,90359.3856,567985.8183,405050.0977,2023-08-05
688111.SH,2021-12-03,253.77,1.0416,1.3271,1.67,133.2223,103.4599,15.5849,51.7424,37.3748,,,46100.0,21800.0,17109.3623,11698797.0,5532186.0,2023-08-05
600905.SH,2021-12-03,6.86,8.4721,8.4721,1.88,54.2779,40.8512,2.966,17.322,13.6444,,0.5525,2857100.0,694945.7019,694945.7019,19599706.0,4767327.515,2023-08-05
600346.SH,2021-12-03,21.21,0.4098,1.2715,1.19,11.0906,9.1718,2.7525,0.9798,0.7445,1.8795,3.6217,703909.9786,703909.9786,226899.1978,14929930.6461,14929930.6461,2023-08-05
600104.SH,2021-12-03,20.52,0.3695,1.1426,1.11,11.7343,9.9343,0.8851,0.3316,0.3086,4.2885,2.9935,1168346.1365,1168346.1365,377870.0404,23974462.721,23974462.721,2023-08-05
300319.SZ,2021-12-03,15.65,4.8659,6.9089,0.79,374.4667,68.1926,3.6501,5.7357,4.1649,0.0,,85364.2794,65843.761,46373.5311,1335950.9726,1030454.8597,2023-08-05
603220.SH,2021-12-03,16.42,2.3829,3.7974,0.55,97.4176,40.4153,3.3887,2.6837,2.1001,0.9135,0.4213,33776.0,33402.1919,20959.8219,554601.92,548463.991,2023-08-05
300695.SZ,2021-12-03,61.28,2.658,10.6266,1.56,25.5616,33.6721,2.124,8.6962,6.8096,4.8956,,6667.77,6667.77,1667.77,408600.9456,408600.9456,2023-08-05
300214.SZ,2021-12-03,7.63,1.534,2.3897,1.26,17.3511,22.5022,1.5593,1.5793,1.4108,0.7013,0.9936,47081.2614,36447.3836,23396.1435,359230.0245,278093.5369,2023-08-05
600735.SH,2021-12-03,7.4,6.82,13.8298,1.35,62.1963,47.3862,2.8749,2.239,2.0676,0.8514,0.4865,37599.2296,37599.2296,18541.6835,278234.299,278234.299,2023-08-05
300446.SZ,2021-12-03,9.19,1.024,1.492,1.02,,287.3539,2.8686,14.2089,10.4144,0.2473,,20262.0,19772.8816,13570.5062,186207.78,181712.7819,2023-08-05
601989.SH,2021-12-03,4.19,0.4675,0.9623,1.16,,,1.12,2.7371,2.731,0.0,,2280203.5324,2208380.3282,1072993.2012,9554052.8008,9253113.5752,2023-08-05
688272.SH,2021-12-03,61.76,6.4094,6.4094,0.5,54.6543,51.4263,7.2248,14.3399,14.0102,,,7600.0,1545.8031,1545.8031,469376.0,95468.7995,2023-08-05
605001.SH,2021-12-03,8.17,0.5904,0.8126,1.21,19.4125,175.157,1.1925,2.7604,3.816,,1.8831,39288.6,23933.8667,17388.6767,320987.862,195539.6909,2023-08-05
600796.SH,2021-12-03,6.0,2.2145,3.3463,0.99,352.0708,86.2354,2.9432,4.2096,3.4915,0.0,,30140.2144,30140.2144,19945.6541,180841.2864,180841.2864,2023-08-05
002979.SZ,2021-12-03,27.7,1.6248,1.8407,0.76,47.4696,38.3719,8.071,8.8272,7.0768,1.7428,1.2449,30160.0,15726.8317,13882.2187,835432.0,435633.2381,2023-08-05
600760.SH,2021-12-03,74.9,1.0662,3.4493,1.5,99.2061,82.812,13.2849,5.3758,4.4068,0.143,0.309,196054.4999,195906.2237,60557.538,14684482.0425,14673376.1551,2023-08-05
002907.SZ,2021-12-03,12.79,0.7041,3.388,0.48,43.1053,45.129,4.335,5.8218,5.6903,0.3441,0.2189,40168.8625,28428.9871,5908.2426,513759.7514,363606.745,2023-08-05
003042.SZ,2021-12-03,24.76,2.0888,2.0888,0.54,26.2128,39.4956,1.7228,1.7305,1.7187,,,10960.0,2740.0,2740.0,271369.6,67842.4,2023-08-05
002475.SZ,2021-12-03,38.63,0.7054,1.1529,1.07,37.6834,37.6311,8.4531,2.9435,2.3887,0.2367,0.2842,704840.6277,703749.4534,430595.6898,27227993.4481,27185841.3848,2023-08-05
600361.SH,2021-12-03,5.44,0.8232,1.8284,1.1,35.1251,,1.725,0.3793,0.377,1.2868,1.4706,66580.7918,66580.7918,29975.1147,362199.5074,362199.5074,2023-08-05
603100.SH,2021-12-03,19.94,1.3336,3.0859,1.17,20.6638,13.1087,2.5906,1.8518,1.5212,1.003,1.5045,39500.0,39500.0,17070.0611,787630.0,787630.0,2023-08-05
300865.SZ,2021-12-03,26.72,1.4457,1.6279,0.71,39.3679,52.0627,2.8056,4.2131,3.5246,,0.7635,9568.0,2816.6655,2501.2987,255656.96,75261.3022,2023-08-05
300096.SZ,2021-12-03,7.97,2.2619,3.0623,0.6,298.6238,,5.6487,3.2606,3.9783,0.0627,0.0627,43000.0,37651.0755,27810.6125,342710.0,300079.0717,2023-08-05
600038.SH,2021-12-03,77.3,1.9581,4.392,1.59,60.1397,51.4158,4.9116,2.3183,2.1036,0.3881,0.5019,58947.6716,58947.6716,26281.1332,4556655.0147,4556655.0147,2023-08-05
600128.SH,2021-12-03,6.71,0.9421,1.2703,0.9,51.6069,83.2843,0.867,0.3744,0.3167,0.7452,1.1923,24676.75,24676.75,18301.9029,165580.9925,165580.9925,2023-08-05
603698.SH,2021-12-03,16.89,1.0153,3.7217,1.08,50.4803,45.726,3.0616,4.3723,4.2209,0.5151,0.598,53599.0,53599.0,14621.3927,905287.11,905287.11,2023-08-05
002730.SZ,2021-12-03,10.81,3.1065,8.1588,1.15,61.8601,55.8425,3.3943,4.3163,4.0907,0.9251,0.7401,32267.4,30662.4,11674.9,348810.594,331460.544,2023-08-05
002284.SZ,2021-12-03,10.21,4.9032,8.5321,0.73,460.3984,89.2341,3.003,2.5785,2.1599,0.0,,73768.2304,68605.8271,39426.1015,753173.6324,700465.4947,2023-08-05
002537.SZ,2021-12-03,7.11,12.2934,21.2868,0.81,39.1663,24.3725,1.9597,1.3199,1.0997,0.0,,117401.6745,117395.217,67797.27,834725.9057,834679.9929,2023-08-05
600593.SH,2021-12-03,12.81,0.7604,1.4154,1.25,,,3.4875,14.4453,6.6638,0.0,,12880.0,12880.0,6919.3736,164992.8,164992.8,2023-08-05
000809.SZ,2021-12-03,3.02,1.5482,2.3563,0.76,,,0.8358,13.2297,13.4526,0.0,,82479.1293,82479.1293,54193.3793,249086.9705,249086.9705,2023-08-05
601882.SH,2021-12-03,25.64,0.5424,2.2481,0.59,96.8308,42.9697,8.7043,8.2007,5.2812,0.1755,0.9282,52200.0,52200.0,12594.0,1338408.0,1338408.0,2023-08-05
000564.SZ,2021-12-03,4.84,1.3047,1.442,1.01,,,1.1563,13.105,16.3591,0.0,,598200.4024,200595.2559,181497.9639,2895289.9476,970881.0386,2023-08-05
000617.SZ,2021-12-03,5.0,0.108,0.6473,1.2,8.0586,9.1559,0.6849,77.1558,84.9575,3.7,3.74,1264207.9079,1264207.9079,211014.3133,6321039.5395,6321039.5395,2023-08-05
002578.SZ,2021-12-03,4.14,1.6027,2.7043,1.01,65.1326,75.4484,2.8051,2.5676,2.1768,0.0,0.6884,98809.3296,88588.1674,52502.775,409070.6245,366755.013,2023-08-05
300396.SZ,2021-12-03,18.09,1.7692,4.7262,0.69,18.6968,26.5786,2.9718,5.3278,5.8391,2.7449,2.7076,27603.0,24954.708,9341.864,499338.27,451430.6677,2023-08-05
002286.SZ,2021-12-03,14.05,4.2928,6.0832,1.13,104.0484,33.1464,2.9845,2.5251,2.004,0.2135,0.427,36925.6,36925.3413,26057.2519,518804.68,518801.0453,2023-08-05
002574.SZ,2021-12-03,4.7,0.7568,1.6064,0.82,,,0.805,0.9888,0.7343,0.6383,,52800.0,52800.0,24873.9502,248160.0,248160.0,2023-08-05
300131.SZ,2021-12-03,7.53,3.8946,4.0398,0.69,29.9452,404.325,5.356,0.773,1.2896,0.0,,106952.6426,93350.8335,89995.9971,805353.3988,702931.7763,2023-08-05
600829.SH,2021-12-03,5.99,0.3411,1.3548,0.67,23.9119,14.5377,1.6104,0.4339,0.3641,0.0,2.0033,57988.8597,57988.8597,14599.4243,347353.2696,347353.2696,2023-08-05
300343.SZ,2021-12-03,20.9,7.6654,7.7406,0.63,,444.9287,29.6085,13.8251,14.9895,0.0,,114991.9588,94046.2306,93131.9678,2403331.9389,1965566.2195,2023-08-05
300683.SZ,2021-12-03,49.88,0.4362,0.8896,0.39,,1472.2584,2.643,11.6205,10.7247,0.2715,,12210.4165,9505.779,4660.779,609055.575,474148.2565,2023-08-05
600090.SH,2021-12-03,1.26,8.4444,13.2913,2.15,,,0.4786,2.0295,,0.0,,143966.2945,143966.2945,91466.6462,181397.5311,181397.5311,2023-08-05
600530.SH,2021-12-03,3.81,0.4536,0.9765,0.61,32.0686,48.0384,3.4519,8.9325,8.6826,0.0,,78000.0,78000.0,36230.224,297180.0,297180.0,2023-08-05
603577.SH,2021-12-03,9.0,0.5883,1.251,0.46,28.8038,35.8884,1.7325,1.5757,1.4252,0.5937,1.0483,33913.91,24502.8,11522.0603,305225.19,220525.2,2023-08-05
300022.SZ,2021-12-03,5.05,29.7808,36.0079,2.93,,,30.835,0.769,0.7691,0.0,,38024.038,34524.4434,28553.8885,192021.3919,174348.4392,2023-08-05
301013.SZ,2021-12-03,27.18,4.3015,4.3015,0.42,49.9219,109.8685,4.7081,8.9293,9.9364,,,15582.8704,3324.6306,3324.6306,423542.4175,90363.4597,2023-08-05
830964.BJ,2021-12-03,4.82,0.3285,0.3984,0.33,22.7741,21.3266,1.5235,2.4495,2.208,,,26120.8,17105.2917,14104.0073,125902.256,82447.506,2023-08-05
300354.SZ,2021-12-03,40.46,3.1664,4.0886,0.98,111.136,68.9548,12.3861,27.264,21.7866,0.1236,0.2719,13832.0201,7858.3182,6085.8599,559643.5332,317947.5544,2023-08-05
600455.SH,2021-12-03,23.08,2.9462,4.0544,0.89,49.7995,40.8037,6.9732,6.9866,6.2292,0.0,,6245.8,6245.8,4538.5716,144153.064,144153.064,2023-08-05
600525.SH,2021-12-03,6.16,0.7877,1.1343,0.71,61.4773,,1.8686,1.2999,1.3098,0.0,,130577.5152,130577.5152,90680.6744,804357.4936,804357.4936,2023-08-05
600380.SH,2021-12-03,11.62,0.7593,1.4329,1.15,19.7603,18.425,1.9569,1.6374,1.4422,1.393,1.3038,190535.7843,190535.7843,100970.419,2214025.8136,2214025.8136,2023-08-05
001205.SZ,2021-12-03,24.4,13.0217,13.0217,2.2,26.2435,22.2274,2.2916,6.1133,5.2171,,,12026.6667,3006.6667,3006.6667,293450.6675,73362.6675,2023-08-05
300486.SZ,2021-12-03,12.01,1.4209,2.2183,1.2,47.1546,43.9031,3.1693,4.7193,3.8124,0.2035,0.222,40650.9381,37792.3209,24207.8812,488217.7666,453885.774,2023-08-05
688389.SH,2021-12-03,21.89,0.9447,1.098,0.57,64.2034,53.336,7.8045,16.6876,13.1171,,,42220.0,15783.132,13580.1754,924195.8,345492.7595,2023-08-05
600977.SH,2021-12-03,11.78,0.2106,0.6452,0.52,,83.0813,1.9773,7.4563,3.8436,2.6995,,186700.0,186700.0,60931.75,2199326.0,2199326.0,2023-08-05
601218.SH,2021-12-03,6.24,5.3229,8.1831,0.61,26.0874,31.1603,2.2928,2.9768,3.0429,0.211,3.1984,97736.0,97736.0,63574.5412,609872.64,609872.64,2023-08-05
300926.SZ,2021-12-03,28.99,21.4069,21.4069,0.74,61.2264,51.828,4.4664,7.5086,6.1398,,0.1725,14213.34,3553.34,3553.34,412044.7266,103011.3266,2023-08-05
300046.SZ,2021-12-03,26.12,4.7377,6.4302,0.9,191.6042,108.5706,5.9353,15.9131,13.5138,0.0,,23653.1371,23653.1371,17427.3371,617819.9411,617819.9411,2023-08-05
300282.SZ,2021-12-03,4.17,4.0209,5.5271,0.97,,,0.9167,4.3692,3.8398,0.4832,,37430.6455,37356.8058,27176.774,156085.7917,155777.8802,2023-08-05
600053.SH,2021-12-03,15.47,0.5654,2.1358,0.91,77.3043,320.5111,2.44,19.9404,33.2091,0.0,,43354.08,43354.08,11476.495,670687.6176,670687.6176,2023-08-05
300224.SZ,2021-12-03,19.67,11.5879,22.2323,0.83,121.2694,73.5501,6.0277,8.257,5.3588,0.992,1.0168,82021.6556,81203.4136,42324.6688,1613365.9657,1597271.1455,2023-08-05
002514.SZ,2021-12-03,5.07,8.475,19.6008,1.44,,,4.5051,5.6677,4.7406,0.0,,55403.4264,39732.9055,17179.736,280895.3718,201445.8309,2023-08-05
600880.SH,2021-12-03,3.67,0.4995,0.7749,0.84,46.8411,46.3114,1.3547,8.33,6.0892,0.545,0.8174,109333.2092,109303.0175,70454.3762,401252.8778,401142.0742,2023-08-05
300140.SZ,2021-12-03,7.27,3.0949,4.5046,0.99,,,1.7861,1.649,2.2537,0.0,,42724.4052,38565.9584,26496.9061,310606.4258,280374.5176,2023-08-05
300100.SZ,2021-12-03,10.86,5.0825,9.8427,0.87,48.1067,328.6768,2.3739,1.221,1.0784,0.0,,40214.9793,38119.7866,19684.0415,436734.6752,413980.8825,2023-08-05
688196.SH,2021-12-03,58.19,2.2145,2.2145,0.74,28.8284,28.0476,3.0028,4.3686,2.9378,,,12000.0,3000.0,3000.0,698280.0,174570.0,2023-08-05
300483.SZ,2021-12-03,19.0,2.9121,3.7784,0.91,47.349,52.624,1.819,3.3445,2.8988,0.1328,,26853.1716,21534.67,16597.1307,510210.2604,409158.73,2023-08-05
600367.SH,2021-12-03,20.15,11.345,17.7489,1.01,107.2381,28.7619,3.9095,4.2893,3.0525,0.1311,0.0993,29326.04,29120.0,18613.2664,590919.706,586768.0,2023-08-05
600251.SH,2021-12-03,8.7,0.9194,1.658,0.81,27.5307,27.9235,2.5672,2.4554,1.3456,0.0,0.4037,78157.1483,77699.3583,43085.8715,679967.1902,675984.4172,2023-08-05
002943.SZ,2021-12-03,40.3,12.6866,19.7529,0.75,,,5.2324,11.0323,10.3664,0.1241,,10000.0,9969.91,6403.2875,403000.0,401787.373,2023-08-05
688314.SH,2021-12-03,71.49,2.3832,2.3832,0.58,79.1964,56.9836,8.5707,25.2836,20.5305,,,5802.798,1233.35,1233.35,414842.029,88172.1915,2023-08-05
002991.SZ,2021-12-03,55.07,1.2099,1.4868,0.79,28.6347,38.757,3.7517,4.3787,4.1595,1.943,1.3619,9321.5831,4078.8851,3319.0762,513339.5813,224624.2025,2023-08-05
002002.SZ,2021-12-03,6.17,5.4243,6.5974,0.87,23.6588,12.3432,1.8549,3.5694,2.7009,0.8,0.1468,312046.7843,311658.5807,256239.8842,1925328.6591,1922933.4429,2023-08-05
300428.SZ,2021-12-03,20.08,6.8395,9.7794,1.02,28.6391,25.875,2.4962,0.9251,0.7102,0.4062,0.4067,61695.6965,19216.5043,13439.5843,1238849.5857,385867.4063,2023-08-05
600935.SH,2021-12-03,9.14,71.0905,71.0905,8.27,52.2542,38.7682,5.2393,6.3098,5.2778,,,350740.1812,38599.0,38599.0,3205765.2562,352794.86,2023-08-05
002591.SZ,2021-12-03,5.28,1.0916,1.3788,0.91,,,2.1382,4.9866,3.1509,0.0,,30019.9484,21667.9971,17154.9982,158505.3276,114407.0247,2023-08-05
600820.SH,2021-12-03,5.23,0.7784,1.3342,1.25,7.2527,6.9643,0.6897,0.3045,0.2692,4.0153,4.2065,314409.6094,314409.6094,183437.7463,1644362.2572,1644362.2572,2023-08-05
301169.SZ,2021-12-03,41.31,15.5506,15.5506,0.53,58.7936,56.8046,4.6746,7.8871,7.2154,,,7223.9774,1805.9944,1805.9944,298422.5064,74605.6287,2023-08-05
600139.SH,2021-12-03,2.27,2.2527,2.8419,1.2,,,,10.4984,11.7327,0.0,,66189.0508,66189.0508,52466.8471,150249.1453,150249.1453,2023-08-05
000690.SZ,2021-12-03,5.63,1.9646,2.3592,1.72,6.7388,10.1029,1.1049,1.711,1.4494,3.5524,5.3286,217588.7862,208180.3575,173366.1517,1225024.8663,1172055.4127,2023-08-05
000733.SZ,2021-12-03,115.81,0.9184,1.3695,0.75,98.4522,49.5696,8.6971,15.0946,11.6294,0.0432,0.1295,51480.5618,51480.5618,34523.2274,5961963.8621,5961963.8621,2023-08-05
600551.SH,2021-12-03,7.34,0.3288,0.9332,0.72,13.8279,9.4489,0.7454,0.5755,0.4713,0.0,2.1785,50582.5296,50582.5296,17820.0633,371275.7673,371275.7673,2023-08-05
002020.SZ,2021-12-03,8.77,0.7962,0.9478,0.57,12.1574,11.1869,1.7145,2.4369,2.4129,2.9169,2.9148,90531.8938,70069.0565,58859.255,793964.7086,614505.6255,2023-08-05
300757.SZ,2021-12-03,59.9,4.6382,5.5201,0.8,,,7.0258,12.505,6.0818,0.3039,,11027.9436,5486.78,4610.2308,660573.8216,328658.122,2023-08-05
603011.SH,2021-12-03,6.28,5.9665,13.2861,0.82,109.2725,58.9318,1.6252,3.3778,2.6631,0.3128,,45070.8094,44894.9194,20161.2592,283044.683,281940.0938,2023-08-05
300484.SZ,2021-12-03,18.81,13.7441,15.9613,1.39,75.0654,64.9581,6.3119,9.7641,8.3374,0.0,0.3948,20800.0,15304.4978,13178.561,391248.0,287877.6036,2023-08-05
688383.SH,2021-12-03,138.26,3.8126,3.8126,0.88,131.3294,71.7299,12.0243,20.0488,13.9205,,,10213.36,2425.692,2425.692,1412099.1536,335376.1759,2023-08-05
688093.SH,2021-12-03,39.45,0.7983,0.7983,0.51,52.6322,38.6231,5.7086,20.6271,16.281,,,17200.0,4226.9,4226.9,678540.0,166751.205,2023-08-05
600508.SH,2021-12-03,10.52,1.6258,4.3273,2.23,11.3738,11.0235,0.7074,0.9933,0.8243,2.2719,2.6426,72271.8,72271.8,27152.6667,760299.336,760299.336,2023-08-05
603078.SH,2021-12-03,29.67,3.312,5.3471,0.96,99.9176,134.1338,5.1621,10.3131,8.3662,0.1878,0.3111,19597.2241,19597.2241,12138.686,581449.639,581449.639,2023-08-05
300455.SZ,2021-12-03,10.74,1.5257,2.4658,1.09,49.8551,54.8873,4.9553,6.7909,6.0442,0.4655,0.4655,71776.7936,55590.6626,34396.8851,770882.7633,597043.7163,2023-08-05
603598.SH,2021-12-03,8.79,0.913,2.1578,0.65,23.0521,44.3847,4.8801,0.4207,0.3909,0.0,,26786.29,26786.29,11333.79,235451.4891,235451.4891,2023-08-05
002797.SZ,2021-12-03,7.13,1.3129,1.8566,1.17,36.8691,34.1296,2.0907,9.6041,8.6535,0.2922,0.561,420240.0,413240.0,292230.2834,2996311.2,2946401.2,2023-08-05
000584.SZ,2021-12-03,5.49,1.6397,2.1846,1.14,732.2723,,1.8082,2.5821,2.5422,0.2202,,76093.7577,73529.5203,55191.1226,417754.7298,403677.0664,2023-08-05
688256.SH,2021-12-03,94.03,1.5676,2.5279,0.8,,,6.3392,81.9768,71.8218,,,40010.0,24026.7995,14899.4179,3762140.3,2259239.957,2023-08-05
002476.SZ,2021-12-03,4.94,1.0521,1.3382,0.81,229.3385,195.4366,3.6016,6.7587,4.8962,0.0,,61200.0,61194.8625,48110.5419,302328.0,302302.6208,2023-08-05
300578.SZ,2021-12-03,25.48,1.3036,2.443,0.46,42.3021,78.9329,2.6354,6.4618,6.7724,0.3763,0.3415,19984.144,16146.5512,8615.9675,509195.9891,411414.1246,2023-08-05
002495.SZ,2021-12-03,2.44,1.6581,2.05,0.96,234.1713,69.1277,1.8861,9.3821,7.5378,0.0,0.3279,93562.56,71393.4903,57743.6991,228292.6464,174200.1163,2023-08-05
688776.SH,2021-12-03,209.01,2.7538,2.7538,1.17,169.598,107.5866,10.3211,36.2918,30.8163,,,7741.6728,1593.4346,1593.4346,1618087.0319,333043.7657,2023-08-05
603023.SH,2021-12-03,4.76,2.1777,4.7435,2.87,170.4651,350.8017,3.5336,31.6468,38.5128,1.6949,,56207.9807,56207.9807,25804.8327,267549.9881,267549.9881,2023-08-05
002327.SZ,2021-12-03,8.78,0.5078,0.6524,0.7,14.101,13.0275,2.1072,2.5339,2.3013,5.7879,5.6783,82945.9027,49095.8703,38214.9965,728265.0257,431061.7412,2023-08-05
688305.SH,2021-12-03,118.35,3.9535,3.9535,0.88,304.729,156.4997,13.6551,54.1898,44.9359,,,9072.0,1846.5866,1846.5866,1073671.2,218543.5241,2023-08-05
001872.SZ,2021-12-03,17.64,2.4222,6.4517,6.15,16.419,10.5182,0.8677,2.6874,2.2845,2.6077,2.1542,192236.5124,59382.007,22294.207,3391052.0787,1047498.6035,2023-08-05
000877.SZ,2021-12-03,13.75,1.8698,2.8986,1.2,75.7101,11.1915,0.6501,13.2067,0.9484,0.4659,0.4385,834880.5927,88009.3104,56771.1495,11479608.1496,1210128.018,2023-08-05
600664.SH,2021-12-03,3.14,0.7303,1.3727,1.26,,,2.0135,0.733,0.614,0.0,,251837.6076,250695.5076,133371.8053,790770.0879,787183.8939,2023-08-05
002505.SZ,2021-12-03,4.11,1.6344,2.8642,0.71,1418.1784,465.3248,4.5207,1.9484,1.6585,0.0,,637426.1088,637423.4838,363729.7956,2619821.3072,2619810.5184,2023-08-05
603085.SH,2021-12-03,8.1,3.5163,6.3373,0.51,59.353,50.9722,2.8274,2.1004,1.7854,0.0,,37022.5434,37022.5434,20542.1621,299882.6015,299882.6015,2023-08-05
002978.SZ,2021-12-03,44.23,2.2562,3.3506,0.93,25.317,12.9612,3.8924,10.8384,7.916,0.5652,3.9566,40100.0,9500.0,6397.0308,1773623.0,420185.0,2023-08-05
688098.SH,2021-12-03,11.16,0.5235,0.6851,0.74,35.3844,54.5714,3.1199,13.5693,14.8796,,,41064.4,26355.7183,20141.8733,458278.704,294129.8162,2023-08-05
600297.SH,2021-12-03,2.56,0.6885,1.4627,1.06,13.6993,11.3403,0.5079,0.1311,0.1211,0.0,,811102.2766,811102.2766,381797.1054,2076421.8281,2076421.8281,2023-08-05
300432.SZ,2021-12-03,35.49,3.1624,5.795,0.75,79.8921,83.5766,11.2874,14.3032,11.3072,0.0,,74338.2248,72545.7267,39588.6335,2638263.5982,2574647.8406,2023-08-05
002246.SZ,2021-12-03,7.19,0.4717,0.9561,0.62,43.7746,41.2789,1.4729,1.6737,1.4857,0.765,0.5563,54903.4794,54903.4794,27090.1831,394756.0169,394756.0169,2023-08-05
000952.SZ,2021-12-03,7.28,0.5983,0.7138,0.69,33.8409,25.0082,1.7707,3.6708,3.8769,0.7944,0.8171,34699.5039,30944.3612,25939.065,252612.3884,225274.9495,2023-08-05
837344.BJ,2021-12-03,23.79,0.5944,0.5944,0.64,80.5772,80.2891,5.5534,15.764,15.3935,,,12181.0,3182.9207,3182.9207,289785.99,75721.6835,2023-08-05
002832.SZ,2021-12-03,22.9,1.6546,2.2341,2.44,26.2737,21.356,4.5855,6.5007,5.5353,1.2237,1.3096,55003.498,36874.528,27309.2585,1259580.1042,844426.6912,2023-08-05
605499.SH,2021-12-03,191.26,2.6269,2.6269,1.05,94.2117,69.2954,18.9315,15.4292,11.8154,,0.7843,40001.0,4001.0,4001.0,7650591.26,765231.26,2023-08-05
600630.SH,2021-12-03,5.16,0.4795,0.6857,0.59,,,1.4166,0.6737,0.6852,0.0,,42486.1597,42486.1597,29705.04,219228.5841,219228.5841,2023-08-05
600807.SH,2021-12-03,3.96,1.5207,2.067,1.8,,,13.2479,3.2161,2.9054,0.0,,88463.4731,78701.8464,57900.8706,350315.3535,311659.3117,2023-08-05
601328.SH,2021-12-03,4.62,0.1625,0.2447,0.96,4.3832,3.8155,0.4458,1.3936,1.3157,6.8182,6.8615,7426272.6645,3925086.4015,2607243.9569,34309379.71,18133899.1749,2023-08-05
600559.SH,2021-12-03,23.65,5.0003,6.7032,1.94,67.8841,64.4967,5.9303,5.8983,5.4834,0.6342,0.6342,89728.7444,89728.7444,66934.3412,2122084.8051,2122084.8051,2023-08-05
300420.SZ,2021-12-03,3.94,3.5975,4.3236,1.21,29.6364,46.5151,1.6705,2.6959,2.6471,0.0,0.5857,111638.3561,103689.4394,86276.466,439855.123,408536.3912,2023-08-05
601588.SH,2021-12-03,2.32,0.3057,0.592,1.1,28.8274,17.5713,0.536,0.4341,0.2573,6.4655,1.2931,336702.0,266000.0,137369.9969,781148.64,617120.0,2023-08-05
603967.SH,2021-12-03,12.63,1.5567,1.5567,0.88,19.107,16.5482,1.6497,0.6535,0.3316,2.9691,2.9691,26666.67,9330.67,9330.67,336800.0421,117846.3621,2023-08-05
000159.SZ,2021-12-03,6.31,2.0079,3.6942,0.87,34.1897,36.0904,1.3397,5.498,3.5715,0.317,0.317,48068.5993,48068.5993,26126.8217,303312.8616,303312.8616,2023-08-05
688030.SH,2021-12-03,29.53,1.2847,1.8075,0.84,88.3536,61.57,3.7918,7.3368,5.833,,,18022.3454,10016.5766,7119.0166,532199.8597,295789.507,2023-08-05
002418.SZ,2021-12-03,4.13,3.8951,6.0773,0.62,222.1603,73.3748,3.2251,1.9952,1.7584,0.0,,113640.0,113592.975,72804.7794,469333.2,469138.9868,2023-08-05
603660.SH,2021-12-03,6.45,1.1668,1.5825,1.86,37.5066,37.4343,1.8851,1.3542,1.2832,0.6269,0.6126,49418.5456,49418.5456,36437.3828,318749.6191,318749.6191,2023-08-05
600778.SH,2021-12-03,4.25,0.6569,1.0251,0.62,,,2.0001,0.6771,0.6285,0.0,,31149.1352,31121.4882,19945.0287,132383.8246,132266.3249,2023-08-05
688665.SH,2021-12-03,181.99,2.7016,2.7016,0.87,150.806,79.2653,16.5055,41.3739,25.1203,,,7000.0,1504.0981,1504.0981,1273930.0,273730.8132,2023-08-05
300881.SZ,2021-12-03,28.43,11.7954,11.7954,1.4,54.5618,60.2329,3.7612,3.2264,2.6735,,0.4573,10000.0,2500.0,2500.0,284300.0,71075.0,2023-08-05
002120.SZ,2021-12-03,20.06,0.3239,0.7836,0.98,41.4594,49.9536,3.8579,1.7382,1.4925,0.9154,0.2443,290276.6028,281001.2215,116147.2093,5822948.6522,5636884.5033,2023-08-05
688680.SH,2021-12-03,294.7,5.3241,5.3241,1.23,110.919,108.8137,11.3847,16.7179,9.6112,,,8402.0,2016.96,2016.96,2476069.4,594398.112,2023-08-05
600817.SH,2021-12-03,14.11,0.6585,0.8508,0.92,25.8677,11.9998,3.5745,2.1843,1.2277,0.0,,53937.3371,18422.3317,14258.3349,761055.8265,259939.1003,2023-08-05
002542.SZ,2021-12-03,2.82,0.8678,1.3934,1.28,27.5268,42.7982,1.2834,0.899,0.8873,0.7093,1.064,180533.9107,148597.5856,92542.5719,509105.6282,419045.1914,2023-08-05
300608.SZ,2021-12-03,13.58,6.0128,6.6475,0.71,40.325,42.8741,3.4229,3.8663,3.1198,0.5523,0.4418,20989.7723,16315.872,14757.9052,285041.1078,221569.5418,2023-08-05
300889.SZ,2021-12-03,19.12,1.7567,1.9902,0.88,30.2449,42.773,1.9066,3.0008,2.377,,0.523,15600.0,7862.7,6940.2,298272.0,150334.824,2023-08-05
603108.SH,2021-12-03,13.58,1.5788,2.8058,0.52,23.8502,18.7518,2.3888,1.1133,0.8826,0.0,0.8395,57953.8095,57953.8095,32609.9707,787012.733,787012.733,2023-08-05
002850.SZ,2021-12-03,180.66,1.444,1.8063,0.86,235.5559,92.5205,9.7378,21.198,11.2164,0.0998,0.1107,23292.0451,15397.7312,12309.2232,4207940.8678,2781754.1186,2023-08-05
002777.SZ,2021-12-03,22.8,1.7993,2.9569,0.65,38.3669,32.6863,5.4095,6.2068,5.5708,0.6266,0.6579,31402.3876,30729.8356,18699.6356,715974.4373,700640.2517,2023-08-05
600211.SH,2021-12-03,49.56,0.7695,1.7441,0.42,29.3899,23.9935,4.295,8.9489,6.3162,1.5277,1.0291,24793.7843,24793.7843,10939.4264,1228779.9499,1228779.9499,2023-08-05
688345.SH,2021-12-03,82.45,7.0841,7.0841,0.61,66.8235,65.8416,7.4665,5.7614,4.1331,,,10000.0,2027.1218,2027.1218,824500.0,167136.1924,2023-08-05
002388.SZ,2021-12-03,5.39,0.4939,0.9093,0.65,39.2499,36.724,1.9629,1.3492,1.2551,1.8246,1.8553,51046.41,48330.568,26254.35,275140.1499,260501.7615,2023-08-05
688788.SH,2021-12-03,151.89,2.1717,3.4898,0.93,64.7964,34.0315,3.8463,17.5178,13.0263,,,7553.4232,4631.5054,2882.1377,1147289.4498,703479.3552,2023-08-05
002256.SZ,2021-12-03,3.75,4.8913,5.3776,0.94,126.8593,,5.1761,17.0312,18.4649,0.0,,188241.1872,139119.6397,126536.8874,705904.452,521698.6489,2023-08-05
002896.SZ,2021-12-03,25.82,3.6151,8.444,0.79,38.2345,33.9114,3.6782,3.5306,2.8009,0.2979,1.1917,10400.0,10400.0,4452.5,268528.0,268528.0,2023-08-05
000767.SZ,2021-12-03,3.21,1.7262,3.0577,1.99,43.6976,177.8044,1.259,0.8451,0.7645,0.0,,307694.2219,291224.2472,164409.9545,987698.4523,934829.8335,2023-08-05
600123.SH,2021-12-03,9.65,4.7396,8.6347,2.09,29.421,7.173,0.9053,1.6637,1.0337,2.0725,1.0363,114240.0,114240.0,62706.0,1102416.0,1102416.0,2023-08-05
000631.SZ,2021-12-03,3.52,0.118,0.3606,0.69,34.4857,62.5434,1.3818,14.734,31.5141,0.5398,,243251.9168,243251.9168,79609.0353,856246.7471,856246.7471,2023-08-05
300602.SZ,2021-12-03,27.65,10.5059,17.2289,2.03,67.0248,109.2903,5.5361,4.7795,5.1802,0.2187,0.1808,50636.1948,31118.8109,18975.7156,1400090.7862,860435.1214,2023-08-05
002097.SZ,2021-12-03,9.52,1.3367,1.8872,0.53,18.3214,18.9431,1.8091,1.1037,0.8634,1.0509,1.0507,108721.2465,97432.2088,69010.7467,1035026.2667,927554.6278,2023-08-05
603669.SH,2021-12-03,9.15,2.1545,5.0544,5.77,41.2229,76.1992,4.7915,6.5921,7.4563,1.5446,2.1624,72116.6988,72116.6988,30740.3007,659867.794,659867.794,2023-08-05
300826.SZ,2021-12-03,20.58,2.0382,2.0382,0.75,31.7417,28.6437,2.3014,4.2423,3.6942,,2.6031,11200.0,5085.2344,5085.2344,230496.0,104654.124,2023-08-05
688598.SH,2021-12-03,350.85,1.2553,1.2957,0.5,166.9176,72.386,17.0846,65.9794,27.422,,,8020.0,6425.6593,6225.0733,2813817.0,2254442.5654,2023-08-05
688266.SH,2021-12-03,63.0,0.467,0.467,0.67,,,11.2194,546.6198,153.8756,,,24000.0,13303.32,13303.32,1512000.0,838109.16,2023-08-05
603195.SH,2021-12-03,154.9,1.1078,1.1078,0.83,40.2554,31.8846,9.175,9.2654,7.815,2.4482,1.2898,60121.33,7560.1014,7560.1014,9312794.017,1171059.7069,2023-08-05
603200.SH,2021-12-03,23.47,4.3105,9.5925,0.71,84.2687,163.7056,3.5585,5.5475,5.828,0.0,0.3769,12529.6539,12529.6539,5630.3254,294070.977,294070.977,2023-08-05
688565.SH,2021-12-03,16.09,2.803,2.803,0.75,39.0524,40.7442,2.7138,6.3577,6.7435,,,10695.0,2541.25,2541.25,172082.55,40888.7125,2023-08-05
002721.SZ,2021-12-03,3.56,1.3362,2.0027,0.69,,,1.6312,0.8771,0.894,0.0,,95992.5877,73115.2057,48781.8385,341733.6122,260290.1323,2023-08-05
603583.SH,2021-12-03,53.01,0.516,1.0892,0.7,49.9357,77.3694,5.5222,10.8364,8.8783,0.4382,0.539,38191.5845,37792.3597,17903.2558,2024535.8943,2003372.9877,2023-08-05
600108.SH,2021-12-03,3.28,1.9138,2.5374,0.67,,,1.578,2.0389,1.9162,0.1372,,194691.5121,194691.5121,146842.1956,638588.1597,638588.1597,2023-08-05
600583.SH,2021-12-03,4.38,0.3466,0.7705,0.95,53.3046,23.2537,0.8473,1.0841,1.0794,1.3699,1.5982,442135.48,442135.48,198880.9938,1936553.4024,1936553.4024,2023-08-05
603308.SH,2021-12-03,23.46,2.9391,4.3035,1.91,79.4914,72.5989,4.1495,8.7428,8.0142,0.2466,0.3775,68314.6921,68314.6921,46656.1714,1602662.6767,1602662.6767,2023-08-05
688135.SH,2021-12-03,48.0,3.7844,4.1248,0.83,126.0356,66.2303,6.4682,25.8961,18.8044,,,13640.0,8384.22,7692.38,654720.0,402442.56,2023-08-05
300626.SZ,2021-12-03,11.92,8.0265,12.1585,0.83,182.9048,86.5787,3.7206,2.9418,2.1314,0.1678,,18000.0,13515.1519,8922.1055,214560.0,161100.6106,2023-08-05
600523.SH,2021-12-03,20.96,4.2126,8.8806,1.26,56.4125,47.6705,3.1682,3.7898,3.4811,0.7968,0.9542,40431.132,40404.462,19166.31,847436.5267,846877.5235,2023-08-05
603895.SH,2021-12-03,21.93,2.9688,11.1398,0.5,194.2148,338.0985,3.8721,4.6759,4.7602,0.0,0.0912,10808.0,10808.0,2880.332,237019.44,237019.44,2023-08-05
002602.SZ,2021-12-03,7.69,1.55,1.9427,0.6,19.4514,17.7459,1.8155,3.825,4.0937,,,745255.6968,486925.0597,388499.0971,5731016.3084,3744453.7091,2023-08-05
003007.SZ,2021-12-03,17.6,1.4663,1.5217,0.63,27.5582,,2.318,4.1266,5.1391,,1.7483,10400.0,3689.1857,3554.8073,183040.0,64929.6683,2023-08-05
603337.SH,2021-12-03,28.18,0.6262,5.7738,0.96,40.0524,30.5174,3.9894,3.568,2.2447,0.4953,0.9226,44586.852,44448.822,4820.5047,1256457.4894,1252567.804,2023-08-05
300243.SZ,2021-12-03,15.32,5.5228,6.4026,2.92,41.6991,31.6687,4.3835,2.7339,1.9901,0.6527,0.7833,23232.2851,18884.4832,16289.5543,355918.6077,289310.2826,2023-08-05
688106.SH,2021-12-03,28.0,1.1604,1.1604,0.59,68.7244,75.2304,5.1468,10.9072,8.5956,,,48433.34,25322.2373,25322.2373,1356133.52,709022.6444,2023-08-05
000426.SZ,2021-12-03,7.62,0.9857,1.4884,0.81,,68.9579,2.5856,14.8896,7.219,0.0,,183719.2219,147534.2242,97709.3862,1399940.4709,1124210.7884,2023-08-05
002085.SZ,2021-12-03,5.89,2.0418,3.8118,1.88,22.7647,32.9509,2.5166,1.2039,1.0859,3.2738,1.6087,218687.9678,218687.9678,117140.2221,1288072.1303,1288072.1303,2023-08-05
600600.SH,2021-12-03,100.79,0.8312,1.9893,2.0,62.4741,48.5252,5.8756,4.9541,4.5676,0.5353,0.7441,136447.6795,69591.3617,29078.1562,13752561.6168,7014113.3457,2023-08-05
000568.SZ,2021-12-03,252.3,1.6013,3.2693,2.67,61.5341,49.4997,14.025,22.1918,19.2842,0.6302,0.8129,146475.2476,146424.0555,71718.1024,36955704.9695,36942789.2027,2023-08-05
605388.SH,2021-12-03,17.5,1.6436,1.6436,0.73,35.1908,46.8943,3.8865,8.8332,8.9343,,1.8286,43000.0,14085.8283,14085.8283,752500.0,246501.9953,2023-08-05
605255.SH,2021-12-03,17.18,3.4538,3.4538,0.79,36.7608,36.3805,2.6341,7.5862,7.1241,,4.3364,13408.0,3352.0,3352.0,230349.44,57587.36,2023-08-05
603618.SH,2021-12-03,7.49,2.4706,5.7063,0.86,43.8741,55.0459,1.9583,0.8903,0.7577,1.3351,0.8011,69104.5431,69104.5431,29919.3172,517593.0278,517593.0278,2023-08-05
600790.SH,2021-12-03,3.11,0.3159,0.5075,1.13,11.4729,12.2275,0.8045,5.5616,5.5135,5.7878,3.2154,146579.0928,146579.0928,91242.828,455860.9786,455860.9786,2023-08-05
603817.SH,2021-12-03,6.0,0.5577,1.313,0.56,20.7702,20.2737,1.4871,3.6859,3.2879,0.9663,0.9667,45016.7579,45016.7579,19119.6991,270100.5474,270100.5474,2023-08-05
002620.SZ,2021-12-03,6.96,15.4964,22.1279,5.27,17.8062,63.6187,1.0576,0.6995,0.6957,0.8628,1.1494,37829.2,30980.7969,21696.1413,263291.232,215626.3464,2023-08-05
603228.SH,2021-12-03,28.17,0.4696,1.5538,0.75,26.0641,25.3888,3.5542,3.3984,2.6983,0.7603,1.0663,85213.7926,84187.133,25440.91,2400472.5375,2371551.5366,2023-08-05
600100.SH,2021-12-03,5.61,0.6179,0.8595,1.04,183.3542,,1.0637,0.7255,0.6398,0.5519,0.1735,335029.7713,296389.8951,213095.0071,1879517.017,1662747.3115,2023-08-05
600162.SH,2021-12-03,1.97,0.175,0.4856,0.9,23.7519,13.132,1.267,1.3427,0.9697,3.401,1.4986,339578.1424,339578.1424,122410.3982,668968.9405,668968.9405,2023-08-05
002889.SZ,2021-12-03,25.37,0.6275,1.5383,0.67,17.7969,15.0828,1.8452,1.3011,1.0723,0.8632,0.5637,13810.1429,8978.8004,3662.4154,350363.3254,227792.1661,2023-08-05
000012.SZ,2021-12-03,10.23,2.488,3.9886,2.03,40.3082,20.1065,2.752,2.9437,2.3356,0.6843,0.9775,307069.2107,195689.1076,122068.0587,3141318.0255,2001899.5707,2023-08-05
301056.SZ,2021-12-03,11.94,11.7317,11.7317,0.89,45.1321,38.821,4.3703,5.8852,5.1358,,,26678.6667,6325.8453,6325.8453,318543.2804,75530.5929,2023-08-05
600278.SH,2021-12-03,7.74,0.5057,0.9821,1.97,25.0823,15.9538,0.984,0.1706,0.144,0.505,1.2016,86845.9428,67891.426,34960.1312,672187.5973,525479.6372,2023-08-05
601098.SH,2021-12-03,9.3,0.5354,1.5163,1.0,11.6235,11.62,1.2036,1.5948,1.4037,6.6667,6.7742,179600.0,179600.0,63411.652,1670280.0,1670280.0,2023-08-05
000897.SZ,2021-12-03,2.49,1.4455,1.8755,1.09,20.0096,7.6027,2.0823,2.1863,1.4633,0.0,,161727.2234,161724.4634,124647.1852,402700.7863,402693.9139,2023-08-05
600567.SH,2021-12-03,3.28,1.2579,1.8542,1.28,10.963,8.8817,0.9403,0.6064,0.4734,0.0,1.181,461616.4274,461616.4274,313170.042,1514101.8819,1514101.8819,2023-08-05
603212.SH,2021-12-03,34.46,3.0874,7.5585,0.5,71.0203,71.5025,6.915,6.3158,4.8952,0.1451,0.1451,40001.0,25524.1976,10425.6924,1378434.46,879563.8493,2023-08-05
002394.SZ,2021-12-03,7.85,0.3007,0.5595,0.72,5.4855,9.0611,0.6858,0.6665,0.5616,6.4747,3.8668,32887.92,32370.0,17396.5504,258170.172,254104.5,2023-08-05
002723.SZ,2021-12-03,15.34,0.561,1.3521,0.38,159.27,309.3056,6.4401,3.7944,3.0253,0.186,0.0838,26942.23,24948.5775,10351.9753,413293.8082,382711.1789,2023-08-05
300050.SZ,2021-12-03,4.58,2.0854,2.5817,0.68,98.9458,,1.0874,3.799,4.1959,0.0,,56003.6718,49807.9941,40233.5241,256496.8168,228120.613,2023-08-05
603819.SH,2021-12-03,12.14,1.0534,2.2658,0.48,175.3189,174.3999,3.4032,2.8088,2.1001,1.8703,0.173,21773.0187,21734.7987,10104.3987,264324.447,263860.4562,2023-08-05
000612.SZ,2021-12-03,7.59,2.1732,3.0699,0.95,15.9338,12.478,1.7085,1.9074,1.7775,0.1318,0.6588,119219.9394,119068.2144,84287.3677,904879.34,903727.7473,2023-08-05
605337.SH,2021-12-03,40.52,2.7849,2.7849,0.81,40.9267,33.0669,5.7102,8.0744,6.2011,,0.8814,21672.0,5418.0,5418.0,878149.44,219537.36,2023-08-05
300239.SZ,2021-12-03,6.33,1.9689,2.7115,0.91,203.6556,173.5833,2.6841,8.3718,6.7095,0.4174,,59360.2983,50691.384,36809.0418,375750.6882,320876.4607,2023-08-05
601333.SH,2021-12-03,2.09,0.4727,0.8839,1.07,,48.7596,0.5284,0.9055,0.7497,2.8708,,708353.7,565223.7,302278.57,1480459.233,1181317.533,2023-08-05
688678.SH,2021-12-03,27.82,5.6613,5.6613,0.88,43.229,36.3272,3.5514,9.3289,6.9127,,,17335.0,3684.75,3684.75,482259.7,102509.745,2023-08-05
300583.SZ,2021-12-03,22.83,0.612,1.6994,0.73,,,1.4604,2.6814,2.2878,0.2289,,10725.2567,10438.6942,3759.6222,244857.6105,238315.3886,2023-08-05
300636.SZ,2021-12-03,17.91,1.6537,2.2943,0.34,52.6334,48.4505,4.4849,8.4677,7.035,0.2964,0.2966,20586.4225,17080.1259,12310.8926,368702.827,305905.0549,2023-08-05
002952.SZ,2021-12-03,13.0,0.6091,0.9409,0.89,24.7675,43.2808,2.5903,4.6015,3.9306,2.0,2.3077,16434.0,6992.6132,4526.6042,213642.0,90903.9716,2023-08-05
601969.SH,2021-12-03,12.67,1.4671,9.1595,1.08,179.7281,24.2355,4.4834,9.2685,6.4797,0.0,,202170.1729,195472.0314,31309.4375,2561496.0906,2476630.6378,2023-08-05
000411.SZ,2021-12-03,12.7,0.4691,1.035,0.45,20.17,17.8268,1.7801,0.1264,0.1196,0.4803,0.5118,24894.5215,20733.1476,9396.7504,316160.4231,263310.9745,2023-08-05
603238.SH,2021-12-03,12.93,0.5439,1.4054,0.71,8.6783,15.5892,1.864,1.152,1.3923,1.2957,2.4002,17907.5,17603.0,6812.1,231543.975,227606.79,2023-08-05
603386.SH,2021-12-03,23.77,1.6922,5.766,0.61,46.4077,25.9725,3.8881,2.6973,2.1809,0.2031,0.8858,23441.1783,22195.7568,6514.0113,557196.8082,527593.1391,2023-08-05
300456.SZ,2021-12-03,26.84,2.5838,3.0758,0.63,97.4288,91.2304,3.6935,25.6111,24.0633,0.0979,0.1142,72997.9072,36613.0355,30756.5596,1959263.8292,982693.8728,2023-08-05
000657.SZ,2021-12-03,17.69,2.9706,5.435,0.53,85.9141,40.692,3.9584,1.9151,1.4627,0.0,,107386.3842,94769.443,51797.2894,1899665.1365,1676471.4467,2023-08-05
688027.SH,2021-12-03,181.88,0.9115,1.1827,0.38,493.4253,1848.865,8.9167,108.4656,95.7917,,,8000.0,4575.0,3526.247,1455040.0,832101.0,2023-08-05
603429.SH,2021-12-03,30.3,2.0968,3.5707,0.58,160.5137,89.0605,9.1001,24.8213,18.5164,0.6129,0.33,38023.8957,37256.6957,21877.7457,1152124.0397,1128877.8797,2023-08-05
300917.SZ,2021-12-03,29.75,10.5132,10.5132,1.02,38.9456,34.5939,4.6375,3.4884,2.4766,,0.905,13000.0,2938.0,2938.0,386750.0,87405.5,2023-08-05
688399.SH,2021-12-03,131.24,2.7821,2.7821,0.4,9.387,6.2348,3.2902,4.4222,2.737,,,5862.0,3374.18,3374.18,769328.88,442827.3832,2023-08-05
603737.SH,2021-12-03,116.78,0.4067,1.1953,0.86,87.6101,182.4965,18.1487,5.3609,3.9567,0.2796,0.3486,37643.7486,36497.3822,12416.5227,4396036.9615,4262164.2933,2023-08-05
601158.SH,2021-12-03,6.35,0.1903,1.6635,0.74,17.1841,13.4758,1.8548,4.8003,4.2167,4.0472,4.0157,480000.0,480000.0,54903.9311,3048000.0,3048000.0,2023-08-05
603897.SH,2021-12-03,64.37,1.4496,4.2536,0.53,68.6613,34.827,6.0658,1.9068,1.1792,0.865,1.6824,18583.4028,18583.4028,6333.0728,1196213.6382,1196213.6382,2023-08-05
600539.SH,2021-12-03,6.87,0.7161,1.3028,0.88,141.754,92.8565,3.6649,7.6218,3.5539,0.0,,23000.0,23000.0,12642.6247,158010.0,158010.0,2023-08-05
002406.SZ,2021-12-03,6.09,1.0704,1.2128,0.92,11.7147,13.9557,1.1627,1.7554,1.7042,3.6899,4.105,62415.6627,49614.703,43786.7533,380111.3858,302153.5413,2023-08-05
300121.SZ,2021-12-03,11.37,2.4533,4.0163,1.85,33.9101,14.4968,2.3091,2.1947,1.6493,2.722,1.2978,37513.1706,36027.5855,22006.718,426524.7497,409633.6471,2023-08-05
003011.SZ,2021-12-03,32.59,3.2806,3.2806,0.74,17.7718,28.4195,2.6488,2.734,2.0771,,0.6575,10267.6,5972.0123,5972.0123,334621.084,194627.8809,2023-08-05
000021.SZ,2021-12-03,15.56,0.681,1.1614,0.9,28.3302,26.1639,2.5625,1.6224,1.4573,0.3635,1.0283,156058.7588,156002.8401,91482.0243,2428274.2869,2427404.192,2023-08-05
603360.SH,2021-12-03,14.59,0.5107,1.2301,0.36,17.1949,18.7762,3.9667,5.0872,4.3596,2.9374,3.9376,26134.64,25588.54,10623.8512,381304.3976,373336.7986,2023-08-05
002928.SZ,2021-12-03,11.2,0.5436,1.288,1.09,18.522,36.5227,3.124,2.4011,2.4242,0.4493,0.5446,101356.7644,101356.7644,42780.2299,1135195.7613,1135195.7613,2023-08-05
000806.SZ,2021-12-03,2.61,0.9089,0.9699,1.08,49.2331,,,2.5957,2.6252,0.0,,109991.1762,69930.4718,65531.4566,287076.9699,182518.5314,2023-08-05
000875.SZ,2021-12-03,8.0,9.8841,13.128,2.0,46.6903,30.7392,2.0894,2.2188,1.8352,0.0,,279020.8174,244567.7467,184136.7144,2232166.5392,1956541.9736,2023-08-05
002866.SZ,2021-12-03,12.76,1.221,1.5653,0.81,27.1693,25.0196,1.9375,2.0739,1.902,0.6115,0.7794,28765.5011,17129.8806,13362.1056,367047.794,218577.2765,2023-08-05
002647.SZ,2021-12-03,8.22,9.5692,13.4577,0.9,,,9.026,2.1606,2.7126,0.0,,55993.665,55993.665,39814.5825,460267.9263,460267.9263,2023-08-05
002890.SZ,2021-12-03,17.02,2.8138,4.4645,1.05,67.8317,72.01,2.8394,3.9102,3.7114,0.8393,0.5875,9333.8,6703.7686,4225.1189,158861.276,114098.1416,2023-08-05
600129.SH,2021-12-03,15.6,1.255,2.0136,0.99,131.4951,29.1687,2.4926,0.7751,0.716,0.0,,55689.0744,55689.0744,34708.7759,868749.5606,868749.5606,2023-08-05
603029.SH,2021-12-03,13.76,1.0674,2.7276,1.66,93.9229,48.0864,1.7871,2.8666,3.046,0.7195,0.5451,9334.0,9334.0,3652.546,128435.84,128435.84,2023-08-05
688166.SH,2021-12-03,37.75,0.7176,0.7332,0.32,91.1071,68.7824,9.7772,19.707,15.1242,,,41000.0,18252.8161,17863.3005,1547750.0,689043.8078,2023-08-05
000957.SZ,2021-12-03,5.42,1.4091,2.3496,1.16,136.6087,,1.2572,0.7291,0.9357,0.0,,59290.3936,59289.2704,35556.4924,321353.9333,321347.8456,2023-08-05
002905.SZ,2021-12-03,6.49,1.2331,4.58,0.68,,,3.4215,4.1431,1.8,0.5503,,37632.0,34944.0,9408.0,244231.68,226786.56,2023-08-05
300878.SZ,2021-12-03,42.29,1.2184,1.3779,0.63,25.0469,24.4316,2.4408,5.4623,5.2191,,2.3646,8043.9068,2274.2543,2011.0,340176.8186,96178.2143,2023-08-05
688228.SH,2021-12-03,36.44,0.9694,1.0725,0.78,35.5341,41.9349,2.0944,8.1211,7.9355,,,6713.344,2889.7649,2611.8449,244634.2554,105303.033,2023-08-05
600987.SH,2021-12-03,5.47,0.3078,0.5914,0.57,9.5604,9.2289,1.1059,1.0985,0.6692,4.1368,3.7607,105081.8859,89119.9518,46384.7658,574797.9159,487486.1363,2023-08-05
603158.SH,2021-12-03,16.94,2.8006,5.3163,1.35,38.1114,37.5656,3.1632,3.3515,2.8548,0.4296,0.537,35057.0933,30201.568,15910.186,593867.1605,511614.5619,2023-08-05
603221.SH,2021-12-03,8.88,1.5351,1.5351,0.74,26.875,99.3024,1.4882,1.9778,1.9593,2.027,1.1261,24000.0,6072.0,6072.0,213120.0,53919.36,2023-08-05
600116.SH,2021-12-03,9.95,1.7279,2.9243,1.3,30.6898,18.1689,1.7519,3.6198,1.993,0.5219,1.005,191214.2904,135384.4295,79996.0939,1902582.1895,1347075.0735,2023-08-05
605555.SH,2021-12-03,48.67,14.0761,14.0761,0.95,30.4154,27.9641,4.1798,4.4784,3.1991,,,18998.0,5000.0,5000.0,924632.66,243350.0,2023-08-05
002100.SZ,2021-12-03,9.19,1.5271,2.4864,1.34,5.7495,197.9518,1.757,0.8252,0.6302,2.147,5.0021,107633.4342,107633.4342,66106.959,989151.2603,989151.2603,2023-08-05
600172.SH,2021-12-03,11.05,3.5117,4.589,0.6,,,4.8902,6.5032,6.5389,0.0,,144218.4476,122422.2286,93683.4,1593613.846,1352765.626,2023-08-05
838163.BJ,2021-12-03,8.04,0.4133,0.4133,0.69,21.5182,23.5476,2.7316,3.4058,2.7681,,,12600.0,3295.175,3295.175,101304.0,26493.207,2023-08-05
605300.SH,2021-12-03,18.84,10.4007,10.4007,1.34,34.9071,40.9227,3.9335,4.0206,3.186,,,40001.0,4001.0,4001.0,753618.84,75378.84,2023-08-05
002074.SZ,2021-12-03,63.0,3.1231,3.9978,0.62,539.0036,610.0695,7.1744,11.9975,9.6369,0.0,,128054.4489,117851.0531,92067.56,8067430.2807,7424616.3453,2023-08-05
002693.SZ,2021-12-03,4.13,0.505,1.0266,0.73,,,3.4365,6.3151,5.1511,0.0,,41200.0,40341.6821,19845.7069,170156.0,166611.1471,2023-08-05
600215.SH,2021-12-03,10.85,3.3173,5.0548,0.67,60.5751,44.7578,3.6279,29.8637,4.3519,0.4608,0.8257,46503.288,46503.288,30518.9968,504560.6748,504560.6748,2023-08-05
603718.SH,2021-12-03,14.25,0.61,1.4309,0.73,1028.0496,237.1959,9.1162,35.4149,27.7193,0.0421,0.0295,64400.0,64400.0,27454.9892,917700.0,917700.0,2023-08-05
600273.SH,2021-12-03,11.19,1.9422,2.8956,0.71,12.188,9.5689,1.8902,2.854,2.1175,3.1974,3.9703,142000.0,142000.0,95245.1332,1588980.0,1588980.0,2023-08-05
300481.SZ,2021-12-03,24.4,1.9322,3.4062,0.67,40.2331,33.4742,3.7761,7.9163,5.8971,0.7114,0.7114,29619.2447,25705.95,14582.5241,722709.5707,627225.18,2023-08-05
834765.BJ,2021-12-03,9.69,0.9138,0.9197,0.7,11.0283,23.026,2.037,1.0681,1.2061,,,6961.3044,1792.9566,1781.5235,67455.0396,17373.7495,2023-08-05
838030.BJ,2021-12-03,5.89,1.5273,1.5273,0.8,22.0768,21.0725,2.3391,0.5135,0.3883,,,17883.9681,5020.6398,5020.6398,105336.5721,29571.5684,2023-08-05
601077.SH,2021-12-03,3.84,0.5223,0.5223,0.92,5.191,4.6475,0.4374,1.5472,1.4414,5.9896,5.7813,1135700.0,587446.5018,587446.5018,4361088.0,2255794.5669,2023-08-05
300738.SZ,2021-12-03,21.86,1.7192,3.0778,0.67,53.2747,52.0541,5.9219,9.9255,7.1179,0.1408,0.1906,38164.4654,37833.9854,21133.7294,834275.2136,827050.9208,2023-08-05
603977.SH,2021-12-03,10.28,0.7367,2.1416,0.58,31.0119,29.1065,2.3825,3.5178,3.1892,0.7885,0.92,58324.236,57938.8355,19931.5691,599573.1461,595611.2289,2023-08-05
600801.SH,2021-12-03,19.77,2.4746,17.9,1.32,7.3615,8.0181,1.6636,1.4119,1.3201,6.0964,5.4562,209659.9855,136187.9855,18827.5291,4144977.9133,2692436.4733,2023-08-05
603335.SH,2021-12-03,5.1,4.4819,9.5291,3.11,36.2939,48.2968,3.5154,2.2374,1.9241,0.3922,0.8431,42814.46,42814.46,20137.46,218353.746,218353.746,2023-08-05
603759.SH,2021-12-03,17.3,3.477,3.477,0.67,30.8816,27.6804,2.5498,6.3478,5.6529,,0.9769,31200.0,7800.0,7800.0,539760.0,134940.0,2023-08-05
002004.SZ,2021-12-03,7.4,1.9998,2.6608,0.68,22.4808,22.2524,1.4873,1.3471,1.2611,2.973,2.973,197991.9191,183139.2498,137640.6977,1465140.2013,1355230.4485,2023-08-05
300244.SZ,2021-12-03,32.62,0.9115,1.0819,0.51,25.2068,17.8115,3.3919,1.9006,1.6172,0.3924,0.3985,62045.8296,48393.0293,40770.6193,2023934.9616,1578580.6158,2023-08-05
300896.SZ,2021-12-03,555.88,1.9954,2.1882,1.3,273.4975,140.1378,25.1384,169.5642,94.8541,,0.3498,21636.0,10410.8515,9493.4117,12027019.68,5787184.1318,2023-08-05
002951.SZ,2021-12-03,10.04,6.7582,6.7582,0.93,21.4936,32.8161,2.6366,6.3591,7.9779,2.49,1.494,40500.0,7166.6666,7166.6666,406620.0,71953.3327,2023-08-05
688101.SH,2021-12-03,21.29,2.8628,5.5761,0.85,32.0474,27.0497,2.0644,8.1104,6.7996,,,33388.0,18283.655,9386.833,710830.52,389259.015,2023-08-05
605589.SH,2021-12-03,37.07,5.279,5.279,0.93,32.7423,38.5263,3.6925,3.4524,3.4277,,0.6744,77477.68,8106.0,8106.0,2872097.5976,300489.42,2023-08-05
836149.BJ,2021-12-03,8.09,0.3646,0.3646,0.61,30.349,31.4916,3.074,1.7083,1.3064,,,7375.8,3984.9194,3984.9194,59670.222,32237.9979,2023-08-05
000589.SZ,2021-12-03,5.92,1.6256,2.1031,1.18,4.9728,5.7811,0.9669,0.8315,0.778,0.5635,2.5338,95631.9462,86514.6843,66870.1941,566141.1215,512166.9311,2023-08-05
603396.SH,2021-12-03,137.41,3.472,7.9192,0.54,193.0672,165.0808,11.2595,15.0266,12.0334,0.1195,0.1593,11599.9882,10577.9334,4637.6342,1593954.3786,1453513.8285,2023-08-05
000676.SZ,2021-12-03,7.46,5.7884,10.1621,1.22,,,2.4272,0.8886,1.4377,0.3203,,127650.6972,114897.1897,65446.3338,952274.2011,857133.0352,2023-08-05
300989.SZ,2021-12-03,43.94,2.5031,2.5031,0.94,27.9493,26.4903,2.8003,5.3522,5.0768,,,6000.0,1500.0,1500.0,263640.0,65910.0,2023-08-05
002940.SZ,2021-12-03,32.47,0.6909,0.6977,0.78,19.0289,27.1647,2.4095,2.4157,2.2936,2.8889,1.5068,9594.6819,8812.1508,8725.6508,311539.3213,286130.5365,2023-08-05
000039.SZ,2021-12-03,17.41,1.1049,1.4314,0.95,11.6998,4.653,1.3206,0.6647,0.4206,0.6852,1.6083,359501.359,153427.1428,118427.1428,6258918.6602,2671166.5561,2023-08-05
002508.SZ,2021-12-03,31.13,0.5165,1.0899,0.61,17.789,15.7113,3.3954,3.6345,3.086,1.6062,1.6025,94902.405,93490.0781,44302.9908,2954311.8677,2910346.1313,2023-08-05
603020.SH,2021-12-03,15.35,4.0868,7.4027,0.82,34.5563,30.1881,1.919,2.2047,1.8247,0.816,0.8703,38323.7774,32000.0,17666.0,588269.9831,491200.0,2023-08-05
300515.SZ,2021-12-03,12.41,5.1732,9.9228,3.56,35.9468,30.2643,4.2665,7.9976,7.067,0.9882,1.2087,20586.95,17833.6775,9297.4475,255484.0495,221315.9378,2023-08-05
000911.SZ,2021-12-03,11.4,2.1313,3.6875,0.79,84.2543,296.5271,23.6953,1.0415,1.366,0.0,,32408.0937,32408.0937,18731.2137,369452.2682,369452.2682,2023-08-05
601555.SH,2021-12-03,9.01,1.3222,1.8257,1.54,20.4795,16.4875,1.2167,4.7527,4.1548,1.4418,1.7238,388051.8908,388051.8908,281028.9969,3496347.5361,3496347.5361,2023-08-05
002980.SZ,2021-12-03,31.42,1.7122,1.7122,0.87,12.4107,27.3662,4.0148,4.3518,5.7862,3.0554,3.501,13333.34,3333.34,3333.34,418933.5428,104733.5428,2023-08-05
600425.SH,2021-12-03,3.65,1.3796,1.9476,1.43,19.9359,17.7873,1.0104,1.6584,1.2852,0.0,,137879.0086,137879.0086,97666.9388,503258.3814,503258.3814,2023-08-05
002606.SZ,2021-12-03,10.57,6.0559,8.7782,0.49,43.8306,30.9919,3.4747,5.3422,5.2402,0.1053,0.236,43953.422,40776.0538,28130.6784,464587.6705,431002.8887,2023-08-05
002543.SZ,2021-12-03,7.16,0.2756,0.9416,0.73,8.709,7.5445,1.2754,0.8492,0.7227,4.6089,4.6089,74360.0,63083.9399,18463.8584,532417.6,451681.0097,2023-08-05
002642.SZ,2021-12-03,5.04,1.7122,1.8477,0.77,,,2.3854,1.1955,1.0374,0.0,,66725.0313,58455.0542,54169.3435,336294.1578,294613.4732,2023-08-05
688123.SH,2021-12-03,60.61,1.3691,2.3671,0.52,44.9483,58.097,4.8926,14.8308,14.0488,,,12084.1867,8260.7063,4777.9157,732422.5559,500681.4088,2023-08-05
688777.SH,2021-12-03,80.79,0.4934,0.5707,0.57,94.3078,77.5721,9.4273,12.637,9.9488,,,49408.4,26937.2128,23286.2753,3991704.636,2176257.4221,2023-08-05
603808.SH,2021-12-03,14.96,0.607,1.5609,1.01,12.4082,15.9053,1.973,2.8141,2.4127,1.5055,2.3486,36909.2878,33251.5611,12930.5111,552162.9455,497443.3541,2023-08-05
688280.SH,2021-12-03,18.23,13.2318,13.2318,0.75,,,5.0496,18.6082,15.7409,,,59022.1667,9962.2268,9962.2268,1075974.0989,181611.3946,2023-08-05
600048.SH,2021-12-03,14.74,0.6642,1.1162,1.36,6.095,6.016,1.0729,0.7258,0.6681,5.5457,4.9525,1197010.7583,1197010.7583,712314.5265,17643938.5773,17643938.5773,2023-08-05
000881.SZ,2021-12-03,9.88,1.5713,2.5645,1.31,34.4523,42.1389,1.5219,1.4043,1.2641,0.2227,0.334,94542.5815,77118.7609,47250.3795,934080.7052,761933.3577,2023-08-05
300335.SZ,2021-12-03,5.99,5.0453,5.7589,0.93,68.6824,131.2569,1.6443,1.4296,1.3875,2.3946,2.4363,37294.335,28241.7362,24741.9481,223393.0667,169167.9998,2023-08-05
300811.SZ,2021-12-03,104.69,1.2708,1.5544,0.38,101.8926,95.8804,11.5468,21.8472,15.9357,0.1592,0.1486,10368.0,5047.7976,4126.642,1085425.92,528453.9307,2023-08-05
601020.SH,2021-12-03,13.03,2.346,3.3638,0.97,99.9578,43.9317,2.7849,3.0413,4.4201,0.0,,55525.6209,55525.6209,38724.6474,723498.8403,723498.8403,2023-08-05
603578.SH,2021-12-03,18.0,1.7986,4.6546,0.89,27.0322,23.0704,2.9755,5.4115,3.2279,0.814,1.1111,12839.4992,12800.0192,4946.0192,231110.9856,230400.3456,2023-08-05
000838.SZ,2021-12-03,4.36,8.1119,16.2961,0.81,41.3829,168.1195,2.5106,0.7928,0.8555,3.0275,0.4817,110046.217,84610.8444,42117.6538,479801.5061,368903.2816,2023-08-05
300748.SZ,2021-12-03,47.84,3.1507,3.9398,0.65,139.1217,76.736,12.0293,14.059,9.1403,0.1337,0.2538,71097.359,70218.747,56155.255,3401297.6546,3359264.8565,2023-08-05
002126.SZ,2021-12-03,13.52,1.7884,2.1244,0.85,33.3013,41.4569,2.5373,1.6934,1.4003,0.5863,0.5917,79209.5104,76227.7723,64171.6021,1070912.5806,1030599.4815,2023-08-05
832735.BJ,2021-12-03,21.96,0.4193,0.4195,0.47,22.3941,20.0658,2.1652,3.6149,2.9512,,,6528.6,1858.2244,1857.389,143368.056,40806.6078,2023-08-05
600366.SH,2021-12-03,15.13,6.8346,10.3638,0.64,84.1903,36.4528,3.1847,6.2379,4.5662,0.2588,0.6494,98911.3721,98911.3721,65228.34,1496529.0599,1496529.0599,2023-08-05
300633.SZ,2021-12-03,30.28,0.8527,1.847,0.82,,183.7462,8.1134,10.4637,8.7496,0.0863,,40192.0,40001.0,18466.8135,1217013.76,1211230.28,2023-08-05
002500.SZ,2021-12-03,6.43,0.2831,0.5369,0.91,30.7383,35.4672,1.3503,6.9068,6.5305,1.2255,1.7107,358977.1547,358977.1547,189327.3033,2308223.1047,2308223.1047,2023-08-05
002312.SZ,2021-12-03,13.9,1.9773,2.594,0.89,36.6488,26.2319,3.6422,4.7314,3.9855,0.0,,176319.6292,132437.5324,100948.1705,2450842.8459,1840881.7004,2023-08-05
834415.BJ,2021-12-03,6.28,1.6772,1.8791,1.56,41.9205,36.4169,1.7341,3.9742,3.9339,,,13770.1987,7859.0102,7014.4157,86476.8478,49354.5841,2023-08-05
601330.SH,2021-12-03,10.5,2.1118,6.0909,0.66,29.0654,21.2293,2.5107,6.4239,5.6842,0.7288,1.9048,139344.0,89618.4208,31072.8694,1463112.0,940993.4184,2023-08-05
603365.SH,2021-12-03,15.75,0.3794,0.9415,0.76,15.2985,11.95,1.6792,1.384,1.1747,5.009,2.5257,26667.0,26667.0,10746.616,420005.25,420005.25,2023-08-05
300005.SZ,2021-12-03,9.94,1.121,2.0015,0.5,,,4.1049,9.6297,7.9428,0.503,,88370.2186,70072.6764,39244.4258,878399.9729,696522.4034,2023-08-05
002280.SZ,2021-12-03,5.08,1.289,1.3896,0.42,115.8748,,6.8065,0.6846,0.6403,0.0,,217714.9675,176898.7543,164089.8546,1105992.0349,898645.6718,2023-08-05
002938.SZ,2021-12-03,38.0,0.3487,1.5274,0.65,31.0459,28.0904,3.952,2.9552,2.6413,1.3101,1.3101,232147.5816,220038.2587,50227.6051,8821608.1008,8361453.8306,2023-08-05
002659.SZ,2021-12-03,3.5,1.4014,1.9364,0.98,,,0.8676,6.5229,5.2269,0.0,,59828.0384,58829.1419,42574.3465,209398.1344,205901.9967,2023-08-05
002883.SZ,2021-12-03,10.46,0.9952,1.6578,1.04,18.4833,19.0332,2.3433,2.8674,2.2015,1.1481,0.7648,13025.7852,8720.0442,5234.9352,136249.7132,91211.6623,2023-08-05
300713.SZ,2021-12-03,22.69,15.2052,26.2052,1.78,126.1281,95.7715,4.8574,13.4766,12.848,0.0,,15778.125,9048.7702,5250.4214,358005.6563,205316.5958,2023-08-05
603610.SH,2021-12-03,26.88,1.692,2.37,0.88,27.5326,22.5021,2.4254,3.3312,2.6267,1.9969,1.3779,28006.9727,16266.2318,11612.9511,752827.4262,437236.3108,2023-08-05
688139.SH,2021-12-03,84.86,0.653,0.9062,0.39,70.6298,33.3537,7.9347,19.1913,13.8643,,,31707.1758,18437.6636,13285.5847,2690670.9384,1564620.1331,2023-08-05
002521.SZ,2021-12-03,6.07,1.142,1.286,0.82,18.7769,14.0725,0.8387,1.0682,0.8289,1.6474,1.6474,49468.5819,40282.9782,35772.0107,300274.2921,244517.6777,2023-08-05
603358.SH,2021-12-03,23.33,2.7101,7.935,1.85,44.7011,29.7392,3.5445,2.4778,2.1069,0.9185,1.3165,43904.0,43904.0,14994.6514,1024280.32,1024280.32,2023-08-05
300731.SZ,2021-12-03,36.09,8.7742,14.6877,1.12,169.4949,247.6627,7.4045,14.7051,8.4908,0.2766,0.2788,12508.8307,11770.3792,7031.4094,451443.7,424792.9853,2023-08-05
000910.SZ,2021-12-03,12.16,0.3689,0.689,0.92,10.6409,9.8297,1.1089,0.9163,0.7612,1.08,1.3158,54739.75,54712.75,29292.67,665635.36,665307.04,2023-08-05
002933.SZ,2021-12-03,35.43,6.0006,7.9552,2.73,42.279,95.6618,2.8141,12.9934,16.1741,1.2137,0.8737,11735.0,7143.2302,5388.1915,415771.05,253084.646,2023-08-05
600867.SH,2021-12-03,10.79,1.0291,1.6811,0.39,23.6008,17.6729,3.6705,7.5883,6.9417,1.8389,1.9367,203398.8517,202699.8517,124091.1584,2194673.6098,2187131.3998,2023-08-05
600389.SH,2021-12-03,36.84,0.4641,1.118,0.27,32.6675,18.2745,5.3206,2.1364,1.78,3.5559,4.0717,29700.0,29700.0,12329.6166,1094148.0,1094148.0,2023-08-05
002172.SZ,2021-12-03,3.84,0.8767,1.302,0.45,,,72.2449,0.967,0.8817,0.0,,77648.1362,77305.9321,52054.3722,298168.843,296854.7793,2023-08-05
300985.SZ,2021-12-03,48.0,41.5768,41.5768,1.08,28.4686,78.4974,5.0443,4.8496,9.592,,,13333.34,3333.34,3333.34,640000.32,160000.32,2023-08-05
600495.SH,2021-12-03,3.54,0.7883,1.1426,1.08,211.2692,,1.3649,3.753,5.4651,0.565,0.1977,120819.0886,120819.0886,83353.4978,427699.5736,427699.5736,2023-08-05
300201.SZ,2021-12-03,3.86,8.066,15.9885,1.43,,,3.3521,1.9738,2.0773,0.2591,,104092.1518,94594.8447,47721.9585,401795.7059,365136.1005,2023-08-05
605218.SH,2021-12-03,15.81,4.9342,7.9915,0.72,41.1904,51.3201,2.9745,3.0545,2.703,,0.759,21283.346,8825.7078,5449.2567,336489.7003,139534.4403,2023-08-05
002245.SZ,2021-12-03,30.93,1.6773,1.9935,0.5,115.2644,52.7557,9.43,7.5676,5.1803,0.0459,0.097,103582.1526,96898.6027,81532.1549,3203795.9799,2997073.7815,2023-08-05
000703.SZ,2021-12-03,10.64,0.3048,0.5623,0.74,12.6983,12.5915,1.5068,0.4513,0.3203,2.9139,2.8028,366627.948,338819.4054,183671.5023,3900921.3667,3605038.4735,2023-08-05
688005.SH,2021-12-03,136.0,1.4397,1.5131,0.6,286.0218,93.9974,12.1226,16.0601,7.9143,,,44809.581,27581.03,26241.9714,6094103.016,3751020.08,2023-08-05
831039.BJ,2021-12-03,8.52,0.4283,0.551,0.66,17.883,16.3724,2.3853,6.1569,5.5629,,,15382.0,4401.79,3421.29,131054.64,37503.2508,2023-08-05
601398.SH,2021-12-03,4.61,0.0418,0.3327,0.83,5.201,4.846,0.5832,1.8614,1.7685,5.7007,5.7701,35640625.7089,26961221.2539,3389563.121,164303284.518,124291229.9805,2023-08-05
002031.SZ,2021-12-03,1.97,0.9749,1.0942,0.82,,,1.4884,2.582,2.0258,0.0508,,219939.567,186134.8729,165842.0582,433280.947,366685.6996,2023-08-05
300341.SZ,2021-12-03,10.64,0.9625,2.7584,0.6,39.0356,32.7681,4.5567,4.5745,3.9449,0.282,0.5639,51016.3336,50989.9036,17791.6692,542813.7895,542532.5743,2023-08-05
605123.SH,2021-12-03,142.21,4.6307,6.0837,1.02,92.2215,65.0114,8.9777,14.9436,10.3131,,0.3657,10800.0,4145.0,3155.0,1535868.0,589460.45,2023-08-05
600717.SH,2021-12-03,4.38,3.4311,7.9451,14.22,18.4634,17.3408,0.7373,0.9442,0.8678,1.4269,1.6362,289400.1038,289400.1038,124978.7419,1267572.4546,1267572.4546,2023-08-05
605198.SH,2021-12-03,19.34,1.7832,7.4667,1.22,46.8024,54.274,3.2838,8.4364,8.8725,,0.2585,36730.0,8374.604,2000.0,710358.2,161964.8414,2023-08-05
605050.SH,2021-12-03,12.21,10.2037,20.6143,1.47,17.304,14.6457,1.7366,0.7941,0.5608,,1.8018,43500.0,15150.0,7499.0,531135.0,184981.5,2023-08-05
300166.SZ,2021-12-03,10.27,2.9277,3.2321,0.6,39.2073,36.0495,1.7709,5.6668,4.8951,0.4284,,115238.1437,81792.8092,74089.6288,1183495.7358,840012.1505,2023-08-05
600571.SH,2021-12-03,9.73,2.3062,3.0243,0.49,41.2131,14.2768,3.598,3.6656,3.2801,1.325,2.0821,47702.1629,43071.0823,32844.0665,464142.045,419081.6308,2023-08-05
002091.SZ,2021-12-03,12.79,1.3448,2.3994,0.55,20.4543,17.5569,2.0891,0.6644,0.5705,1.5637,1.9547,156353.6598,151301.6522,84799.7639,1999763.3088,1935148.1316,2023-08-05
300321.SZ,2021-12-03,20.2,0.7585,1.7582,1.06,88.4477,99.6216,2.8544,4.387,3.6892,1.9802,0.9901,8880.0,8360.767,3606.7064,179376.0,168887.4934,2023-08-05
002861.SZ,2021-12-03,12.46,0.7597,1.2626,0.61,43.4806,621.1684,1.862,1.6171,1.6819,1.2479,0.4645,15676.262,10798.1128,6497.3959,195326.2245,134544.4855,2023-08-05
300668.SZ,2021-12-03,17.79,2.9198,4.4929,0.6,92.2714,76.1689,4.021,6.0182,5.3398,1.2828,1.6863,10540.0,5607.2201,3643.9469,187506.6,99752.4456,2023-08-05
688158.SH,2021-12-03,28.35,0.6142,0.8557,0.5,,,4.2189,4.8822,3.7932,,,42280.5164,32331.1322,23203.6307,1198652.6399,916587.5979,2023-08-05
000671.SZ,2021-12-03,2.94,2.6719,5.5102,1.4,2.3318,2.2579,0.4347,0.1481,0.1425,6.6669,12.871,414038.295,405204.7253,196481.9711,1217272.5873,1191301.8924,2023-08-05
600241.SH,2021-12-03,11.32,2.7548,6.0392,1.25,,102.0396,3.1578,6.4578,4.9792,0.0,,29430.2115,29430.2115,13424.5566,333149.9942,333149.9942,2023-08-05
601766.SH,2021-12-03,6.17,0.2656,0.6613,1.01,15.6271,16.0997,1.2172,0.7778,0.7823,2.4311,2.9173,2869886.4088,2432779.8048,976940.8598,17707199.1423,15010251.3956,2023-08-05
300960.SZ,2021-12-03,26.39,17.0086,17.0086,1.65,36.6722,52.0795,4.4781,8.5024,8.946,,1.5157,10238.5812,2560.0,2560.0,270196.1579,67558.4,2023-08-05
601169.SH,2021-12-03,4.42,0.1657,0.2376,0.91,4.3498,4.0462,0.4381,1.4534,1.4189,6.9005,6.7873,2114298.4272,2114298.4272,1474719.1845,9345199.0482,9345199.0482,2023-08-05
001896.SZ,2021-12-03,7.39,5.7978,16.1959,3.77,29.1695,,1.3808,0.9795,0.7635,0.0,,115058.7847,115058.7847,41188.7163,850284.4189,850284.4189,2023-08-05
603787.SH,2021-12-03,17.28,0.7063,2.6217,0.9,34.5216,328.5926,3.4504,0.6955,0.8576,0.6944,1.4468,20400.0,20400.0,5496.08,352512.0,352512.0,2023-08-05
300323.SZ,2021-12-03,12.86,2.0844,2.6073,1.03,874.4334,109.1119,2.5131,6.032,4.9476,0.0,,124023.6453,90919.633,72688.3287,1594944.0786,1169226.4804,2023-08-05
688499.SH,2021-12-03,305.87,3.0453,3.0453,0.82,191.6374,130.8032,14.1096,18.8232,12.6935,,,8800.0,1797.098,1797.098,2691656.0,549678.3653,2023-08-05
601963.SH,2021-12-03,8.73,1.1921,1.5262,0.97,6.8569,6.5955,0.7238,2.3246,2.1138,,4.2726,347450.5339,34745.0534,27139.5034,3033243.1609,303324.3162,2023-08-05
002454.SZ,2021-12-03,9.43,2.3145,4.1364,0.52,24.0071,29.7798,1.6245,1.7517,1.4741,0.6363,0.8484,62858.16,62542.6428,34995.5619,592752.4488,589777.1216,2023-08-05
603949.SH,2021-12-03,24.31,6.4103,6.4103,0.58,34.9073,33.8108,5.0968,10.4586,9.8004,0.8815,1.2341,20980.61,5245.8,5245.8,510038.6291,127525.398,2023-08-05
300513.SZ,2021-12-03,13.72,6.5635,7.0915,0.62,40.2109,38.7025,1.6666,3.0372,2.9411,0.8017,0.5102,31369.1155,24510.9723,22685.8088,430384.2647,336290.54,2023-08-05
600258.SH,2021-12-03,23.69,0.5637,1.1063,0.57,,127.0124,2.857,4.427,3.6357,0.2958,,98703.4712,98208.0716,50039.5707,2338285.2327,2326549.2162,2023-08-05
300848.SZ,2021-12-03,32.99,3.1137,3.452,0.53,43.113,36.891,5.201,5.812,3.8184,,0.3031,13334.0,4183.8,3773.8,439888.66,138023.562,2023-08-05
300972.SZ,2021-12-03,14.81,3.9824,3.9824,0.7,23.6485,574.9094,3.7365,5.052,6.1311,,,15350.0,3837.5,3837.5,227333.5,56833.375,2023-08-05
600446.SH,2021-12-03,13.78,0.8485,1.2788,0.62,36.4631,38.383,3.7144,2.298,2.0781,0.1858,0.5518,94108.1805,93846.0205,62271.0593,1296810.7273,1293198.1625,2023-08-05
300197.SZ,2021-12-03,2.83,0.9774,1.4119,0.83,135.8412,114.4175,1.2469,1.8969,2.1756,0.0,,282287.1757,180602.6374,125026.8523,798872.7072,511105.4638,2023-08-05
300401.SZ,2021-12-03,13.63,1.3552,1.9585,1.0,27.5843,23.3079,2.3993,12.2139,12.9439,0.0,0.7452,55100.7557,52629.2058,36416.9744,751023.3002,717336.0751,2023-08-05
002532.SZ,2021-12-03,8.1,2.5508,14.0524,0.88,19.7043,9.6167,1.7445,1.3722,1.2567,0.0,2.4691,465188.5415,120937.3151,21952.9681,3768027.1862,979592.2523,2023-08-05
002807.SZ,2021-12-03,3.77,0.4542,0.4746,1.43,7.7478,7.0732,0.6769,2.4434,2.493,4.7745,4.7745,217200.9274,216943.6191,207584.825,818847.4963,817877.444,2023-08-05
601688.SH,2021-12-03,16.43,1.057,1.4845,0.96,13.7796,11.4432,1.0945,4.7426,4.3841,1.8081,2.4196,907665.0,731211.632,520643.7761,14912935.95,12013807.1138,2023-08-05
300251.SZ,2021-12-03,10.5,0.3794,0.9706,0.75,105.8319,39.4802,3.227,26.5755,18.5974,0.4762,0.0952,293360.8432,278683.6404,108931.6398,3080288.8536,2926178.2242,2023-08-05
300454.SZ,2021-12-03,195.89,0.6923,0.9451,0.67,100.1581,133.4144,12.2823,14.8515,12.3012,0.0959,0.1021,41383.1888,26722.9718,19573.9241,8106552.854,5234762.9459,2023-08-05
688229.SH,2021-12-03,63.98,2.1409,2.1409,0.72,91.2266,,3.6677,20.4603,20.7665,,,4440.0,2050.782,2050.782,284071.2,131209.0324,2023-08-05
000056.SZ,2021-12-03,4.7,3.5567,9.0364,1.2,,,1.1673,8.0502,7.6564,0.0,,117452.872,90372.8783,35570.6578,552028.4984,424752.528,2023-08-05
832145.BJ,2021-12-03,13.07,9.4328,9.4328,1.34,28.948,34.365,3.2159,7.5629,8.9735,,,6800.0,2150.7,2150.7,88876.0,28109.649,2023-08-05
600466.SH,2021-12-03,1.71,0.8108,1.6266,0.78,1.5715,,0.6181,0.1208,0.1963,16.7836,,303493.0435,303493.0435,151279.9286,518973.1044,518973.1044,2023-08-05
300639.SZ,2021-12-03,28.9,1.6388,2.6717,0.49,23.4199,11.5356,2.8941,6.2706,3.4963,0.5003,0.6889,29389.3744,28866.7699,17707.0094,849352.9202,834249.6501,2023-08-05
688100.SH,2021-12-03,32.11,2.7604,4.3704,1.09,58.3154,51.0162,6.3977,11.0832,9.4226,,,50000.0,16445.2867,10387.062,1605500.0,528058.1559,2023-08-05
600596.SH,2021-12-03,27.0,5.2072,6.5473,0.9,37.7858,10.8696,2.7914,1.7654,1.2844,0.638,0.9259,81839.0386,73519.0386,58470.845,2209654.0422,1985014.0422,2023-08-05
300961.SZ,2021-12-03,23.11,6.0791,6.4104,0.73,44.3271,46.1392,3.8772,7.2441,6.5161,,0.2293,17728.0,4432.448,4203.415,409694.08,102433.8733,2023-08-05
600519.SH,2021-12-03,1971.88,0.2851,0.6511,1.13,53.0453,49.4067,14.2076,26.0977,24.2037,0.8634,0.9784,125619.78,125619.78,55009.3757,247707131.7864,247707131.7864,2023-08-05
300296.SZ,2021-12-03,9.91,2.2896,2.345,0.53,,,3.2818,3.7988,3.1575,0.5996,0.199,254290.1478,198870.2066,194170.0566,2520015.3647,1970803.7474,2023-08-05
601567.SH,2021-12-03,15.05,1.2292,2.7502,1.25,21.8256,23.3743,2.4062,2.9422,3.1119,1.3953,2.3256,138656.9053,138656.9053,61972.767,2086786.4248,2086786.4248,2023-08-05
605336.SH,2021-12-03,33.01,2.2868,2.2868,0.66,24.1339,18.4981,2.5643,6.5663,5.0318,,1.2464,14202.5,4480.0,4480.0,468824.525,147884.8,2023-08-05
002445.SZ,2021-12-03,3.07,6.3456,13.8959,3.68,55.9383,7.2418,3.5612,18.9812,16.6217,0.0,,239166.8331,231582.1478,105752.6019,734242.1776,710957.1937,2023-08-05
002397.SZ,2021-12-03,3.98,1.082,1.5809,0.75,66.9809,63.8334,1.685,1.3553,1.2568,5.0166,1.505,75598.1443,47474.3267,32492.117,300880.6143,188947.8203,2023-08-05
300083.SZ,2021-12-03,14.34,2.4041,2.8101,0.77,,,7.3306,6.2981,4.3204,0.0,,152638.0379,130808.6889,111907.2031,2188829.4635,1875796.5988,2023-08-05
300238.SZ,2021-12-03,17.69,0.9396,1.2793,0.43,100.6678,67.4782,5.9491,10.7347,9.5747,0.0,,26515.5701,26513.4082,19472.2994,469060.4351,469022.1911,2023-08-05
002162.SZ,2021-12-03,4.62,1.9153,4.1695,0.48,74.8392,90.4163,3.3551,3.5828,3.3989,0.0,,92650.0,85344.35,39204.0342,428043.0,394290.897,2023-08-05
002554.SZ,2021-12-03,2.99,1.9925,2.4314,0.99,,31.2275,1.7285,3.5465,2.7299,0.2127,,134685.7772,85736.3264,70258.49,402710.4738,256351.6159,2023-08-05
300726.SZ,2021-12-03,91.8,2.3158,3.6824,0.7,75.9207,46.7265,13.6549,26.2191,18.3762,0.3268,0.1743,40010.0,18323.2906,11523.2906,3672918.0,1682078.0771,2023-08-05
300279.SZ,2021-12-03,7.05,3.5963,5.0772,1.28,630.0983,260.2549,3.4057,1.8817,1.5598,0.0,,44894.1998,43961.424,31138.7953,316504.1086,309928.0392,2023-08-05
300619.SZ,2021-12-03,96.48,7.714,10.1429,0.55,586.9484,252.8293,12.7637,12.5858,7.5222,0.0559,0.02,7751.0981,5944.6159,4521.073,747825.9447,573536.542,2023-08-05
300562.SZ,2021-12-03,12.66,1.6745,2.0273,0.43,38.7004,49.0663,2.5964,2.0313,1.5375,0.1541,1.5811,21447.7702,14639.5915,12091.5412,271528.7707,185337.2284,2023-08-05
300958.SZ,2021-12-03,28.07,5.675,5.675,0.56,48.0915,45.3278,3.9431,3.8566,3.3071,,0.5629,14265.6479,3209.7708,3209.7708,400436.7366,90098.2664,2023-08-05
000502.SZ,2021-12-03,6.15,0.2926,0.3792,1.06,,,6.6932,77.1119,10.1655,0.0,,18481.9607,18334.7957,14148.3491,113664.0583,112758.9936,2023-08-05
603888.SH,2021-12-03,18.01,0.6431,1.7288,0.72,56.673,34.4905,3.0842,6.5213,5.3055,1.0827,0.7107,51902.936,51902.936,19307.895,934771.8774,934771.8774,2023-08-05
300802.SZ,2021-12-03,42.1,3.2189,3.8813,0.6,76.7036,63.6736,6.614,14.1818,12.5092,0.2924,0.2889,16245.2482,8377.2465,6947.574,683924.9492,352682.0777,2023-08-05
600191.SH,2021-12-03,4.04,1.2552,2.7484,0.48,,,1.1746,50.7028,51.8011,0.3713,,48493.2,48493.2,22147.6387,195912.528,195912.528,2023-08-05
300355.SZ,2021-12-03,4.72,3.4819,3.671,0.63,32.624,21.341,1.7886,2.979,2.7357,0.0847,0.4661,160424.2081,130769.3448,124032.8282,757202.2622,617231.3075,2023-08-05
300476.SZ,2021-12-03,32.07,2.3972,3.8729,0.91,53.3781,38.6294,4.4629,4.9463,3.8463,0.5345,0.5334,86365.7021,76633.3444,47433.4967,2769748.0663,2457631.3549,2023-08-05
300416.SZ,2021-12-03,29.02,1.8954,3.0982,0.67,62.0183,43.0503,7.5519,6.4597,5.3701,0.2657,0.3943,26374.1274,26178.1524,16014.7524,765377.1771,759689.9826,2023-08-05
600250.SH,2021-12-03,4.67,0.6212,1.1538,0.91,66.4475,,1.8562,1.5126,1.4739,0.0,,31059.3879,27003.7533,14537.4566,145047.3415,126107.5279,2023-08-05
605358.SH,2021-12-03,141.98,4.077,4.5132,2.3,321.5115,136.6022,8.8042,43.2297,29.2156,,0.0679,45732.9972,28275.7888,25542.5388,6493170.9425,4014596.4938,2023-08-05
603682.SH,2021-12-03,5.67,0.8413,0.999,1.01,17.1587,20.0156,2.5482,3.624,3.1606,6.7019,3.8801,47250.0,17955.0,15119.9916,267907.5,101804.85,2023-08-05
605289.SH,2021-12-03,28.14,5.7028,5.7028,0.54,22.597,19.2191,1.9333,4.0604,3.2603,,,8667.0,2167.0,2167.0,243889.38,60979.38,2023-08-05
688298.SH,2021-12-03,165.9,2.1381,2.3587,0.37,11.8687,4.0364,3.3959,6.0967,2.0813,,,12000.0,6022.752,5459.5363,1990800.0,999174.5568,2023-08-05
603505.SH,2021-12-03,41.62,2.6176,5.7814,1.01,54.5009,54.0318,10.6367,14.749,13.4504,0.5506,0.5522,31160.3408,30942.0968,14009.5479,1296893.3841,1287810.0688,2023-08-05
600573.SH,2021-12-03,8.66,1.2626,2.5291,0.94,75.5125,69.0636,1.8179,3.5239,3.7475,0.3464,0.4042,25000.0,25000.0,12480.5422,216500.0,216500.0,2023-08-05
601366.SH,2021-12-03,5.99,0.1991,0.3516,0.93,36.0755,26.2804,1.1777,0.6144,0.607,2.4444,,86051.881,83403.8468,47216.7254,515450.7672,499589.0423,2023-08-05
600588.SH,2021-12-03,32.15,0.399,0.7995,0.81,106.3599,92.9569,15.9959,12.3346,11.8971,0.6144,0.6187,327053.145,324111.4992,161764.031,10514758.6118,10420184.6993,2023-08-05
002855.SZ,2021-12-03,9.12,4.2053,11.5725,4.79,22.3532,41.2365,1.6188,0.8096,0.7145,0.549,0.932,25061.2402,24598.9232,8938.9232,228558.5106,224342.1796,2023-08-05
002865.SZ,2021-12-03,67.47,1.8484,4.505,0.57,680.0578,,8.7372,10.7311,8.2208,0.1312,0.0719,13653.9932,13316.3582,5463.8582,921234.9212,898454.6878,2023-08-05
002012.SZ,2021-12-03,5.93,5.8308,7.7804,1.58,29.9503,28.8051,1.9394,1.7888,1.4072,0.3541,0.1535,46762.547,46653.7641,34963.1332,277301.9037,276656.8211,2023-08-05
000785.SZ,2021-12-03,4.82,1.2931,1.2984,0.68,23.094,14.5249,1.6851,3.4994,2.5141,1.492,1.0754,652903.6899,75998.8721,75692.776,3146995.7853,366314.5635,2023-08-05
603823.SH,2021-12-03,14.86,0.3442,1.101,0.68,18.1867,15.5229,2.4493,2.3547,1.9608,1.4773,1.6824,31772.52,31500.0,9848.0456,472139.6472,468090.0,2023-08-05
002371.SZ,2021-12-03,387.0,1.2884,2.7259,1.25,378.8721,234.1911,12.7957,33.5909,24.2354,0.0153,0.0266,52565.3708,46060.5781,21771.1014,20342798.4996,17825443.7247,2023-08-05
601669.SH,2021-12-03,7.61,5.2306,9.1464,1.96,14.5766,13.7046,1.1926,0.2902,0.2537,0.5172,1.2052,1529903.5024,1114440.154,637323.1048,11642565.6533,8480889.5719,2023-08-05
837212.BJ,2021-12-03,17.53,4.2293,4.2154,0.97,46.9124,32.8643,5.1052,5.1502,3.9702,,,10610.0,2616.15,2624.75,185993.3,45861.1095,2023-08-05
002225.SZ,2021-12-03,4.66,1.3455,1.6703,0.83,15.6864,22.3334,1.54,1.1279,1.0647,1.5194,1.2876,101032.0936,81290.573,65484.2761,470809.5562,378814.0702,2023-08-05
002644.SZ,2021-12-03,7.42,0.3537,0.9218,0.71,33.8368,48.8511,2.3628,5.6718,4.5656,0.8086,1.6173,51065.7,51065.7,19594.3324,378907.494,378907.494,2023-08-05
002998.SZ,2021-12-03,9.25,3.276,4.6491,1.67,22.3354,23.133,2.0405,2.2141,2.0684,,1.0811,32639.84,15201.14,10711.4883,301918.52,140610.545,2023-08-05
603227.SH,2021-12-03,6.36,0.7101,1.1271,0.6,43.5543,34.4377,2.9117,2.2717,1.811,0.7147,0.7862,72457.0,65870.0,41499.4096,460826.52,418933.2,2023-08-05
603368.SH,2021-12-03,16.21,0.4361,0.6052,0.71,8.2531,9.7631,1.1239,0.3749,0.3498,2.9989,3.7022,36235.9803,36146.6215,26043.342,587385.2407,585936.7345,2023-08-05
002292.SZ,2021-12-03,5.23,0.9185,1.1798,0.49,,,2.0769,3.2656,2.9621,0.0,,147869.9697,85375.6468,66463.5146,773359.9415,446514.6328,2023-08-05
000736.SZ,2021-12-03,5.22,0.456,1.5762,1.88,10.4468,57.4483,1.1986,0.2951,0.3539,1.621,0.9579,69543.3689,69543.3689,20119.7345,363016.3857,363016.3857,2023-08-05
002480.SZ,2021-12-03,4.77,0.8337,1.1212,0.94,61.5488,,1.4289,1.5665,2.9656,0.0,,76916.867,64453.4296,47927.1641,366893.4556,307442.8592,2023-08-05
603088.SH,2021-12-03,12.96,4.7663,11.8516,0.51,59.1359,46.2676,7.666,9.3662,7.5148,1.496,2.4802,30732.8,30732.8,12359.5638,398297.088,398297.088,2023-08-05
002995.SZ,2021-12-03,27.71,3.873,5.3088,1.04,24.1284,24.7646,2.3276,0.7742,0.5916,,1.2771,9137.1,4057.2973,2959.9493,253189.041,112427.7082,2023-08-05
300776.SZ,2021-12-03,193.3,2.8978,3.0213,0.62,55.0498,51.6597,9.9895,19.1574,15.8629,0.161,0.3863,10627.064,4747.1432,4553.0991,2054211.4712,917622.7806,2023-08-05
600293.SH,2021-12-03,3.93,2.8997,5.1203,1.09,,,2.3022,1.7688,1.5997,0.0,,116014.5046,116014.5046,65700.1936,455937.0031,455937.0031,2023-08-05
301049.SZ,2021-12-03,36.94,23.5918,23.5918,1.21,24.5921,31.018,3.8688,11.321,13.351,,,9425.3334,2234.4182,2234.4182,348171.8158,82539.4083,2023-08-05
300228.SZ,2021-12-03,10.49,13.0313,13.2963,0.87,84.518,121.2009,3.0654,3.3421,3.477,0.0,0.143,57540.6349,54288.7849,53206.7849,603601.2601,569489.3536,2023-08-05
002791.SZ,2021-12-03,154.5,0.9806,1.4334,1.1,60.7908,48.6919,10.9415,7.3739,6.0705,0.0971,0.356,32154.0,16078.9659,10999.6162,4967793.0,2484200.2316,2023-08-05
688388.SH,2021-12-03,158.22,1.9665,2.1112,0.67,198.7711,79.8341,12.7137,30.8222,15.4355,,,23419.1646,17086.7246,15915.9101,3705380.223,2703461.5662,2023-08-05
300554.SZ,2021-12-03,16.56,3.1079,3.7719,1.04,77.3929,205.7911,2.9517,5.9998,6.2005,0.1208,0.2415,9361.3367,5283.6935,4353.5339,155023.7358,87497.9644,2023-08-05
605133.SH,2021-12-03,32.25,27.8698,27.8698,0.96,40.3803,45.2627,3.1526,5.2062,4.5095,,0.7752,16000.0,4000.0,4000.0,516000.0,129000.0,2023-08-05
300091.SZ,2021-12-03,6.3,16.7007,20.7524,1.92,159.9643,177.6117,2.8316,6.533,6.1582,0.1311,0.1889,148916.4214,107030.7285,86133.9249,938173.4548,674293.5896,2023-08-05
301038.SZ,2021-12-03,20.68,14.5822,14.5822,2.77,29.2075,33.339,3.119,3.161,2.7572,,,13200.0,2816.229,2816.229,272976.0,58239.6157,2023-08-05
300606.SZ,2021-12-03,20.46,2.9974,3.9206,0.69,26.8189,40.3431,3.6028,4.6075,4.7275,0.3884,1.3685,9343.4,5546.2218,4240.1843,191165.964,113475.698,2023-08-05
301031.SZ,2021-12-03,173.61,3.0635,3.0635,0.76,207.7525,159.5206,16.4621,50.861,33.5503,,,6627.7427,1657.0,1657.0,1150642.4101,287671.77,2023-08-05
300907.SZ,2021-12-03,37.01,36.3082,36.3082,1.17,59.0628,75.4656,4.8866,4.257,3.0948,,1.351,9600.0,3696.0,3696.0,355296.0,136788.96,2023-08-05
000868.SZ,2021-12-03,3.97,1.1338,1.8477,1.21,29.2352,,6.6102,0.8931,1.0114,0.0,,73332.9168,73332.9168,44998.7472,291131.6797,291131.6797,2023-08-05
300702.SZ,2021-12-03,41.82,3.8447,5.8143,1.03,21.8157,49.2998,3.8821,5.6243,5.7677,0.6261,0.6642,34797.7159,21184.3333,14008.011,1455240.4789,885928.8186,2023-08-05
834475.BJ,2021-12-03,11.41,0.8351,0.8422,0.58,30.7581,32.1772,3.6564,4.4099,4.1878,,,10296.0,2843.55,2819.8064,117477.36,32444.9055,2023-08-05
002484.SZ,2021-12-03,27.45,1.094,1.889,0.51,60.7673,47.3438,5.4548,8.5975,6.5327,0.2889,0.4363,82530.8441,77489.6701,44877.2788,2265471.6705,2127091.4442,2023-08-05
688051.SH,2021-12-03,47.41,0.8271,0.8271,0.51,20.7203,44.0085,2.5343,5.3805,5.7837,,,7733.4,2304.1596,2304.1596,366640.494,109240.2066,2023-08-05
601138.SH,2021-12-03,11.25,0.791,0.791,0.65,12.8225,11.3848,2.0266,0.5176,0.4917,1.7782,2.2222,1986728.1116,304069.5505,304069.5505,22350691.2555,3420782.4431,2023-08-05
300813.SZ,2021-12-03,81.3,2.9778,3.0032,0.56,87.3227,72.7657,8.7092,21.1007,16.9881,0.738,0.246,5197.0,1627.7,1613.935,422516.1,132332.01,2023-08-05
600238.SH,2021-12-03,19.29,7.2275,10.8933,1.07,355.6642,186.4967,15.9359,10.7015,8.6451,0.0,,44820.0,44500.158,29524.9467,864577.8,858408.0478,2023-08-05
601975.SH,2021-12-03,2.0,2.2028,2.4778,2.49,6.9809,35.8045,1.6836,2.4074,2.6556,0.0,,485278.3848,349535.8087,310742.3272,970556.7696,699071.6174,2023-08-05
300618.SZ,2021-12-03,98.4,4.5116,6.128,0.6,91.0793,46.2566,6.6246,13.5179,8.0067,0.0097,0.2236,30961.7139,22176.3961,16326.9292,3046632.6478,2182157.3762,2023-08-05
002671.SZ,2021-12-03,3.99,1.5712,2.2003,0.85,,,1.0367,2.7013,1.6404,0.0,,56651.0368,45476.9005,32473.5337,226037.6368,181452.833,2023-08-05
000923.SZ,2021-12-03,14.98,1.5666,2.6925,0.78,10.0684,5.7681,1.1843,1.6474,1.3031,0.6676,0.6676,65272.8961,62789.3854,36533.3116,977787.9836,940584.9933,2023-08-05
002427.SZ,2021-12-03,6.37,0.4949,1.0366,0.6,,,,1.1404,1.0127,0.0,,43797.0123,43702.9865,20865.6018,278986.9684,278388.024,2023-08-05
601799.SH,2021-12-03,219.18,0.207,0.4529,0.59,54.0003,52.5716,8.173,8.5508,7.6057,0.441,0.5734,28567.9419,28567.9419,13056.7792,6261521.5056,6261521.5056,2023-08-05
300357.SZ,2021-12-03,57.25,0.563,1.0506,1.21,107.6512,92.5419,17.9923,47.1154,39.1899,0.3144,0.2795,52358.4,47103.1292,25239.8395,2997518.4,2696654.1467,2023-08-05
002639.SZ,2021-12-03,8.85,11.1401,12.1914,1.51,,,2.8587,4.0905,3.3347,0.0,,67407.2767,55867.2142,51049.6571,596554.3988,494424.8457,2023-08-05
688630.SH,2021-12-03,95.2,14.35,14.35,2.06,161.8853,104.3127,12.9483,37.0868,24.1217,,,12080.0,2567.2082,2567.2082,1150016.0,244398.2206,2023-08-05
300391.SZ,2021-12-03,17.61,1.8593,6.375,1.3,243.658,50.9221,7.0578,5.0798,2.5839,0.0,,35033.6112,35033.6112,10217.6412,616941.8932,616941.8932,2023-08-05
002947.SZ,2021-12-03,32.25,4.8362,4.84,1.95,55.8996,1504.3853,3.5432,9.1223,6.402,1.2417,0.6471,18205.7298,6372.8953,6367.961,587134.7861,205525.8734,2023-08-05
603015.SH,2021-12-03,7.97,1.0779,2.3797,0.72,52.0337,33.8749,2.4557,4.2973,3.3393,0.0,1.2547,40421.9,40421.9,18308.76,322162.543,322162.543,2023-08-05
301059.SZ,2021-12-03,21.96,9.5176,9.5176,0.45,43.0171,44.3342,5.1099,13.6459,13.1416,,,12166.0,2885.8972,2885.8972,267165.36,63374.3025,2023-08-05
600768.SH,2021-12-03,9.39,1.0524,1.6771,0.79,,,5.7164,2.5383,2.6162,0.0,,13374.72,13374.72,8392.7118,125588.6208,125588.6208,2023-08-05
300051.SZ,2021-12-03,4.49,1.022,1.6783,1.02,,,6.9099,7.4071,8.6456,0.0,,36569.869,36564.634,22266.5473,164198.7118,164175.2067,2023-08-05
002028.SZ,2021-12-03,51.81,1.6634,1.8402,0.61,42.5059,40.0923,5.4202,5.3811,4.7077,0.1916,0.3847,76572.0382,59299.9311,53604.2345,3967197.2991,3072329.4303,2023-08-05
002965.SZ,2021-12-03,29.03,3.4934,3.4934,0.64,27.5696,45.6827,2.5553,2.4222,2.1079,1.0486,1.0926,15347.1243,7494.6143,7494.6043,445527.0184,217568.6531,2023-08-05
300635.SZ,2021-12-03,16.33,2.7505,3.2687,1.52,74.5898,72.2388,3.3546,4.0709,3.528,0.2756,0.1347,13632.2,9592.5269,8071.5753,222613.826,156645.9643,2023-08-05
300643.SZ,2021-12-03,14.64,4.5098,9.0645,1.2,92.6084,34.6257,4.2024,4.2696,3.3514,0.2376,0.5346,23000.0,20000.0,9950.4721,336720.0,292800.0,2023-08-05
300207.SZ,2021-12-03,51.22,1.1625,1.6589,0.52,109.7879,88.1264,6.9514,2.9652,2.5291,0.1248,0.1252,171895.7276,146229.334,102474.3656,8804499.1677,7489866.4875,2023-08-05
601995.SH,2021-12-03,49.9,3.5278,3.5278,1.24,33.421,24.655,3.3078,10.1811,8.4387,,0.3607,482725.6868,53112.1281,53112.1281,24088011.7713,2650295.1922,2023-08-05
603019.SH,2021-12-03,27.97,0.8522,1.0975,0.7,49.7638,42.3812,3.4174,4.0276,3.826,0.3182,0.4963,146316.8974,145072.8974,112647.3814,4092483.6203,4057688.9403,2023-08-05
601288.SH,2021-12-03,2.93,0.0527,0.2834,0.78,4.7491,4.3213,0.5126,1.5585,1.4553,6.2082,6.3174,34998303.3873,29928453.8234,5564157.9186,102545028.9248,87690369.7026,2023-08-05
600612.SH,2021-12-03,45.6,0.1954,0.6393,0.71,15.0403,12.883,2.7069,0.4612,0.4138,2.5219,2.7412,52311.7764,31710.963,9693.7837,2385417.0038,1446019.9128,2023-08-05
002248.SZ,2021-12-03,10.0,3.9765,4.8542,0.73,,,52.6049,14.6417,10.7071,0.0,,30749.56,29768.3968,24385.8168,307495.6,297683.968,2023-08-05
300376.SZ,2021-12-03,11.08,2.6148,6.1304,0.73,56.6496,52.4124,4.3353,6.1656,6.531,0.2436,0.2699,232089.4976,231893.4214,98910.6365,2571551.6334,2569379.1091,2023-08-05
600686.SH,2021-12-03,6.29,0.86,1.6829,1.22,141.3845,,1.1635,0.3231,0.2939,0.3975,0.0795,71704.7417,67457.5721,34472.8199,451022.8253,424308.1285,2023-08-05
000623.SZ,2021-12-03,16.93,1.8513,2.5782,1.7,11.5224,10.3753,0.8158,8.7449,8.814,1.1772,1.1567,116304.6001,116011.6324,83303.5575,1969036.8797,1964076.9365,2023-08-05
300045.SZ,2021-12-03,10.25,2.9585,3.3985,0.84,226.0758,360.7889,3.5543,9.7597,9.8719,0.0,0.0976,61421.7087,44063.7852,38358.4407,629572.5142,451653.7983,2023-08-05
600521.SH,2021-12-03,20.93,0.6308,1.0751,0.55,33.5792,45.9898,4.7611,4.8144,5.0259,0.8471,0.9318,149175.5791,145461.0791,85345.8966,3122244.8706,3044500.3856,2023-08-05
300215.SZ,2021-12-03,10.73,1.4179,2.6139,0.62,93.924,46.7003,4.3443,11.586,9.667,3.7279,1.1048,75832.2487,56016.6162,30386.4754,813680.0286,601058.2918,2023-08-05
300884.SZ,2021-12-03,19.2,3.2256,3.2256,0.68,22.3948,29.606,2.7348,4.4427,3.7822,,0.6944,18000.0,9339.48,9339.48,345600.0,179318.016,2023-08-05
688488.SH,2021-12-03,15.68,0.7449,0.8379,0.64,165.5847,391.4893,4.8934,22.7831,21.3297,,,42000.0,21288.1135,18924.8575,658560.0,333797.6197,2023-08-05
002663.SZ,2021-12-03,1.8,0.7018,0.797,1.0,,,0.8577,1.2719,1.1812,0.0,,179589.0452,130161.467,114609.5836,323260.2814,234290.6406,2023-08-05
600221.SH,2021-12-03,2.05,1.3212,2.0138,1.29,,,,1.1718,0.9359,0.0,,1680612.033,1643600.2728,1078316.206,3445254.6677,3369380.5592,2023-08-05
002572.SZ,2021-12-03,17.05,1.2913,1.5084,0.68,13.0475,11.5738,2.4484,1.8624,1.4812,3.2258,3.5191,91237.0038,63263.692,54159.002,1555590.9148,1078645.9486,2023-08-05
002112.SZ,2021-12-03,7.57,1.9895,3.19,0.66,48.1065,79.0872,3.7107,1.5105,1.4132,0.0,,20160.0,19880.2893,12399.0672,152611.2,150493.79,2023-08-05
600187.SH,2021-12-03,2.43,0.7277,0.9799,0.64,131.5801,2317.8682,1.1654,10.6016,9.4706,0.0,,165393.5128,165393.5128,122831.1728,401906.2361,401906.2361,2023-08-05
002759.SZ,2021-12-03,31.49,3.0639,5.1949,0.72,,26.4126,4.0662,17.048,7.3085,0.127,,40215.2567,40210.9817,23716.1287,1266378.4335,1266243.8137,2023-08-05
000716.SZ,2021-12-03,3.27,0.8796,1.3966,0.54,267.0325,50.4913,0.8883,0.6334,0.5798,0.6116,,74399.955,69592.6611,43827.4484,243287.8529,227568.0018,2023-08-05
603519.SH,2021-12-03,15.2,1.0614,2.4961,0.7,42.3253,44.9379,5.1158,3.1165,2.5429,1.6447,1.0965,26632.7839,26632.7839,11324.5567,404818.3153,404818.3153,2023-08-05
300925.SZ,2021-12-03,30.09,12.1691,12.1691,0.82,54.4905,48.788,5.5044,3.4002,2.3404,,0.1955,22009.9166,5502.9,5502.9,662278.3905,165582.261,2023-08-05
300153.SZ,2021-12-03,12.26,5.0675,8.792,1.34,,,5.1217,5.5876,5.0359,0.2447,,32000.0,31734.7386,18291.1686,392320.0,389067.8952,2023-08-05
000861.SZ,2021-12-03,3.17,6.8628,11.8573,1.38,231.2476,,2.0093,5.6638,7.1329,0.3018,0.3139,232550.3649,216775.1186,125465.2447,737184.6567,687177.126,2023-08-05
301025.SZ,2021-12-03,17.72,8.5651,8.5651,0.38,137.4975,111.4829,11.7951,17.3719,14.9466,,,40001.0,3756.4892,3756.4892,708817.72,66564.9886,2023-08-05
002083.SZ,2021-12-03,4.25,0.4859,0.7065,0.56,17.2795,15.619,1.0253,0.8707,0.7859,2.2292,,90804.4645,90536.9444,62271.3474,385918.9741,384782.0137,2023-08-05
600335.SH,2021-12-03,8.78,12.5087,30.0063,1.53,29.9241,34.4287,1.2157,0.2898,0.2785,0.6834,1.3667,145687.5351,102973.6837,42926.7069,1279136.5582,904108.9429,2023-08-05
300537.SZ,2021-12-03,18.29,4.6582,5.2175,0.41,,,3.2389,4.6877,4.9205,0.4374,,19302.7584,13295.4832,11870.1713,353047.4511,243174.3877,2023-08-05
300658.SZ,2021-12-03,10.78,1.7734,3.0226,0.41,8.1923,,2.4354,1.5471,2.0544,1.8545,4.0206,22761.0,13554.2159,7952.3138,245363.58,146114.4474,2023-08-05
002733.SZ,2021-12-03,21.07,3.5478,5.8662,0.65,106.1497,535.0155,2.8195,3.1789,2.6466,1.0812,0.4746,38421.4913,36528.9279,22092.561,809540.8217,769664.5109,2023-08-05
688071.SH,2021-12-03,59.72,11.5117,11.5117,1.22,103.8773,95.5023,10.0981,14.4096,14.1227,,,7284.4774,1483.059,1483.059,435028.9903,88568.2835,2023-08-05
601665.SH,2021-12-03,5.58,2.8179,2.8179,1.14,10.1481,9.2026,0.9901,3.2207,2.7624,,3.2258,458083.3334,45808.3334,45808.3334,2556105.0004,255610.5004,2023-08-05
300523.SZ,2021-12-03,22.41,0.2155,0.3961,0.48,56.7048,,3.7462,3.1597,3.3847,0.4552,0.3481,23263.7638,23039.9407,12536.1785,521340.9468,516325.0711,2023-08-05
603197.SH,2021-12-03,56.06,3.5619,4.9215,0.66,63.5949,43.6428,5.5157,3.4972,3.0185,0.4562,0.8114,20780.5908,20185.961,14609.3262,1164959.9202,1131624.9737,2023-08-05
000038.SZ,2021-12-03,8.72,0.6061,0.9258,0.48,57.3148,,1.7862,2.14,1.2097,0.0,,52277.7419,23817.7966,15594.5337,455861.9094,207691.1864,2023-08-05
000977.SZ,2021-12-03,33.34,1.5708,2.475,0.81,33.0506,22.1423,3.5518,0.7689,0.7599,0.2081,0.3299,145372.131,145280.8551,92203.4218,4846706.8475,4843663.709,2023-08-05
300795.SZ,2021-12-03,20.15,0.9193,0.9334,1.36,,,5.0569,21.3909,15.8944,4.9628,,10016.4,3684.4519,3628.8544,201830.46,74241.7058,2023-08-05
600196.SH,2021-12-03,53.07,0.9351,1.7527,0.44,37.1335,28.643,3.493,4.4878,3.8583,0.7349,0.8103,256289.8545,201095.8045,107286.2755,13601302.5783,10672154.3448,2023-08-05
002329.SZ,2021-12-03,4.19,0.6213,0.7087,0.64,,,1.7804,1.4094,1.293,0.2387,,83764.0035,53312.5328,46736.9481,350971.1747,223379.5124,2023-08-05
600757.SH,2021-12-03,5.33,0.5489,1.2607,1.12,7.9224,7.8043,0.7945,0.9691,0.9858,3.7523,6.5666,121365.0273,121349.7103,52830.0866,646875.5955,646793.9559,2023-08-05
002949.SZ,2021-12-03,14.9,1.4929,1.9328,0.97,16.8575,14.2893,2.165,1.5421,1.1218,1.3422,2.6846,19603.5111,9350.2111,7222.4611,292092.3154,139318.1454,2023-08-05
601816.SH,2021-12-03,4.56,0.1,0.1218,0.94,69.3511,39.0979,1.1999,8.8724,7.2085,1.1579,0.7215,4910648.4611,2732869.5141,2242913.4646,22392556.9826,12461884.9843,2023-08-05
688329.SH,2021-12-03,48.57,8.1502,8.5138,1.13,52.327,45.3043,5.0263,12.0963,10.3801,,,7720.0,1640.5,1570.4226,374960.4,79679.085,2023-08-05
603050.SH,2021-12-03,20.77,3.8969,5.5205,0.57,30.5408,25.5219,2.6519,1.9216,1.7024,0.8186,1.0111,16221.01,16221.01,11450.5026,336910.3777,336910.3777,2023-08-05
300687.SZ,2021-12-03,27.87,1.7416,2.6389,0.56,58.521,51.8229,7.8458,7.4376,5.7474,0.2534,0.3601,36969.578,27178.3758,17936.602,1030342.1389,757461.3335,2023-08-05
603203.SH,2021-12-03,39.7,1.3938,3.9419,1.02,42.7682,28.2693,5.9459,14.165,10.3525,0.4338,1.6525,19088.3044,18784.0544,6641.8028,757805.6847,745726.9597,2023-08-05
600850.SH,2021-12-03,35.84,0.6708,1.0673,0.54,48.1879,46.1053,5.3173,1.8818,1.6018,0.6975,0.6975,42685.2228,42685.2228,26826.1038,1529838.3852,1529838.3852,2023-08-05
603703.SH,2021-12-03,22.69,13.566,19.8817,1.39,1291.0432,419.3907,7.2424,9.0626,7.3244,0.0339,,29861.0,29861.0,20375.2402,677546.09,677546.09,2023-08-05
605151.SH,2021-12-03,18.72,3.5055,3.5055,0.82,23.2273,24.4616,2.1127,2.1338,2.1961,,1.5491,13334.0,3334.0,3334.0,249612.48,62412.48,2023-08-05
300281.SZ,2021-12-03,6.04,2.1488,4.1643,0.87,68.6981,65.6962,1.9759,6.2239,5.1697,0.2483,0.4636,41892.358,39732.5912,20502.512,253029.8423,239984.8508,2023-08-05
300677.SZ,2021-12-03,60.85,3.7743,4.0863,0.47,4.7761,3.4944,2.1763,2.4186,1.8052,0.4308,3.1575,54997.762,37867.6823,34976.4632,3346613.8177,2304248.468,2023-08-05
300058.SZ,2021-12-03,6.73,2.7396,3.0766,0.32,23.1481,25.7153,1.7906,0.4137,0.3885,0.0,0.8947,249103.7834,238148.529,212058.2896,1676468.4623,1602739.6002,2023-08-05
002032.SZ,2021-12-03,60.0,0.3812,1.6357,0.74,26.2811,24.1834,6.9397,2.6091,2.3152,2.2409,2.1611,80867.8476,60019.0122,13987.5808,4852070.856,3601140.732,2023-08-05
002614.SZ,2021-12-03,11.98,1.2066,1.3932,0.89,16.4528,16.8352,1.6064,1.0718,0.9339,1.4665,2.4538,63068.0599,44806.7756,38805.7733,755555.3576,536785.1717,2023-08-05
002816.SZ,2021-12-03,17.35,1.0629,1.5314,0.76,,,3.9906,11.534,11.0963,0.0,,10000.0,9803.9306,6804.9306,173500.0,170098.1959,2023-08-05
000713.SZ,2021-12-03,9.14,2.913,4.2915,1.72,111.3406,216.0749,3.3177,2.2845,2.125,0.1563,0.1563,61401.498,55894.7567,37940.4665,561209.6917,510878.0762,2023-08-05
600420.SH,2021-12-03,9.71,0.2901,0.8262,0.73,15.3698,15.3552,1.1877,0.7942,0.7173,1.0299,1.0299,102696.4249,102696.4249,36063.0087,997182.2858,997182.2858,2023-08-05
600423.SH,2021-12-03,3.95,0.6756,1.0275,0.52,248.0924,79.6352,7.5308,29.4513,24.2607,0.0,,79869.5026,79869.5026,52515.9896,315484.5353,315484.5353,2023-08-05
600491.SH,2021-12-03,6.74,1.8778,3.2208,0.71,12.7458,12.2058,0.8594,0.5797,0.5691,1.0682,0.7418,152975.7955,152975.7955,89189.5105,1031056.8617,1031056.8617,2023-08-05
300746.SZ,2021-12-03,15.6,3.1052,8.4642,0.57,50.2285,32.7164,2.6995,1.5483,1.2812,0.9615,0.641,22573.8328,21381.6264,7844.1264,352151.7917,333553.3718,2023-08-05
002504.SZ,2021-12-03,1.78,1.4878,1.4878,0.76,,,4.157,4.0567,8.643,0.0,,102580.0523,41447.3971,41447.3971,182592.4931,73776.3668,2023-08-05
301033.SZ,2021-12-03,64.8,2.0031,2.0031,0.58,115.8002,93.3057,7.6532,34.6597,29.4755,,,6606.2951,1409.3703,1409.3703,428087.9225,91327.1954,2023-08-05
002278.SZ,2021-12-03,5.75,1.6378,2.5805,1.48,73.7207,96.3346,1.9481,2.8816,2.9183,0.8696,0.8457,36390.9648,33711.5131,21396.3089,209248.0476,193841.2003,2023-08-05
301128.SZ,2021-12-03,52.94,36.5049,36.5049,1.44,60.8461,76.1974,5.0251,9.3096,9.5539,,,7388.6622,1847.17,1847.17,391155.7769,97789.1798,2023-08-05
300869.SZ,2021-12-03,42.42,7.9494,10.1205,0.45,27.7867,44.096,9.7043,12.1638,16.8859,,0.5893,40179.68,15333.9685,12044.4531,1704422.0256,650466.9438,2023-08-05
601633.SH,2021-12-03,57.2,0.3867,2.4374,1.4,98.5099,68.4254,9.454,5.1135,4.0031,0.4294,1.0094,923528.6088,607942.3238,96442.3238,52825836.4234,34774300.9214,2023-08-05
603922.SH,2021-12-03,23.98,2.268,8.1698,0.9,405.227,495.3819,3.0049,6.536,6.2933,0.0,0.0834,12800.0,12800.0,3553.4717,306944.0,306944.0,2023-08-05
600789.SH,2021-12-03,7.09,1.083,1.4262,0.48,27.3879,76.7251,1.8898,1.4842,1.3307,0.6347,0.7757,88026.092,88026.092,66845.4093,624104.9923,624104.9923,2023-08-05
600767.SH,2021-12-03,7.01,0.9266,1.2247,0.67,247.9884,287.3798,10.5975,49.1123,60.6038,0.0,,34101.0182,34091.0182,25793.0254,239048.1376,238978.0376,2023-08-05
600916.SH,2021-12-03,13.97,1.6654,1.6654,0.72,46.9245,32.1853,3.7136,0.6946,0.4953,,1.1453,168000.0,18000.0,18000.0,2346960.0,251460.0,2023-08-05
003016.SZ,2021-12-03,10.7,1.886,1.886,0.61,25.9077,15.1807,1.5691,2.5193,2.1849,,3.7389,43159.87,14559.47,14559.47,461810.609,155786.329,2023-08-05
605189.SH,2021-12-03,23.07,3.074,3.074,0.65,25.4087,13.03,2.0176,1.9004,1.4193,,2.1673,12480.0,3120.0,3120.0,287913.6,71978.4,2023-08-05
002762.SZ,2021-12-03,12.33,10.7161,14.0185,0.62,133.8955,273.2246,4.4821,13.9403,13.8085,0.8921,0.4866,35402.5,19579.4313,14966.9983,436512.825,241414.3879,2023-08-05
603232.SH,2021-12-03,16.76,7.3822,10.5034,1.25,68.0413,57.1397,3.0353,8.7311,6.9746,0.5621,0.5967,23172.2033,23172.2033,16286.3624,388366.1273,388366.1273,2023-08-05
300025.SZ,2021-12-03,4.33,1.9204,2.2762,0.57,,,5.9811,2.3362,2.4765,0.0,,42853.0562,42846.2725,36148.7685,185553.7333,185524.3599,2023-08-05
300605.SZ,2021-12-03,15.36,4.7212,5.9432,0.41,42.8888,40.2196,4.9111,5.034,4.4003,0.327,0.3269,16456.4624,10285.1539,8170.3687,252771.2625,157979.9639,2023-08-05
300033.SZ,2021-12-03,122.06,2.4673,3.4331,0.88,38.0629,33.7805,11.7912,23.0754,19.504,0.6964,0.9831,53760.0,27195.0581,19544.577,6561945.6,3319428.7917,2023-08-05
000655.SZ,2021-12-03,8.69,1.6894,4.062,1.1,22.4494,13.0665,1.6574,3.6056,2.6945,0.0,1.1507,59534.023,59534.023,24760.0085,517350.6599,517350.6599,2023-08-05
605009.SH,2021-12-03,57.28,3.0421,3.6118,0.46,15.2096,27.1304,3.1257,3.5337,4.1628,,1.1651,15983.83,5617.7172,4731.728,915553.7824,321782.8412,2023-08-05
600350.SH,2021-12-03,5.09,0.2645,1.1001,1.42,12.0102,8.8479,0.8625,2.1547,1.7763,7.4656,7.4656,481116.5857,481116.5857,115689.6162,2448883.4212,2448883.4212,2023-08-05
688819.SH,2021-12-03,47.15,2.8843,2.8843,0.61,20.1045,24.3795,3.8284,1.3058,1.2491,,,97210.0,10622.6073,10622.6073,4583451.5,500855.9342,2023-08-05
600601.SH,2021-12-03,2.63,0.8709,0.9963,1.62,,,27.0765,0.9665,0.998,0.0,,219489.1204,219489.1204,191855.7836,577256.3867,577256.3867,2023-08-05
603778.SH,2021-12-03,4.22,0.7248,1.2453,0.79,,,1.9857,10.4948,11.4377,0.129,,64285.7142,64285.7142,37416.5124,271285.7139,271285.7139,2023-08-05
603927.SH,2021-12-03,26.65,0.9647,1.2,0.5,33.1892,28.4489,6.807,2.7361,2.5936,1.2061,1.4741,59360.0,45442.3424,36530.9168,1581944.0,1211038.425,2023-08-05
000006.SZ,2021-12-03,4.19,0.3704,0.5878,0.97,6.542,6.1736,0.7379,1.9274,1.5567,4.2721,4.6062,134999.5046,134999.5046,85060.6898,565647.9243,565647.9243,2023-08-05
600635.SH,2021-12-03,3.68,0.4276,0.5844,0.84,21.0875,20.3866,1.2654,2.2715,2.0585,1.6304,1.4946,295243.4675,241879.1675,176981.5081,1086495.9604,890115.3364,2023-08-05
000797.SZ,2021-12-03,2.51,0.4173,0.9277,0.48,13.7598,9.4763,0.7477,0.6776,0.4841,1.9927,2.3904,157099.8213,156682.3521,70475.4873,394320.5515,393272.7038,2023-08-05
002251.SZ,2021-12-03,6.47,0.9434,1.9654,1.26,50.0329,48.7247,0.7182,0.3574,0.4006,1.5439,1.4807,86390.3951,86390.3951,41467.5061,558945.8563,558945.8563,2023-08-05
605005.SH,2021-12-03,27.11,13.0477,13.0487,0.75,57.2837,48.0833,7.7945,9.043,7.573,,0.5533,40100.0,4010.0,4009.7,1087111.0,108711.1,2023-08-05
002842.SZ,2021-12-03,9.9,1.3335,2.1447,0.46,66.1072,52.3408,2.8008,2.1303,1.9011,0.4995,,27767.1652,21220.1439,13194.0052,274894.9355,210079.4246,2023-08-05
600390.SH,2021-12-03,5.21,0.3425,0.6907,1.04,6.2456,6.1391,0.5911,3.7209,5.6748,1.5163,6.7562,449806.5459,449806.5459,223024.9462,2343492.1041,2343492.1041,2023-08-05
688617.SH,2021-12-03,305.0,1.8152,1.8152,0.58,183.5631,101.0505,11.8799,42.413,27.1024,,,6667.0,1433.62,1433.62,2033435.0,437254.1,2023-08-05
603369.SH,2021-12-03,56.82,0.9948,1.7997,1.21,45.4913,36.5146,7.5818,13.9237,11.3884,0.7216,0.792,125450.0,125450.0,69345.0962,7128069.0,7128069.0,2023-08-05
300657.SZ,2021-12-03,18.84,2.6248,3.6063,0.47,92.6593,,4.5361,3.1792,2.7599,0.247,0.2427,44505.3082,42286.9854,30778.6099,838480.0065,796686.8049,2023-08-05
600992.SH,2021-12-03,8.13,1.8403,2.4042,0.66,66.0088,64.7447,1.3725,0.9354,0.8382,0.4428,0.4551,24509.0,24509.0,18760.0182,199258.17,199258.17,2023-08-05
300012.SZ,2021-12-03,24.06,1.3253,1.5024,1.61,69.6748,54.9047,9.4519,11.2803,9.515,0.1447,0.1453,167268.8214,151602.4026,133737.0017,4024487.8429,3647553.8066,2023-08-05
601601.SH,2021-12-03,27.1,0.4009,0.7783,1.2,10.6049,9.4385,1.1811,0.6175,0.6046,4.0669,4.4058,962034.1455,684504.1455,352597.6134,26071125.3431,18550062.3431,2023-08-05
002539.SZ,2021-12-03,13.16,4.1153,4.6838,0.85,26.6629,14.6291,3.3244,1.4521,1.0684,1.1398,1.5175,101010.0,65804.8163,57817.4426,1329291.6,865991.3825,2023-08-05
300261.SZ,2021-12-03,6.95,4.243,13.5793,0.53,41.5801,35.3788,3.1148,3.3419,3.1738,0.7143,0.713,96330.9471,94760.6372,29609.1632,669500.0823,658586.4285,2023-08-05
002886.SZ,2021-12-03,28.41,10.1679,15.0296,1.64,99.4232,94.9706,5.5956,5.5837,4.2476,0.1477,0.2071,22657.3529,17211.2803,11643.9051,643695.3959,488972.4733,2023-08-05
300437.SZ,2021-12-03,32.5,25.5421,30.3195,1.16,,,5.3951,6.8043,5.9224,0.2852,,25906.3097,17781.0597,14979.3097,841955.0653,577884.4403,2023-08-05
603356.SH,2021-12-03,13.79,1.0557,1.6956,0.55,24.9644,,2.3766,0.9617,0.8545,1.3778,,13334.0,13334.0,8301.94,183875.86,183875.86,2023-08-05
600291.SH,2021-12-03,6.62,2.9503,5.0844,1.06,,95.4724,4.1788,0.3431,633.6965,0.0,,109306.4378,109306.4378,63427.1233,723608.6182,723608.6182,2023-08-05
002869.SZ,2021-12-03,15.85,3.9069,5.5936,2.03,4.5278,75.1904,1.2146,1.8261,4.5391,9.2013,6.7058,18014.8557,15521.9292,10841.4829,285535.4628,246022.5778,2023-08-05
601518.SH,2021-12-03,2.52,0.4025,1.2736,0.88,34.3018,9.7953,0.8464,4.0017,2.748,0.0,,135039.5121,135039.5121,42673.3506,340299.5705,340299.5705,2023-08-05
300308.SZ,2021-12-03,39.14,1.2915,1.8623,0.78,36.183,37.9258,2.7932,4.4422,4.3695,0.1913,0.2755,80009.6281,68670.1671,47623.1904,3131576.8438,2687750.3403,2023-08-05
300425.SZ,2021-12-03,5.22,1.3988,2.4784,0.63,20.8187,18.4272,1.827,2.8398,2.532,0.9581,0.9579,67570.8786,67121.6941,37883.7971,352719.9863,350375.2432,2023-08-05
300003.SZ,2021-12-03,21.88,0.655,0.9119,0.84,21.9122,22.5616,3.4313,4.9118,3.8386,0.8962,1.0349,180458.1117,153580.3279,110312.8654,3948423.484,3360337.5745,2023-08-05
002252.SZ,2021-12-03,6.46,0.477,0.6799,0.76,32.8965,26.8088,1.6582,15.7677,11.5501,0.1548,0.387,674078.7907,497227.9699,348841.9827,4354548.9879,3212092.6856,2023-08-05
300946.SZ,2021-12-03,79.7,5.4786,5.4786,0.37,57.1098,50.5041,5.4576,13.9693,11.7993,,0.527,6667.0,1667.0,1667.0,531359.9,132859.9,2023-08-05
000812.SZ,2021-12-03,6.29,32.5672,44.3922,1.53,201.887,184.8437,2.9657,5.2221,4.2303,0.2385,,76869.2614,76785.8107,56331.8829,483507.6542,482982.7493,2023-08-05
002612.SZ,2021-12-03,35.6,4.7335,6.4768,1.02,110.8942,62.9893,5.1455,5.4759,4.4615,0.3371,0.8427,44244.5375,25193.7727,18412.3839,1575105.535,896898.3081,2023-08-05
300047.SZ,2021-12-03,8.01,4.7773,4.9815,0.55,38.6694,50.2255,1.5332,0.9722,0.8896,0.2497,0.3121,63774.4672,53081.7184,50906.0944,510833.4823,425184.5644,2023-08-05
002802.SZ,2021-12-03,22.89,2.6535,5.9079,2.25,26.8671,30.0246,4.1682,4.5329,3.3531,3.4402,2.1501,10787.1,10636.6594,4777.3123,246916.719,243473.1337,2023-08-05
605068.SH,2021-12-03,37.93,1.1298,1.1298,0.43,28.5537,30.8383,3.6501,7.7903,7.726,,1.9773,16600.0,5650.0,5650.0,629638.0,214304.5,2023-08-05
688033.SH,2021-12-03,29.9,1.5045,1.6429,0.67,117.3667,88.6911,5.3487,32.3177,24.2168,,,44873.7188,30571.8708,27996.8056,1341724.1921,914098.9369,2023-08-05
600481.SH,2021-12-03,10.91,1.9328,4.043,1.25,129.1919,68.4594,7.8181,8.57,5.6988,1.1033,0.1822,162725.5808,162725.5808,77792.8156,1775336.0865,1775336.0865,2023-08-05
002845.SZ,2021-12-03,27.35,1.5855,2.1379,0.76,24.8397,15.491,2.3488,0.6045,0.5193,0.1892,0.4375,23431.4304,15941.1451,11821.8367,640849.6214,435990.3185,2023-08-05
002851.SZ,2021-12-03,32.09,0.3886,0.4685,0.72,39.6235,35.9088,5.208,4.7289,4.1559,0.4704,0.5344,49756.9343,40549.8102,33634.9358,1596700.0217,1301243.4093,2023-08-05
300447.SZ,2021-12-03,22.48,3.8004,5.0388,0.83,50.5855,40.0647,4.1267,9.8528,8.1073,0.0,,31238.8375,17390.6443,13116.5143,702249.067,390941.6839,2023-08-05
002761.SZ,2021-12-03,7.54,0.5626,0.7872,0.85,7.584,6.7462,1.4719,0.1025,0.0921,2.6525,2.6525,108134.0098,24333.8,17392.603,815330.4339,183476.852,2023-08-05
600072.SH,2021-12-03,15.57,4.3093,7.3389,0.81,79.9067,53.7593,2.8945,6.114,4.2296,0.3661,0.3854,73624.9883,73624.9883,43231.7636,1146341.0678,1146341.0678,2023-08-05
002343.SZ,2021-12-03,4.72,0.8424,1.2012,0.8,,,1.988,3.3252,3.0464,0.0,,47494.9686,47369.3052,33222.0466,224176.2518,223583.1205,2023-08-05
002334.SZ,2021-12-03,8.01,5.4956,5.5686,0.54,44.4918,29.4699,3.1796,2.6396,2.1427,0.0,,75346.521,65028.397,64175.407,603525.6332,520877.46,2023-08-05
600745.SH,2021-12-03,133.36,2.6478,3.6752,2.06,68.7491,75.5597,5.2908,3.2114,3.1926,0.1015,0.1237,124513.6941,93553.4509,67401.2314,16605146.2452,12476288.212,2023-08-05
000777.SZ,2021-12-03,15.86,3.0736,4.2247,0.74,58.6011,59.3101,3.8731,5.2547,4.1799,0.6691,0.517,38659.7593,38340.6551,27893.7372,613143.7825,608082.7899,2023-08-05
300208.SZ,2021-12-03,12.55,5.9622,12.5355,2.33,,,7.0682,32.4913,9.7393,0.0,,74947.5,68739.4322,32694.2455,940591.125,862679.8741,2023-08-05
600740.SH,2021-12-03,6.41,4.5255,10.5121,2.04,14.9671,8.1494,1.2935,2.3129,1.5991,0.9231,2.4001,256212.1154,256212.1154,110300.67,1642319.6597,1642319.6597,2023-08-05
000811.SZ,2021-12-03,14.56,2.8425,4.918,0.69,48.8032,38.8507,2.3779,2.6856,2.117,0.3434,0.3434,74583.7804,74582.1393,43106.4228,1085939.8426,1085915.9482,2023-08-05
603500.SH,2021-12-03,10.0,1.8698,5.9864,1.26,43.4178,37.3606,2.8531,8.9893,5.5109,2.1552,1.408,24554.8776,24554.8776,7669.4062,245548.776,245548.776,2023-08-05
600354.SH,2021-12-03,6.09,2.1674,3.05,0.79,108.8015,,5.4646,3.3686,4.0764,0.0,,52780.208,52780.208,37506.3036,321431.4667,321431.4667,2023-08-05
605006.SH,2021-12-03,15.0,2.361,4.9933,1.02,43.5108,14.1503,3.478,3.7578,2.7909,,1.0,50000.0,23629.8639,11172.8,750000.0,354447.9585,2023-08-05
300512.SZ,2021-12-03,15.97,0.4877,1.3378,0.75,98.8404,34.4682,2.8056,6.5983,4.6094,0.4945,0.5941,27354.0,21671.5647,7900.9765,436843.38,346094.8883,2023-08-05
300191.SZ,2021-12-03,23.83,2.3264,3.2456,0.63,727.3769,243.5641,6.2397,17.9354,18.7708,0.0839,0.0839,32000.0,20702.0,14839.0,762560.0,493328.66,2023-08-05
300807.SZ,2021-12-03,28.87,28.6162,28.6162,2.03,617.9136,,3.2758,9.0687,9.6027,2.4247,,6785.1,2956.8958,2956.8958,195885.837,85365.5817,2023-08-05
300582.SZ,2021-12-03,24.74,3.3159,3.6984,0.71,45.3833,29.5357,5.3018,6.9677,5.191,0.1582,0.32,29658.3279,20585.2927,18456.3424,733747.0322,509280.1414,2023-08-05
600895.SH,2021-12-03,14.82,0.2856,0.58,0.85,12.5963,13.6808,2.073,29.4554,12.3229,0.8097,2.4291,154868.955,154868.955,76265.295,2295157.9131,2295157.9131,2023-08-05
603933.SH,2021-12-03,15.05,2.5903,10.0474,1.6,125.617,33.9328,2.8611,2.112,1.577,0.6365,0.3182,21007.72,20123.32,5187.97,316166.186,302855.966,2023-08-05
605566.SH,2021-12-03,29.93,5.366,5.366,0.77,20.7309,20.1866,1.9897,3.9991,3.6025,,,13334.0,3334.0,3334.0,399086.62,99786.62,2023-08-05
300219.SZ,2021-12-03,16.55,2.328,3.8502,0.58,126.2661,47.6141,5.4902,3.7501,2.8727,0.0,,70794.3506,62804.6919,37974.8863,1171646.5024,1039417.6509,2023-08-05
000783.SZ,2021-12-03,7.34,0.454,0.6971,1.11,19.464,17.251,1.3737,5.2144,4.7579,2.0435,2.0436,552994.8325,552994.8325,360190.739,4058982.0706,4058982.0706,2023-08-05
600193.SH,2021-12-03,7.34,0.6523,1.0095,0.89,53.8857,52.7274,9.9731,2.8488,3.1061,0.0,,42537.3,42537.3,27485.3755,312223.782,312223.782,2023-08-05
000416.SZ,2021-12-03,4.1,1.1112,1.4351,0.51,62.2647,135.6638,2.448,195.0937,177.9496,0.7317,0.7317,53187.1494,53164.1098,41165.967,218067.3125,217972.8502,2023-08-05
600690.SH,2021-12-03,28.75,0.9031,1.5397,1.56,30.4372,21.5958,3.4817,1.2882,1.1993,1.3043,1.2637,939752.0463,630855.2654,370009.429,27017871.3311,18137088.8803,2023-08-05
002029.SZ,2021-12-03,5.99,0.4243,0.6765,1.07,21.661,19.0354,0.773,1.3592,1.2789,1.6694,1.5625,75567.0,72370.2668,45395.945,452646.33,433497.8981,2023-08-05
300821.SZ,2021-12-03,20.5,3.8924,5.2767,0.55,87.6281,26.0091,5.2262,9.8269,6.8338,1.2195,0.6098,120000.0,41700.0,30759.93,2460000.0,854850.0,2023-08-05
300457.SZ,2021-12-03,35.38,1.8435,2.5285,0.89,120.5118,289.5063,4.27,9.6367,5.9651,0.1145,0.1413,64953.7963,46847.4274,34155.2946,2298065.3131,1657461.9814,2023-08-05
000960.SZ,2021-12-03,18.81,1.86,3.2939,0.84,45.4665,15.4694,2.1242,0.7007,0.5999,0.0,,166877.6379,166877.6379,94233.6613,3138968.3689,3138968.3689,2023-08-05
600309.SH,2021-12-03,95.02,0.8244,0.8244,0.93,29.7108,12.3107,4.6617,4.0627,2.2684,1.3681,1.3681,313974.6626,142375.642,142375.642,29833872.4403,13528533.5028,2023-08-05
300106.SZ,2021-12-03,10.52,2.7601,4.7441,0.78,186.1149,111.1572,3.7519,2.7102,2.1002,0.0,,21133.231,21133.231,12295.4139,222321.5901,222321.5901,2023-08-05
600271.SH,2021-12-03,12.94,1.115,2.1046,0.59,23.1962,17.2816,1.8688,1.0992,0.9553,1.7867,1.2982,185288.4638,185288.4638,98160.8244,2397632.7216,2397632.7216,2023-08-05
600095.SH,2021-12-03,10.16,2.9787,5.1607,0.68,81.4057,74.4469,2.3195,39.6876,12.0998,0.0112,0.6895,285495.8418,95664.2527,55217.5974,2900637.7527,971948.8074,2023-08-05
301083.SZ,2021-12-03,18.41,7.264,7.264,0.5,49.4241,48.7718,4.5868,6.5242,6.341,,,17786.6667,3747.4843,3747.4843,327452.5339,68991.186,2023-08-05
002033.SZ,2021-12-03,5.77,0.3796,0.6901,0.89,44.979,96.2084,1.2884,7.3555,7.0856,2.0797,3.4662,54949.0711,54948.0181,30220.5046,317056.1402,317050.0644,2023-08-05
688195.SH,2021-12-03,35.4,9.1171,9.538,0.67,64.5917,85.1057,5.5569,17.0065,15.975,,,12935.0,3073.25,2937.6504,457899.0,108793.05,2023-08-05
002856.SZ,2021-12-03,11.18,1.2154,2.081,0.86,98.1936,,1.913,1.2117,1.5615,0.0,,13531.2808,9757.3033,5698.7808,151279.7193,109086.6509,2023-08-05
002600.SZ,2021-12-03,7.75,6.2535,17.0162,2.25,24.1665,26.1556,3.4399,1.946,1.8093,2.5717,,706649.1403,700318.0219,257369.3042,5476530.8373,5427464.6697,2023-08-05
600754.SH,2021-12-03,52.18,0.442,0.9351,0.73,506.6186,,3.3439,5.6413,4.9654,1.0088,0.1112,107004.4063,91404.4063,43203.6838,5583489.9207,4769481.9207,2023-08-05
002789.SZ,2021-12-03,12.51,5.3067,6.4771,2.78,,,1.6103,0.8799,0.8941,0.3595,,15962.3514,8764.7392,7180.9769,199689.016,109646.8874,2023-08-05
600277.SH,2021-12-03,4.82,4.841,9.5212,1.97,33.1073,18.6299,1.0588,1.3288,1.1827,1.5959,0.9097,356062.2194,356062.2194,181036.5287,1716219.8975,1716219.8975,2023-08-05
300240.SZ,2021-12-03,8.74,4.31,8.5796,1.3,,24.0843,2.4751,0.8655,0.5312,0.2278,,36724.875,36289.3954,18230.1851,320975.4075,317169.3158,2023-08-05
300405.SZ,2021-12-03,11.19,8.829,8.842,0.79,,,3.2536,2.6803,2.3602,0.0,,22246.9156,15112.6198,15090.4411,248942.9856,169110.2156,2023-08-05
002393.SZ,2021-12-03,19.72,0.3652,0.7508,0.48,417.6321,132.4596,0.8214,3.1538,3.3909,1.5213,0.5071,18245.4992,18245.4992,8874.4384,359801.2442,359801.2442,2023-08-05
300116.SZ,2021-12-03,2.57,1.6637,2.2511,0.74,,,36.0136,78.306,46.7195,0.0,,428108.2697,399980.2407,295618.3034,1100238.2531,1027949.2186,2023-08-05
836826.BJ,2021-12-03,11.69,4.3187,4.3187,1.76,38.865,27.5117,5.1762,4.7303,3.4984,,,8855.4084,3173.9013,3173.9013,103519.7242,37102.9062,2023-08-05
300724.SZ,2021-12-03,115.35,4.7349,5.7522,1.2,76.6803,59.6844,6.771,9.9168,8.5236,0.1442,0.1561,34768.8595,25574.1449,21051.2624,4010587.9433,2949977.6142,2023-08-05
001288.SZ,2021-12-03,16.42,7.7471,7.7471,0.96,25.9426,24.1344,1.5285,3.8023,3.2368,,,16000.0,4000.0,4000.0,262720.0,65680.0,2023-08-05
603214.SH,2021-12-03,21.2,0.9595,2.1667,0.42,25.7425,34.8492,3.0263,1.3299,1.3046,1.7005,1.426,14154.9576,14051.6936,6222.3583,300085.1011,297895.9043,2023-08-05
688677.SH,2021-12-03,90.95,2.4774,2.4774,1.15,82.1036,70.2212,7.4348,28.746,26.8721,,,8698.0,1851.3,1851.3,791083.1,168375.735,2023-08-05
300780.SZ,2021-12-03,16.68,3.4937,4.1737,0.79,24.8938,30.2576,2.2617,5.4206,4.7922,0.5995,0.7194,14667.0,6512.51,5451.4066,244645.56,108628.6668,2023-08-05
300365.SZ,2021-12-03,12.39,11.8044,14.9654,1.01,90.1393,153.5,3.4151,7.6993,8.7642,0.8152,,59985.5469,34817.7392,27463.485,743220.9261,431391.7887,2023-08-05
300948.SZ,2021-12-03,25.45,34.4713,34.4713,1.62,56.1213,58.9631,4.6413,12.2014,11.2693,,0.2096,14001.0,3501.0,3501.0,356325.45,89100.45,2023-08-05
833454.BJ,2021-12-03,14.3,9.4098,9.4098,1.18,48.9532,47.5137,5.14,10.3453,9.932,,,10135.0,2961.8699,2961.8699,144930.5,42354.7396,2023-08-05
605299.SH,2021-12-03,18.38,3.4525,3.4525,0.78,55.2268,53.8017,6.0662,5.0964,4.7133,,1.6322,41149.9,5000.0,5000.0,756335.162,91900.0,2023-08-05
300663.SZ,2021-12-03,18.52,4.6296,5.076,0.44,142.7285,137.6538,8.1068,8.3177,7.6558,0.0869,0.108,46648.8417,36021.9542,32854.558,863936.5483,667126.5918,2023-08-05
688597.SH,2021-12-03,20.69,12.1018,12.1018,0.42,58.534,143.3584,4.9788,7.9526,9.8202,,,17647.298,3591.7397,3591.7397,365122.5956,74313.0944,2023-08-05
600035.SH,2021-12-03,3.07,0.8102,1.76,1.27,15.2353,7.2242,0.7186,1.9878,1.5115,5.4798,2.2801,161011.5901,161011.5901,74122.5182,494305.5816,494305.5816,2023-08-05
300293.SZ,2021-12-03,14.54,5.5374,9.3101,1.12,,,6.5006,3.5254,3.8781,0.1325,,28033.5917,27000.0,16058.87,407608.4233,392580.0,2023-08-05
002336.SZ,2021-12-03,5.29,4.2195,14.6773,3.27,65.7833,,2.7849,0.3892,0.4216,0.0,,44000.0,37317.5,10728.2034,232760.0,197409.575,2023-08-05
002970.SZ,2021-12-03,48.3,11.255,17.2406,5.19,35.6003,54.3639,5.476,5.197,4.478,0.8266,1.0351,17312.0,8468.1787,5528.1787,836169.6,409013.0312,2023-08-05
600183.SH,2021-12-03,23.08,0.9761,2.0409,0.92,31.7246,19.6216,4.2426,3.6299,2.7515,1.7078,1.7192,230994.7277,230994.7277,110476.9441,5331358.3153,5331358.3153,2023-08-05
688555.SH,2021-12-03,27.08,0.701,0.7874,0.71,27.8778,33.1584,2.6694,8.8017,7.4087,,,8311.0,4080.3,3632.7,225061.88,110494.524,2023-08-05
688216.SH,2021-12-03,55.88,4.0573,4.0573,0.76,73.8878,44.2852,6.0828,10.8363,7.796,,,10627.0,2163.1528,2163.1528,593836.76,120876.9785,2023-08-05
300249.SZ,2021-12-03,6.84,2.7887,3.2313,0.67,,,4.5992,2.2235,2.1603,0.0,,43747.0194,31950.4718,27573.5227,299229.6127,218541.2271,2023-08-05
000059.SZ,2021-12-03,7.12,1.1341,2.1413,0.4,35.0952,11.2425,0.8178,0.3741,0.3263,3.3006,1.1096,159944.2537,159939.8529,84707.9354,1138803.0863,1138771.7526,2023-08-05
600830.SH,2021-12-03,5.44,6.1004,8.9028,1.4,,227.6222,1.1674,28.8629,13.9949,0.3676,,45432.2747,45432.2747,31131.0133,247151.5744,247151.5744,2023-08-05
600868.SH,2021-12-03,2.84,1.5143,1.6501,1.97,157.3011,730.0443,2.2983,29.6147,26.6373,0.3521,0.2113,189814.8679,189814.8679,174188.8489,539074.2248,539074.2248,2023-08-05
605168.SH,2021-12-03,110.32,1.5921,1.6069,1.16,21.1861,17.4358,4.3706,2.7377,2.4697,1.3478,2.7194,6967.78,3032.6388,3004.6968,768685.4896,334560.7124,2023-08-05
002202.SZ,2021-12-03,17.43,4.2026,7.2066,1.35,24.8499,18.8479,2.2367,1.3089,1.3952,0.918,1.4343,422506.7647,339359.5067,197901.3322,7364292.9087,5915036.2018,2023-08-05
600052.SH,2021-12-03,4.46,2.2371,4.5013,3.12,,,1.1073,20.1947,56.2883,2.1959,,84419.4741,84419.4741,41956.6455,376510.8545,376510.8545,2023-08-05
601577.SH,2021-12-03,7.86,0.5735,0.7136,1.02,5.9211,5.1564,0.6576,1.7539,1.5343,3.4638,4.0712,402155.3754,206734.5449,166155.3888,3160941.2506,1624933.5229,2023-08-05
301035.SZ,2021-12-03,52.4,0.978,0.978,0.77,33.0683,31.5203,3.1994,1.9852,1.7702,,1.0305,27618.0,6549.0645,6549.0645,1447183.2,343170.9798,2023-08-05
600125.SH,2021-12-03,4.92,1.3029,1.8615,1.46,16.0338,18.1289,0.9996,0.4235,0.434,2.2358,2.0325,130552.1874,130552.1874,91377.407,642316.762,642316.762,2023-08-05
002535.SZ,2021-12-03,1.79,1.5802,1.8867,1.0,38.5139,,2.1145,1.5857,2.1874,0.0,,80168.3074,56930.3753,47682.4649,143501.2702,101905.3718,2023-08-05
002242.SZ,2021-12-03,21.99,0.9944,3.0308,1.6,17.9421,17.5836,4.0305,1.5028,1.5097,2.638,4.5475,76703.3,76564.45,25119.6664,1686705.567,1683652.2555,2023-08-05
603217.SH,2021-12-03,44.85,9.2334,9.2334,1.43,36.2275,17.7892,2.3003,4.6778,2.7459,0.9556,0.8473,12745.6,4569.938,4569.938,571640.16,204961.7193,2023-08-05
600308.SH,2021-12-03,6.28,1.9506,3.031,0.74,10.5281,7.6228,0.7899,0.5957,0.5028,2.7866,2.8503,116756.1419,116756.1419,75140.6117,733228.5711,733228.5711,2023-08-05
605188.SH,2021-12-03,7.68,1.5613,1.5613,0.62,35.9098,68.3597,3.4368,1.6884,1.7725,,0.9766,49558.0,6037.9998,6037.9998,380605.44,46371.8385,2023-08-05
002699.SZ,2021-12-03,4.24,2.5926,5.3465,0.57,,,1.6969,3.8937,4.0105,0.0,,90957.2725,90957.2725,44107.332,385658.8354,385658.8354,2023-08-05
000656.SZ,2021-12-03,4.28,0.9835,1.6865,1.3,3.2509,3.2095,0.6356,0.2606,0.2205,10.4983,10.4977,533971.5816,525789.5362,306624.498,2285398.3692,2250379.2149,2023-08-05
002931.SZ,2021-12-03,15.92,1.3321,3.5646,0.98,41.093,34.217,4.9893,5.7844,4.459,0.4205,0.6728,19914.0144,17866.313,6676.6873,317031.1092,284431.703,2023-08-05
600391.SH,2021-12-03,23.0,3.5962,5.6207,1.31,,,5.3481,2.7904,2.1889,0.0,,33012.9367,33012.9367,21122.2062,759297.5441,759297.5441,2023-08-05
300065.SZ,2021-12-03,17.18,8.8098,9.713,0.58,187.0041,355.3027,6.2775,12.2663,11.1569,0.1117,,62183.4502,53197.3019,48250.3491,1068311.6744,913929.6466,2023-08-05
600698.SH,2021-12-03,3.32,0.968,1.6523,0.86,346.3734,508.5452,4.524,5.5038,5.3031,0.0,,106441.0032,73757.5229,43210.0241,353384.1306,244874.976,2023-08-05
002836.SZ,2021-12-03,10.16,2.5511,9.3965,2.57,50.5927,61.1693,4.518,7.635,10.2642,0.9843,2.9528,16000.0,16000.0,4343.9619,162560.0,162560.0,2023-08-05
300673.SZ,2021-12-03,18.6,1.8188,2.5178,1.0,41.0488,42.6502,2.8308,3.5179,3.6734,0.0,0.3584,25341.12,16238.448,11730.083,471344.832,302035.1328,2023-08-05
603009.SH,2021-12-03,7.12,15.1507,25.1606,3.6,84.241,35.8308,1.5399,1.737,1.4584,0.0,,35873.0089,33840.897,20377.6115,255415.8234,240947.1866,2023-08-05
600662.SH,2021-12-03,7.26,0.3528,0.588,0.86,281.3938,39.7044,4.4768,6.0833,1.8385,0.2564,,226327.945,105336.2191,63201.7315,1643140.8807,764740.9507,2023-08-05
002562.SZ,2021-12-03,4.59,2.4028,2.8894,0.82,174.0565,,1.6606,2.5425,2.0294,0.0,,106287.533,70008.0832,58218.6372,487859.7765,321337.1019,2023-08-05
300459.SZ,2021-12-03,4.45,3.1035,4.5667,0.57,20.7796,21.3627,4.5283,8.6571,7.9374,0.0,,351581.0939,285277.9712,193876.0792,1564535.8679,1269486.9718,2023-08-05
002180.SZ,2021-12-03,46.97,1.9432,3.3588,1.31,670.068,169.6073,4.1121,3.0088,2.99,0.1804,0.2192,125460.199,101575.9344,58765.8042,5892865.547,4771021.6388,2023-08-05
300833.SZ,2021-12-03,89.04,3.429,3.429,0.81,85.201,65.9207,4.1413,18.7859,15.2902,,0.4492,8432.7,2108.2,2108.2,750847.608,187714.128,2023-08-05
600218.SH,2021-12-03,14.95,7.9061,12.0366,0.9,37.769,38.5889,2.1661,1.4615,1.259,0.453,0.5663,43559.9919,36875.5,24221.25,651221.8789,551288.725,2023-08-05
601106.SH,2021-12-03,3.61,0.9193,2.545,1.62,189.7507,174.6611,2.2101,1.2439,1.0555,0.0,,685778.2927,685778.2927,247721.9039,2475659.6366,2475659.6366,2023-08-05
002598.SZ,2021-12-03,11.99,3.0202,4.8384,0.65,45.8607,37.1309,3.823,3.3135,2.5012,1.5847,,31200.0,27010.7663,16860.4213,374088.0,323859.0879,2023-08-05
600785.SH,2021-12-03,12.2,0.3359,1.2798,0.53,63.593,80.0563,1.3986,0.4834,0.4718,1.6393,,22563.128,22563.128,5921.49,275270.1616,275270.1616,2023-08-05
603123.SH,2021-12-03,7.45,1.5397,3.5808,0.38,73.1766,26.2174,1.5462,1.4539,1.0162,0.9689,0.4295,79873.6665,57513.8195,24729.6762,595058.8154,428477.9553,2023-08-05
600633.SH,2021-12-03,8.54,2.261,4.3327,1.07,21.7332,20.1748,1.2719,3.1419,3.6104,0.9107,0.9107,130192.3953,130192.3953,67940.3389,1111843.0559,1111843.0559,2023-08-05
600146.SH,2021-12-03,2.67,14.6316,16.0385,3.49,,,3.269,10.1541,7.5672,0.0,,46997.0,46997.0,42874.4625,125481.99,125481.99,2023-08-05
000715.SZ,2021-12-03,4.65,0.2537,0.7217,0.8,19.9257,11.7825,1.2027,2.2518,2.1687,1.7204,1.0753,41571.894,41505.9494,14588.8043,193309.3071,193002.6647,2023-08-05
603535.SH,2021-12-03,30.95,0.3175,0.4614,0.73,30.8049,26.2729,2.4708,4.3241,3.9649,0.3021,0.3323,16086.0576,15040.0,10348.03,497863.4827,465488.0,2023-08-05
300001.SZ,2021-12-03,29.88,1.3507,2.234,0.49,179.6975,243.9184,5.1955,4.1905,3.6886,0.0642,0.1673,104071.0713,99146.4092,59945.4061,3109643.6104,2962494.7069,2023-08-05
600311.SH,2021-12-03,2.0,0.8977,1.0709,1.03,,,12.26,2.4206,1.4221,0.0,,66560.0,66560.0,55795.0,133120.0,133120.0,2023-08-05
000887.SZ,2021-12-03,22.37,4.6171,8.2048,0.94,55.4466,27.0643,2.9665,2.3649,2.0869,0.887,0.887,122085.3166,121826.0743,68555.9422,2731048.5323,2725249.2821,2023-08-05
605577.SH,2021-12-03,12.23,4.7649,4.7649,0.55,30.0671,25.4724,1.896,3.5286,3.2988,,,44444.4445,4444.4445,4444.4445,543555.5562,54355.5562,2023-08-05
603106.SH,2021-12-03,5.45,1.5951,3.7374,0.55,87.4696,70.658,1.7444,3.071,3.7364,0.0,0.8469,52052.0,52052.0,22215.05,283683.4,283683.4,2023-08-05
688568.SH,2021-12-03,71.7,1.4592,3.7541,1.17,106.9755,92.7161,12.5141,22.4528,16.2829,,,22000.0,6285.7319,2443.2661,1577400.0,450686.9772,2023-08-05
601101.SH,2021-12-03,9.18,5.0557,13.7782,2.19,229.9989,8.9411,1.2277,2.5252,1.6095,0.7625,0.3268,119999.8272,119999.8272,44032.0319,1101598.4137,1101598.4137,2023-08-05
000795.SZ,2021-12-03,9.45,14.7481,29.2486,0.85,104.9109,77.9499,4.3131,4.1186,3.1169,0.0,,113368.4103,113140.7846,57049.1946,1071331.4773,1069180.4145,2023-08-05
603567.SH,2021-12-03,14.82,0.1798,1.0761,0.92,31.9971,31.8803,2.0074,4.1013,3.2228,1.32,,94196.3592,84916.0,14187.47,1395990.0433,1258455.12,2023-08-05
301188.SZ,2021-12-03,26.66,35.6379,35.6379,0.89,68.2362,51.0112,4.6566,9.3872,7.3771,,,23241.0,4578.8593,4578.8593,619605.06,122072.3889,2023-08-05
603939.SH,2021-12-03,44.4,0.322,0.7377,0.68,41.5389,36.5247,4.3852,2.4279,2.179,0.3562,0.5198,71876.534,71709.1395,31296.8686,3191318.1096,3183885.7938,2023-08-05
300441.SZ,2021-12-03,10.62,2.5366,5.1284,1.46,70.8206,47.7829,4.7746,3.5411,3.1045,0.0,1.4018,65718.9708,62758.7041,31040.967,697935.4699,666497.4375,2023-08-05
603331.SH,2021-12-03,14.7,5.1069,14.675,0.89,32.1394,23.6201,3.2206,2.7067,2.1856,1.1518,1.3605,17815.9389,17541.9389,6104.6649,261894.3018,257866.5018,2023-08-05
002565.SZ,2021-12-03,5.24,14.5699,22.1142,1.34,709.2958,,2.8653,3.4743,3.4236,0.0,,105998.8922,105509.4403,69514.5337,555434.1951,552869.4672,2023-08-05
603345.SH,2021-12-03,175.62,0.722,1.4967,1.35,71.0927,59.7448,8.8086,6.163,5.0052,0.261,0.4225,24442.436,24048.936,11600.5591,4292580.6103,4223474.1403,2023-08-05
600375.SH,2021-12-03,11.07,2.5231,2.9767,0.54,,,3.2637,1.1268,1.3141,0.0,,65431.4844,55574.0597,47105.9692,724326.5323,615204.8409,2023-08-05
601699.SH,2021-12-03,11.56,2.7921,7.4893,2.51,17.9059,5.4068,1.0387,1.3314,0.8905,2.0675,1.6782,299140.92,299140.92,111521.9088,3458069.0352,3458069.0352,2023-08-05
002750.SZ,2021-12-03,7.44,0.9131,2.4062,0.62,252.2703,185.0804,4.6368,11.7299,4.3598,0.0,,40050.0,39817.3701,15109.2095,297972.0,296241.2335,2023-08-05
300667.SZ,2021-12-03,24.99,2.9849,3.6769,0.97,99.1801,75.7737,4.182,6.5133,6.2081,0.2531,0.3961,20084.0639,14596.4839,11849.3224,501900.7569,364766.1327,2023-08-05
688787.SH,2021-12-03,83.6,6.3056,6.3056,0.67,43.592,63.9851,4.4728,15.332,16.1629,,,4280.0,870.3102,870.3102,357808.0,72757.9327,2023-08-05
300755.SZ,2021-12-03,44.28,3.6998,3.8666,0.74,49.4572,29.1221,5.5616,3.7349,2.5518,0.3613,0.4065,41679.84,11960.643,11444.623,1845583.3152,529617.272,2023-08-05
600163.SH,2021-12-03,9.81,5.6753,10.4325,1.33,38.4212,27.6222,3.9441,14.9107,11.743,0.0,,190299.6143,115416.1335,62786.2608,1866839.2163,1132232.2696,2023-08-05
301063.SZ,2021-12-03,42.28,11.6889,11.6889,0.53,33.7837,38.7149,3.9056,3.5128,3.5274,,,8424.0,1997.0639,1997.0639,356166.72,84435.8617,2023-08-05
300318.SZ,2021-12-03,10.16,5.51,13.3786,0.58,1106.0415,,6.5378,11.2353,10.7511,0.0,,81690.0495,79648.1489,32803.3956,829970.9029,809225.1928,2023-08-05
300610.SZ,2021-12-03,17.88,9.4975,11.1473,0.59,27.7201,23.1329,3.735,4.228,3.1309,0.5938,1.5834,21287.7,15929.0085,13571.5227,380624.076,284810.672,2023-08-05
603915.SH,2021-12-03,38.65,2.6053,2.6053,1.62,50.9303,39.1468,6.5144,8.3744,6.3649,0.5066,0.6459,47323.24,12675.74,12675.74,1829043.226,489917.351,2023-08-05
300510.SZ,2021-12-03,7.39,3.7678,5.6827,0.43,108.9069,45.4731,2.3349,7.2452,6.5231,0.0,,82862.3861,82222.6755,54516.8673,612353.0333,607625.5719,2023-08-05
600337.SH,2021-12-03,3.26,0.4396,0.7263,0.74,17.3243,12.2864,1.226,1.1612,1.019,0.0,,162832.722,162832.722,98564.4296,530834.6737,530834.6737,2023-08-05
688580.SH,2021-12-03,100.2,0.89,0.89,0.82,47.6707,41.349,4.6923,18.0997,16.0532,,,6834.6667,2380.6579,2380.6579,684833.6033,238541.9216,2023-08-05
300849.SZ,2021-12-03,12.88,1.4602,2.5878,0.93,56.0173,114.9713,2.8107,7.4433,7.1207,,1.294,15000.0,8722.1146,4921.7106,193200.0,112340.836,2023-08-05
002633.SZ,2021-12-03,7.93,0.769,1.7191,1.04,,,2.4545,7.0039,6.4094,0.0,,15000.0,14941.875,6684.375,118950.0,118489.0688,2023-08-05
600091.SH,2021-12-03,3.08,0.7994,1.2224,0.59,,,1.5673,73.8826,140.0101,0.0,,43741.2524,43741.2524,28604.71,134723.0574,134723.0574,2023-08-05
000518.SZ,2021-12-03,3.29,0.5503,0.8803,0.43,124.097,,5.4806,6.7021,8.7482,0.0,,102955.6222,102953.5693,64362.7693,338723.997,338717.243,2023-08-05
600167.SH,2021-12-03,8.21,0.1905,0.592,0.9,11.1455,14.954,2.2254,5.2211,5.4064,2.5579,4.8284,228811.9475,228811.9475,73643.8514,1878546.089,1878546.089,2023-08-05
603299.SH,2021-12-03,10.15,3.2937,6.5417,0.74,52.9798,36.5654,1.8591,1.9963,1.739,1.0067,0.5714,77437.9748,55944.0,28167.6029,785995.4442,567831.6,2023-08-05
002108.SZ,2021-12-03,9.33,5.6023,8.7593,1.04,43.9589,32.6066,3.5858,4.7889,4.5607,0.5359,1.0718,141792.4199,141792.4199,90687.9153,1322923.2777,1322923.2777,2023-08-05
300079.SZ,2021-12-03,8.26,3.6977,3.8612,0.61,153.8312,103.6213,2.9666,11.9631,11.2783,0.1211,,142900.8862,126685.2372,121321.7742,1180361.32,1046420.0593,2023-08-05
600025.SH,2021-12-03,6.3,0.4564,4.5643,2.27,23.456,21.1982,2.2553,5.8899,5.6558,2.4162,2.5397,1800000.0,1800000.0,180000.0,11340000.0,11340000.0,2023-08-05
601116.SH,2021-12-03,8.09,0.442,1.3747,0.79,36.2128,54.9542,1.4309,1.0304,1.1353,2.4722,2.4722,54767.84,54767.84,17609.195,443071.8256,443071.8256,2023-08-05
605016.SH,2021-12-03,28.69,1.7876,1.7876,0.79,38.0723,36.8746,3.0999,7.2813,6.0158,,,12680.0,3180.0,3180.0,363789.2,91234.2,2023-08-05
600148.SH,2021-12-03,13.67,1.6679,3.6723,0.73,33.8112,47.1182,3.9574,1.6734,1.5739,0.8383,1.3204,14151.645,14151.645,6427.33,193452.9872,193452.9872,2023-08-05
002352.SZ,2021-12-03,60.5,0.3222,0.8055,0.87,40.5163,84.1874,3.8251,1.9276,1.6467,0.4005,0.5053,490621.3102,450351.7459,180159.032,29682589.2671,27246280.627,2023-08-05
688312.SH,2021-12-03,28.5,1.2903,1.2903,0.91,40.1501,31.9552,3.2358,11.721,9.2874,,,14409.1816,6694.6403,6694.6403,410661.6756,190797.2486,2023-08-05
300577.SZ,2021-12-03,22.69,1.0852,1.4635,0.63,69.7952,28.3499,3.5134,2.799,2.6624,0.4675,0.4621,23978.9378,12921.4044,9580.7635,544082.0987,293186.6658,2023-08-05
000912.SZ,2021-12-03,5.23,1.411,3.4211,0.68,21.5323,12.4922,1.3948,1.4597,1.2517,0.0,,156800.0,156800.0,64669.396,820064.0,820064.0,2023-08-05
600094.SH,2021-12-03,3.58,0.1905,0.2951,0.59,19.7729,26.735,0.6673,0.5973,0.8341,0.838,0.6983,247532.5057,227660.4962,146995.1059,886166.3704,815024.5764,2023-08-05
002778.SZ,2021-12-03,19.2,1.4243,2.2852,0.7,32.1549,24.7311,4.4028,2.4418,2.3572,0.1488,0.372,12475.33,12475.33,7775.25,239526.336,239526.336,2023-08-05
300894.SZ,2021-12-03,47.7,2.929,2.929,1.03,70.1985,49.1583,14.0441,11.9684,8.7521,,1.2579,40500.0,4050.0,4050.0,1931850.0,193185.0,2023-08-05
000011.SZ,2021-12-03,10.78,0.7929,2.2321,1.36,8.0452,4.6528,1.5089,1.5653,1.1613,3.3395,3.8033,59597.9092,52647.5543,18702.6342,642465.4612,567540.6354,2023-08-05
002918.SZ,2021-12-03,23.94,1.6253,2.578,0.96,17.5126,16.4083,2.6666,2.0394,1.5367,1.4327,1.9402,41433.789,21420.0441,13503.7416,991924.9087,512795.8558,2023-08-05
002592.SZ,2021-12-03,7.74,10.5013,14.5425,1.78,,,2.4117,3.6256,3.3774,0.0,,28333.1157,26127.703,18867.1874,219298.3155,202228.4212,2023-08-05
002396.SZ,2021-12-03,25.25,2.5309,3.4432,1.06,34.1412,25.2152,3.1851,1.4293,1.1387,0.4356,0.396,58328.0278,58328.0278,42872.8328,1472782.702,1472782.702,2023-08-05
300304.SZ,2021-12-03,7.53,4.6482,8.0979,0.73,33.0011,23.1547,2.7993,7.7675,6.4834,0.3984,0.4648,86603.6018,84386.9734,48438.2093,652125.1216,635433.9097,2023-08-05
300935.SZ,2021-12-03,58.06,2.8252,2.8252,0.7,59.1859,127.6096,3.4769,21.8348,20.7787,,1.3779,5650.5,1413.0,1413.0,328068.03,82038.78,2023-08-05
831832.BJ,2021-12-03,19.45,2.1968,2.9118,0.74,46.9034,34.1515,2.51,6.7688,5.4931,,,7008.0,3822.7447,2884.0869,136305.6,74352.3844,2023-08-05
300877.SZ,2021-12-03,25.36,1.5038,2.0737,0.66,11.0195,20.3385,1.884,2.7881,3.2849,,2.7603,12000.0,5050.0,3662.11,304320.0,128068.0,2023-08-05
600822.SH,2021-12-03,8.5,0.3892,0.9786,0.99,36.808,19.0486,4.5055,0.5366,0.5648,0.0,,49597.2914,39614.7908,15757.1946,421576.9769,336725.7218,2023-08-05
000637.SZ,2021-12-03,4.31,1.1171,1.4126,0.89,153.9909,70.2103,2.3612,0.5605,0.4934,2.3202,,51987.5356,36649.4967,28983.6966,224066.2784,157959.3308,2023-08-05
688513.SH,2021-12-03,46.89,1.5582,2.0057,0.78,31.6062,23.5237,2.5067,6.1079,5.5066,,,12009.0,5958.64,4629.1413,563102.01,279400.6296,2023-08-05
688556.SH,2021-12-03,74.12,3.1857,3.6775,0.64,203.7994,93.1828,11.0243,16.0789,9.8986,,,16185.14,11834.2305,10251.7005,1199642.5768,877153.1647,2023-08-05
603277.SH,2021-12-03,18.65,0.3058,1.701,0.71,25.238,19.6523,3.2829,4.8548,3.6148,1.1511,2.681,42022.0,40817.25,7337.25,783710.3,761241.7125,2023-08-05
001965.SZ,2021-12-03,7.61,0.3466,0.8337,1.18,21.1537,9.4061,0.9133,6.6511,5.4231,3.6794,2.3259,617823.0373,193280.4493,80353.9338,4701633.3139,1470864.2192,2023-08-05
600120.SH,2021-12-03,4.43,0.499,0.9666,1.02,14.2072,16.9943,0.9169,0.8534,0.7199,0.7442,0.6946,289632.3121,289632.3121,149515.0512,1283071.1426,1283071.1426,2023-08-05
603098.SH,2021-12-03,49.21,1.0457,2.6193,0.77,145.31,207.2422,9.7637,8.4105,8.7132,0.2716,0.2235,53879.9978,53879.9978,21510.5494,2651434.6917,2651434.6917,2023-08-05
600603.SH,2021-12-03,3.7,0.358,0.8586,1.03,5.6121,5.1514,0.6818,1.0586,0.9269,12.9042,7.7115,125702.6847,125303.4847,52248.0329,465099.9334,463622.8934,2023-08-05
000925.SZ,2021-12-03,8.66,1.498,1.5807,0.71,85.6271,29.832,1.8722,1.651,1.6608,0.0,,55796.6062,52495.4336,49747.6036,483198.6097,454610.455,2023-08-05
605222.SH,2021-12-03,25.7,5.9436,8.1086,0.69,26.192,17.585,3.0956,1.1039,0.659,,0.4659,41819.7,10000.0,7330.0,1074766.29,257000.0,2023-08-05
603311.SH,2021-12-03,10.88,4.3376,10.2583,1.64,24.4752,25.1531,2.6635,3.2953,3.0914,1.4706,1.8382,21000.0,21000.0,8879.5564,228480.0,228480.0,2023-08-05
603355.SH,2021-12-03,31.07,1.5655,8.7859,0.97,54.4555,45.8467,5.5731,2.8437,2.2954,0.5837,4.5993,57484.77,56399.21,10049.4171,1786051.8039,1752323.4547,2023-08-05
000615.SZ,2021-12-03,10.61,2.8898,4.8308,0.86,,48.0723,4.0314,4.1706,4.2108,0.0,,78118.0319,77260.9203,46217.4865,828832.3185,819738.3644,2023-08-05
002420.SZ,2021-12-03,8.67,2.0833,2.8423,0.64,52.8005,42.2899,5.5297,1.135,0.9374,0.0,,40100.0,39019.2821,28599.3921,347667.0,338297.1758,2023-08-05
300154.SZ,2021-12-03,6.58,0.951,1.9915,0.92,44.7952,35.0471,1.8792,5.3918,3.2687,3.0416,2.243,45529.6,32135.215,15345.225,299584.768,211449.7147,2023-08-05
300719.SZ,2021-12-03,14.38,8.883,12.8371,2.04,38.2593,70.4888,3.7006,5.9914,6.8346,0.696,1.3908,25402.925,18112.6132,12533.5138,365294.0615,260459.3778,2023-08-05
600228.SH,2021-12-03,6.76,0.5971,0.8023,0.88,,300.9714,16.1997,15.2225,10.8701,0.0,,82326.7005,24132.0,17958.6606,556528.4954,163132.32,2023-08-05
605598.SH,2021-12-03,15.15,9.7501,9.7501,1.74,24.1429,21.9007,1.8199,3.3041,2.9624,,,17274.3467,4319.3467,4319.3467,261706.3525,65438.1025,2023-08-05
001201.SZ,2021-12-03,37.13,1.9706,1.9706,1.0,9.6649,17.5945,2.1089,4.8186,5.5759,,1.9237,17733.8,4433.8,4433.8,658455.994,164626.994,2023-08-05
600376.SH,2021-12-03,4.82,0.3194,0.6747,1.27,3.9602,5.0473,0.476,0.2811,0.195,8.2988,8.2988,257956.5242,257956.5242,122126.6904,1243350.4466,1243350.4466,2023-08-05
600463.SH,2021-12-03,6.04,0.3995,1.1719,1.0,199.682,41.2393,1.4402,1.6209,1.4537,0.0,0.1656,30000.0,30000.0,10226.1881,181200.0,181200.0,2023-08-05
002249.SZ,2021-12-03,8.46,6.4739,7.2669,0.9,193.4294,71.8521,2.4249,2.5735,2.0942,0.0,2.1277,236553.0164,172006.9385,153236.3042,2001238.5187,1455178.6997,2023-08-05
300898.SZ,2021-12-03,29.39,2.5641,2.5641,0.7,44.709,35.1486,4.4941,5.3253,4.209,,0.5104,12400.0,5090.675,5090.675,364436.0,149614.9383,2023-08-05
300690.SZ,2021-12-03,33.05,8.7954,11.413,0.51,17.0606,34.0681,4.2092,3.949,5.18,1.4126,2.0171,16631.7757,10872.2198,8378.6867,549680.1869,359326.8644,2023-08-05
300851.SZ,2021-12-03,29.92,0.6705,0.8241,0.52,21.5632,23.9443,2.2474,7.2469,7.3487,1.1364,1.1698,8693.34,4107.14,3341.74,260104.7328,122885.6288,2023-08-05
688085.SH,2021-12-03,29.93,1.0186,1.1965,0.69,51.8362,40.3786,3.8108,15.7406,11.3725,,,20533.35,8254.416,7027.216,614563.1655,247054.6709,2023-08-05
603726.SH,2021-12-03,14.81,0.5026,1.3966,0.61,24.6608,17.5728,2.5847,1.9622,1.528,2.3633,2.7009,18565.12,18565.12,6680.988,274949.4272,274949.4272,2023-08-05
000622.SZ,2021-12-03,3.89,2.2727,3.4716,1.13,560.9484,,8.3353,4.8198,4.2318,0.0,,42522.6,42522.6,27837.9347,165412.914,165412.914,2023-08-05
830799.BJ,2021-12-03,15.15,0.9632,0.9632,1.18,44.8516,39.8644,6.5257,7.7492,5.5252,,,14076.925,3565.4595,3565.4595,213265.4138,54016.7114,2023-08-05
603066.SH,2021-12-03,8.43,0.5342,1.1489,0.68,26.7858,24.7911,2.2863,3.814,3.4207,0.6035,0.7543,30070.29,30070.29,13983.093,253492.5447,253492.5447,2023-08-05
300397.SZ,2021-12-03,15.78,7.0962,8.0089,2.45,79.3804,388.3401,3.9814,6.6809,11.7501,0.2145,,51763.6745,31965.2393,28322.2643,816830.7836,504411.4762,2023-08-05
603297.SH,2021-12-03,113.78,2.4295,8.4755,0.84,77.7575,44.1,8.7858,21.8111,16.6366,0.3869,0.4658,11049.5,10958.85,3141.3923,1257212.11,1246897.953,2023-08-05
600133.SH,2021-12-03,5.25,0.6377,0.8093,0.82,6.0984,6.4208,0.743,0.3942,0.3489,0.4762,2.0952,79546.9152,79546.9152,62681.9099,417621.3048,417621.3048,2023-08-05
300011.SZ,2021-12-03,7.29,2.6468,3.6073,0.87,,,2.8293,3.3388,3.2989,0.0,,55865.0387,50079.2001,36743.7863,407256.1321,365077.3687,2023-08-05
300872.SZ,2021-12-03,32.08,3.6325,5.0384,0.63,53.8753,43.4929,3.1578,5.4799,4.3612,,0.6234,22468.203,14237.3157,10264.5072,720779.9522,456733.0877,2023-08-05
301036.SZ,2021-12-03,34.59,2.5921,2.5921,0.64,21.8794,26.8985,2.2001,2.5542,2.395,,,10000.0,2371.0046,2371.0046,345900.0,82013.0491,2023-08-05
001219.SZ,2021-12-03,29.54,15.6927,15.6927,1.07,33.1458,35.9934,3.1821,5.4568,6.1873,,,8875.0,2220.0,2220.0,262167.5,65578.8,2023-08-05
603950.SH,2021-12-03,17.69,0.6174,0.6379,0.48,13.0211,12.9411,1.8429,2.4408,2.3389,6.7835,,23152.2,8806.0895,8523.8212,409562.418,155779.7233,2023-08-05
301088.SZ,2021-12-03,26.2,3.5957,3.5957,0.51,36.8594,31.1969,2.5183,7.0165,6.5474,,,22800.0,5239.6674,5239.6674,597360.0,137279.2859,2023-08-05
688097.SH,2021-12-03,45.78,1.1681,1.1681,0.37,77.029,97.9321,8.2077,7.0959,5.4484,,,40251.65,3895.0,3895.0,1842720.537,178313.1,2023-08-05
000951.SZ,2021-12-03,15.6,5.7808,11.7986,3.0,9.75,10.6617,1.3103,0.3058,0.2775,2.0138,3.1136,117486.936,117477.5868,57559.2492,1832796.2016,1832650.3541,2023-08-05
300529.SZ,2021-12-03,50.55,0.9921,1.219,0.72,46.5219,36.6525,13.3499,20.8726,16.8447,0.9279,1.3041,80549.7338,51426.2698,41855.4623,4071789.0436,2599597.9384,2023-08-05
003005.SZ,2021-12-03,29.44,0.8281,1.0483,0.71,21.098,27.5929,2.1673,5.1952,5.4628,,1.1889,10600.0,4741.0,3745.0,312064.0,139575.04,2023-08-05
603716.SH,2021-12-03,15.1,2.5546,4.0909,2.25,53.7822,103.9,2.0307,1.4565,1.1931,0.5125,,20501.8993,20132.3345,12571.9667,309578.6794,303998.251,2023-08-05
300549.SZ,2021-12-03,19.04,5.2511,10.0766,1.49,112.1388,63.4549,4.725,8.1509,6.4072,0.4202,0.5252,13334.0,9956.75,5188.65,253879.36,189576.52,2023-08-05
002259.SZ,2021-12-03,3.61,0.4846,0.4846,0.96,25.8083,19.719,26.7908,2.8335,1.9403,0.0,,75232.8267,75232.8267,75232.8267,271590.5044,271590.5044,2023-08-05
600674.SH,2021-12-03,12.0,0.3598,1.3911,1.25,16.7235,16.3575,1.7251,51.278,41.5118,2.8308,3.1666,440615.2075,440615.2075,113960.0524,5287382.49,5287382.49,2023-08-05
603198.SH,2021-12-03,69.0,1.4183,5.5965,1.09,57.8988,39.9016,9.9566,15.9905,12.5385,1.0145,1.0145,80000.0,80000.0,20273.415,5520000.0,5520000.0,2023-08-05
002603.SZ,2021-12-03,16.61,0.6293,1.1601,0.46,22.7698,19.4564,3.1007,3.1597,2.6564,0.8601,4.3003,167070.5376,137599.8995,74643.1315,2775041.6295,2285534.3307,2023-08-05
002351.SZ,2021-12-03,11.78,0.6034,0.7807,0.64,37.9351,30.2989,4.8896,5.415,4.4931,0.8489,1.6978,88910.7,47803.987,36948.2922,1047368.046,563130.9669,2023-08-05
300816.SZ,2021-12-03,57.07,5.9697,6.3741,0.95,36.5772,49.4144,5.5879,6.7738,5.5155,0.4535,0.5512,8036.75,3697.5665,3462.9884,458657.3225,211020.1202,2023-08-05
002190.SZ,2021-12-03,31.57,3.0203,6.4374,2.72,95.2628,75.9963,4.435,11.5122,8.4013,0.1901,0.3168,35872.9343,35872.9343,16830.6263,1132508.5359,1132508.5359,2023-08-05
002728.SZ,2021-12-03,14.14,5.5026,7.6402,0.57,71.5242,26.5784,2.6493,4.9533,4.3222,4.8704,4.2211,22163.6408,12717.8621,9159.6337,313393.8809,179830.5701,2023-08-05
300963.SZ,2021-12-03,27.68,7.9983,7.9983,0.8,54.3761,78.2785,3.9148,5.5334,5.1001,,0.5419,12000.0,3000.0,3000.0,332160.0,83040.0,2023-08-05
002444.SZ,2021-12-03,33.51,0.5443,0.9702,1.37,28.3799,27.2533,3.6575,4.4844,3.8519,0.0,,114343.8492,108209.8706,60711.6827,3831662.3867,3626112.7638,2023-08-05
603648.SH,2021-12-03,8.57,1.5983,3.1131,2.91,28.4004,23.0411,1.7662,2.0829,2.0418,2.1004,2.1004,36866.67,36866.67,18927.3074,315947.3619,315947.3619,2023-08-05
601825.SH,2021-12-03,6.82,2.4673,2.4762,1.56,8.06,6.905,0.7189,2.9844,2.7967,,3.8123,964444.4445,96444.4445,96099.4445,6577511.1115,657751.1115,2023-08-05
000753.SZ,2021-12-03,3.03,0.6375,1.0174,0.74,22.5265,21.4571,1.1963,0.9641,0.9728,0.0,0.9901,99148.1071,99148.1071,62131.3232,300418.7645,300418.7645,2023-08-05
603569.SH,2021-12-03,6.51,0.2154,0.9693,0.84,30.415,44.4398,1.7185,0.8946,0.8125,10.7373,1.6436,56027.7716,56027.7716,12451.8711,364740.7931,364740.7931,2023-08-05
002291.SZ,2021-12-03,19.81,1.6037,2.172,1.26,741.7941,,2.9037,8.3796,7.4627,0.0,,90984.1215,61466.9879,45384.0948,1802395.4469,1217661.0303,2023-08-05
300721.SZ,2021-12-03,53.77,0.6505,0.8816,0.6,,49.127,4.258,4.5923,3.4497,0.0874,,8576.1967,8445.0515,6231.3097,461142.0966,454090.4192,2023-08-05
002167.SZ,2021-12-03,8.74,3.3461,4.1843,0.76,,864.7281,5.4855,8.7809,5.4263,0.0,,77139.9,56933.7713,45528.9395,674202.726,497601.1612,2023-08-05
300169.SZ,2021-12-03,7.3,2.0226,2.345,0.62,,,3.8259,2.6633,2.9801,0.0,,32598.434,30001.2507,25876.704,237968.5682,219009.1301,2023-08-05
603721.SH,2021-12-03,13.48,1.724,3.4745,0.65,,,3.3083,5.8563,5.6801,0.0,,13000.0,13000.0,6450.5215,175240.0,175240.0,2023-08-05
300171.SZ,2021-12-03,49.6,0.6718,1.2196,0.54,67.2404,42.4894,7.7486,11.51,8.3648,0.1411,0.4435,62833.704,42787.7527,23567.2268,3116551.7184,2122272.5339,2023-08-05
301087.SZ,2021-12-03,82.13,2.4549,2.4549,0.4,30.9961,33.0988,2.7759,5.5324,5.6363,,,16000.0,3694.896,3694.896,1314080.0,303461.8085,2023-08-05
300959.SZ,2021-12-03,49.3,4.3428,4.3428,0.92,47.3362,43.1325,3.5333,3.5789,2.9892,,0.6085,8000.0,2000.0,2000.0,394400.0,98600.0,2023-08-05
688661.SH,2021-12-03,118.62,3.1528,3.1528,0.78,154.5629,89.512,17.216,41.3703,26.1212,,,8000.0,1700.0,1700.0,948960.0,201654.0,2023-08-05
600166.SH,2021-12-03,3.83,1.832,2.6928,1.14,162.851,151.9487,1.592,0.436,0.4215,0.0,,657519.2047,657519.2047,447327.6713,2518298.554,2518298.554,2023-08-05
002955.SZ,2021-12-03,20.0,1.5425,1.8693,0.74,57.5499,28.7598,1.4909,1.1768,0.8388,0.0,,23498.569,9724.8383,8024.8385,469971.38,194496.766,2023-08-05
000673.SZ,2021-12-03,1.81,1.8239,2.707,1.02,57.8952,25.8703,,6.861,6.8209,0.0,,78960.4108,78951.0358,53195.4804,142918.3435,142901.3748,2023-08-05
601838.SH,2021-12-03,11.39,0.6858,1.3108,1.45,6.8293,5.9157,0.9452,2.8181,2.3768,3.6874,4.0386,361225.1334,359971.0164,188339.5485,4114354.2694,4100069.8768,2023-08-05
002456.SZ,2021-12-03,8.75,1.291,1.8187,0.57,,,2.5605,0.5904,1.002,0.2733,,326226.3437,269157.9105,191060.1305,2854480.5074,2355131.7169,2023-08-05
000802.SZ,2021-12-03,5.15,0.2278,0.3633,0.88,,,2.1654,8.6591,6.4512,0.0,,71590.0255,71120.9005,44601.7948,368688.6313,366272.6376,2023-08-05
002207.SZ,2021-12-03,6.17,1.6368,2.1382,0.81,,,12.8771,8.2694,7.8028,0.0,,26205.5378,23766.485,18192.6572,161688.1682,146639.2125,2023-08-05
600784.SH,2021-12-03,6.81,3.4711,4.5511,1.33,22.2975,24.3821,2.1488,1.5234,1.4014,0.1175,0.4552,56817.7846,56817.7846,43334.9276,386929.1131,386929.1131,2023-08-05
601996.SH,2021-12-03,3.05,0.8441,1.5562,0.69,20.2615,21.0028,1.248,2.0077,1.7583,1.9672,3.2376,114562.28,114562.28,62139.49,349414.954,349414.954,2023-08-05
001212.SZ,2021-12-03,32.38,2.7327,2.7327,0.45,21.5058,19.8669,2.2284,5.2912,4.149,,0.9265,9067.0,2267.0,2267.0,293589.46,73405.46,2023-08-05
688296.SH,2021-12-03,46.62,1.7055,1.7055,0.74,66.1488,49.9441,7.4837,13.7787,11.1796,,,10739.316,2441.2042,2441.2042,500666.9119,113808.9398,2023-08-05
002673.SZ,2021-12-03,7.89,0.3795,0.6645,0.83,31.5711,29.8541,1.3224,6.8024,5.5831,0.6256,0.9632,446958.1705,410919.4608,234655.1379,3526499.9652,3242154.5457,2023-08-05
603926.SH,2021-12-03,18.05,1.269,2.2888,0.78,19.7495,14.2781,2.1124,2.1134,1.8375,1.5083,2.5134,17656.3485,16020.16,8882.1879,318697.0904,289163.888,2023-08-05
002448.SZ,2021-12-03,7.54,7.0306,7.498,1.0,30.3971,21.8118,1.5735,2.4984,1.8448,1.0425,1.2939,60314.4105,47676.0308,44704.4324,454770.6552,359477.2722,2023-08-05
300942.SZ,2021-12-03,28.65,14.0036,14.0036,0.9,175.4852,54.895,12.7428,44.4356,22.8307,,0.1571,40086.0,4086.0,4086.0,1148463.9,117063.9,2023-08-05
600870.SH,2021-12-03,4.6,0.6937,0.9931,1.48,2111.9759,1811.3381,282.5579,282.9505,25.7928,0.0,,52319.9665,52319.9665,36543.9969,240671.8459,240671.8459,2023-08-05
000157.SZ,2021-12-03,7.4,1.3451,1.8525,1.36,8.8202,8.743,1.1402,0.9863,0.8644,2.6117,4.3219,867799.2236,706610.9183,513059.2443,6421714.2546,5228920.7954,2023-08-05
300305.SZ,2021-12-03,20.04,3.5057,4.9359,0.78,37.0468,22.0247,3.2708,5.7854,4.3029,0.519,0.8134,28875.3,23259.5319,16519.8767,578661.012,466121.0193,2023-08-05
688501.SH,2021-12-03,16.88,2.3555,2.3555,0.63,33.4686,27.8083,2.2366,2.8661,2.7432,,,9467.0,2151.4113,2151.4113,159802.96,36315.8227,2023-08-05
300203.SZ,2021-12-03,25.51,2.8118,4.1903,1.29,23.5954,29.9269,3.1247,2.8147,3.011,0.0,0.0767,45251.74,45202.72,30332.8292,1154371.8874,1153121.3872,2023-08-05
603825.SH,2021-12-03,16.67,1.197,2.4077,0.41,20.1543,18.6477,1.8924,0.4619,0.3831,1.3671,1.5158,25333.6552,22639.9672,11256.1648,422312.0322,377408.2532,2023-08-05
600668.SH,2021-12-03,12.84,1.5056,1.7956,0.56,7.5597,8.9715,0.9177,1.3605,1.2315,2.3364,3.1153,34408.3828,34408.3828,28851.9725,441803.6352,441803.6352,2023-08-05
603848.SH,2021-12-03,12.76,0.4636,3.8251,0.72,19.2539,15.3812,2.8794,4.411,3.6163,1.9592,1.9592,40100.0,40100.0,4860.5,511676.0,511676.0,2023-08-05
300290.SZ,2021-12-03,6.3,2.6983,3.4798,0.56,50.1092,51.1577,2.6363,5.1113,4.0982,0.2286,0.4154,63923.7569,60791.1605,47138.2563,402719.6685,382984.3112,2023-08-05
603877.SH,2021-12-03,32.51,0.4037,1.4662,1.29,21.7428,16.2049,3.804,1.6511,1.3746,2.1282,2.4323,47672.779,47672.779,13126.229,1549842.0453,1549842.0453,2023-08-05
000909.SZ,2021-12-03,7.5,1.4968,2.359,0.52,79.0845,56.2561,1.8655,2.5308,1.6084,0.0,0.4667,45382.86,38742.3864,24582.0923,340371.45,290567.898,2023-08-05
688060.SH,2021-12-03,75.76,4.7676,8.5316,0.89,61.2757,70.1217,4.8579,17.287,17.1695,,,6000.0,2550.0,1425.0,454560.0,193188.0,2023-08-05
000687.SZ,2021-12-03,2.38,6.983,12.7792,5.01,,,,39.0519,46.9752,0.0,,76619.9362,75286.4376,41138.9007,182355.4482,179181.7215,2023-08-05
600331.SH,2021-12-03,3.63,3.0233,4.6884,0.93,,,21.4925,3.2341,2.6628,0.0,,203200.0,203200.0,131032.5975,737616.0,737616.0,2023-08-05
002675.SZ,2021-12-03,15.45,0.6951,0.9295,0.76,29.6678,36.3081,2.7484,3.6251,3.4075,1.6181,1.6181,80221.4326,73465.4125,54942.4384,1239421.1337,1135040.6231,2023-08-05
603818.SH,2021-12-03,10.83,1.6083,3.8612,1.9,60.5262,24.7419,3.0189,1.4691,1.2276,0.0,,58039.5546,58039.5546,24174.8646,628568.3763,628568.3763,2023-08-05
002485.SZ,2021-12-03,4.7,0.8068,2.7172,2.08,,3416.7217,1.1755,1.676,1.1637,0.0,,54400.0,54400.0,16153.1574,255680.0,255680.0,2023-08-05
600480.SH,2021-12-03,9.87,1.8618,3.4701,0.89,74.6271,26.2768,1.568,0.5565,0.4773,0.0,1.3273,76346.1517,76346.1517,40960.5706,753536.5173,753536.5173,2023-08-05
002577.SZ,2021-12-03,10.48,0.8002,1.9951,1.22,63.7369,80.5496,2.7129,6.5865,6.2888,0.0,,28288.0,28286.5,11345.4622,296458.24,296442.52,2023-08-05
002281.SZ,2021-12-03,23.35,0.9075,1.595,0.73,33.5281,29.4467,2.983,2.7028,2.5048,0.7037,0.7257,69982.4918,66293.0336,37718.2025,1634091.1835,1547942.3346,2023-08-05
002556.SZ,2021-12-03,12.19,1.5249,2.3563,0.6,51.7621,25.8456,2.9372,0.7222,0.6338,0.7197,0.8124,95399.298,82498.7074,53391.1699,1162917.4426,1005659.2432,2023-08-05
300245.SZ,2021-12-03,9.01,1.0466,1.205,0.72,72.4375,79.3021,1.8847,5.7384,5.3938,0.2775,0.2775,31345.7493,30909.9557,26848.4935,282425.2012,278498.7009,2023-08-05
002630.SZ,2021-12-03,2.27,2.3634,2.5415,1.14,,,1.1971,1.2143,2.7877,0.0,,118080.0,97138.2252,90332.9456,268041.6,220503.7712,2023-08-05
002703.SZ,2021-12-03,5.84,2.1058,5.6901,1.34,112.9004,103.4708,3.3294,4.1842,3.955,0.0,,78964.4637,55306.5952,20468.1959,461152.468,322990.516,2023-08-05
688350.SH,2021-12-03,22.88,3.0694,3.0694,0.67,26.6398,26.3372,2.0295,2.4628,2.067,,,12215.0,2596.75,2596.75,279479.2,59413.64,2023-08-05
300876.SZ,2021-12-03,31.13,1.8202,1.8202,0.71,37.3228,36.2465,3.7555,8.0829,7.5576,,0.6425,9600.0,2832.0,2832.0,298848.0,88160.16,2023-08-05
603048.SH,2021-12-03,28.81,25.5707,25.5707,0.86,35.18,35.0223,3.2954,7.6593,6.7421,,,14688.0,3672.0,3672.0,423161.28,105790.32,2023-08-05
601015.SH,2021-12-03,7.26,3.0909,8.6682,1.37,53.3108,10.039,1.7893,1.6373,0.8539,1.0991,0.5495,204249.7639,204249.7639,72830.7113,1482853.2859,1482853.2859,2023-08-05
301071.SZ,2021-12-03,310.48,8.7506,8.7506,1.13,256.7825,98.3052,21.3016,76.5424,44.3482,,,6037.198,1509.2995,1509.2995,1874429.235,468607.3088,2023-08-05
601666.SH,2021-12-03,8.59,2.6823,5.9684,1.39,14.5404,9.5555,1.2377,0.9008,0.8028,3.435,4.1312,234867.6469,232770.4469,104613.6253,2017513.0869,1999498.1389,2023-08-05
300789.SZ,2021-12-03,28.31,2.3706,3.2116,0.58,36.2918,35.7186,3.0169,8.7099,7.1729,0.7124,0.5495,8276.8966,3081.3946,2274.498,234318.9427,87234.2811,2023-08-05
003001.SZ,2021-12-03,19.88,1.8972,2.2661,1.06,25.0797,28.6325,1.921,2.2453,1.8788,,1.3798,12753.7903,4371.597,3659.9329,253545.3512,86907.3484,2023-08-05
603730.SH,2021-12-03,23.43,0.3674,1.8547,0.88,43.172,39.1775,4.197,4.2969,4.0641,1.1801,1.7072,72441.5505,72441.5505,14350.3701,1697305.5282,1697305.5282,2023-08-05
688707.SH,2021-12-03,52.8,3.1738,3.1738,0.88,,104.6988,8.4266,22.5633,6.003,,,44293.481,7350.8605,7350.8605,2338695.7968,388125.4344,2023-08-05
300752.SZ,2021-12-03,29.88,6.208,12.0325,0.85,139.0573,,6.3086,3.0029,3.103,0.2873,0.1596,20223.8701,12425.907,6410.9636,604289.2386,371286.1012,2023-08-05
300651.SZ,2021-12-03,27.74,0.8727,1.1503,0.64,118.7153,152.397,5.1283,7.9529,7.9373,0.3605,0.3605,12874.7077,7270.5464,5516.1899,357144.3916,201684.9571,2023-08-05
002308.SZ,2021-12-03,4.37,1.3931,2.1192,0.68,110.6314,,1.6902,6.1796,5.6854,0.0,,90621.4651,90621.4651,59571.2542,396015.8025,396015.8025,2023-08-05
601872.SH,2021-12-03,4.53,1.1154,2.92,2.26,13.2236,97.2607,1.4031,2.0322,2.1699,1.8351,2.2755,810784.1801,673949.5153,257441.2004,3672852.3359,3052991.3043,2023-08-05
002526.SZ,2021-12-03,2.19,0.777,0.9841,0.73,36.9953,89.5649,1.3676,1.8679,1.8009,0.4566,,178279.3836,176090.6886,139027.3964,390431.8501,385638.608,2023-08-05
300442.SZ,2021-12-03,43.62,0.719,1.0825,0.73,,,8.4368,9.4931,6.3434,0.0619,,10000.0,9919.5625,6588.25,436200.0,432691.3163,2023-08-05
688278.SH,2021-12-03,28.61,0.4414,0.9163,0.85,99.8421,69.279,10.5065,14.6593,11.1566,,,40680.0,22032.5444,10614.033,1163854.8,630351.0953,2023-08-05
000686.SZ,2021-12-03,9.12,1.1691,2.037,1.84,16.0088,13.5426,1.2093,3.2294,3.2282,1.0965,1.0965,234045.2915,234045.2915,134321.0589,2134493.0585,2134493.0585,2023-08-05
000893.SZ,2021-12-03,19.38,0.988,1.2233,0.59,246.054,19.0114,3.3109,40.3907,28.4589,0.0,,75690.3272,75679.0772,61124.6495,1466878.5411,1466660.5161,2023-08-05
839680.BJ,2021-12-03,20.68,1.3332,1.4732,0.52,28.2809,26.1709,2.3932,5.9364,4.8386,,,6481.52,4023.683,3641.183,134037.8336,83209.7644,2023-08-05
600208.SH,2021-12-03,2.91,0.3509,0.8179,0.86,7.9078,10.0793,0.626,1.8144,1.6958,0.337,1.8874,859934.3536,859817.1921,368896.8065,2502408.969,2502068.029,2023-08-05
000036.SZ,2021-12-03,4.53,0.4781,0.7169,0.79,12.1962,37.6669,1.4232,2.485,6.68,8.83,5.0773,148393.4025,147967.5252,98680.7492,672222.1133,670292.8892,2023-08-05
603139.SH,2021-12-03,21.47,3.2235,8.711,2.9,62.861,81.8882,2.0975,5.1789,4.6953,0.4006,0.326,9988.0,9988.0,3696.0,214442.36,214442.36,2023-08-05
300891.SZ,2021-12-03,16.6,2.3119,3.7469,0.55,74.498,33.6264,5.1823,6.9547,4.6138,,0.4518,40000.0,23072.0,14236.09,664000.0,382995.2,2023-08-05
601616.SH,2021-12-03,3.6,1.0406,1.3968,0.67,44.4979,41.0857,1.4349,3.2438,3.6734,1.3889,2.5496,93557.5,93557.5,69699.993,336807.0,336807.0,2023-08-05
301022.SZ,2021-12-03,53.77,28.8103,28.8103,0.69,50.3326,51.0305,4.0643,7.5545,5.9332,,,6400.0,1600.0,1600.0,344128.0,86032.0,2023-08-05
003039.SZ,2021-12-03,31.08,3.4371,3.4371,0.71,71.6287,70.0897,8.8628,15.5506,14.5908,,0.399,61751.873,6200.0,6200.0,1919248.2128,192696.0,2023-08-05
002553.SZ,2021-12-03,12.07,2.4732,3.1466,0.68,10.6765,10.3302,3.8784,9.0141,7.1221,0.8285,0.8285,34800.0,23429.4201,18415.0168,420036.0,282793.1006,2023-08-05
002665.SZ,2021-12-03,3.4,5.5314,6.7903,1.25,,,1.5349,19.5938,8.9241,0.0,,253872.0737,245349.1369,199864.4883,863165.0506,834187.0655,2023-08-05
603286.SH,2021-12-03,21.86,6.0134,11.4514,0.74,132.0242,96.0844,3.9806,3.9407,3.3924,0.2758,0.1537,8912.6,8807.6,4625.1,194829.436,192534.136,2023-08-05
600764.SH,2021-12-03,37.16,5.2639,11.106,2.36,35.3048,31.67,3.7408,5.655,5.4426,0.7347,0.8504,71062.9386,49606.1663,23511.9116,2640698.7984,1843365.1397,2023-08-05
300632.SZ,2021-12-03,14.49,1.8155,2.2782,0.63,32.7577,34.2206,2.2362,4.601,4.2473,1.0311,0.6925,30616.9356,20030.0396,15962.0639,443639.3968,290235.2738,2023-08-05
002093.SZ,2021-12-03,6.36,1.756,3.8881,0.97,79.2377,127.1956,1.8542,14.7039,13.4318,0.1572,0.1572,100750.0,100377.5125,45333.7519,640770.0,638400.9795,2023-08-05
002619.SZ,2021-12-03,1.54,2.7277,3.0166,0.88,,,1.3422,15.6195,120.0794,0.0,,184489.6231,143136.2991,129427.8258,284114.0196,220429.9006,2023-08-05
300198.SZ,2021-12-03,3.87,4.3663,5.7716,1.25,82.7881,,2.7972,4.4617,6.0919,0.0,,103154.854,86938.4023,65770.2853,399209.285,336451.6169,2023-08-05
300183.SZ,2021-12-03,19.7,2.5687,3.5965,0.69,49.1841,59.3716,3.0516,10.4085,10.0466,1.0284,1.0152,46260.9137,29773.5787,21265.1437,911339.9999,586539.5004,2023-08-05
003019.SZ,2021-12-03,31.94,5.192,5.192,0.51,36.7708,32.1841,3.2203,3.425,3.0113,,1.3463,12800.0,8824.96,8824.96,408832.0,281869.2224,2023-08-05
601928.SH,2021-12-03,6.91,0.2402,0.8831,0.84,11.0218,7.6973,1.1376,1.4491,1.3577,4.3415,5.7887,254490.0,254490.0,69211.9742,1758525.9,1758525.9,2023-08-05
002269.SZ,2021-12-03,2.54,3.3908,6.0767,0.53,,,6.011,1.671,2.0842,0.0,,251250.0,251250.0,140198.43,638175.0,638175.0,2023-08-05
603887.SH,2021-12-03,7.76,0.5076,0.659,0.53,8.907,19.8112,0.9297,0.8892,1.1157,0.3835,1.0739,45070.6498,35394.9157,27265.5308,349748.2424,274664.5458,2023-08-05
300591.SZ,2021-12-03,7.28,5.9267,7.6715,0.51,,,5.2948,6.9861,7.9743,0.416,,32972.441,22493.0285,17377.291,240039.3705,163749.2475,2023-08-05
300057.SZ,2021-12-03,10.19,7.0951,8.427,1.7,90.048,140.828,1.9342,1.3699,1.258,0.4852,0.3767,68138.9084,50370.5331,42409.6794,694335.4766,513275.7323,2023-08-05
002769.SZ,2021-12-03,6.18,0.8103,1.0591,0.9,34.0822,40.8077,1.5747,0.7088,0.7762,0.2913,0.5825,37331.8054,26374.2522,20178.3251,230710.5574,162992.8786,2023-08-05
600609.SH,2021-12-03,6.0,3.6921,4.7478,1.8,,,9.7903,1.4417,1.4311,0.0,,131120.0558,109266.7132,84969.9787,786720.3348,655600.2792,2023-08-05
600075.SH,2021-12-03,8.13,3.7421,5.542,1.01,15.5685,7.4198,1.4296,1.5348,1.2219,0.0,1.0286,169764.5523,125907.0275,85016.3145,1380185.8102,1023624.1336,2023-08-05
002377.SZ,2021-12-03,3.36,1.4312,2.8654,1.08,,,1.8601,0.7,0.6893,4.4643,,91632.5201,91599.6256,45749.7641,307885.2675,307774.742,2023-08-05
600470.SH,2021-12-03,7.38,4.5351,6.0868,0.83,22.9154,14.8268,2.3852,0.7981,0.6873,0.0,,52160.0,52160.0,38862.8256,384940.8,384940.8,2023-08-05
600847.SH,2021-12-03,16.41,15.9022,20.7979,6.99,625.2997,,3.6447,4.2845,4.2791,0.0,,15328.74,15328.74,11720.4714,251544.6234,251544.6234,2023-08-05
300414.SZ,2021-12-03,11.61,5.7312,12.2193,1.62,119.1029,90.6725,4.0606,8.4711,6.7039,0.3864,0.1288,32574.1966,30844.0567,14466.7007,378186.4225,358099.4983,2023-08-05
000415.SZ,2021-12-03,3.05,0.9393,1.6396,0.5,,,0.6997,0.688,0.8549,0.0,,618452.1282,354744.7229,203240.4969,1886278.991,1081971.4048,2023-08-05
002610.SZ,2021-12-03,5.49,9.0361,10.1947,1.33,1113.8096,,6.1471,8.1532,9.4229,0.0,,447953.2523,438486.6101,388651.7151,2459263.3551,2407291.4894,2023-08-05
000429.SZ,2021-12-03,7.03,0.1534,0.4019,0.76,16.9367,7.6678,1.6963,3.8778,2.3184,6.0028,4.1394,209080.6126,130290.2734,49741.356,1469836.7066,915940.622,2023-08-05
601952.SH,2021-12-03,11.96,0.8855,2.7539,0.79,24.6093,23.9001,2.9582,1.9119,1.6516,1.6722,1.7559,137800.0,137800.0,44310.3574,1648088.0,1648088.0,2023-08-05
300192.SZ,2021-12-03,7.97,9.6729,12.1304,1.01,22.942,40.6922,2.2209,3.0905,2.9775,0.0,3.7641,32914.3329,21526.7321,17165.6151,262327.2332,171568.0548,2023-08-05
300693.SZ,2021-12-03,46.01,8.0264,8.9024,0.89,89.0164,81.4396,11.6115,12.2443,10.0197,0.1449,0.2318,20527.5493,14068.778,12684.4049,944472.5433,647304.4758,2023-08-05
002005.SZ,2021-12-03,2.1,1.2982,1.4421,1.14,,,2.3642,1.6607,1.6707,0.0,,175242.4858,172660.9933,155426.298,368009.2202,362588.0859,2023-08-05
002151.SZ,2021-12-03,39.29,1.304,1.6076,1.1,137.3174,102.4849,4.6104,5.5526,5.1586,0.0,,51219.9997,40760.4239,33061.7867,2012433.7882,1601477.055,2023-08-05
300393.SZ,2021-12-03,16.85,6.2041,8.3128,0.94,189.9495,,4.8579,3.6107,3.2806,0.8241,,108962.7358,91561.7727,68334.8255,1836022.0982,1542815.87,2023-08-05
300675.SZ,2021-12-03,16.06,9.186,19.1519,7.89,53.6962,93.3134,4.8318,4.6509,4.7598,0.467,0.5604,14666.67,14666.67,7034.7457,235546.7202,235546.7202,2023-08-05
002859.SZ,2021-12-03,37.05,3.4424,7.2149,1.17,52.5193,37.2838,7.4985,10.6567,8.0564,0.2698,0.5341,41002.0631,40285.3529,19221.2678,1519126.4379,1492572.3249,2023-08-05
000557.SZ,2021-12-03,3.71,0.3562,0.6501,0.74,31.5148,23.7182,1.0116,6.0396,4.908,0.0,,145837.4735,145791.6198,79893.2347,541057.0267,540886.9095,2023-08-05
688500.SH,2021-12-03,42.24,3.9667,4.7451,0.58,42.5686,40.3323,2.5184,8.0581,6.3694,,,7427.451,4161.7839,3479.0339,313735.5302,175793.7519,2023-08-05
002255.SZ,2021-12-03,6.63,4.2078,4.4236,0.83,7.0689,14.135,1.7881,2.7575,2.5813,0.0,,84227.1055,64414.9083,61272.8045,558425.7095,427070.842,2023-08-05
002059.SZ,2021-12-03,4.79,0.2947,0.655,0.87,30.4365,27.2635,2.0192,2.676,2.3271,0.6263,0.334,101243.4813,73079.2576,32874.959,484956.2754,350049.6439,2023-08-05
301006.SZ,2021-12-03,26.97,3.9771,3.9771,0.77,21.5535,23.5711,3.6075,8.9338,9.2747,,1.8539,13928.0,3304.1584,3304.1584,375638.16,89113.152,2023-08-05
002793.SZ,2021-12-03,9.95,0.679,1.2692,0.69,45.1912,35.097,3.291,2.3895,2.1329,0.4963,0.5036,146395.592,38230.876,20453.2378,1456636.1404,380397.2162,2023-08-05
688025.SH,2021-12-03,64.8,8.5883,9.4551,1.8,135.8147,95.2166,3.5649,7.0479,5.3669,,,9284.3576,5419.3496,4922.5156,601626.3725,351173.8541,2023-08-05
002830.SZ,2021-12-03,10.0,1.7645,2.7108,0.85,59.5417,33.4005,2.07,1.5376,1.4285,1.3,1.2,13334.0,6685.25,4351.5,133340.0,66852.5,2023-08-05
002341.SZ,2021-12-03,6.31,3.4469,3.7151,1.08,,,2.0982,3.2356,4.2205,0.0,,115221.4592,89155.6101,82717.9138,727047.4076,562571.8997,2023-08-05
601515.SH,2021-12-03,8.55,2.7986,9.9628,0.91,23.9836,16.9183,2.2941,4.2779,3.6105,1.5244,3.0488,153573.5689,133441.5557,37484.1624,1313054.0141,1140925.3012,2023-08-05
002696.SZ,2021-12-03,5.27,0.8135,1.5392,0.81,82.6974,129.5526,1.3471,0.7417,0.673,0.0,,34938.691,34590.8986,18281.7705,184126.9016,182294.0356,2023-08-05
002900.SZ,2021-12-03,20.75,2.415,3.5814,0.92,224.0237,12.0118,2.8684,4.9067,6.0824,1.3204,0.3772,31660.005,17047.3425,11495.03,656945.1038,353732.3569,2023-08-05
002741.SZ,2021-12-03,23.38,2.0193,3.262,0.88,254.5128,144.2349,5.9065,4.5658,3.7523,0.0,,39336.0743,33811.0223,20930.9583,919677.4171,790501.7014,2023-08-05
603656.SH,2021-12-03,12.75,0.6109,1.3556,0.85,45.0593,81.8982,2.0091,4.1212,3.9447,0.7609,0.7832,15345.66,15047.16,6781.2688,195657.165,191851.29,2023-08-05
600844.SH,2021-12-03,3.59,1.946,2.7277,1.32,,,2.8615,3.3933,2.9773,0.0,,101652.424,82273.0634,58695.4202,364932.2022,295360.2976,2023-08-05
600033.SH,2021-12-03,2.76,0.3565,0.7735,0.9,16.7499,8.2576,0.7371,3.2566,2.4947,1.8116,3.6232,274440.0,274440.0,126491.9499,757454.4,757454.4,2023-08-05
688398.SH,2021-12-03,48.3,0.9074,0.9397,0.67,41.3919,33.3258,4.316,7.4855,5.6224,,,8000.0,3570.0,3447.0,386400.0,172431.0,2023-08-05
300498.SZ,2021-12-03,17.5,1.1857,1.244,1.66,14.9688,,3.1665,1.4836,1.6829,6.4985,1.1468,635180.8019,482924.9583,460282.496,11115664.0333,8451186.7703,2023-08-05
601168.SH,2021-12-03,13.04,1.4538,2.0769,1.02,34.2307,13.3234,2.4476,1.0884,0.8514,0.7669,0.9202,238300.0,238300.0,166810.0102,3107432.0,3107432.0,2023-08-05
688133.SH,2021-12-03,226.75,2.4489,2.4489,1.45,168.2492,125.0739,11.4316,12.488,8.7175,,,7624.896,4620.5573,4620.5573,1728945.168,1047711.3678,2023-08-05
002648.SZ,2021-12-03,38.99,0.7733,1.5635,0.86,40.367,13.371,4.303,6.224,2.8851,0.2861,0.3115,171964.1729,171469.0489,84806.3777,6704883.1014,6685578.2166,2023-08-05
003038.SZ,2021-12-03,73.3,11.7927,11.7927,1.3,85.7564,70.5023,8.5134,6.061,3.5963,,,10643.754,2661.0,2661.0,780187.1682,195051.3,2023-08-05
603912.SH,2021-12-03,15.25,2.0619,5.3111,0.8,28.6122,31.1717,3.4518,5.2906,4.7483,1.6396,1.6393,21691.7758,21689.0218,8420.4418,330799.581,330757.5825,2023-08-05
688276.SH,2021-12-03,77.12,1.9203,1.9203,0.54,76.1254,103.0515,9.3348,22.0891,24.4246,,,41284.0698,3142.4856,3142.4856,3183827.463,242348.4895,2023-08-05
002901.SZ,2021-12-03,47.33,0.1563,1.273,0.53,31.6589,30.3613,8.4922,12.0838,10.7612,1.2586,1.6903,40513.982,33783.5824,4147.2106,1917526.7681,1598976.955,2023-08-05
002544.SZ,2021-12-03,28.08,1.2936,2.3624,0.59,199.2862,124.6873,5.3298,3.0479,2.9111,0.0992,0.2528,68331.9825,66110.542,36201.3518,1918762.0686,1856384.0194,2023-08-05
603330.SH,2021-12-03,18.88,2.1472,4.4315,0.42,86.6679,42.0158,4.217,6.4206,4.5592,0.1776,0.4616,23773.2774,23773.2774,11519.0338,448839.4773,448839.4773,2023-08-05
601375.SH,2021-12-03,4.74,1.3056,1.715,1.21,210.9956,42.7904,1.6063,7.0916,5.0376,0.0,0.7173,464288.47,344751.97,262453.5853,2200727.3478,1634124.3378,2023-08-05
688082.SH,2021-12-03,128.73,5.6443,5.6443,0.66,283.6399,250.2613,11.894,55.3979,37.5294,,,43355.71,3347.754,3347.754,5581180.5483,430956.3724,2023-08-05
002462.SZ,2021-12-03,12.38,0.3922,0.4713,0.92,11.3712,10.6771,0.9508,0.1553,0.1372,3.231,2.6656,29170.712,24971.8432,20784.2001,361133.4146,309151.4188,2023-08-05
603659.SH,2021-12-03,179.2,0.5758,1.3262,0.37,186.394,83.8994,12.4882,23.5659,15.1224,0.1574,0.1634,69443.971,69236.2915,30061.6737,12444359.6032,12407143.4368,2023-08-05
300499.SZ,2021-12-03,19.1,8.1692,8.5925,0.71,65.8759,73.2232,6.2233,4.3435,3.6259,0.2782,,27930.8845,23914.9148,22736.7016,533479.894,456774.8727,2023-08-05
688026.SH,2021-12-03,75.33,1.0393,1.6815,0.76,63.1055,53.4009,7.9704,14.9484,9.9307,,,10000.0,4774.4987,2951.0559,753300.0,359662.9871,2023-08-05
300943.SZ,2021-12-03,32.86,34.2654,34.2654,0.73,60.5497,59.6967,5.3704,8.7265,8.1339,,0.3043,13588.0,3060.0,3060.0,446501.68,100551.6,2023-08-05
688179.SH,2021-12-03,75.71,5.6427,5.6427,2.82,102.6662,89.098,9.2337,32.626,28.1098,,,10093.34,5125.973,5125.973,764166.7714,388087.4158,2023-08-05
300858.SZ,2021-12-03,30.24,4.7063,4.9333,1.37,46.5081,41.2553,4.782,13.2434,12.3537,,1.8372,14853.1845,5309.4431,5065.0795,449160.2993,160557.5593,2023-08-05
002605.SZ,2021-12-03,17.58,0.567,0.8819,0.68,6.5035,12.5009,3.0304,2.7755,1.9409,2.2495,2.8187,40447.4687,32546.7259,20924.6599,711066.4997,572171.4413,2023-08-05
300887.SZ,2021-12-03,66.86,1.6178,1.7972,0.53,55.9524,44.7468,4.8591,6.4237,4.965,,0.4148,13702.057,3418.05,3076.8314,916119.531,228530.823,2023-08-05
600076.SH,2021-12-03,3.72,0.9069,1.385,0.62,,93.9865,1.0322,4.8888,3.6125,0.0,,134454.3367,103426.4129,67721.9727,500170.1325,384746.256,2023-08-05
300277.SZ,2021-12-03,8.91,1.9415,2.9446,0.55,119.7826,171.6059,6.2178,8.6751,8.8848,0.3367,0.4489,33500.0,33443.4875,22050.869,298485.0,297981.4736,2023-08-05
002204.SZ,2021-12-03,4.15,0.7326,1.9369,0.75,135.0503,71.1471,1.2102,0.982,0.9135,0.7229,0.8434,193137.0032,193137.0032,73048.9274,801518.5633,801518.5633,2023-08-05
300366.SZ,2021-12-03,13.34,6.052,7.0537,0.66,,,3.3604,4.0395,3.7041,0.0,,60757.615,40259.274,34542.2836,810506.5841,537058.7152,2023-08-05
601390.SH,2021-12-03,5.59,0.4683,1.0681,1.27,5.4531,4.9812,0.618,0.1414,0.1305,3.0233,3.22,2457092.9283,2036353.9283,892916.8893,13735149.4692,11383218.4592,2023-08-05
603225.SH,2021-12-03,14.67,0.8165,2.215,0.79,37.2091,9.8516,1.4168,0.6067,0.4444,0.8108,0.8091,152956.744,150452.2907,55458.1402,2243875.4345,2207135.1046,2023-08-05
300551.SZ,2021-12-03,18.0,2.6956,2.9669,0.9,228.1204,570.8707,9.2878,18.738,21.0064,0.0926,0.0741,30404.7,23597.531,21439.3872,547284.6,424755.558,2023-08-05
000890.SZ,2021-12-03,4.84,1.0933,1.7175,0.47,127.2544,,2977.5396,4.3472,3.5746,0.0,,41950.3968,37962.8678,24165.2336,203039.9205,183740.2802,2023-08-05
836433.BJ,2021-12-03,8.22,0.597,0.8871,1.38,19.6254,18.4762,2.3771,5.48,5.175,,,14526.5601,7000.9589,4712.0344,119408.324,57547.8822,2023-08-05
003015.SZ,2021-12-03,11.41,1.5365,1.4974,0.65,32.3658,35.5243,2.7801,6.1991,6.6697,,1.3146,28106.6667,19113.9371,19613.4816,320697.067,218090.0223,2023-08-05
301082.SZ,2021-12-03,27.45,11.2813,11.2813,0.45,54.5061,45.3915,4.4022,3.7187,2.5384,,,16164.941,3397.8604,3397.8604,443727.6305,93271.268,2023-08-05
839729.BJ,2021-12-03,14.87,0.3922,0.4007,1.21,50.6692,41.803,5.9108,12.2214,10.7304,,,27335.0,8024.4567,7855.9567,406471.45,119323.6711,2023-08-05
688028.SH,2021-12-03,50.69,2.9493,2.9493,0.83,81.9385,70.1888,4.7351,16.7687,13.3292,,,8000.0,3856.0998,3856.0998,405520.0,195465.6989,2023-08-05
002319.SZ,2021-12-03,15.39,0.7722,1.0435,0.61,421.0786,,23.4138,9.785,9.1458,0.0,,20000.0,20000.0,14800.0041,307800.0,307800.0,2023-08-05
603032.SH,2021-12-03,74.42,0.9998,2.4595,0.68,,223.7717,16.8639,242.122,66.4058,0.0,,16733.8,16000.8,6504.393,1245329.396,1190779.536,2023-08-05
600549.SH,2021-12-03,25.48,1.9532,3.6946,0.53,58.8536,29.1337,4.1184,1.9059,1.2764,0.389,0.5887,141845.92,140604.62,74331.4431,3614234.0416,3582605.7176,2023-08-05
600917.SH,2021-12-03,8.52,0.2561,2.5588,0.78,35.5772,33.5983,2.8981,1.9627,1.7757,0.9879,0.9977,157134.0,155600.0,15572.867,1338781.68,1325712.0,2023-08-05
000683.SZ,2021-12-03,7.54,4.314,6.19,1.18,406.7423,12.5858,2.266,3.598,2.3765,0.0,,367341.256,332822.1973,231954.3621,2769753.0702,2509479.3676,2023-08-05
600874.SH,2021-12-03,6.66,0.6083,1.7795,0.79,16.6749,14.0186,1.3554,2.8257,2.2914,1.6066,1.8018,142722.843,108722.843,37166.3244,950534.1344,724094.1344,2023-08-05
300543.SZ,2021-12-03,15.12,2.2386,2.8263,0.47,27.379,23.5148,4.2846,2.4379,1.7676,0.7487,1.2718,26817.2388,20785.2599,16463.5701,405476.6507,314273.1297,2023-08-05
002309.SZ,2021-12-03,8.43,8.4149,10.9184,1.19,,,1.7809,0.8136,0.6695,0.0,,87178.7068,69827.6564,53817.1527,734916.4983,588647.1435,2023-08-05
688309.SH,2021-12-03,20.88,0.5598,0.6313,0.57,36.3401,213.1994,2.3636,9.5689,16.7935,,,8001.0733,4395.9506,3897.7562,167062.4105,91787.4485,2023-08-05
002800.SZ,2021-12-03,14.38,1.0377,1.9969,0.77,53.3755,35.7108,2.8821,1.3822,1.4335,0.2626,0.3773,10875.2191,10026.4063,5210.0563,156385.6507,144179.7226,2023-08-05
000755.SZ,2021-12-03,4.41,7.3464,7.8604,1.63,,17.2514,1.3904,10.1893,4.383,0.0,,146731.0196,46926.4621,43857.9682,647083.7964,206945.6979,2023-08-05
002996.SZ,2021-12-03,15.34,1.8583,1.8583,0.62,34.3883,21.5692,3.2744,1.3831,0.7907,,0.6519,43900.0,12606.4674,12606.4674,673426.0,193383.2099,2023-08-05
600012.SH,2021-12-03,6.82,0.406,1.9985,0.96,12.3157,7.4131,0.9439,4.2969,3.2607,3.3724,3.3724,165861.0,116560.0,23676.4279,1131172.02,794939.2,2023-08-05
002405.SZ,2021-12-03,15.71,6.6415,7.6961,1.06,,,3.028,17.3697,15.0375,0.0946,,237454.7114,225748.4597,194814.9456,3730413.5161,3546508.3019,2023-08-05
600105.SH,2021-12-03,5.75,7.4458,11.6004,1.27,,,2.8299,2.4168,2.0572,0.9358,,138090.1143,138090.1143,88633.5701,794018.1572,794018.1572,2023-08-05
601999.SH,2021-12-03,5.93,0.3798,1.1694,0.76,21.3926,25.987,1.354,1.2852,1.0947,1.3828,1.4334,55091.47,55091.47,17891.47,326692.4171,326692.4171,2023-08-05
603969.SH,2021-12-03,4.12,0.7743,1.3246,0.83,25.3707,19.8739,1.7469,1.355,1.0902,1.4498,1.6915,84100.0,84100.0,49161.0462,346492.0,346492.0,2023-08-05
002216.SZ,2021-12-03,18.4,1.3527,2.758,0.99,21.0665,27.753,5.345,2.3357,2.3784,0.2964,2.9644,87918.4048,63017.2428,30907.5842,1617698.6483,1159517.2675,2023-08-05
600547.SH,2021-12-03,18.88,0.636,1.4398,1.33,37.4176,,3.3206,1.3266,3.0482,0.381,0.2648,447342.9525,361444.3347,159651.7462,8445834.9432,6824069.0391,2023-08-05
002522.SZ,2021-12-03,7.42,1.8509,2.9913,0.73,39.6276,35.0281,3.3694,4.6367,3.8691,0.9434,1.0782,90577.9387,85648.8115,52996.2459,672088.3052,635514.1813,2023-08-05
300861.SZ,2021-12-03,76.69,0.715,1.5747,0.54,68.2208,45.3706,8.0615,25.4511,19.1103,,0.652,40001.0,17555.7968,7970.9433,3067676.69,1346354.0566,2023-08-05
600030.SH,2021-12-03,24.78,1.0655,1.3381,1.58,21.495,16.1076,1.6588,5.8902,4.5631,2.0178,1.6142,1292677.6029,981466.17,781496.5954,32032550.9999,24320731.6926,2023-08-05
000828.SZ,2021-12-03,10.21,0.2833,0.9387,0.88,11.6285,10.2491,1.2687,8.4474,7.0488,2.9383,2.4486,103951.6992,103951.5642,31367.3048,1061346.8488,1061345.4705,2023-08-05
002183.SZ,2021-12-03,6.16,1.6985,2.6608,0.81,129.5978,34.9651,1.8806,0.2348,0.206,0.1327,0.2654,259700.9091,212200.0282,135456.6782,1599757.6001,1307152.1737,2023-08-05
002617.SZ,2021-12-03,17.31,5.2233,6.4802,0.72,213.8701,266.491,7.3674,9.7458,7.6852,0.0,,160367.1326,129363.8417,104272.9826,2775955.0653,2239288.0998,2023-08-05
301089.SZ,2021-12-03,84.73,36.2397,36.2397,0.76,94.6447,113.7861,9.8155,20.2218,20.7045,,,12600.0,2750.6432,2750.6432,1067598.0,233061.9983,2023-08-05
300688.SZ,2021-12-03,37.76,15.5838,21.002,1.14,562.6884,547.2333,7.0008,25.2216,16.8878,0.1962,0.2648,10920.8976,8812.6383,6539.0774,412373.0934,332765.2222,2023-08-05
688682.SH,2021-12-03,152.46,3.9681,3.9681,0.5,125.839,112.6354,10.0939,24.6119,21.7872,,,3700.0,786.25,786.25,564102.0,119871.675,2023-08-05
688689.SH,2021-12-03,50.83,8.7469,8.7469,0.73,93.8549,52.1172,6.2995,10.6952,8.1956,,,12840.0,3049.5,3049.5,652657.2,155006.085,2023-08-05
300644.SZ,2021-12-03,21.3,14.0283,23.1981,2.24,37.8611,55.8031,3.127,2.0339,1.5117,0.541,0.8287,10872.8,9494.1948,5741.3066,231590.64,202226.3492,2023-08-05
300222.SZ,2021-12-03,12.85,4.2581,4.6588,0.62,,,4.3427,3.6612,3.462,0.0,,78024.2234,55632.8918,50848.7452,1002611.2707,714882.6596,2023-08-05
835184.BJ,2021-12-03,8.79,0.2765,0.2768,0.62,28.2373,61.2881,1.675,3.7476,3.8492,,,13379.0,5965.8669,5960.6774,117601.41,52439.9701,2023-08-05
600533.SH,2021-12-03,2.89,0.4641,0.8748,0.9,9.2947,7.6524,0.6817,0.921,0.8433,3.4602,3.4602,105000.0,105000.0,55700.96,303450.0,303450.0,2023-08-05
002736.SZ,2021-12-03,11.29,0.1757,0.5641,1.35,16.404,12.1373,1.4556,5.7775,4.9826,1.5112,2.0372,961242.9377,882711.8644,274886.1813,10852432.7666,9965816.9491,2023-08-05
430418.BJ,2021-12-03,14.79,1.0249,1.0523,1.08,18.679,17.344,2.1884,2.7402,2.1768,,,8060.0,3979.0926,3875.5926,119207.4,58850.7796,2023-08-05
300337.SZ,2021-12-03,6.89,8.9136,16.2208,0.61,333.8487,140.1567,3.7594,2.389,1.9438,0.1451,,82192.0,70998.8557,39014.9152,566302.88,489182.1158,2023-08-05
300871.SZ,2021-12-03,27.92,1.9251,3.3002,1.1,30.9122,26.8395,3.1911,5.9703,4.5197,,0.9761,16624.8527,7875.0,4593.6437,464165.8874,219870.0,2023-08-05
300500.SZ,2021-12-03,27.61,13.5072,26.9224,0.83,129.1788,85.7414,3.1571,2.599,2.2223,0.3629,0.3622,17413.9024,15549.0918,7801.0918,480797.8453,429310.4246,2023-08-05
688300.SH,2021-12-03,95.14,2.9389,4.7044,1.19,73.7449,48.407,7.7911,20.2361,14.0809,,,8597.34,5329.34,3329.31,817950.9276,507033.4076,2023-08-05
000851.SZ,2021-12-03,6.36,2.0959,2.4154,1.44,,445.5044,1.6359,1.0332,0.8744,0.2504,,114003.222,87865.5946,76241.1447,725060.4919,558825.1817,2023-08-05
300664.SZ,2021-12-03,6.68,1.3938,2.0303,0.68,12.3689,12.0721,1.262,2.2453,2.0221,0.6492,0.9731,71424.48,70447.305,48363.382,477115.5264,470587.9974,2023-08-05
688536.SH,2021-12-03,865.0,0.8165,1.0083,0.71,376.5123,207.9968,23.3823,122.1561,69.0284,,,8000.0,4277.403,3463.9262,6920000.0,3699953.595,2023-08-05
000505.SZ,2021-12-03,6.96,0.6714,1.472,0.68,27.3717,25.5152,1.7824,0.5788,0.4447,0.0,,72695.0251,61951.5864,28256.5843,505957.3747,431183.0413,2023-08-05
300722.SZ,2021-12-03,42.15,1.4367,4.6603,1.15,149.6757,102.6308,15.2334,30.2409,25.7423,0.3802,0.435,17472.0,17472.0,5386.4199,736444.8,736444.8,2023-08-05
688981.SH,2021-12-03,55.03,1.1857,1.3276,1.2,100.3958,50.7495,4.0764,15.8329,13.5741,,,790371.7555,187103.82,167110.9225,43494157.7052,10296323.2146,2023-08-05
300584.SZ,2021-12-03,17.1,1.2568,1.7508,0.51,37.1537,58.4232,2.962,2.9053,3.3537,1.462,0.731,12000.0,6404.5251,4597.6394,205200.0,109517.3792,2023-08-05
003040.SZ,2021-12-03,27.38,16.68,16.68,0.57,121.1954,160.7438,9.3786,12.3161,10.3762,,0.2922,46113.5972,7839.3115,7839.3115,1262590.2913,214640.3489,2023-08-05
002776.SZ,2021-12-03,3.55,1.714,1.8946,0.77,,,0.9559,2.6408,7.9791,1.0704,,53798.9106,53798.9106,48671.3852,190986.1326,190986.1326,2023-08-05
605128.SH,2021-12-03,31.44,3.0729,3.3988,1.17,30.9619,32.1011,2.4986,3.1765,2.9779,,1.9879,8000.0,4171.0,3771.0,251520.0,131136.24,2023-08-05
000983.SZ,2021-12-03,8.52,3.6517,8.0079,1.98,17.8411,9.8906,1.5843,1.034,0.8372,0.9029,1.1737,409656.0,409656.0,186808.0359,3490269.12,3490269.12,2023-08-05
688338.SH,2021-12-03,45.68,1.1071,1.1071,0.72,53.9061,38.8228,2.6822,16.7703,15.843,,,8164.8,2812.2169,2812.2169,372968.064,128462.068,2023-08-05
002638.SZ,2021-12-03,1.82,1.0466,1.4067,0.67,60.6624,,0.8465,2.7537,2.3397,0.0,,150615.6686,99617.4723,74120.9353,274120.5169,181303.7996,2023-08-05
002081.SZ,2021-12-03,5.78,0.4996,0.9895,1.07,6.5042,7.4671,0.8802,0.4942,0.5329,3.4771,3.4409,267134.3689,263816.7684,133199.2372,1544036.6522,1524860.9214,2023-08-05
300423.SZ,2021-12-03,15.43,10.8311,14.624,1.71,13.3205,25.5879,1.841,1.8336,2.5263,0.5843,0.6805,49842.419,31086.4742,23023.9231,769068.5252,479664.2969,2023-08-05
300359.SZ,2021-12-03,5.4,3.328,5.7361,1.3,68.4139,99.375,5.0408,4.8501,4.4977,0.0,,63366.3422,63322.0922,36738.6894,342178.2479,341939.2979,2023-08-05
002452.SZ,2021-12-03,10.91,7.4356,8.1106,0.62,31.7349,29.3697,3.3704,4.3299,4.1721,0.548,0.5531,61980.7785,42541.939,39001.458,676210.2934,464132.5545,2023-08-05
688088.SH,2021-12-03,46.38,1.17,1.5201,0.65,74.8841,114.8288,7.4488,27.5624,29.9158,,,40600.0,26770.618,20604.8116,1883028.0,1241621.2628,2023-08-05
002853.SZ,2021-12-03,15.94,0.6868,0.7849,0.44,15.0986,12.2226,1.4508,1.9908,1.6515,1.3583,1.5684,18654.2748,11443.8885,10013.8187,297349.1403,182415.5827,2023-08-05
002044.SZ,2021-12-03,7.45,0.7937,1.1304,0.91,52.6421,35.127,3.7708,3.7315,3.1569,0.0,,391425.3923,383844.5149,269503.9337,2916119.1726,2859641.636,2023-08-05
000151.SZ,2021-12-03,7.83,0.9,1.4953,0.92,,,3.0945,3.383,4.4706,0.2241,,33737.0728,26654.3967,16042.0467,264161.28,208703.9262,2023-08-05
300978.SZ,2021-12-03,21.47,22.3124,22.3124,1.0,47.5938,64.0076,6.0685,6.1518,5.5899,,2.3288,42270.2739,4250.0,4250.0,907542.7806,91247.5,2023-08-05
688786.SH,2021-12-03,56.38,3.8608,3.8608,0.66,92.9456,57.822,8.2464,18.7873,12.3701,,,8544.08,1738.7756,1738.7756,481715.2304,98032.1683,2023-08-05
600711.SH,2021-12-03,11.96,7.3401,8.8379,1.46,556.0432,25.4747,2.6569,0.8374,0.751,0.295,0.0819,274711.3628,260585.2667,216424.2046,3285547.8991,3116599.7897,2023-08-05
603719.SH,2021-12-03,41.54,0.7332,2.4784,0.88,48.4823,42.1522,7.6433,2.1101,1.8648,0.6139,0.6187,40100.0,22369.6635,6617.6332,1665754.0,929235.8218,2023-08-05
300730.SZ,2021-12-03,15.97,2.6547,4.0879,0.49,78.5949,75.9676,5.6914,5.8534,5.3415,0.3718,0.3754,15965.6898,11771.6352,7644.528,254972.0661,187993.0141,2023-08-05
000100.SZ,2021-12-03,6.11,0.7644,0.8458,0.91,19.536,7.4773,2.184,1.118,0.5758,1.5165,1.8962,1403064.2421,1341853.1933,1212697.4302,8572722.5192,8198723.0111,2023-08-05
300272.SZ,2021-12-03,7.15,7.4849,9.5736,1.87,156.2133,100.432,3.46,3.4939,2.855,0.7061,0.6898,57717.1949,41093.4229,32128.1028,412677.9435,293817.9737,2023-08-05
600239.SH,2021-12-03,2.41,0.7347,1.2646,0.91,,,5.1375,0.8808,0.9906,0.0,,160568.6909,160568.6909,93292.2647,386970.5451,386970.5451,2023-08-05
000759.SZ,2021-12-03,4.96,0.6123,2.0303,2.27,78.3149,,1.0988,0.2573,0.276,0.9711,0.9711,68102.15,68061.2267,20525.8669,337786.664,337583.6844,2023-08-05
000539.SZ,2021-12-03,4.89,2.8454,8.9179,4.03,14.702,,0.9618,0.9063,0.7065,2.454,2.454,525028.3986,255391.0577,81488.0572,2567388.8692,1248862.2722,2023-08-05
002818.SZ,2021-12-03,12.29,0.8103,1.6282,0.81,11.8952,9.4662,1.5793,6.9287,6.1314,1.2289,4.9034,74845.894,29841.2381,14850.9319,919856.0373,366748.8162,2023-08-05
000548.SZ,2021-12-03,3.88,0.5117,0.756,1.03,22.3019,36.4311,1.0632,4.4421,4.7684,0.0,0.5155,49921.5811,49918.8811,33788.2354,193695.7347,193685.2587,2023-08-05
835368.BJ,2021-12-03,93.79,1.9184,1.9241,4.07,57.3954,54.4492,9.8195,11.7555,10.1483,,,23250.28,11931.9121,11896.4805,2180643.7612,1119094.0359,2023-08-05
002339.SZ,2021-12-03,7.52,4.6313,5.567,1.14,65.5072,81.4086,2.1423,1.846,1.7554,0.3929,0.3929,51180.48,48149.4255,40056.6417,384877.2096,362083.6798,2023-08-05
300522.SZ,2021-12-03,18.92,5.6953,8.3108,3.35,55.1217,43.4869,6.4272,11.2457,7.7504,0.5846,0.7012,27016.0605,18234.7779,12496.0648,511143.8647,345001.9979,2023-08-05
831961.BJ,2021-12-03,23.47,0.671,0.6908,1.04,53.0846,49.3369,3.7469,8.4719,6.4852,,,10991.5358,6280.4601,6100.1619,257971.3452,147402.3985,2023-08-05
688108.SH,2021-12-03,8.39,0.7863,1.1872,0.68,152.9304,,3.6279,10.5061,19.8341,,,41000.0,28988.0545,19200.0949,343990.0,243209.7773,2023-08-05
300999.SZ,2021-12-03,62.14,2.3304,2.3304,1.19,56.1414,73.3642,3.8911,1.7284,1.5479,,0.1786,542159.1536,54216.3297,54216.3297,33689769.8047,3369002.7276,2023-08-05
300329.SZ,2021-12-03,10.71,4.6338,8.3506,1.02,85.0708,55.8643,2.6302,5.6947,5.0146,0.2622,0.1311,25288.878,25218.9481,13994.1281,270843.8834,270094.9342,2023-08-05
600249.SH,2021-12-03,4.98,1.0693,1.7624,1.19,47.219,,1.2858,3.996,3.9883,0.0,,55000.0,55000.0,33368.0181,273900.0,273900.0,2023-08-05
300707.SZ,2021-12-03,18.43,16.3302,20.7502,1.44,91.0823,134.9223,4.1144,5.2196,4.9904,0.2163,0.1628,15706.9811,11128.1637,8757.7536,289479.6617,205092.057,2023-08-05
603826.SH,2021-12-03,38.72,0.1478,0.5317,0.67,115.3965,107.3651,10.6828,24.1648,20.4681,0.0,,46800.0,46800.0,13010.219,1812096.0,1812096.0,2023-08-05
600397.SH,2021-12-03,2.9,2.2168,3.6547,1.8,,,4.6357,0.3776,0.2717,0.0,,98995.9882,98995.9882,60047.3792,287088.3658,287088.3658,2023-08-05
000428.SZ,2021-12-03,2.86,0.5912,1.3224,0.83,,,1.5767,5.6543,4.4766,0.0,,101892.6,101887.0,45546.108,291412.836,291396.82,2023-08-05
600866.SH,2021-12-03,4.49,0.8122,1.0886,0.7,22.3132,28.0063,1.8975,2.9726,2.9232,0.0,,73901.9166,73901.9166,55139.6746,331819.6055,331819.6055,2023-08-05
002146.SZ,2021-12-03,4.27,0.4744,1.1859,1.23,2.4751,2.9952,0.3713,0.2596,0.2517,11.2412,8.1967,434816.3851,389322.8983,155728.2085,1856665.9644,1662408.7757,2023-08-05
600321.SH,2021-12-03,1.94,0.5726,1.0928,1.01,,,1.5464,4.0062,3.389,0.5155,,151055.0,151055.0,79144.8337,293046.7,293046.7,2023-08-05
300976.SZ,2021-12-03,84.1,2.5718,2.5718,0.53,36.9527,33.3967,2.6183,8.2381,6.4823,,0.6606,9398.64,2349.66,2349.66,790425.624,197606.406,2023-08-05
600648.SH,2021-12-03,12.85,0.3073,0.8636,1.44,20.2171,17.4465,1.2927,1.4373,1.5489,1.8677,1.5564,113534.9124,93479.1624,33266.4508,1458923.6243,1201207.2368,2023-08-05
300773.SZ,2021-12-03,27.66,5.7215,5.7215,0.45,23.7739,21.0463,4.8497,3.9818,3.4703,3.6153,3.5242,80002.0,38327.8662,38327.8662,2212855.32,1060148.7791,2023-08-05
301050.SZ,2021-12-03,258.37,2.4845,2.4845,0.52,206.4407,112.6188,12.2581,73.1232,36.8271,,,9680.0,1841.3548,1841.3548,2501021.6,475750.8397,2023-08-05
000829.SZ,2021-12-03,23.35,4.6723,8.2134,1.19,128.6234,114.326,9.5003,0.4004,0.3551,0.1294,0.2355,102510.0438,102376.5049,58237.8912,2393609.5227,2390491.3894,2023-08-05
430510.BJ,2021-12-03,17.7,0.4155,0.7326,0.46,69.685,48.2322,7.4986,12.7019,9.4256,,,13158.1378,4004.1378,2271.05,232899.0391,70873.2391,2023-08-05
688211.SH,2021-12-03,77.47,5.9386,5.9386,1.41,47.8069,42.7834,2.7679,8.4653,6.4772,,,13160.8698,3060.8073,3060.8073,1019572.5834,237120.7415,2023-08-05
002726.SZ,2021-12-03,10.86,1.8829,3.3406,0.59,12.9295,18.9042,2.9012,0.4859,0.5442,0.4177,1.5539,107843.4291,99065.7186,55838.1186,1171179.64,1075853.704,2023-08-05
600143.SH,2021-12-03,13.69,1.7479,2.4964,0.74,7.6799,13.9562,2.344,1.0049,0.9162,0.7305,4.3828,257362.2343,257362.2343,180200.0391,3523288.9876,3523288.9876,2023-08-05
600569.SH,2021-12-03,2.85,1.5091,3.7861,0.91,35.8397,6.5992,0.7539,0.2567,0.1739,1.7544,1.7544,287242.1386,239368.4489,95411.29,818640.095,682200.0794,2023-08-05
002585.SZ,2021-12-03,27.05,2.0234,2.6857,1.24,43.4081,25.1523,3.4927,6.1797,5.3619,0.1109,0.7313,115627.8085,86715.3367,65331.2448,3127732.2199,2345649.8577,2023-08-05
600809.SH,2021-12-03,324.51,0.7646,2.4049,1.94,128.5837,72.0312,27.1701,28.302,18.9695,0.1981,0.044,122011.4372,121535.1572,38641.3711,39593931.4858,39439373.863,2023-08-05
002700.SZ,2021-12-03,4.33,0.9478,1.7218,0.76,,,2.0815,4.3651,3.4345,0.8083,0.7915,42242.688,31595.5455,17391.7655,182910.839,136808.712,2023-08-05
300945.SZ,2021-12-03,26.98,15.6456,15.6456,0.53,86.4726,78.9788,7.3381,6.8064,4.9878,,0.3521,20400.0,5100.0,5100.0,550392.0,137598.0,2023-08-05
002110.SZ,2021-12-03,6.79,1.8933,4.3573,1.35,6.513,4.2245,0.7364,0.3423,0.2681,3.6819,6.5666,245157.6238,245157.6238,106524.77,1664620.2656,1664620.2656,2023-08-05
002831.SZ,2021-12-03,31.0,0.5687,0.8515,0.93,25.7516,25.4972,3.2198,2.4469,1.9942,0.8449,0.9032,93051.3553,51987.4947,34722.7912,2884592.0143,1611612.3357,2023-08-05
300739.SZ,2021-12-03,19.32,2.3046,2.3081,0.82,42.8228,55.7976,3.4331,4.411,3.5103,1.0708,1.4708,29478.5373,28823.9373,28780.8998,569525.3406,556878.4686,2023-08-05
600894.SH,2021-12-03,7.1,0.3784,0.8711,1.11,8.5691,8.4755,0.7354,0.9014,0.8026,2.1127,5.6338,85994.6895,85994.6895,37358.4966,610562.2955,610562.2955,2023-08-05
002623.SZ,2021-12-03,38.69,1.2971,2.5322,0.63,55.9117,72.4259,2.282,4.272,3.7348,0.0,,19906.25,15957.3625,8174.4425,770172.8125,617390.3551,2023-08-05
688036.SH,2021-12-03,161.0,0.6403,1.3116,0.83,48.0461,35.7112,10.0656,3.4153,2.6561,,,80169.095,39326.5674,19197.0786,12907224.295,6331577.3514,2023-08-05
300939.SZ,2021-12-03,53.88,6.1771,6.1771,0.62,51.7176,41.9412,3.7613,5.2307,4.1847,,0.928,8000.0,2000.0,2000.0,431040.0,107760.0,2023-08-05
603236.SH,2021-12-03,200.7,1.5287,1.6048,0.72,154.3569,96.9529,9.3529,4.7784,3.1125,0.1528,0.1955,14537.0828,9857.0828,9389.6661,2917592.518,1978316.518,2023-08-05
000576.SZ,2021-12-03,13.57,5.7233,10.3849,0.92,8.8619,191.1617,3.5883,11.6741,8.8261,0.0,1.4443,44286.1324,42405.4818,23370.4818,600962.8167,575442.388,2023-08-05
301076.SZ,2021-12-03,36.56,6.58,6.58,0.4,40.7141,45.0833,2.9666,10.1082,9.315,,,7960.0,2000.0,2000.0,291017.6,73120.0,2023-08-05
300347.SZ,2021-12-03,136.2,1.0149,1.1327,0.92,67.9116,53.7011,6.9154,37.2242,27.7198,0.2041,0.2203,87246.6954,56331.3308,50471.2979,11882999.9135,7672327.255,2023-08-05
600370.SH,2021-12-03,3.09,0.5021,0.9494,0.68,21.5334,20.6547,1.8924,0.7386,0.6701,0.1987,3.0376,389633.9676,92594.0727,48971.0824,1203968.9599,286115.6846,2023-08-05
603690.SH,2021-12-03,56.03,4.7555,6.8836,1.41,68.4789,48.7289,5.0567,12.7737,9.2975,0.1237,0.2921,31850.0474,30799.6239,21277.9476,1784558.1558,1725702.9271,2023-08-05
002464.SZ,2021-12-03,6.02,3.9117,5.9304,0.91,,,,11.84,11.7541,0.0,,52179.4388,52172.9888,34413.3139,314120.2216,314081.3926,2023-08-05
600783.SH,2021-12-03,12.26,0.3347,1.1001,0.62,27.2438,104.7023,2.3762,75.5182,68.9446,1.2235,1.2235,74435.9294,74435.9294,22649.7417,912584.4944,912584.4944,2023-08-05
600511.SH,2021-12-03,30.55,0.6591,1.0675,0.53,16.6705,13.7242,1.8702,0.5708,0.5059,2.0884,1.8003,75450.2998,55334.6424,34166.1253,2305006.6589,1690473.3253,2023-08-05
002660.SZ,2021-12-03,8.12,2.3475,4.2906,1.05,35.4318,44.6018,3.0507,1.8037,1.4267,0.0,,27432.7707,21129.2047,11560.4847,222754.0981,171569.1422,2023-08-05
600288.SH,2021-12-03,12.81,0.47,0.6691,0.53,97.7735,63.222,3.2234,2.4168,2.1657,0.0625,0.0781,43680.0,43680.0,30684.0,559540.8,559540.8,2023-08-05
600079.SH,2021-12-03,20.37,0.7239,1.0483,0.64,28.9641,20.4112,2.5749,1.6332,1.6319,0.2013,0.4838,163307.1908,138649.0465,95744.7954,3326567.4766,2824281.0772,2023-08-05
300996.SZ,2021-12-03,33.92,9.9584,9.9584,0.86,57.358,44.5029,5.8186,11.3315,9.7013,,0.5528,14101.0659,3536.0,3536.0,478308.1553,119941.12,2023-08-05
300384.SZ,2021-12-03,23.26,1.755,2.6813,0.79,44.0505,42.0199,3.5472,8.4654,8.786,0.2587,0.6409,31859.8435,21959.532,14373.4387,741059.9598,510778.7143,2023-08-05
603776.SH,2021-12-03,18.96,2.3167,4.0938,0.49,8.9493,8.9402,1.3584,5.0702,4.9916,0.757,2.7016,23344.4067,23187.7367,13122.2731,442609.951,439639.4878,2023-08-05
603538.SH,2021-12-03,34.21,2.4432,3.6169,0.81,30.5756,31.6407,3.0281,4.287,4.3958,0.3217,,14958.8792,14957.5492,10103.5492,511743.2574,511697.7581,2023-08-05
002302.SZ,2021-12-03,7.59,0.4589,1.1858,1.07,12.2175,13.8488,1.1574,0.4091,0.3602,1.1199,1.1858,126235.4304,126235.4304,48851.5666,958126.9167,958126.9167,2023-08-05
688739.SH,2021-12-03,77.49,2.4907,2.4907,0.57,35.1459,35.2315,3.4744,16.1711,15.5973,,,41645.0,3881.2784,3881.2784,3227071.05,300760.2632,2023-08-05
002356.SZ,2021-12-03,5.26,0.1678,0.3125,0.06,,,,5.9508,6.7721,0.0,,52780.6548,52682.7157,28286.5506,277626.2442,277111.0846,2023-08-05
300160.SZ,2021-12-03,7.88,1.9523,3.6364,0.74,39.9493,37.7951,4.5151,3.7869,3.3782,2.5394,,61817.2423,59232.655,31801.0716,487119.8693,466753.3214,2023-08-05
600223.SH,2021-12-03,13.77,1.7258,3.8079,0.72,21.7578,19.0604,4.0563,1.0206,1.0748,0.7924,1.4524,100915.2199,100915.2199,45736.6999,1389602.578,1389602.578,2023-08-05
002685.SZ,2021-12-03,3.84,0.7502,0.995,0.7,,,1.0335,0.5068,0.6093,1.3021,,100769.0641,81385.5134,61366.1096,386953.2061,312520.3715,2023-08-05
688315.SH,2021-12-03,46.05,2.7144,2.8549,0.51,504.3691,84.6001,10.8268,12.3684,10.1721,,,40020.0,3417.0,3248.7793,1842921.0,157352.85,2023-08-05
603027.SH,2021-12-03,24.02,1.2237,2.354,1.03,93.2296,168.609,9.7423,11.3312,10.5041,0.3173,0.3227,79878.2158,79456.6246,41303.236,1918674.7435,1908548.1229,2023-08-05
603990.SH,2021-12-03,18.81,1.8763,2.2494,0.96,87.814,64.9605,2.9263,10.1025,8.7291,0.4578,0.3459,16546.3488,16546.3488,13802.093,311236.8209,311236.8209,2023-08-05
603666.SH,2021-12-03,76.56,1.3467,2.6578,1.29,47.043,39.4698,6.6014,15.7389,13.5122,0.1627,0.3452,20672.8564,20534.4804,10404.4824,1582713.886,1572119.8194,2023-08-05
002006.SZ,2021-12-03,33.63,3.4033,5.3957,0.63,540.0816,160.5333,14.85,14.307,9.732,0.0,,45516.0,45516.0,28708.623,1530703.08,1530703.08,2023-08-05
603353.SH,2021-12-03,22.28,1.4345,1.9562,0.93,22.6631,29.2072,2.3323,2.0956,1.1702,1.381,1.7263,17339.4,6180.2,4532.1,386321.832,137694.856,2023-08-05
002958.SZ,2021-12-03,3.88,0.5436,0.5454,1.17,7.2833,6.6967,0.7574,2.2521,1.9707,3.8659,3.866,555559.8049,270560.0735,269668.3235,2155572.043,1049773.0852,2023-08-05
002982.SZ,2021-12-03,40.16,2.083,2.6432,0.89,23.4544,,2.5996,1.8686,1.4407,0.498,0.498,10188.0,4718.75,3718.75,409150.08,189505.0,2023-08-05
002300.SZ,2021-12-03,8.69,9.8171,22.1361,0.95,30.044,36.355,3.5097,0.7186,0.545,1.2554,1.3809,65666.7,65661.6552,29120.1303,570643.623,570599.7837,2023-08-05
600657.SH,2021-12-03,3.31,0.1982,0.5509,1.2,6.2846,9.771,0.3997,0.365,0.4345,3.0211,,285187.8595,205530.7703,73937.3051,943971.8149,680306.8497,2023-08-05
002867.SZ,2021-12-03,17.54,0.5605,1.5482,0.72,18.9751,14.714,3.4496,3.7819,2.3424,1.7106,3.983,109622.3401,107823.5755,39038.3863,1922775.8454,1891225.5143,2023-08-05
300369.SZ,2021-12-03,17.46,1.3502,1.8127,0.67,46.3034,50.0311,4.3314,6.9368,6.0644,0.3434,0.4331,79858.4413,73457.1552,54716.1671,1394328.3851,1282561.9298,2023-08-05
600858.SH,2021-12-03,5.01,0.2006,0.4286,0.55,,,1.0775,0.4815,0.4359,0.6986,,52006.6589,51754.8029,24220.0861,260553.3611,259291.5625,2023-08-05
603095.SH,2021-12-03,26.06,1.4805,1.4805,0.68,27.8431,17.3322,1.6688,4.6559,2.5866,,1.9186,13200.0,3739.99,3739.99,343992.0,97464.1394,2023-08-05
600150.SH,2021-12-03,24.53,3.837,5.3942,1.29,358.7584,198.2414,2.3718,1.9859,1.9589,0.0,0.1427,447242.8758,244330.7764,173794.7098,10970867.7434,5993433.9451,2023-08-05
833873.BJ,2021-12-03,6.66,2.5855,3.0514,0.66,38.6443,30.7909,2.2548,4.5576,4.4183,,,14838.0002,7506.1378,6360.002,98821.0813,49990.8777,2023-08-05
300445.SZ,2021-12-03,14.66,1.2091,1.7825,1.06,52.0453,44.2719,3.4184,10.7706,9.1762,0.3685,0.3474,21243.0013,13550.8783,9191.7718,311422.3991,198655.8759,2023-08-05
000025.SZ,2021-12-03,15.17,1.165,3.642,1.05,113.4013,74.2985,4.7665,15.4073,12.6559,0.2769,0.1318,43105.832,39277.832,12564.2262,653915.4714,595844.7114,2023-08-05
300017.SZ,2021-12-03,6.71,6.3784,7.3923,1.08,74.6411,107.2087,1.8641,2.8877,3.664,0.4432,0.1489,244726.1404,227260.3118,196091.3437,1642112.4021,1524916.6922,2023-08-05
300867.SZ,2021-12-03,28.76,1.9991,1.9991,0.68,25.7336,15.7906,2.479,7.5603,3.7944,,0.4172,27174.1053,15461.7467,15461.7467,781527.2684,444679.8351,2023-08-05
300803.SZ,2021-12-03,36.4,2.2992,2.7505,0.86,165.2493,86.7554,11.6318,21.2851,16.8896,0.2747,0.1374,40499.9999,22059.7424,18440.2575,1474199.9964,802974.6234,2023-08-05
002077.SZ,2021-12-03,7.47,2.2783,4.8666,1.27,44.2947,27.4988,1.3805,5.0389,5.2703,0.0,,58034.8513,54436.1725,25483.6078,433520.3392,406638.2086,2023-08-05
300256.SZ,2021-12-03,3.9,6.134,7.2199,1.8,,,,0.728,1.4013,0.0,,95793.6396,95781.8272,81376.2246,373595.1944,373549.1261,2023-08-05
002187.SZ,2021-12-03,8.14,0.4746,1.1863,0.79,74.2294,21.8019,1.3954,2.1339,0.9535,1.1579,0.3406,61761.9179,34242.2568,13699.3919,502742.0117,278731.9704,2023-08-05
002895.SZ,2021-12-03,32.85,3.0959,8.6531,0.75,112.5053,75.7318,5.0706,9.0278,7.4053,0.7622,,48842.3,48420.95,17324.15,1604469.555,1590628.2075,2023-08-05
603129.SH,2021-12-03,168.9,0.945,1.7388,1.82,69.466,65.2765,7.3586,5.601,3.5868,0.2065,0.434,15007.7374,13437.73,7302.6815,2534806.8469,2269632.597,2023-08-05
300469.SZ,2021-12-03,17.35,7.118,10.9326,0.66,,,16.0835,6.2222,7.4549,0.0,,20513.5376,18485.0857,12035.3093,355909.8774,320716.2369,2023-08-05
300532.SZ,2021-12-03,11.13,9.46,9.8963,2.45,55.9025,46.3166,3.0901,3.6372,2.4814,0.4847,0.808,30383.8301,19422.1463,18565.8791,338172.029,216168.4883,2023-08-05
002154.SZ,2021-12-03,5.32,2.0285,2.5203,0.58,17.6746,13.1424,1.9393,1.7102,1.4394,0.0,3.9474,121761.1874,111246.4677,89538.611,647769.517,591831.2082,2023-08-05
600556.SH,2021-12-03,11.95,6.6813,6.6813,0.64,73.1089,71.2307,6.1244,7.0587,5.2859,0.1198,0.1372,180774.7642,47608.0983,47608.0983,2160258.4322,568916.7747,2023-08-05
603995.SH,2021-12-03,52.0,1.2154,1.5032,0.41,29.2497,20.4974,3.5295,0.593,0.4136,1.332,1.3462,23312.04,11182.4211,9041.3003,1212226.08,581485.8972,2023-08-05
300475.SZ,2021-12-03,22.74,0.2096,0.6253,0.51,148.3609,58.5558,6.4802,36.0704,2.0263,0.1382,,42000.0,42000.0,14075.4444,955080.0,955080.0,2023-08-05
300253.SZ,2021-12-03,15.61,0.5614,0.593,0.48,68.1268,61.1139,7.289,14.761,12.5864,0.1227,0.16,214330.287,180724.6978,171097.8648,3345695.7801,2821112.5327,2023-08-05
000985.SZ,2021-12-03,12.38,0.4978,1.3637,0.62,132.3144,140.6617,2.7106,0.9103,0.823,1.2924,0.3716,12963.95,12963.95,4731.89,160493.701,160493.701,2023-08-05
002137.SZ,2021-12-03,5.67,0.9141,1.0876,0.67,116.4848,133.9,2.1861,4.1784,4.4148,0.0,,57750.4854,39056.474,32826.6757,327445.2522,221450.2076,2023-08-05
603183.SH,2021-12-03,5.62,1.2496,1.6863,1.05,18.4282,17.33,1.762,2.9847,2.7559,1.0415,1.1191,41736.9292,39408.8495,29203.5112,234561.5421,221477.7342,2023-08-05
000498.SZ,2021-12-03,6.16,2.6183,2.8306,1.08,7.1695,4.7856,0.9696,0.2787,0.1802,0.9337,1.6223,155802.8003,74485.234,68896.434,959745.2498,458829.0414,2023-08-05
603115.SH,2021-12-03,27.05,6.8204,6.8204,0.6,51.4466,33.3754,3.3781,5.3092,4.1469,2.411,2.411,23920.0,5200.0,5200.0,647036.0,140660.0,2023-08-05
000555.SZ,2021-12-03,12.32,0.7577,1.5762,0.5,25.3755,26.5478,2.1137,1.1296,1.0956,0.3135,0.3991,97974.4428,97036.8775,46644.4448,1207045.1353,1195494.3308,2023-08-05
603986.SH,2021-12-03,176.49,4.8966,5.7182,1.59,133.7003,63.4448,9.3006,26.1848,15.3859,0.1036,0.2256,66717.7212,61735.6298,52865.4645,11775010.6146,10895721.3034,2023-08-05
301058.SZ,2021-12-03,13.45,28.6193,28.6193,1.7,53.3864,41.8758,4.094,3.3758,3.4226,,,51227.4245,9573.7209,9573.7209,689008.8595,128766.5461,2023-08-05
600587.SH,2021-12-03,26.45,5.3226,7.4951,0.99,45.913,23.4178,2.2571,1.1747,1.0778,0.3781,0.3781,40642.8091,40346.6668,28651.9026,1075002.3007,1067169.3369,2023-08-05
688058.SH,2021-12-03,79.24,1.1597,1.5988,1.14,51.9137,48.0292,3.4106,17.3905,13.3806,,,4000.0,2234.2,1620.6,316960.0,177038.008,2023-08-05
300819.SZ,2021-12-03,26.22,5.979,6.0067,0.94,448.9299,111.2497,3.232,7.5031,6.4107,0.0,1.1442,9947.0,2947.0,2933.37,260810.34,77270.34,2023-08-05
300309.SZ,2021-12-03,3.16,5.6891,6.7498,1.09,,,,14.5932,10.7026,0.0,,88612.3765,84584.7268,71292.8703,280015.1097,267287.7367,2023-08-05
688505.SH,2021-12-03,14.63,0.6764,0.9233,0.6,92.6687,76.8994,7.3794,18.3006,14.7331,,,104300.0,26384.2098,19327.8098,1525909.0,386000.9894,2023-08-05
605158.SH,2021-12-03,7.51,0.7682,0.8149,0.86,13.9556,14.2907,1.8618,0.6295,0.4783,,2.5607,51142.0,14431.3,13604.5,384076.42,108379.063,2023-08-05
300612.SZ,2021-12-03,13.77,1.6328,3.0979,0.79,,,9.7954,3.5357,2.5811,0.0,,15903.9975,15903.9975,8382.165,218998.0456,218998.0456,2023-08-05
300262.SZ,2021-12-03,3.63,1.9101,2.5083,0.41,,,1.374,5.6667,9.4021,0.3581,,66976.6999,46902.1988,35717.0821,243125.4206,170254.9816,2023-08-05
002911.SZ,2021-12-03,11.11,0.9293,7.7674,1.44,22.3841,22.3697,3.0681,1.3974,0.8691,2.6473,3.1768,94520.0,94469.5866,11301.9866,1050117.2,1049557.1071,2023-08-05
300349.SZ,2021-12-03,11.54,0.8081,1.187,1.03,44.4688,61.4671,1.4037,2.5599,2.2417,4.3213,4.0457,42905.4325,38054.2982,25907.8694,495128.6911,439146.6012,2023-08-05
300482.SZ,2021-12-03,36.63,1.6018,2.182,0.44,25.7007,23.4356,5.0847,5.7985,5.1826,0.5242,1.0478,44495.2207,32041.8148,23522.7602,1629859.9342,1173691.6761,2023-08-05
002557.SZ,2021-12-03,54.1,0.7775,1.3384,1.35,34.0682,31.5424,6.2864,5.1857,4.9682,1.2895,1.474,50700.1697,50699.7947,29451.2604,2742879.1808,2742858.8933,2023-08-05
300053.SZ,2021-12-03,10.16,3.0543,3.779,1.54,65.9879,69.6718,2.3204,8.2015,8.4736,0.0,,70215.8212,63258.8204,51128.4227,713392.7434,642709.6153,2023-08-05
603628.SH,2021-12-03,15.06,2.6179,46.1512,0.77,60.2619,63.3277,4.1694,4.5792,3.88,0.0,0.332,27380.0,27380.0,1553.1448,412342.8,412342.8,2023-08-05
600459.SH,2021-12-03,27.74,1.5709,2.6027,0.66,48.4008,41.8428,4.3023,0.5457,0.425,0.7487,0.6378,56902.0415,56902.0415,34343.8631,1578462.6312,1578462.6312,2023-08-05
600962.SH,2021-12-03,10.0,6.1098,11.315,2.25,,,3.7323,2.285,2.0018,0.0,,26221.0,25402.0,13716.4531,262210.0,254020.0,2023-08-05
601985.SH,2021-12-03,7.2,0.9934,2.7128,1.17,21.0361,16.6072,1.9531,2.4126,2.0522,1.5057,1.7993,1751677.2893,1706901.17,625065.813,12612076.483,12289688.424,2023-08-05
600642.SH,2021-12-03,6.53,0.6796,1.858,1.28,13.4064,11.2747,1.015,1.6275,1.3491,3.3691,4.2468,491203.8316,450801.4316,164887.3733,3207561.0203,2943733.3483,2023-08-05
600295.SH,2021-12-03,26.68,3.6813,10.3303,1.54,24.9309,8.8896,2.3167,1.6463,1.2048,1.4993,2.9985,142794.7069,65254.054,23254.054,3809762.7801,1740978.1607,2023-08-05
600444.SH,2021-12-03,11.95,1.9008,3.4353,0.63,38.404,53.5272,2.8509,2.4969,2.4004,1.2552,1.2552,14642.1932,14642.1932,8101.736,174974.2087,174974.2087,2023-08-05
605100.SH,2021-12-03,25.2,0.8203,0.8203,0.72,16.0514,16.69,1.6996,1.9216,1.9781,,1.9841,12138.0,5488.0,5488.0,305877.6,138297.6,2023-08-05
600606.SH,2021-12-03,4.17,0.2295,0.937,1.32,3.5524,3.773,0.562,0.1169,0.0949,9.1355,5.7097,1277656.2104,1277656.2104,312964.4101,5327826.3974,5327826.3974,2023-08-05
300320.SZ,2021-12-03,13.13,2.73,3.2888,0.49,40.3677,45.4327,4.0141,3.488,3.168,0.4265,0.2894,60123.4191,49383.3224,40991.7157,789420.4928,648403.0231,2023-08-05
003036.SZ,2021-12-03,12.17,1.5226,1.5226,0.6,43.8922,41.9567,2.3617,3.9365,2.5593,,0.4848,21600.0,5400.0,5400.0,262872.0,65718.0,2023-08-05
300313.SZ,2021-12-03,9.47,4.0551,7.8556,1.17,703.6914,,23.1266,18.149,32.5109,0.0,,31297.7396,18417.9079,9507.3081,296389.594,174417.5878,2023-08-05
605118.SH,2021-12-03,15.7,9.0962,9.0962,0.57,42.4887,42.0899,5.4234,15.3415,13.6661,,0.9507,40752.85,4100.0,4100.0,639819.745,64370.0,2023-08-05
300890.SZ,2021-12-03,82.95,3.5565,5.3581,0.63,182.496,133.2365,7.6772,19.938,10.7085,,0.1206,10000.0,7793.9517,5173.3307,829500.0,646508.2935,2023-08-05
002436.SZ,2021-12-03,15.07,3.0907,3.1956,0.62,42.9927,40.4758,6.2558,5.5576,4.7279,0.5309,0.5255,148791.7558,127265.8141,123086.3267,2242291.7599,1917895.8185,2023-08-05
002173.SZ,2021-12-03,6.09,0.6626,1.2821,0.98,,,1.3416,3.8143,3.7543,0.0,,45360.963,37123.4868,19186.1453,276248.2647,226082.0346,2023-08-05
300936.SZ,2021-12-03,43.01,4.9952,4.9952,0.82,55.9791,61.317,3.7158,15.3695,15.4593,,1.1625,7520.0,1880.0,1880.0,323435.2,80858.8,2023-08-05
002268.SZ,2021-12-03,53.79,1.4344,2.2555,0.59,282.0315,171.9695,9.4871,19.0972,15.4833,0.035,0.0372,84629.4603,83710.5669,53237.04,4552218.6695,4502791.3936,2023-08-05
603838.SH,2021-12-03,7.22,0.8029,1.9354,0.72,,51.9248,2.1062,7.8958,5.2698,0.5771,0.277,32001.6,28481.6,11815.4468,231051.552,205637.152,2023-08-05
002519.SZ,2021-12-03,4.54,3.8905,5.5401,2.05,30.0462,,1.83,3.416,3.0408,0.0,,112643.0898,101219.1312,71080.4823,511399.6277,459534.8556,2023-08-05
603529.SH,2021-12-03,45.38,13.1627,13.1627,0.83,30.6054,31.314,3.7463,1.4195,1.2666,,,40366.0003,6500.0,6500.0,1831809.0936,294970.0,2023-08-05
000900.SZ,2021-12-03,4.08,0.2934,0.5263,1.48,11.7981,9.1222,0.5798,0.4414,0.3791,3.9216,3.9216,151782.8334,151724.5302,84592.2932,619273.9603,619036.0832,2023-08-05
600958.SH,2021-12-03,15.48,2.7603,3.771,1.24,39.7584,27.1136,1.8587,4.6798,4.1763,0.969,1.615,699365.5803,573657.5803,419905.3381,10826179.183,8880219.343,2023-08-05
601156.SH,2021-12-03,19.7,1.6307,1.6307,0.87,13.2032,10.1498,3.202,2.0697,1.593,,,158755.5556,15875.5556,15875.5556,3127484.4453,312748.4453,2023-08-05
600770.SH,2021-12-03,6.07,2.8252,5.0578,3.41,46.8344,,2.1601,20.9177,22.627,0.0,,130000.0,130000.0,72615.9262,789100.0,789100.0,2023-08-05
600097.SH,2021-12-03,10.14,0.8245,1.8695,0.88,17.3019,10.0317,1.2199,1.2408,1.2421,0.789,1.7751,24093.6559,24093.6559,10625.6162,244309.6708,244309.6708,2023-08-05
688089.SH,2021-12-03,66.89,2.4261,3.222,0.55,61.4678,66.1041,5.9317,24.8154,23.8104,,,12000.0,6540.0,4924.4731,802680.0,437460.6,2023-08-05
603813.SH,2021-12-03,14.22,0.7862,2.0619,1.16,,,2.5089,2.7438,3.0105,1.6484,,8878.2,8878.2,3385.2,126248.004,126248.004,2023-08-05
300174.SZ,2021-12-03,18.16,2.1199,3.3488,0.61,45.003,44.082,3.2343,4.9913,3.9505,0.2159,0.5466,31223.1168,30952.2808,19593.4072,567011.8011,562093.4193,2023-08-05
002785.SZ,2021-12-03,30.15,2.4421,2.5562,0.49,498.7075,256.0175,9.4125,6.3482,5.0869,0.0,0.0232,20000.0,16283.2866,15556.9217,603000.0,490941.091,2023-08-05
300209.SZ,2021-12-03,8.1,5.8626,7.3348,1.13,,,1.751,0.6802,1.07,0.0,,42210.733,37517.1173,29987.0551,341906.9373,303888.6501,2023-08-05
600037.SH,2021-12-03,7.84,0.4769,0.769,0.71,66.5675,117.4513,0.8591,4.2369,4.2691,8.4184,0.5102,139177.7884,139177.7884,86298.0171,1091153.8611,1091153.8611,2023-08-05
300895.SZ,2021-12-03,41.76,12.7279,12.7279,0.83,87.5049,78.414,4.2141,15.6998,14.1307,,0.1596,11636.418,5373.8131,5373.8131,485936.8157,224410.4351,2023-08-05
600998.SH,2021-12-03,13.92,0.2179,0.4943,0.72,8.4822,7.8126,1.246,0.2353,0.2127,0.0,3.5056,187380.1453,187380.1453,82596.3978,2608331.6226,2608331.6226,2023-08-05
600158.SH,2021-12-03,11.84,2.6335,2.7438,1.25,210.5538,1020.5418,4.6392,5.6908,6.9364,0.2599,0.1436,95951.3067,67679.1584,64957.9865,1136063.4713,801321.2355,2023-08-05
300155.SZ,2021-12-03,6.73,1.6736,2.0274,0.8,36.128,44.1713,2.6806,4.0297,4.0115,0.5467,0.5323,56122.7744,28586.7243,23598.3319,377706.2717,192388.6545,2023-08-05
002226.SZ,2021-12-03,5.74,1.3625,2.2948,1.0,34.0273,26.5239,2.2304,3.88,3.1432,0.4107,0.4518,264892.2855,134157.3898,79654.0319,1520481.7188,770063.4175,2023-08-05
301005.SZ,2021-12-03,55.62,8.2154,8.2154,0.63,39.0946,35.6028,4.1962,9.2191,7.8408,,0.8091,5712.6903,1428.1726,1428.1726,317739.8345,79434.96,2023-08-05
002566.SZ,2021-12-03,7.91,0.9263,1.0761,0.58,32.6983,28.7286,1.2763,3.1069,2.9019,0.6321,0.3793,33095.16,23227.5489,19993.8356,261782.7156,183729.9118,2023-08-05
000906.SZ,2021-12-03,10.7,0.3657,0.7611,0.92,12.9948,9.5053,2.1985,0.0662,0.0399,2.338,2.8047,67420.082,66479.9578,31945.4348,721394.8774,711335.5485,2023-08-05
600979.SH,2021-12-03,3.36,2.2264,3.4409,1.42,21.9207,20.3487,1.0113,1.8246,1.782,0.6868,1.4881,123225.979,123225.979,79733.57,414039.2894,414039.2894,2023-08-05
002787.SZ,2021-12-03,5.79,1.2299,1.4927,0.68,39.3369,37.5481,1.1931,1.0268,0.8132,1.7001,0.8636,31597.5411,17887.3047,14737.2651,182949.763,103567.4942,2023-08-05
000768.SZ,2021-12-03,39.83,1.154,2.5596,0.8,141.8555,118.5544,7.0186,3.2933,3.3175,0.3013,0.2134,276864.5071,276864.0196,124821.0478,11027513.3178,11027493.9007,2023-08-05
688586.SH,2021-12-03,32.76,1.7757,2.0743,0.96,68.2209,56.563,6.3898,15.9171,13.4042,,,40374.4467,17286.1229,14797.5329,1322666.8739,566293.3862,2023-08-05
600436.SH,2021-12-03,463.07,0.7655,1.7979,1.57,167.1403,118.6804,29.8976,42.9101,36.9913,0.1771,0.1944,60331.721,60331.721,25687.6755,27937810.0435,27937810.0435,2023-08-05
601788.SH,2021-12-03,14.86,0.482,1.0538,1.01,29.3548,30.0344,1.3022,4.3183,3.915,0.249,1.0633,461078.7639,390669.8839,178677.5656,6851630.4316,5805354.4748,2023-08-05
300509.SZ,2021-12-03,6.45,1.5014,1.8028,0.66,32.9332,29.3328,3.1664,2.7647,2.708,1.7889,1.8605,29640.0,16812.4267,14001.5987,191178.0,108440.1522,2023-08-05
002751.SZ,2021-12-03,20.44,4.7447,5.2583,0.65,59.4804,66.7016,2.1489,3.0837,3.1106,0.2436,0.1462,15452.9613,12617.1931,11384.777,315858.529,257895.427,2023-08-05
600707.SH,2021-12-03,7.06,0.8406,1.4807,0.87,,5.8447,1.0945,2.4248,1.5981,0.0,,358838.9732,247491.0089,140509.978,2533403.1508,1747286.5228,2023-08-05
600153.SH,2021-12-03,8.16,0.3542,0.6792,0.96,5.1879,4.605,0.6069,0.054,0.0365,6.0671,6.1277,286342.253,283520.053,147851.2545,2336552.7845,2313523.6325,2023-08-05
603839.SH,2021-12-03,8.49,0.6768,2.5965,1.87,17.1974,18.4891,1.2584,0.945,0.9277,8.1063,4.024,40010.222,40010.222,10428.9002,339686.7848,339686.7848,2023-08-05
002698.SZ,2021-12-03,13.32,1.2797,2.2977,1.68,33.5998,27.3937,4.8844,7.4513,6.3874,1.3514,1.5015,102255.0,79215.8353,44121.1795,1362036.6,1055154.9262,2023-08-05
300671.SZ,2021-12-03,91.0,5.2061,7.8629,0.75,185.6388,35.6152,12.462,22.3028,12.3869,0.0,0.1691,20495.2494,20394.6447,13503.6404,1865067.6954,1855912.6677,2023-08-05
000678.SZ,2021-12-03,4.7,0.6155,1.1404,1.0,,,1.9992,1.8129,1.5173,0.0,,45961.1797,45961.1797,24805.2667,216017.5446,216017.5446,2023-08-05
002321.SZ,2021-12-03,4.38,5.6883,7.1891,0.82,,,1.7526,0.7487,0.7368,0.0,,53429.11,53106.2039,42019.9405,234019.5018,232605.1731,2023-08-05
002872.SZ,2021-12-03,4.79,0.7326,0.7467,0.67,,,0.6703,1.2665,1.6841,0.0,,31800.0,21503.8268,21096.6829,152322.0,103003.3304,2023-08-05
688696.SH,2021-12-03,592.2,2.7406,2.7406,0.59,110.153,74.4957,11.5324,10.4706,8.2128,,,5000.0,1080.1335,1080.1335,2961000.0,639655.0587,2023-08-05
002156.SZ,2021-12-03,21.1,2.1996,3.5636,0.66,82.8616,35.9648,2.7488,2.6041,1.927,0.0,0.1231,132903.6928,132882.5288,82020.1116,2804267.9181,2803821.3577,2023-08-05
000062.SZ,2021-12-03,17.38,1.2286,3.565,1.74,29.1078,20.8487,3.0184,1.1131,0.854,0.8631,1.1507,104590.9322,104455.2962,35997.7189,1817790.4016,1815433.048,2023-08-05
300556.SZ,2021-12-03,25.7,6.8866,7.4383,0.66,50.5725,56.9483,4.1447,3.0522,2.5179,0.1923,0.3079,11925.9675,9022.4562,8353.2762,306497.3648,231877.1243,2023-08-05
600189.SH,2021-12-03,8.57,4.9826,8.8842,1.74,73.8963,66.1645,3.9102,4.4673,3.6363,0.0,,71519.7812,68828.2134,38601.5454,612924.5249,589857.7888,2023-08-05
688136.SH,2021-12-03,29.45,1.6277,1.6277,0.3,42.0573,60.3488,3.0969,4.7954,4.7765,,,19870.065,4272.0758,4272.0758,585173.4143,125812.6323,2023-08-05
600995.SH,2021-12-03,17.07,13.2829,19.1564,1.82,73.7743,640.2009,3.5912,4.3416,4.0258,1.2888,0.4101,47852.64,47852.64,33180.74,816844.5648,816844.5648,2023-08-05
300233.SZ,2021-12-03,29.19,3.8966,5.4753,0.61,,,3.3566,3.818,3.6238,0.6874,0.6852,38741.0987,36387.5888,25895.9423,1130852.6711,1062153.7171,2023-08-05
300825.SZ,2021-12-03,33.48,2.4005,2.7848,0.73,100.1229,63.5135,4.5482,13.528,9.3724,0.0,,33175.4472,24675.5973,21270.328,1110713.9723,826138.9976,2023-08-05
600067.SH,2021-12-03,4.41,4.0473,6.3226,1.5,21.0668,,0.8265,0.74,0.679,0.0,1.4805,149211.0725,149211.0725,95515.3669,658020.8297,658020.8297,2023-08-05
002039.SZ,2021-12-03,18.96,3.3098,5.3637,1.15,13.0514,18.9558,1.7113,2.1846,2.5484,1.7405,1.8987,30539.8662,30539.5288,18845.0327,579035.8632,579029.466,2023-08-05
300409.SZ,2021-12-03,29.56,5.0361,6.0571,0.72,282.6934,38.4337,4.0767,5.1611,2.9737,0.2689,0.1623,57874.1381,46780.7181,38895.4674,1710759.5222,1382838.027,2023-08-05
000930.SZ,2021-12-03,11.17,4.5518,5.4035,0.74,35.1365,20.8357,1.8605,1.0467,0.869,0.1432,0.5819,186571.7988,96440.2678,81240.2678,2084006.9926,1077237.7913,2023-08-05
002346.SZ,2021-12-03,19.13,0.7614,1.7663,0.67,54.2717,17.8917,3.7014,13.9759,14.2652,1.0455,1.0455,44157.5416,39463.2807,17011.508,844733.7708,754932.5598,2023-08-05
600351.SH,2021-12-03,7.64,7.5352,9.2376,0.49,54.7905,36.5953,2.039,2.2605,1.9897,0.2618,0.6545,77000.0023,77000.0023,62810.0023,588280.0176,588280.0176,2023-08-05
300723.SZ,2021-12-03,32.96,0.6792,0.9455,0.46,42.0795,29.9191,5.6756,5.6664,4.4476,0.3329,0.4154,28803.3713,12434.1073,8932.0615,949359.118,409828.1766,2023-08-05
600070.SH,2021-12-03,7.32,0.5305,0.707,0.55,,,1.6255,1.2572,1.811,1.061,0.6694,52194.6118,50672.0732,38020.0024,382064.5584,370919.5758,2023-08-05
002178.SZ,2021-12-03,3.76,1.4401,2.2636,0.97,,,4.7116,4.058,3.3826,0.0,,71215.3001,71125.6616,45249.4622,267769.5284,267432.4876,2023-08-05
003035.SZ,2021-12-03,8.29,7.7162,7.7162,3.8,78.7843,71.0314,5.4378,15.6316,13.3455,,0.1279,378787.8787,75757.5757,75757.5757,3140151.5144,628030.3026,2023-08-05
600803.SH,2021-12-03,19.96,0.7,1.1946,0.94,26.9598,13.9715,3.983,0.6448,0.525,0.4477,0.9515,284585.3619,143342.9823,83991.4549,5680323.8235,2861125.9267,2023-08-05
605055.SH,2021-12-03,8.0,6.275,6.275,0.6,43.6494,41.1781,3.1176,4.5148,3.2849,,,44000.0,8000.0,8000.0,352000.0,64000.0,2023-08-05
603338.SH,2021-12-03,81.01,0.3736,0.9238,0.48,59.2182,50.8302,9.0484,13.3015,8.7821,0.3086,0.3209,48548.5571,48548.5571,19633.1791,3932918.6107,3932918.6107,2023-08-05
605111.SH,2021-12-03,221.25,3.1225,3.7798,0.79,224.9426,89.7798,21.9406,32.8241,22.5789,,0.134,14168.0,10147.76,8382.944,3134670.0,2245191.9,2023-08-05
301029.SZ,2021-12-03,102.8,1.6599,1.6599,0.74,151.542,104.8094,18.96,33.9933,24.0555,,,40001.0,3380.5479,3380.5479,4112102.8,347520.3241,2023-08-05
688611.SH,2021-12-03,85.73,4.2396,4.4355,0.5,45.2936,43.1564,6.2254,20.2107,19.4987,,,5590.0,1327.625,1268.981,479230.7,113817.2913,2023-08-05
003022.SZ,2021-12-03,39.48,9.8936,9.8936,1.2,82.3096,50.7102,8.6898,8.8897,6.9055,,0.3897,133556.8,19156.8,19156.8,5272822.464,756310.464,2023-08-05
000558.SZ,2021-12-03,3.35,1.1344,2.1329,0.8,,,3.749,30.8439,28.7623,0.0,,128922.3949,128841.5927,68528.7966,431890.0229,431619.3355,2023-08-05
300334.SZ,2021-12-03,10.35,4.9873,8.8767,0.64,,,4.1349,6.2214,6.0361,0.0,,30206.5356,29860.7235,16777.057,312637.6435,309058.4882,2023-08-05
688518.SH,2021-12-03,49.9,1.6001,1.6001,0.74,222.9355,135.2209,10.169,17.0061,11.3468,,,29920.0,24603.7485,24603.7485,1493008.0,1227727.0502,2023-08-05
301016.SZ,2021-12-03,27.8,9.1515,9.1515,1.27,29.1555,24.385,3.8029,7.1455,6.407,,,12000.0,2845.2437,2845.2437,333600.0,79097.7749,2023-08-05
600661.SH,2021-12-03,9.63,3.8681,6.741,0.9,,,5.1436,1.5255,1.5301,0.0,,28654.883,28654.883,16442.5855,275946.5233,275946.5233,2023-08-05
603466.SH,2021-12-03,18.62,1.1943,3.3174,0.63,22.9385,17.1291,3.5021,3.4822,2.7533,0.0,1.8453,42196.6015,41978.6665,15112.6665,785700.7199,781642.7702,2023-08-05
300294.SZ,2021-12-03,37.31,1.1226,1.5892,0.59,73.4024,53.077,2.7927,7.596,7.5282,0.3347,0.145,51163.3438,43047.9351,30409.7733,1908904.3572,1606118.4586,2023-08-05
002595.SZ,2021-12-03,27.8,0.4798,0.654,0.58,22.0808,21.1959,3.5286,4.2006,3.7183,1.3489,1.3489,80000.0,53375.9584,39157.1301,2224000.0,1483851.6435,2023-08-05
688285.SH,2021-12-03,9.98,4.2914,4.2914,0.56,23.6445,30.6747,2.6064,2.7724,2.5961,,,37628.9913,7207.4457,7207.4457,375537.3332,71930.3081,2023-08-05
600973.SH,2021-12-03,6.58,3.9019,6.384,0.61,41.2954,30.3721,1.9366,0.2643,0.2213,0.5167,0.7295,137136.6248,125196.3263,76518.701,902358.9912,823791.8271,2023-08-05
600645.SH,2021-12-03,21.25,1.1662,1.6218,0.59,,,2.7723,7.5396,6.5884,0.0,,46794.889,46714.7888,33590.4719,994391.3913,992689.262,2023-08-05
600180.SH,2021-12-03,6.14,0.4919,1.524,1.03,39.7983,11.1656,0.9544,0.1702,0.1421,1.987,0.7543,101647.7464,101647.7464,32810.5628,624117.1629,624117.1629,2023-08-05
002469.SZ,2021-12-03,6.56,4.7907,6.3915,2.11,11.4121,7.2463,1.7939,6.297,2.0072,1.1823,2.2866,64886.263,51837.2665,38854.0505,425653.8853,340052.4682,2023-08-05
600999.SH,2021-12-03,17.48,0.2832,0.6969,1.32,16.0157,14.1782,1.6065,6.2615,5.3989,1.9165,4.4165,869652.6806,742200.5272,301633.7568,15201528.8569,12973665.2155,2023-08-05
002936.SZ,2021-12-03,3.41,0.2086,0.2517,0.86,8.0892,7.9905,0.5299,1.7542,1.8155,2.2098,,751412.509,534112.225,442691.8192,2562316.6557,1821322.6873,2023-08-05
300430.SZ,2021-12-03,11.6,2.4925,4.4817,0.47,52.2514,31.3012,1.7388,4.1277,3.424,0.0,0.1376,27200.8896,25719.3309,14303.4825,315530.3194,298344.2384,2023-08-05
301062.SZ,2021-12-03,17.17,7.4952,7.4952,0.54,61.847,45.1678,6.9578,8.8716,6.5641,,,40039.18,4102.7339,4102.7339,687472.7206,70443.9411,2023-08-05
003006.SZ,2021-12-03,17.99,2.6674,12.2577,0.91,42.1666,34.0789,6.5802,6.1529,5.389,,1.6676,42777.78,21546.78,4688.79,769572.2622,387626.5722,2023-08-05
300066.SZ,2021-12-03,4.95,1.4824,2.583,0.56,24.201,25.1059,2.5833,5.4866,5.3077,1.0101,0.8081,104003.3262,100342.8138,57589.6759,514816.4647,496696.9283,2023-08-05
002691.SZ,2021-12-03,4.41,0.7455,1.9881,0.99,,835.9307,1.7103,6.225,5.1869,0.1587,,34000.0,33929.2817,12722.9962,149940.0,149628.1323,2023-08-05
600968.SH,2021-12-03,2.88,3.6911,3.6911,1.17,19.2401,16.3785,1.4351,0.8816,0.7681,1.2847,1.5625,1016510.4199,186510.4199,186510.4199,2927550.0093,537150.0093,2023-08-05
000831.SZ,2021-12-03,48.86,10.3518,17.2765,1.74,171.7883,140.0381,18.3455,28.9334,17.7844,0.0819,0.1023,98088.8981,98088.8981,58773.557,4792623.5612,4792623.5612,2023-08-05
603917.SH,2021-12-03,27.12,7.0512,17.1606,1.06,57.5311,61.579,4.1665,7.0396,6.0724,0.4056,0.7375,15680.0,15680.0,6442.8342,425241.6,425241.6,2023-08-05
002788.SZ,2021-12-03,7.36,0.5517,0.9015,0.72,10.6886,10.0859,1.1567,0.1841,0.1669,1.7145,2.7174,38851.6736,37866.4774,23171.818,285948.3177,278697.2737,2023-08-05
603157.SH,2021-12-03,2.39,1.3684,2.0157,0.71,,,,0.7195,2.5424,0.0,,54767.1642,33260.3027,22580.3027,130893.5224,79492.1235,2023-08-05
000848.SZ,2021-12-03,10.28,1.3722,2.3134,1.21,25.6036,20.7865,5.058,5.9472,4.7405,1.7687,2.4681,107641.9,107639.2496,63846.063,1106558.732,1106531.4859,2023-08-05
600168.SH,2021-12-03,6.52,0.2719,0.7794,0.6,18.1126,25.5098,0.838,2.8148,2.3694,1.6258,1.6564,70956.9692,70956.9692,24753.4184,462639.4392,462639.4392,2023-08-05
601568.SH,2021-12-03,8.3,0.3333,0.6657,0.95,17.7959,14.7281,2.2807,3.0418,2.444,,3.012,361111.1112,206059.4445,103159.4445,2997222.223,1710293.3894,2023-08-05
601086.SH,2021-12-03,3.62,0.2052,0.8382,1.07,23.9099,18.3466,1.9839,2.3603,2.1566,2.7624,17.1271,66600.0,66600.0,16301.3,241092.0,241092.0,2023-08-05
002189.SZ,2021-12-03,20.87,2.9975,4.4211,0.58,37.2263,32.4812,3.5396,1.6431,1.412,0.5274,0.9396,26240.6166,22261.5765,15093.4346,547641.6684,464599.1016,2023-08-05
688613.SH,2021-12-03,59.95,2.183,2.183,0.54,89.8688,62.5709,6.6143,43.4987,33.8316,,,13333.3334,2862.4515,2862.4515,799333.3373,171603.9674,2023-08-05
300933.SZ,2021-12-03,13.41,11.7088,12.4696,0.32,67.1313,68.8826,4.6092,2.9931,2.4464,,0.2237,45850.0,9170.0,8610.5161,614848.5,122969.7,2023-08-05
600510.SH,2021-12-03,8.11,0.6991,2.0712,0.81,10.6442,11.6355,0.9083,0.8316,0.8174,2.761,2.8298,104709.5025,101727.8025,34334.7527,849194.0653,825012.4783,2023-08-05
002157.SZ,2021-12-03,9.74,1.126,1.9854,0.89,5.3352,,1.5903,0.6233,0.5421,0.5718,7.1402,314642.1935,230825.571,130905.965,3064614.9647,2248241.0615,2023-08-05
300957.SZ,2021-12-03,194.01,2.1048,2.1048,1.04,151.2078,120.2399,19.3483,31.1712,24.6664,,0.2319,42360.0,5724.0,5724.0,8218263.6,1110513.24,2023-08-05
600623.SH,2021-12-03,9.57,0.6475,2.3238,0.79,48.1477,7.0903,0.9727,0.7249,0.5106,1.031,0.627,213038.1363,186219.6763,51889.1573,2038774.9644,1782122.3022,2023-08-05
002277.SZ,2021-12-03,3.08,0.4562,0.6779,0.69,30.8827,23.5795,0.6455,1.8562,1.5736,0.8117,0.3247,139417.28,139417.28,93828.1034,429405.2224,429405.2224,2023-08-05
002781.SZ,2021-12-03,6.34,0.7552,1.6007,0.68,,,1.1125,0.6762,0.9712,0.6151,,22500.0,22392.6796,10564.7342,142650.0,141969.5887,2023-08-05
002219.SZ,2021-12-03,4.34,1.6258,2.7428,1.43,,,108.2634,2.885,2.6784,0.0,,186523.643,184410.6257,109309.6258,809512.6106,800342.1155,2023-08-05
600681.SH,2021-12-03,5.82,1.1834,4.7818,1.04,15.6318,14.8555,2.0803,1.8466,1.7284,7.5308,8.7536,136301.0801,136129.5934,33688.3615,793272.2862,792274.2336,2023-08-05
000089.SZ,2021-12-03,7.14,0.3484,0.8097,0.72,521.5969,143.9972,1.2266,4.8861,4.5394,1.1204,,205076.9509,205076.9509,88247.3977,1464249.4294,1464249.4294,2023-08-05
300479.SZ,2021-12-03,15.38,4.3567,6.5921,0.59,377.218,,4.3515,6.9452,6.9425,0.1947,0.13,16960.7237,16960.7237,11209.1089,260855.9305,260855.9305,2023-08-05
600319.SH,2021-12-03,5.8,0.4096,0.6245,0.99,,,445.0361,37.1334,17.6241,0.0,,31559.4,31559.4,20700.7309,183044.52,183044.52,2023-08-05
002891.SZ,2021-12-03,30.11,0.6021,1.3153,0.66,65.6541,67.9373,4.925,3.9663,3.3739,0.1152,0.155,29411.2698,29410.5948,13462.8104,885573.3337,885553.0094,2023-08-05
301133.SZ,2021-12-03,43.15,39.837,39.837,0.68,94.0062,86.0862,5.8644,11.5471,8.8997,,,10609.6616,2394.3191,2394.3191,457806.898,103314.8692,2023-08-05
300982.SZ,2021-12-03,74.9,7.283,7.6788,1.15,44.2588,35.9312,7.823,7.678,6.3506,,0.6676,14031.8267,3507.9567,3327.136,1050983.8198,262745.9568,2023-08-05
600081.SH,2021-12-03,13.6,2.107,6.02,1.06,64.9204,52.805,2.1528,0.9287,0.8135,0.696,0.4656,47041.8905,31356.0,10974.6,639769.7108,426441.6,2023-08-05
603662.SH,2021-12-03,25.02,3.1799,3.1799,1.15,26.6085,23.1068,2.8783,7.0093,5.7711,1.0196,1.1419,23402.489,10665.9014,10665.9014,585530.2748,266860.853,2023-08-05
300716.SZ,2021-12-03,9.69,2.5685,4.8777,0.85,,,3.3589,0.8047,0.9514,0.2993,,16002.0,16002.0,8426.33,155059.38,155059.38,2023-08-05
601016.SH,2021-12-03,6.8,6.7984,11.7872,1.76,55.1702,41.3987,3.3028,12.7807,10.4944,0.6217,0.6471,501305.2,448044.1681,258414.5681,3408875.36,3046700.3431,2023-08-05
600769.SH,2021-12-03,5.4,0.7155,0.9729,0.66,382.9065,288.7121,30.633,66.0243,39.5016,0.0,,37497.72,37497.72,27577.2943,202487.688,202487.688,2023-08-05
688015.SH,2021-12-03,36.87,1.3599,1.8793,1.03,29.1253,23.7695,3.1699,3.4038,2.749,,,18705.4802,9313.2498,6739.2414,689671.055,343379.5201,2023-08-05
002989.SZ,2021-12-03,22.02,1.051,2.1197,0.79,17.655,22.2834,1.9808,1.2998,1.3521,1.8165,1.8165,15140.0,7634.0,3785.0,333382.8,168100.68,2023-08-05
002880.SZ,2021-12-03,35.17,1.0142,3.6878,0.88,41.894,38.5156,4.6894,8.8181,8.7303,0.4333,0.5077,22680.0,22680.0,6237.0,797655.6,797655.6,2023-08-05
603031.SH,2021-12-03,47.3,2.8453,6.9185,0.57,,,8.8902,3.0003,3.0463,0.0,,11200.0,11200.0,4606.0004,529760.0,529760.0,2023-08-05
002792.SZ,2021-12-03,16.71,1.4397,2.0582,0.52,79.5077,63.0914,2.9018,3.7399,3.5717,0.1197,1.7953,33784.02,17740.3005,12409.3829,564530.9742,296440.4214,2023-08-05
603040.SH,2021-12-03,22.35,2.8854,5.9678,0.59,20.179,21.3448,3.2291,7.9627,6.7693,1.3271,1.7077,13398.9109,13398.9109,6478.3609,299465.6586,299465.6586,2023-08-05
300617.SZ,2021-12-03,87.55,1.7323,2.4895,0.51,111.1119,90.0841,6.0992,27.816,18.5223,0.3325,0.4397,16799.6636,6541.0255,4551.6355,1470810.5482,572666.7825,2023-08-05
600863.SH,2021-12-03,3.71,3.4398,6.9693,1.18,31.9008,,2.0125,1.5764,1.4038,3.0224,3.0224,652688.7811,652688.7811,322141.4008,2421475.3779,2421475.3779,2023-08-05
688659.SH,2021-12-03,13.7,3.0489,3.0489,0.83,35.3262,26.7947,3.4903,4.7819,4.1455,,,16000.0,3800.0,3800.0,219200.0,52060.0,2023-08-05
301021.SZ,2021-12-03,44.08,3.28,3.28,0.59,101.9396,65.2347,6.9137,19.7155,16.0154,,,15164.5082,3242.7666,3242.7666,668451.5215,142941.1517,2023-08-05
300102.SZ,2021-12-03,9.13,6.5705,7.4381,1.22,,40.8133,2.5462,4.9087,3.362,0.0,,70739.0811,70710.5961,62462.5961,645847.8104,645587.7424,2023-08-05
300088.SZ,2021-12-03,10.92,3.3174,4.1238,0.74,32.1338,32.0277,3.5539,3.9169,3.865,0.9072,0.9157,245485.7456,244263.0224,196500.0499,2680704.342,2667352.2046,2023-08-05
002261.SZ,2021-12-03,8.13,1.4607,1.7118,0.63,212.1828,144.6746,2.879,6.8161,5.5282,0.0,,124801.7674,95096.4488,81146.9167,1014638.369,773134.1287,2023-08-05
000719.SZ,2021-12-03,7.23,0.5641,0.9202,0.48,7.9741,7.5503,0.8003,0.7714,0.7175,3.8728,4.2877,102320.3749,66714.7543,40897.2065,739776.3105,482347.6736,2023-08-05
300568.SZ,2021-12-03,44.36,2.6727,2.876,0.88,281.3339,147.6328,8.1632,35.2633,20.4077,0.1452,0.1316,76840.8503,66944.9944,62213.9409,3408660.1193,2969679.9516,2023-08-05
603068.SH,2021-12-03,60.88,2.1928,2.6491,0.5,277.2205,372.3966,4.513,11.3886,8.7689,0.5573,0.3267,15127.9966,10586.4863,8763.0121,920992.433,644505.2859,2023-08-05
000882.SZ,2021-12-03,1.84,0.7989,1.2623,1.07,219.2491,,0.69,5.6605,4.5932,0.2717,0.163,273735.1947,273734.8016,173251.0601,503672.7582,503672.0349,2023-08-05
600493.SH,2021-12-03,5.97,2.8322,4.2284,0.74,54.8082,18.7751,1.9573,1.5469,1.2271,0.5025,0.67,27200.0,27200.0,18218.6406,162384.0,162384.0,2023-08-05
430489.BJ,2021-12-03,14.89,0.7552,0.8386,0.51,46.1852,28.0344,2.7722,8.8028,3.3645,,,8528.7,5227.8143,4708.2321,126992.343,77842.1549,2023-08-05
300797.SZ,2021-12-03,16.5,2.7272,2.7272,0.56,53.0344,38.8233,4.8156,6.9951,5.6928,0.1697,0.1939,24820.0,7636.6983,7636.6983,409530.0,126005.522,2023-08-05
600537.SH,2021-12-03,4.78,1.3205,1.8679,0.92,,,2.0811,1.3721,1.3842,0.0,,117635.9268,117635.9268,83158.2214,562299.7301,562299.7301,2023-08-05
688368.SH,2021-12-03,305.3,3.1079,3.2487,0.69,275.0057,30.9224,10.0072,17.1702,8.5275,,,6203.008,1628.008,1557.4364,1893778.3424,497030.8424,2023-08-05
002372.SZ,2021-12-03,19.1,0.766,2.0182,1.39,25.498,24.6962,6.9477,5.957,5.1449,2.5866,2.6178,159211.2988,143649.2977,54524.0746,3040935.8071,2743701.5861,2023-08-05
300002.SZ,2021-12-03,5.88,3.3172,3.396,0.76,32.8382,32.3263,2.7714,3.2069,2.6787,0.0,,196109.1984,168073.0004,164174.9415,1153122.0866,988269.2424,2023-08-05
002063.SZ,2021-12-03,8.55,4.0529,5.321,0.64,43.0283,42.3711,4.1762,6.6872,6.1043,0.4124,0.4873,132298.3334,121849.8709,92811.0769,1131150.7506,1041816.3962,2023-08-05
300311.SZ,2021-12-03,8.89,23.1363,26.363,1.02,350.6077,,7.2415,6.8208,6.8183,0.0,,67363.015,53434.1848,46894.1073,598857.2034,475029.9029,2023-08-05
003009.SZ,2021-12-03,65.06,7.7884,7.7884,1.03,97.7366,67.3489,7.5264,11.711,9.7826,,0.1045,15539.2313,4401.1573,4401.1573,1010982.3884,286339.2939,2023-08-05
002689.SZ,2021-12-03,3.03,0.5682,1.2538,1.12,366.5854,274.423,2.4111,3.4541,3.4888,0.0,,104331.0725,104043.5508,47149.6838,316123.1497,315251.9589,2023-08-05
600578.SH,2021-12-03,2.88,0.4101,1.5338,2.58,13.7735,,0.8919,0.9569,0.9125,4.1904,4.1667,667761.7856,667761.7856,178543.3614,1923153.9425,1923153.9425,2023-08-05
300685.SZ,2021-12-03,79.71,0.7012,1.124,0.63,98.0084,76.591,13.6092,24.2638,19.8555,0.2093,0.3136,22172.25,21959.88,13700.8975,1767350.0475,1750422.0348,2023-08-05
600621.SH,2021-12-03,13.71,2.1402,4.5802,0.73,20.5354,27.8881,2.0083,94.6072,104.1663,0.1386,1.0284,106089.9292,106089.9292,49573.2504,1454492.9293,1454492.9293,2023-08-05
688090.SH,2021-12-03,34.28,2.0583,2.6776,1.19,46.238,78.4843,2.4565,2.8904,2.6809,,,6736.0588,4542.8893,3492.2865,230912.0957,155730.2452,2023-08-05
300404.SZ,2021-12-03,13.86,4.1701,4.7087,0.85,213.2286,117.637,4.5463,13.9075,12.1446,0.0481,,26136.1025,15161.0288,13426.7027,362246.3807,210131.8592,2023-08-05
601155.SH,2021-12-03,32.47,0.3761,1.1481,1.04,4.8114,4.4746,1.4037,0.5046,0.3978,5.2256,6.3123,226059.7986,225438.9786,73858.9786,7340161.6605,7320003.6351,2023-08-05
603366.SH,2021-12-03,4.83,0.9212,2.3904,0.72,23.3643,24.9008,1.1741,1.1219,0.9843,1.258,2.516,82290.0,80000.0,30830.2694,397460.7,386400.0,2023-08-05
002770.SZ,2021-12-03,2.3,2.7908,3.3053,0.74,,,20.0819,5.2918,5.5302,0.0,,109486.7797,60484.1622,51069.2948,251819.5933,139113.5731,2023-08-05
000786.SZ,2021-12-03,28.49,1.0462,1.8853,1.81,16.8309,13.4549,2.65,2.8647,2.3311,0.2878,1.9305,168950.7842,168950.7842,93756.9604,4813407.8419,4813407.8419,2023-08-05
600467.SH,2021-12-03,2.71,1.3876,2.3224,0.78,63.6047,60.2843,1.197,3.2186,3.1509,0.5166,0.4797,146099.4304,146099.4304,87296.9114,395929.4564,395929.4564,2023-08-05
603336.SH,2021-12-03,7.95,2.6651,5.3879,1.08,47.6704,65.5761,3.3531,3.6176,3.6074,0.7108,0.6294,43867.4829,43867.4829,21698.5326,348746.4891,348746.4891,2023-08-05
300962.SZ,2021-12-03,20.49,4.947,5.216,0.7,87.9031,56.0932,6.4412,21.1335,17.8051,,0.7809,26400.1897,6600.05,6259.7111,540939.887,135235.0245,2023-08-05
001979.SZ,2021-12-03,12.39,0.4959,1.3523,0.96,8.0119,5.9815,1.2124,0.7574,0.6088,6.5425,5.0454,792324.2592,792172.0146,290499.7037,9816897.5715,9815011.2609,2023-08-05
603626.SH,2021-12-03,12.87,7.9039,14.4674,1.63,,29.6848,2.4037,2.0697,1.9547,0.0,,55754.939,48529.356,26512.7599,717566.0649,624572.8117,2023-08-05
002635.SZ,2021-12-03,17.46,5.0698,6.7783,0.88,25.6099,87.1839,2.1111,4.1297,3.3594,0.0,1.1455,68717.2674,34818.6266,26042.6462,1199803.4888,607933.2204,2023-08-05
002463.SZ,2021-12-03,14.85,1.4077,2.1173,0.53,20.9749,23.9939,4.0916,3.7755,3.8504,1.2247,1.2245,189665.8773,189566.487,126034.2707,2816538.2779,2815062.332,2023-08-05
603959.SH,2021-12-03,18.62,1.0838,1.9312,0.68,386.0817,413.7138,13.6599,6.5015,9.3628,0.0,,49029.8992,49029.8992,27516.3832,912936.7231,912936.7231,2023-08-05
300624.SZ,2021-12-03,42.8,1.6528,2.1859,0.52,44.4093,380.8714,6.6842,5.6957,5.4816,0.5115,0.4673,12994.704,11067.313,8368.4016,556173.3312,473680.9964,2023-08-05
000839.SZ,2021-12-03,2.41,0.4984,0.7842,0.54,,,1.9718,4.0047,4.0181,0.0,,391982.6352,391982.6352,249133.8007,944678.1508,944678.1508,2023-08-05
300274.SZ,2021-12-03,152.99,2.0213,2.3861,1.38,116.2678,100.375,15.4269,11.782,9.9876,0.0449,0.0898,148521.5984,109614.2401,92852.42,22722319.3392,16769882.5929,2023-08-05
600152.SH,2021-12-03,9.05,4.3657,8.3235,0.68,96.7711,,2.2858,2.7253,2.1645,0.0,,52548.0527,41128.8032,21572.2655,475559.8769,372215.669,2023-08-05
300049.SZ,2021-12-03,12.75,1.6165,1.9032,0.51,54.1781,37.4518,2.3045,4.1533,3.9559,0.0,,26305.31,23044.4284,19572.4629,335392.7025,293816.4621,2023-08-05
600540.SH,2021-12-03,5.49,1.9939,3.448,0.76,294.2528,201.767,3.8203,2.3102,1.769,0.0,,47092.3313,47092.3313,27232.0354,258536.8988,258536.8988,2023-08-05
300741.SZ,2021-12-03,62.4,1.7165,9.0839,0.87,32.5629,34.4974,5.1353,18.3488,19.0699,3.1731,2.5641,61588.0,61587.715,11637.715,3843091.2,3843073.416,2023-08-05
002686.SZ,2021-12-03,6.48,4.4068,6.8509,2.55,146.1555,89.6035,2.3293,2.4722,1.9124,0.0,,56623.9133,39172.7239,25197.7227,366922.9582,253839.2509,2023-08-05
300810.SZ,2021-12-03,27.18,9.7218,13.3866,1.22,151.2816,80.2095,3.1633,25.6369,15.2543,0.2306,0.1226,11805.0,7810.9143,5672.538,320859.9,212300.6507,2023-08-05
688157.SH,2021-12-03,113.0,1.1703,1.3382,0.76,103.1751,95.5183,7.7953,20.6812,18.5381,,,7960.0,3389.1,2964.09,899480.0,382968.3,2023-08-05
002587.SZ,2021-12-03,4.84,1.4501,1.6128,0.82,,,2.3226,3.8508,4.0695,1.5538,0.41,65204.4158,47292.1925,42521.805,315589.3725,228894.2117,2023-08-05
000659.SZ,2021-12-03,4.08,0.7202,0.988,0.73,,,7.8446,4.1614,3.7795,0.0,,128570.252,128570.252,93726.8112,524566.6282,524566.6282,2023-08-05
300076.SZ,2021-12-03,5.71,3.8473,6.0343,0.4,152.4629,,2.3693,13.4777,12.144,0.0,,42400.0,39218.895,25005.1603,242104.0,223939.8905,2023-08-05
600658.SH,2021-12-03,3.91,0.2939,0.6629,0.72,8.4002,,0.6655,1.16,1.9979,3.4271,3.5806,111858.5045,111858.5045,49598.5174,437366.7526,437366.7526,2023-08-05
002697.SZ,2021-12-03,4.89,0.4982,0.769,0.88,13.1724,14.7411,1.8587,0.7346,0.7193,1.7791,3.2311,136000.0,107766.04,69813.54,665040.0,526975.9356,2023-08-05
002376.SZ,2021-12-03,8.8,0.5678,0.8808,0.75,31.6507,36.0252,1.7377,2.4451,2.221,2.2727,2.8409,66572.2022,64037.5836,41281.3584,585835.3794,563530.7357,2023-08-05
300661.SZ,2021-12-03,343.7,1.1246,1.8089,1.83,280.934,152.2238,40.2405,67.7954,43.4009,0.0639,0.0965,23602.0819,22049.8402,13708.2707,8112035.549,7578530.0767,2023-08-05
002515.SZ,2021-12-03,5.73,2.4421,5.0022,1.45,94.5296,237.7996,4.1378,7.8912,8.9685,0.8371,0.5022,97831.328,89381.7204,43637.6927,560573.5094,512157.2579,2023-08-05
002906.SZ,2021-12-03,63.2,1.1165,4.1255,0.86,165.7322,100.0363,7.9934,8.8919,6.8401,0.1567,0.3153,47476.284,47264.2861,12791.8156,3000501.1488,2987102.8815,2023-08-05
600939.SH,2021-12-03,3.64,0.5141,2.5799,4.04,24.7648,14.3032,0.9081,0.1195,0.1128,2.0879,1.2363,181454.0677,181454.0677,36157.9905,660492.8064,660492.8064,2023-08-05
603103.SH,2021-12-03,11.94,0.1296,1.1078,0.44,,,4.9075,7.6509,3.1322,1.4322,,63420.0,63420.0,7420.0,757234.8,757234.8,2023-08-05
301048.SZ,2021-12-03,15.94,31.3235,31.3235,2.07,45.2883,43.6258,4.24,3.2757,3.1487,,,53333.34,8772.7627,8772.7627,850133.4396,139837.8374,2023-08-05
603686.SH,2021-12-03,13.4,1.2711,1.5591,1.1,12.5834,13.28,1.8615,1.0232,0.9645,1.4925,2.8016,41565.5737,41565.5737,33887.3837,556978.6876,556978.6876,2023-08-05
600093.SH,2021-12-03,3.18,5.4402,13.3954,1.2,,,,0.3925,0.8669,0.0,,112244.75,112244.75,45585.2749,356938.305,356938.305,2023-08-05
603879.SH,2021-12-03,7.62,0.9713,2.1039,0.47,441.6346,177.9521,5.1942,6.7936,5.9539,0.3576,0.0791,36231.444,36231.444,16726.4126,276083.6033,276083.6033,2023-08-05
300196.SZ,2021-12-03,18.28,1.2401,1.5843,0.65,27.6005,15.0831,2.3036,3.6579,3.1148,0.8205,0.547,40871.2399,24587.4108,19245.5505,747126.2654,449457.8694,2023-08-05
300536.SZ,2021-12-03,22.86,0.8328,1.22,0.84,937.4329,936.3607,10.9803,23.2582,19.4851,0.1575,0.0107,29328.8133,23764.9083,16222.1627,670456.672,543265.8037,2023-08-05
605319.SH,2021-12-03,16.93,11.4723,11.4723,0.68,32.117,34.3416,1.9551,2.3897,2.1895,,,20000.0,5000.0,5000.0,338600.0,84650.0,2023-08-05
300595.SZ,2021-12-03,55.61,1.7766,2.5528,0.95,109.1495,78.9882,22.5304,54.3227,37.5313,0.0856,0.2634,85050.817,61285.9583,42651.8257,4729675.9334,3408112.1411,2023-08-05
000561.SZ,2021-12-03,7.94,0.9292,2.0501,1.05,48.6589,48.4892,3.0424,3.4608,3.1677,0.0,,60469.2321,60195.7815,27283.4521,480125.7029,477954.5051,2023-08-05
600428.SH,2021-12-03,5.42,3.2535,6.631,0.98,92.7368,28.8149,1.1753,1.6526,1.5497,0.0,0.369,214665.0771,214665.0771,105324.7126,1163484.7179,1163484.7179,2023-08-05
300546.SZ,2021-12-03,18.05,17.1087,20.6595,1.71,,,2.9616,6.0681,5.4505,0.6743,,13581.475,8656.411,7168.6335,245145.6238,156248.2186,2023-08-05
600531.SH,2021-12-03,5.55,1.1051,1.7403,0.74,19.363,16.5527,1.5261,0.299,0.2391,1.0811,1.5495,109024.2634,109024.2634,69229.0765,605084.6619,605084.6619,2023-08-05
002498.SZ,2021-12-03,5.07,1.4583,4.3614,0.52,28.9162,21.5206,2.6842,2.4263,2.0609,0.7101,0.7101,332679.6,332679.6,111238.7984,1686685.572,1686685.572,2023-08-05
000599.SZ,2021-12-03,4.01,0.4582,0.763,0.75,,,1.0228,0.7409,0.7646,0.253,0.251,81679.2487,81674.4457,49049.6154,327533.7873,327514.5273,2023-08-05
688560.SH,2021-12-03,39.66,10.6917,10.6917,0.97,61.6908,57.2469,4.713,7.0842,5.1276,,,16408.7736,3486.87,3486.87,650771.961,138289.2642,2023-08-05
002863.SZ,2021-12-03,5.96,1.1817,2.082,0.62,45.9191,42.2603,1.5729,0.9545,0.8114,0.2027,0.2181,49881.4864,49881.4864,28310.7092,297293.6589,297293.6589,2023-08-05
002743.SZ,2021-12-03,6.61,3.0341,4.7767,0.88,21.6485,17.7779,0.9538,0.7061,0.5294,0.6312,0.938,43526.8478,41786.4664,26542.339,287712.464,276208.5429,2023-08-05
601700.SH,2021-12-03,4.62,0.9245,1.9542,0.75,23.9569,28.2006,2.0398,2.0133,1.6623,0.0,2.1645,113323.2,113323.2,53610.93,523553.184,523553.184,2023-08-05
603378.SH,2021-12-03,24.03,0.5071,1.498,0.74,22.7622,34.2191,3.1242,2.0486,1.491,0.4818,1.3202,29895.1327,27909.2565,9448.393,718380.0388,670659.4337,2023-08-05
000413.SZ,2021-12-03,2.16,0.8909,1.0702,1.07,,,0.4729,1.756,1.9337,0.0,,573025.0118,486416.6564,404944.3793,1237734.0255,1050659.9778,2023-08-05
002919.SZ,2021-12-03,41.92,0.5407,0.7869,0.5,50.0774,29.0303,6.869,7.523,6.3282,0.2385,0.6083,12213.5745,6785.762,4662.5264,511993.043,284459.143,2023-08-05
601319.SH,2021-12-03,4.71,0.0862,0.0953,0.8,10.3789,9.4217,0.973,0.3569,0.3571,3.2274,3.3123,4422399.0583,3250813.7627,2941450.6985,20829499.5646,15311332.8223,2023-08-05
600610.SH,2021-12-03,15.77,2.2212,2.8753,0.99,370.8213,218.9862,130.3843,15.658,12.5503,0.0,,107127.4605,44867.5225,34660.462,1689400.0521,707560.8298,2023-08-05
002215.SZ,2021-12-03,5.92,0.9538,1.2841,0.68,32.4091,25.5705,2.0465,1.3093,1.3155,2.4935,1.6838,91375.6384,71359.1172,53005.6361,540943.7793,422445.9738,2023-08-05
600694.SH,2021-12-03,18.98,0.3837,0.6191,0.92,11.1629,7.8687,0.625,0.6868,0.6737,4.0569,3.063,29371.8653,29371.8653,18203.86,557478.0034,557478.0034,2023-08-05
600121.SH,2021-12-03,4.84,1.866,5.0218,1.88,,,3.2471,2.1111,2.0132,0.0,,121841.2038,121841.2038,45274.0982,589711.4264,589711.4264,2023-08-05
000752.SZ,2021-12-03,5.83,0.7254,1.0466,0.93,109.4224,26.1297,42.2907,3.7937,3.5459,0.0,,26375.8491,26375.8491,18280.2895,153771.2003,153771.2003,2023-08-05
601162.SH,2021-12-03,3.97,1.1662,1.4933,1.22,75.6325,88.8009,1.3189,7.8913,8.9476,0.1163,0.1259,866575.7464,866575.7464,676732.1232,3440305.7132,3440305.7132,2023-08-05
601881.SH,2021-12-03,10.63,0.2752,1.4081,0.87,14.8763,11.9817,1.3262,4.5374,3.3917,1.5052,2.0696,1013725.8757,644627.4124,125973.576,10775906.0587,6852389.3938,2023-08-05
002837.SZ,2021-12-03,45.04,3.5236,5.5943,0.71,82.8787,71.4377,8.5656,8.8401,7.0234,0.3281,0.3852,33431.5904,25588.8589,16117.5505,1505758.8316,1152522.2049,2023-08-05
600503.SH,2021-12-03,3.18,0.8987,1.0298,1.48,33.9336,72.6749,1.2985,4.7197,8.3226,0.566,0.1572,160229.0,160229.0,139827.0,509528.22,509528.22,2023-08-05
688008.SH,2021-12-03,77.17,1.3449,1.3449,0.87,79.0821,118.2093,10.4157,47.8605,44.8078,,,113103.0341,42480.7716,42480.7716,8728161.1415,3278241.1444,2023-08-05
603181.SH,2021-12-03,18.54,2.0412,3.7919,3.5,34.0801,24.2973,5.0253,5.6083,4.6296,0.7627,,58870.0,58870.0,31690.65,1091449.8,1091449.8,2023-08-05
688669.SH,2021-12-03,39.12,14.8779,14.8779,2.06,22.9989,39.9624,2.4702,1.8973,1.4875,,,9333.3334,1990.8596,1990.8596,365120.0026,77882.4276,2023-08-05
300242.SZ,2021-12-03,4.34,3.8601,4.9686,0.91,,,3.8394,0.3936,0.3778,0.0,,63455.5224,60610.085,47087.495,275396.9672,263047.7689,2023-08-05
002366.SZ,2021-12-03,4.76,8.4865,9.1711,1.1,,,6.284,9.3788,10.1913,0.0,,86705.735,60455.5163,55942.1631,412719.2986,287768.2576,2023-08-05
600031.SH,2021-12-03,22.45,1.1742,1.7263,1.12,12.3547,12.2621,2.9705,1.9191,1.6699,1.8506,2.6527,849223.0534,849223.0534,577630.176,19065057.5488,19065057.5488,2023-08-05
603033.SH,2021-12-03,28.08,0.7685,1.6286,0.5,79.3192,76.1197,5.4811,9.3069,5.5507,0.4179,0.3816,59665.9565,34843.312,16442.048,1675420.0585,978400.201,2023-08-05
603499.SH,2021-12-03,8.92,7.9533,20.9989,2.09,225.9172,,3.1594,3.7093,2.9429,0.6321,,20123.9949,20108.9029,7616.2529,179506.0345,179371.4139,2023-08-05
002541.SZ,2021-12-03,50.29,0.5925,0.8584,0.97,33.4041,23.8112,4.0145,1.9845,1.5413,0.3139,0.4513,53077.7112,37834.9515,26113.0322,2669278.0962,1902719.7109,2023-08-05
300235.SZ,2021-12-03,10.61,3.8331,4.3831,0.74,57.0855,95.9817,2.6755,14.5574,16.7501,0.4713,0.5184,16783.109,11508.6451,10064.4556,178068.7865,122106.7245,2023-08-05
600360.SH,2021-12-03,10.53,3.3699,4.3381,1.03,295.8259,131.8511,3.1932,5.8839,4.8537,0.2383,0.1425,96029.5304,96029.5304,74596.8648,1011190.9551,1011190.9551,2023-08-05
300161.SZ,2021-12-03,27.01,3.9823,5.9002,0.74,193.227,,3.4125,4.0584,3.662,0.0644,,19869.6906,16800.4991,11339.4475,536680.3431,453781.4807,2023-08-05
300779.SZ,2021-12-03,17.55,5.2567,6.2577,0.43,64.9634,117.6136,2.6332,5.419,6.0434,0.5698,0.5698,10000.0,6988.4304,5870.4854,175500.0,122646.9535,2023-08-05
300434.SZ,2021-12-03,9.87,0.5713,0.9984,0.47,,,1.8898,5.1013,3.8687,0.7092,,40174.3872,32199.7684,18425.4342,396521.2017,317811.7141,2023-08-05
000695.SZ,2021-12-03,10.02,2.63,3.8881,1.74,,,6.7153,4.1589,3.5657,0.0,,22214.7539,22172.1339,14997.7782,222591.8341,222164.7817,2023-08-05
000905.SZ,2021-12-03,7.49,4.6074,10.2674,1.49,34.9259,19.8732,1.2735,0.2982,0.2102,0.2003,0.2403,62519.1522,53099.85,23828.25,468268.45,397717.8765,2023-08-05
000573.SZ,2021-12-03,3.01,0.8189,1.0252,0.89,,76.1885,1.1504,2.3258,1.5303,3.3767,1.9934,63828.0604,63293.0025,50557.0318,192122.4618,190511.9375,2023-08-05
300521.SZ,2021-12-03,15.8,7.4578,13.6622,2.09,,,4.5254,16.6755,14.6713,0.0316,,14400.0,14399.9055,7860.5392,227520.0,227518.5069,2023-08-05
600639.SH,2021-12-03,11.97,0.3279,0.9413,1.38,12.1283,13.1369,1.1833,3.7391,4.6144,2.5898,2.5063,112241.2893,85023.6703,29615.5246,1343528.2329,1017733.3335,2023-08-05
301149.SZ,2021-12-03,23.25,12.6054,12.6054,0.52,93.7395,47.1753,6.8604,4.1438,2.495,,,43000.0018,6193.4172,6193.4172,999750.0419,143996.9499,2023-08-05
600835.SH,2021-12-03,15.3,0.2961,0.7571,1.07,13.8482,13.6503,1.2553,0.6689,0.6385,2.4183,2.549,102273.9308,80650.43,31543.0714,1564791.1412,1233951.579,2023-08-05
000973.SZ,2021-12-03,4.99,1.2709,1.7324,0.67,68.3209,38.5817,1.9593,2.0994,1.9227,0.6012,0.6012,96742.3171,96739.2234,70968.1222,482744.1623,482728.7248,2023-08-05
000501.SZ,2021-12-03,9.96,0.505,0.8623,0.76,13.9912,8.5725,0.7401,1.0026,0.9038,2.2088,1.506,76899.2731,76807.3142,44983.2353,765916.7601,765000.8494,2023-08-05
000822.SZ,2021-12-03,7.86,3.6261,6.0775,0.74,,25.3572,2.0878,1.9079,1.4131,1.145,1.3995,89509.1926,89509.1926,53404.3048,703542.2538,703542.2538,2023-08-05
688588.SH,2021-12-03,15.41,0.7895,1.2739,0.54,30.706,37.3231,5.0473,9.7829,9.4601,,,40001.0003,25190.076,15610.9455,616415.4146,388179.0712,2023-08-05
300812.SZ,2021-12-03,25.98,16.7074,18.8831,2.57,61.482,52.5453,4.4167,8.4242,7.8866,1.0692,0.3208,13952.1029,6054.6029,5357.0029,362475.6333,157298.5833,2023-08-05
002433.SZ,2021-12-03,6.42,3.5028,4.5061,0.62,221.4864,9.2111,0.8525,1.3743,1.9657,0.2352,,76677.32,74438.57,57863.4068,492268.3944,477895.6194,2023-08-05
600386.SH,2021-12-03,4.03,0.7719,1.7152,0.77,47.6644,22.4415,1.7656,0.7182,0.6935,0.9926,1.9851,80640.0,80640.0,36288.0,324979.2,324979.2,2023-08-05
605116.SH,2021-12-03,16.9,13.7298,25.8961,0.86,43.1026,45.0178,4.6051,9.3936,8.8363,,0.7101,40100.0,7733.12,4100.0,677690.0,130689.728,2023-08-05
002651.SZ,2021-12-03,11.35,1.0154,2.109,0.66,61.1942,51.1376,5.0107,14.3232,11.2203,0.5205,2.2026,103346.0,55588.7641,26762.628,1172977.1,630932.4725,2023-08-05
300971.SZ,2021-12-03,39.5,5.2059,5.2059,0.94,39.5975,31.4533,3.7632,9.1117,8.6781,,1.0127,8400.0,2099.95,2099.95,331800.0,82948.025,2023-08-05
300808.SZ,2021-12-03,14.16,1.8127,1.8127,0.86,59.0935,77.7118,2.0757,3.2111,3.258,0.4802,0.2119,16000.0,4960.0,4960.0,226560.0,70233.6,2023-08-05
603809.SH,2021-12-03,23.0,1.5826,2.6807,0.7,39.4048,32.5567,3.9063,5.9502,4.8303,0.6002,0.9317,30288.748,29677.648,17520.762,696641.204,682585.904,2023-08-05
603010.SH,2021-12-03,27.76,3.0076,4.8513,1.19,34.2586,17.1011,6.294,5.7818,3.502,0.3861,1.0292,48527.2654,48352.0414,29976.1207,1347116.8875,1342252.6693,2023-08-05
600107.SH,2021-12-03,6.39,1.2966,1.6286,0.71,17.5551,12.6791,3.0927,6.7875,4.9226,0.0,,36000.0,36000.0,28661.1262,230040.0,230040.0,2023-08-05
603279.SH,2021-12-03,37.8,1.9637,2.2081,1.59,30.2549,23.8701,5.0752,4.6772,3.5607,1.5414,1.8363,41194.95,19614.6401,17443.2401,1557169.11,741433.3958,2023-08-05
002737.SZ,2021-12-03,14.92,0.4915,1.2246,0.62,14.9084,13.0367,2.5715,2.5169,2.0402,6.6843,2.3172,58400.0,58400.0,23439.6124,871328.0,871328.0,2023-08-05
002193.SZ,2021-12-03,6.64,5.8679,12.1641,1.81,341.2005,,0.6648,2.2102,8.875,0.0,0.1506,26171.555,26093.0713,12587.0846,173779.1252,173257.9934,2023-08-05
603393.SH,2021-12-03,26.38,3.3936,5.7683,0.68,31.1522,10.8276,2.7562,5.2943,4.5976,1.6024,1.6774,42392.1327,37612.7962,22128.5449,1118304.4606,992225.5638,2023-08-05
301009.SZ,2021-12-03,21.08,6.8605,6.8605,0.81,26.7782,49.6572,3.9662,3.5048,4.5176,,,27186.0,5800.9264,5800.9264,573080.88,122283.5285,2023-08-05
002313.SZ,2021-12-03,11.35,0.6624,1.1934,0.63,,,1.6143,1.1232,1.0704,0.0,,37440.0,37369.2043,20741.9493,424944.0,424140.4688,2023-08-05
002385.SZ,2021-12-03,9.24,3.9677,4.1242,1.41,19.5659,65.9228,3.3987,1.6773,1.2348,2.4702,0.5299,414128.1853,309425.0481,297684.8593,3826544.4322,2859087.4444,2023-08-05
300652.SZ,2021-12-03,23.56,5.5372,12.2857,1.04,37.3544,27.1781,2.3268,5.0677,4.0857,0.9925,2.1222,9408.0674,8350.663,3763.6559,221654.0679,196741.6203,2023-08-05
603609.SH,2021-12-03,9.21,0.1948,0.4897,0.97,6.8746,23.9078,1.3136,0.3565,0.2956,2.389,2.3887,92196.0196,90856.2905,36135.1492,849125.3405,836786.4355,2023-08-05
688007.SH,2021-12-03,29.57,1.3415,1.6126,0.63,117.5957,47.634,5.5668,6.8696,5.6463,,,45275.6901,28602.0135,23793.5713,1338802.1563,845761.5392,2023-08-05
002416.SZ,2021-12-03,12.42,2.6052,5.1088,1.08,21.9736,15.8863,2.7146,0.2404,0.1804,1.6103,3.2206,123928.1806,122270.5335,62352.2424,1539188.0031,1518600.0261,2023-08-05
000953.SZ,2021-12-03,4.73,0.2682,0.5039,0.5,55.9729,,10.1683,7.1116,11.2051,0.0,,36612.2195,31992.1505,17025.0916,173175.7982,151322.8719,2023-08-05
600810.SH,2021-12-03,12.08,2.6552,4.3659,1.0,33.6421,6.7228,1.7505,1.399,1.1371,1.0145,5.0345,103212.0507,72307.2999,43975.5668,1246801.5725,873472.1828,2023-08-05
300073.SZ,2021-12-03,107.0,1.9469,2.514,0.65,140.8047,63.9268,5.9657,17.0249,8.5661,0.0,0.1381,50650.0774,43558.5784,33732.3156,5419558.2818,4660767.8888,2023-08-05
603477.SH,2021-12-03,12.53,1.621,3.7147,0.9,49.6672,21.4556,1.9617,4.4062,2.3383,0.1892,0.6051,50609.3443,44354.7506,19354.9268,634135.0841,555765.025,2023-08-05
301119.SZ,2021-12-03,49.09,28.6189,28.6189,0.69,74.2121,71.7312,5.1452,13.9215,11.6427,,,8000.0,2000.0,2000.0,392720.0,98180.0,2023-08-05
000858.SZ,2021-12-03,229.45,0.8767,1.9411,1.79,44.6326,39.1715,9.5748,15.5377,13.7978,0.9588,1.1244,388160.8005,388150.8186,175313.6823,89063495.6747,89061205.3278,2023-08-05
300322.SZ,2021-12-03,13.43,8.1494,10.0311,2.12,208.684,171.3645,4.545,3.3885,3.1577,0.2601,0.1489,46574.6427,44180.4363,35892.699,625497.4515,593343.2595,2023-08-05
300371.SZ,2021-12-03,15.71,4.2243,6.4957,0.89,20.7503,19.5076,2.9915,6.1952,5.7278,1.2677,1.4581,16768.108,11019.3402,7166.1671,263426.9767,173113.8345,2023-08-05
603180.SH,2021-12-03,32.29,0.5201,1.5542,0.93,17.0339,16.499,2.2536,1.8884,1.5366,1.2228,1.8643,15438.2664,14321.2943,4792.6503,498501.6221,462434.5929,2023-08-05
603001.SH,2021-12-03,8.17,0.4709,1.1153,1.05,117.2494,51.2919,0.9211,1.1966,0.988,5.8423,5.8423,40098.0,40098.0,16929.2283,327600.66,327600.66,2023-08-05
603161.SH,2021-12-03,14.49,1.6013,3.1407,0.93,92.6517,25.7883,1.4554,1.1916,0.9959,0.0,0.8696,13340.0,13340.0,6801.26,193296.6,193296.6,2023-08-05
688323.SH,2021-12-03,31.73,2.814,2.814,1.37,97.5696,100.5469,6.5631,16.3108,18.478,,,18000.0,3825.0,3824.9853,571140.0,121367.25,2023-08-05
002742.SZ,2021-12-03,6.73,0.9044,1.8588,0.85,39.59,,2.0291,1.1404,1.1629,0.5944,,43200.0,40972.5,19935.503,290736.0,275744.925,2023-08-05
834599.BJ,2021-12-03,9.3,0.4319,0.5284,0.68,12.6061,12.1923,2.5693,1.5374,1.2261,,,45252.5,21559.7877,17620.934,420848.25,200506.0256,2023-08-05
688365.SH,2021-12-03,14.36,1.1423,1.6826,0.62,61.466,1202.7524,5.4292,11.2916,10.6252,,,40100.0,16830.772,11426.098,575836.0,241689.8859,2023-08-05
000570.SZ,2021-12-03,6.01,3.2105,5.4908,1.16,80.8891,35.5838,1.3582,1.8468,1.6791,0.0,,70569.2507,41137.4326,24052.909,424121.1967,247235.9699,2023-08-05
003021.SZ,2021-12-03,76.22,1.9774,1.9774,0.67,53.3893,66.4698,4.6603,10.9337,11.1985,,0.8163,17143.472,4267.2,4267.2,1306675.4358,325245.984,2023-08-05
600259.SH,2021-12-03,56.08,5.8709,10.2759,0.84,333.233,115.4431,9.3298,1.6616,1.126,0.0,,30180.2291,30180.2291,17242.9774,1692507.2479,1692507.2479,2023-08-05
300647.SZ,2021-12-03,8.7,1.2979,1.5759,0.66,242.6145,,3.2423,6.1483,6.1725,0.0635,,43061.8755,41687.255,34332.9414,374638.3169,362679.1185,2023-08-05
300276.SZ,2021-12-03,4.68,15.2532,22.1368,2.98,,,2.845,5.6721,5.469,1.2003,,141551.0616,94308.585,64982.508,662458.9683,441364.1778,2023-08-05
300122.SZ,2021-12-03,122.24,1.2774,1.6809,0.77,59.2441,21.1984,12.3379,12.8755,7.5314,0.409,0.409,160000.0,92190.9025,70057.0025,19558400.0,11269415.9216,2023-08-05
002419.SZ,2021-12-03,6.02,0.3681,1.1008,1.13,28.5124,18.8842,1.7031,0.6124,0.5949,6.9767,3.4722,120030.0,119996.3861,40122.5652,722580.6,722378.2443,2023-08-05
300031.SZ,2021-12-03,24.93,4.0377,4.2437,0.64,22.061,21.2318,3.2623,3.6527,3.625,1.199,1.199,38649.9884,31425.3206,29899.8718,963544.2108,783433.2426,2023-08-05
600893.SH,2021-12-03,65.6,1.5377,2.844,1.04,152.5873,134.988,4.776,6.1071,5.5498,0.1853,0.1982,266559.4238,232903.215,125926.1855,17486298.2013,15278450.904,2023-08-05
688029.SH,2021-12-03,232.91,1.0731,1.1324,0.96,119.0989,103.2264,10.9838,23.4138,17.4047,,,13334.0,4399.35,4168.8589,3105621.94,1024652.6085,2023-08-05
300885.SZ,2021-12-03,20.87,3.1879,4.6225,0.71,50.6537,34.987,4.4151,14.6625,10.3607,,1.8914,15200.0,5510.0,3800.0,317224.0,114993.7,2023-08-05
688199.SH,2021-12-03,46.61,1.1758,1.2667,0.63,37.9127,39.6439,1.947,5.1258,4.3267,,,11122.68,8667.5104,8045.7071,518428.1148,403992.6597,2023-08-05
603087.SH,2021-12-03,70.25,1.4359,2.5717,0.37,32.0532,27.8605,4.1163,11.734,10.7394,0.5084,0.5694,56154.0,28854.5404,16110.7843,3944818.5,2027031.4631,2023-08-05
600579.SH,2021-12-03,9.49,2.2526,4.8493,0.99,,,1.4135,0.709,0.7111,0.0,,73340.9393,40869.3024,18984.6769,696005.514,387849.6798,2023-08-05
603559.SH,2021-12-03,12.09,0.9407,1.0187,0.58,,,2.0816,2.6369,3.1848,0.0,,14331.3207,14331.3207,13233.6207,173265.6673,173265.6673,2023-08-05
002658.SZ,2021-12-03,8.72,2.3337,3.1027,0.88,36.5351,22.1322,2.2465,4.53,3.8754,1.1478,3.047,63004.2567,33274.0077,25027.5077,549397.1184,290149.3471,2023-08-05
600823.SH,2021-12-03,3.14,0.3002,1.1179,1.26,7.5983,7.1001,0.4406,0.5427,0.4756,8.2803,5.414,375116.8261,375116.8261,100719.3266,1177866.834,1177866.834,2023-08-05
688579.SH,2021-12-03,11.82,0.6218,0.8229,1.0,51.8388,41.9627,3.9692,9.5432,8.8402,,,40001.0,27966.71,21132.454,472811.82,330566.5122,2023-08-05
300701.SZ,2021-12-03,18.21,1.6804,3.3758,1.06,20.3264,24.325,4.6216,9.5147,10.0589,0.7627,1.8305,18000.0,18000.0,8959.8489,327780.0,327780.0,2023-08-05
300847.SZ,2021-12-03,16.23,5.2612,8.1552,1.08,53.0037,46.7084,4.243,5.495,4.8856,0.0,0.3779,29601.0,15102.6388,9743.3712,480424.23,245115.8277,2023-08-05
002153.SZ,2021-12-03,26.7,0.8787,1.8172,1.26,,,4.621,12.0694,12.0411,0.107,0.107,149955.7056,87877.6816,42491.2674,4003817.3395,2346334.0987,2023-08-05
002410.SZ,2021-12-03,63.31,0.3154,0.3314,0.82,227.6281,130.5682,12.1452,19.0535,15.1677,0.1503,0.3933,118789.5848,98665.2074,93913.5863,7520568.6137,6246494.2805,2023-08-05
002929.SZ,2021-12-03,36.16,2.1522,4.405,0.91,34.1857,23.3226,2.4071,1.9463,1.3771,0.3246,0.4058,22567.0092,16685.8343,8152.5118,816023.0527,603359.7683,2023-08-05
002489.SZ,2021-12-03,3.44,0.2774,0.5448,0.81,14.1161,19.1041,2.016,1.5106,1.109,3.4884,4.337,217573.6503,188146.1876,95789.1148,748453.357,647222.8853,2023-08-05
002283.SZ,2021-12-03,10.1,4.5738,6.1932,0.74,22.5889,18.7817,2.1198,2.5908,2.194,0.3391,0.4856,113593.4078,99204.8876,73264.6096,1147293.4188,1001969.3648,2023-08-05
600255.SH,2021-12-03,2.23,1.8771,2.1237,1.87,65.5916,77.7741,3.1921,1.7931,1.7592,0.0,,179954.3555,176959.3555,156407.59,401298.2128,394619.3628,2023-08-05
002583.SZ,2021-12-03,5.81,0.8005,1.0454,0.7,112.152,,1.7453,1.7495,2.0124,0.0,0.1893,183957.3991,108769.5021,83289.4182,1068792.4888,631950.8072,2023-08-05
300338.SZ,2021-12-03,7.1,26.4443,31.8391,1.22,,,7.4375,2.8494,2.4137,0.0,,34118.4492,30020.6939,24934.0381,242240.9893,213146.9267,2023-08-05
002222.SZ,2021-12-03,17.91,4.8728,6.3868,1.01,53.2875,42.0444,6.4469,14.0112,11.4308,0.5583,0.5583,42750.0,42351.8549,32311.8782,765652.5,758521.7213,2023-08-05
002240.SZ,2021-12-03,61.74,5.8031,7.4442,0.87,1966.0435,103.7421,15.0379,29.8387,24.606,0.0,,86534.9955,69637.7917,54286.066,5342670.6222,4299437.2596,2023-08-05
603055.SH,2021-12-03,16.67,1.4475,5.6325,2.07,120.961,35.8112,4.0305,5.791,3.7148,0.4234,0.2847,86886.4351,80466.1883,20679.3849,1448396.8731,1341371.359,2023-08-05
600285.SH,2021-12-03,12.77,1.6514,2.2109,0.68,22.275,18.9475,3.2326,3.1096,2.7513,2.3495,3.0432,56775.8992,55408.8392,41386.4679,725028.2328,707570.8766,2023-08-05
002062.SZ,2021-12-03,3.91,0.3319,0.6531,1.11,10.4129,9.8939,1.1619,0.3809,0.3789,1.2788,3.0691,110250.0,96865.7724,49227.0809,431077.5,378745.1701,2023-08-05
600854.SH,2021-12-03,7.25,11.7217,17.289,1.26,94.5336,45.1445,1.7896,14.7444,13.9017,0.5517,0.5241,51945.8538,51945.8538,35218.3425,376607.4401,376607.4401,2023-08-05
688308.SH,2021-12-03,67.36,4.4177,4.4177,1.38,62.6904,33.7003,4.6594,9.5926,6.9756,,,10000.0,2375.0,2375.0,673600.0,159980.0,2023-08-05
000626.SZ,2021-12-03,20.46,0.4563,1.0953,1.1,,68.2518,3.5883,0.1764,0.1313,0.0,,50894.0464,50853.5464,21185.1964,1041292.1893,1040463.5593,2023-08-05
603042.SH,2021-12-03,12.47,0.5939,0.885,0.6,63.032,75.8035,1.8931,1.724,1.7928,0.3599,0.3599,16058.984,13600.0,9126.1299,200255.5305,169592.0,2023-08-05
688377.SH,2021-12-03,16.65,0.8657,1.1403,0.51,40.3856,85.8461,2.1421,4.5773,6.1226,,,19466.7,10866.81,8249.611,324120.555,180932.3865,2023-08-05
002017.SZ,2021-12-03,13.68,5.746,10.3212,0.69,172.2454,152.0953,4.2759,5.7476,5.4316,0.2193,0.2193,44648.6084,44531.7851,24791.6967,610792.9629,609194.8202,2023-08-05
000525.SZ,2021-12-03,8.23,6.3023,10.0378,1.29,,,1.1837,1.1884,1.1687,0.0,,58077.2873,57451.4828,36071.142,477976.0745,472825.7034,2023-08-05
300351.SZ,2021-12-03,16.58,5.1375,7.2206,0.75,60.5922,52.8514,3.072,6.0366,5.8762,0.0,,38364.1857,25321.4502,18016.4717,636078.1989,419829.6443,2023-08-05
300139.SZ,2021-12-03,13.5,9.0545,9.5522,0.5,,,3.4949,20.0213,18.7836,0.0,,27400.0,23258.7025,22046.7925,369900.0,313992.4838,2023-08-05
600171.SH,2021-12-03,28.08,4.0027,5.3675,1.21,37.9082,22.2261,5.3223,15.0246,10.2666,0.387,0.463,71281.5314,70086.2144,52266.2144,2001585.4017,1968020.9004,2023-08-05
601579.SH,2021-12-03,10.78,2.0219,4.9941,1.64,18.5546,16.62,1.5573,4.838,4.3504,0.0,0.4471,49736.0,49736.0,20136.0,536154.08,536154.08,2023-08-05
600476.SH,2021-12-03,11.3,3.7177,6.1282,1.42,411.8955,,12.5978,5.328,4.2432,0.0,,16107.0,16107.0,9771.228,182009.1,182009.1,2023-08-05
300492.SZ,2021-12-03,49.14,0.1927,0.5187,1.02,489.3528,389.487,23.9745,55.2482,57.1948,0.2742,0.0608,14104.737,10961.9324,4072.6634,693106.7762,538669.3581,2023-08-05
600352.SH,2021-12-03,12.75,0.5671,0.7329,1.0,9.9322,10.3125,1.3729,2.658,2.4578,1.9538,1.9608,325333.186,325333.186,251735.633,4147998.1215,4147998.1215,2023-08-05
688230.SH,2021-12-03,172.52,27.322,27.322,,139.5721,91.0896,5.0126,28.1012,21.5001,,,6000.0,1335.406,1335.406,1035120.0,230384.2431,2023-08-05
600706.SH,2021-12-03,6.63,0.8664,1.8688,0.76,,,1.4335,1.5704,1.3198,0.2166,,25505.9785,21349.041,9897.9289,169104.6375,141544.1418,2023-08-05
300260.SZ,2021-12-03,41.54,2.3172,3.8405,0.97,113.9819,66.9858,7.7188,7.1133,5.1675,0.2146,0.1204,22655.9307,15090.6516,9104.8454,941127.3613,626865.6675,2023-08-05
300101.SZ,2021-12-03,22.65,3.7232,5.3634,0.53,157.3677,82.2775,11.1067,21.9785,16.7732,0.0,,56006.6,55775.1296,38718.4996,1268549.49,1263306.6854,2023-08-05
000669.SZ,2021-12-03,2.48,2.8345,4.6599,1.07,102.1505,,1.342,0.7325,0.8869,0.0,,68040.8797,68040.8797,41388.1771,168741.3817,168741.3817,2023-08-05
300463.SZ,2021-12-03,29.53,1.4527,1.6026,0.5,20.698,16.0473,3.9809,4.4366,3.9278,0.6414,1.451,55646.959,40300.34,36531.208,1643254.6993,1190069.0402,2023-08-05
601177.SH,2021-12-03,9.4,0.8465,1.7279,0.8,44.8142,25.3522,1.9918,1.9602,1.7591,0.2128,0.2128,40006.0,40006.0,19598.855,376056.4,376056.4,2023-08-05
600671.SH,2021-12-03,8.73,0.2456,0.4536,1.15,,,18.4207,5.1452,7.2651,0.0,,12177.8885,12172.0533,6592.1045,106312.9666,106262.0253,2023-08-05
603985.SH,2021-12-03,46.78,1.6952,3.0794,0.65,34.2529,32.3367,4.9059,6.653,6.5033,0.5323,0.514,33912.1541,26499.2,14587.56,1586410.5688,1239632.576,2023-08-05
000403.SZ,2021-12-03,29.49,0.9659,1.5796,1.92,116.2032,55.9681,3.4739,20.5819,12.4911,0.1526,,73278.2604,53625.7473,32791.6492,2160975.8992,1581423.2879,2023-08-05
300620.SZ,2021-12-03,56.46,3.334,5.5657,1.44,156.4542,81.9757,6.2771,18.8423,14.6454,0.1951,0.2343,16406.2015,15960.0948,9560.4892,926294.1367,901106.9524,2023-08-05
601880.SH,2021-12-03,1.74,1.3287,4.4876,5.66,51.3604,27.5596,1.0978,6.2693,3.9912,0.4959,1.5993,2398706.5816,1746471.3454,517096.369,4173749.452,3038860.141,2023-08-05
835670.BJ,2021-12-03,16.65,2.1944,2.3695,0.47,38.0102,35.5333,4.5301,10.9856,9.5356,,,6636.4,3099.2,2870.2,110496.06,51601.68,2023-08-05
300836.SZ,2021-12-03,37.49,2.0819,3.6152,0.78,121.3385,169.2008,2.9682,5.4805,4.9998,0.0,,4925.572,3177.322,1829.762,184659.6943,119117.8018,2023-08-05
300348.SZ,2021-12-03,14.22,1.0262,1.1699,0.35,43.2908,46.2654,7.4221,6.611,6.1019,0.0564,0.4926,72100.0562,61097.6307,53592.3221,1025262.7992,868808.3086,2023-08-05
002210.SZ,2021-12-03,4.29,4.9744,12.6758,1.66,1.3786,1.2456,85.7848,46.3958,46.5828,0.0,,266123.2774,265946.0079,104366.7967,1141668.86,1140908.3739,2023-08-05
300381.SZ,2021-12-03,10.69,1.5019,2.1368,0.92,32.397,47.6861,1.7618,2.736,2.9558,0.5444,0.6548,49006.5136,47661.2665,33499.7571,523879.6304,509498.9389,2023-08-05
002748.SZ,2021-12-03,13.84,5.9642,14.5788,1.09,,,3.1259,2.1135,1.9585,0.3613,,24000.0,24000.0,9818.5,332160.0,332160.0,2023-08-05
300918.SZ,2021-12-03,9.72,5.3985,5.3985,0.86,39.9872,32.7427,2.1741,2.5771,2.5377,,0.6173,36000.0,9000.0,9000.0,349920.0,87480.0,2023-08-05
002395.SZ,2021-12-03,10.87,0.7579,2.1361,0.59,69.1016,42.1333,3.215,2.1729,1.9601,0.0,1.3799,26820.9,26820.9,9516.3715,291543.183,291543.183,2023-08-05
300843.SZ,2021-12-03,31.9,9.2143,11.2952,0.88,47.4884,45.9409,5.2607,5.1921,3.7303,,0.4702,14890.0,5297.83,4321.82,474991.0,169000.777,2023-08-05
300684.SZ,2021-12-03,20.53,8.3185,9.298,1.31,30.6628,33.8236,3.5397,5.0213,4.3409,1.8355,3.0689,28092.9947,15977.4978,14294.3611,576749.1812,328018.0298,2023-08-05
603667.SH,2021-12-03,18.22,2.7241,5.4946,0.53,88.3607,41.7726,2.9113,3.1284,2.39,0.8807,0.8807,30116.4151,26505.6863,13140.979,548721.0831,482933.6044,2023-08-05
688779.SH,2021-12-03,26.29,5.3602,5.3602,0.94,461.9651,90.2022,8.0383,25.2253,9.2649,,,192920.6272,34755.8911,34755.8911,5071883.2891,913732.377,2023-08-05
300267.SZ,2021-12-03,4.32,1.3351,1.8125,0.51,44.0623,50.2536,1.5273,3.7403,4.083,0.2292,1.1574,206260.487,142017.4929,104608.3773,891045.3038,613515.5693,2023-08-05
300553.SZ,2021-12-03,35.77,1.4924,2.126,0.88,134.8659,65.811,4.8148,10.4281,8.293,0.0,0.5591,4800.0,2955.7816,2074.877,171696.0,105728.3078,2023-08-05
601933.SH,2021-12-03,3.9,0.2356,0.613,0.73,19.7232,,2.8522,0.3798,0.3917,3.4954,0.5258,907503.6993,907503.6993,348821.8192,3539264.4273,3539264.4273,2023-08-05
601658.SH,2021-12-03,5.25,0.9064,0.986,1.07,7.5549,6.3934,0.7825,1.6947,1.5732,3.7054,3.9714,9238396.7605,1127446.1418,1036416.1416,48501582.9926,5919092.2445,2023-08-05
002819.SZ,2021-12-03,37.42,0.7504,1.7382,1.2,216.3033,178.9161,2.8679,10.5369,8.6079,0.0662,0.0804,31817.9769,13949.8555,6022.2746,1190628.6956,522003.5928,2023-08-05
688718.SH,2021-12-03,33.1,3.1826,3.1826,0.43,122.9995,97.7083,8.5113,18.3398,15.5244,,,17375.4389,3529.422,3529.422,575127.0276,116823.8682,2023-08-05
603306.SH,2021-12-03,41.1,1.318,2.1197,1.06,62.7726,63.6096,4.8841,13.289,11.0003,1.1076,0.3208,30701.9706,30701.9706,19089.2456,1261850.9917,1261850.9917,2023-08-05
002424.SZ,2021-12-03,5.88,1.3608,1.4772,1.19,54.4567,74.065,2.1198,2.6872,2.7203,3.7415,,141120.0,93596.3704,86218.4746,829785.6,550346.658,2023-08-05
603328.SH,2021-12-03,7.24,1.0308,2.4778,1.25,32.2001,49.795,2.1662,2.9493,2.701,6.4917,1.3812,99844.2611,99844.2611,41534.6366,722872.4504,722872.4504,2023-08-05
603989.SH,2021-12-03,41.75,0.471,1.3359,0.63,43.9028,35.5493,5.8544,6.6393,5.3065,0.7013,0.7647,40020.4895,40020.4895,14109.2594,1670855.4366,1670855.4366,2023-08-05
600884.SH,2021-12-03,38.5,1.7616,2.8991,0.56,461.5726,24.1794,4.1997,7.7531,3.4686,0.2115,0.23,165451.7172,165451.7172,100534.7703,6369891.1122,6369891.1122,2023-08-05
002237.SZ,2021-12-03,11.64,0.6788,1.1571,0.74,36.4805,26.8343,1.7237,0.3706,0.338,0.2044,0.6443,114801.44,91039.6625,53404.8659,1336288.7616,1059701.6715,2023-08-05
300113.SZ,2021-12-03,14.55,2.0536,2.2974,0.62,111.1394,78.1938,4.0235,9.675,8.9705,1.2714,0.5424,69428.724,48384.7439,43249.278,1010187.9342,703998.0237,2023-08-05
601808.SH,2021-12-03,13.52,0.2142,1.1537,0.89,23.8651,32.2376,1.6476,2.2277,2.3552,1.1834,1.2574,477159.2,296046.8,54962.07,6451192.384,4002552.736,2023-08-05
603488.SH,2021-12-03,9.13,1.3429,3.0164,0.31,25.6727,30.4346,2.8724,6.5495,5.6327,2.1945,2.1945,29199.044,29199.044,12999.5893,266587.2717,266587.2717,2023-08-05
603006.SH,2021-12-03,10.5,1.6196,4.4343,0.57,32.2409,20.2432,1.9639,2.9312,2.2629,0.8589,2.2904,25425.425,19107.8186,6978.9398,266966.9625,200632.0953,2023-08-05
600797.SH,2021-12-03,6.47,0.616,0.7294,0.47,109.1758,,1.6568,1.7476,1.6042,0.4696,0.4542,102752.7102,102752.7102,86778.8604,664810.035,664810.035,2023-08-05
003041.SZ,2021-12-03,27.25,6.8825,6.8825,1.04,22.3916,22.3,2.4566,3.0569,2.9081,,,10000.0,2500.0,2500.0,272500.0,68125.0,2023-08-05
002174.SZ,2021-12-03,15.37,2.1168,3.117,0.62,,,2.6881,2.9931,4.0297,0.5672,,91585.8662,91411.3437,62079.5634,1407674.7635,1404992.3527,2023-08-05
002214.SZ,2021-12-03,22.3,2.0078,2.1914,0.48,34.2259,44.179,5.1313,12.2575,13.1851,0.2746,0.2973,59923.7935,47786.1127,43782.1356,1336300.5951,1065630.3132,2023-08-05
000697.SZ,2021-12-03,8.91,1.6457,2.2605,0.81,,,7.5492,5.2887,5.989,0.0,,67161.6059,57688.8733,41997.6947,598409.9086,514007.8611,2023-08-05
000026.SZ,2021-12-03,11.72,0.8067,1.481,0.54,16.9774,11.8351,1.6831,1.1767,0.9275,1.6746,3.4897,42605.1015,35796.3292,19498.5965,499331.7896,419532.9782,2023-08-05
603636.SH,2021-12-03,8.91,1.4125,2.8598,1.77,21.9765,22.411,2.0914,3.42,3.0925,1.7803,1.323,59079.3578,59079.3578,29181.6792,526397.078,526397.078,2023-08-05
002640.SZ,2021-12-03,3.06,7.7174,9.1995,1.36,,,2.3279,0.2801,0.4119,0.0,,155804.133,125135.4447,104975.3455,476760.647,382914.4608,2023-08-05
600021.SH,2021-12-03,11.89,3.5108,11.7808,1.35,34.9951,434.644,1.8806,1.2857,1.105,1.0934,0.9251,261716.4197,261716.4197,77993.7156,3111808.2302,3111808.2302,2023-08-05
300910.SZ,2021-12-03,82.1,1.2751,1.6056,0.48,67.3449,65.0489,5.8851,14.3055,13.3129,,0.9744,15000.0,6810.9405,5408.8394,1231500.0,559178.2151,2023-08-05
000978.SZ,2021-12-03,4.97,1.1766,1.7927,0.58,,,1.4684,7.0177,6.2315,0.4024,,36010.0,36005.3425,23631.6952,178969.7,178946.5522,2023-08-05
603683.SH,2021-12-03,15.5,7.0696,16.8696,1.13,18.2544,18.6024,2.9193,2.7326,2.0893,0.5284,0.2299,18312.9,17733.8,7431.804,283849.95,274873.9,2023-08-05
000037.SZ,2021-12-03,7.61,1.1807,1.9995,0.72,71.645,,2.2813,4.6557,5.9559,0.2628,,60276.2596,33889.3629,20012.0675,458702.3356,257898.0517,2023-08-05
601606.SH,2021-12-03,12.53,1.8673,4.5423,0.9,77.3415,101.0746,3.8629,5.7219,5.6567,0.3352,0.3911,72422.84,72422.84,29772.6841,907458.1852,907458.1852,2023-08-05
600084.SH,2021-12-03,4.24,0.4516,0.8201,1.01,,,2.2166,50.3578,26.2615,0.0,,112372.683,112372.683,61880.0532,476460.1759,476460.1759,2023-08-05
300170.SZ,2021-12-03,7.81,1.9589,2.2934,0.63,105.0758,257.4662,2.2057,2.7695,2.5807,0.0,0.3811,88405.5802,80262.0172,68554.8358,690447.5814,626846.3543,2023-08-05
002323.SZ,2021-12-03,5.92,1.4091,1.6922,0.51,,,156.8245,35.2122,32.1187,0.0,,74572.9656,32239.98,26846.19,441471.9564,190860.6816,2023-08-05
831305.BJ,2021-12-03,27.6,2.0277,2.0277,0.83,20.4466,21.6783,2.5769,6.4654,6.2262,,,6800.0,1776.9625,1776.9625,187680.0,49044.165,2023-08-05
600409.SH,2021-12-03,9.51,2.223,4.0619,0.78,27.3785,8.8952,1.5495,1.1041,0.8739,1.7455,2.5762,206434.9448,206434.9448,112978.0565,1963196.325,1963196.325,2023-08-05
688260.SH,2021-12-03,18.21,2.7508,2.7508,0.61,38.9254,474.1002,4.4233,3.9467,4.2942,,,12000.0,2850.0,2850.0,218520.0,51898.5,2023-08-05
300761.SZ,2021-12-03,35.78,4.7019,5.596,1.19,56.8761,,2.4001,1.6762,1.3458,2.7949,0.4192,40388.0,11976.1175,10062.6274,1445082.64,428505.4842,2023-08-05
300385.SZ,2021-12-03,8.58,1.1693,2.1914,0.64,,,3.1144,1.921,1.5292,0.7284,,33314.5932,27818.8108,14842.9383,285839.2097,238685.3967,2023-08-05
601609.SH,2021-12-03,9.58,2.606,2.7247,0.51,27.6879,20.435,2.0156,0.3029,0.192,1.0478,1.1065,148047.429,59745.229,57142.7,1418294.3698,572359.2938,2023-08-05
002177.SZ,2021-12-03,6.48,9.8945,11.933,0.6,68.7393,,3.0369,27.0497,46.1811,0.0,0.1543,76119.1294,76119.1294,63115.8945,493251.9585,493251.9585,2023-08-05
605268.SH,2021-12-03,11.83,1.9886,1.9886,0.76,21.5149,21.3675,2.9674,2.44,2.0369,,2.1133,43600.0,6700.0,6700.0,515788.0,79261.0,2023-08-05
002486.SZ,2021-12-03,2.68,0.664,0.8416,0.55,133.7119,,2.3285,1.9037,2.0501,0.0,,83200.0,83200.0,65638.6019,222976.0,222976.0,2023-08-05
300589.SZ,2021-12-03,26.0,5.4312,7.4249,1.0,151.2621,149.6975,13.6272,8.6021,8.0649,0.0,,20280.78,10238.6894,7489.4717,527300.28,266205.9244,2023-08-05
600550.SH,2021-12-03,5.08,0.7489,2.1111,0.88,442.8114,636.2508,14.0129,2.2903,2.2805,0.0,,184152.848,184152.848,65329.6826,935496.4678,935496.4678,2023-08-05
300270.SZ,2021-12-03,6.72,1.8446,2.1888,0.9,,,2.6385,9.7572,10.2312,0.0,,30280.6028,20510.9852,17285.6135,203485.6508,137833.8205,2023-08-05
000798.SZ,2021-12-03,7.21,1.5787,3.8678,1.97,,,3.9644,5.1726,4.4685,0.0,,31945.5,31941.75,13037.1754,230327.055,230300.0175,2023-08-05
603712.SH,2021-12-03,40.08,0.9397,2.4541,1.39,59.1526,51.9429,9.7538,11.4765,9.8409,0.2495,0.2495,77200.0,77200.0,29560.04,3094176.0,3094176.0,2023-08-05
688079.SH,2021-12-03,15.3,1.9866,1.9866,0.72,42.6185,57.9508,3.9599,14.5317,14.2876,,,40133.3334,7336.6945,7336.6945,614040.001,112251.4259,2023-08-05
601686.SH,2021-12-03,9.26,1.1943,1.1943,1.0,11.6553,21.6156,2.1392,0.2752,0.2118,,4.7671,143895.66,14200.0,14200.0,1332473.8116,131492.0,2023-08-05
002860.SZ,2021-12-03,25.16,4.612,6.7082,0.68,47.4692,33.3979,4.4569,5.5236,3.8919,0.4805,0.5848,20350.721,14644.6212,10068.4358,512024.1404,368458.6694,2023-08-05
000751.SZ,2021-12-03,3.9,1.2192,1.5957,0.59,23.5157,22.0147,1.8209,0.8076,0.5578,0.0,,140986.9279,140986.8779,107726.6753,549849.0188,549848.8238,2023-08-05
002580.SZ,2021-12-03,8.68,2.76,2.8924,0.63,137.526,126.7742,2.2816,2.2368,1.9394,0.2216,0.288,45386.8993,31132.704,29707.4882,393958.2859,270231.8707,2023-08-05
605258.SH,2021-12-03,32.3,7.2569,9.7942,1.39,31.0167,31.4389,2.5675,4.6155,4.0641,,1.548,8800.0,3779.0,2800.0,284240.0,122061.7,2023-08-05
300480.SZ,2021-12-03,39.59,4.593,6.1715,1.57,179.8601,109.6318,7.7843,34.2912,21.9834,0.0898,,26963.9012,16766.354,12477.9913,1067500.8485,663779.9549,2023-08-05
603616.SH,2021-12-03,5.58,1.0455,2.013,0.87,74.7373,17.475,1.9092,2.1783,1.5038,0.0,,38136.8,29336.0,15235.66,212803.344,163694.88,2023-08-05
688789.SH,2021-12-03,308.0,2.5345,2.5345,1.31,136.7451,102.6044,16.5918,32.6986,23.8617,,,7600.0,1544.0365,1544.0365,2340800.0,475563.242,2023-08-05
002087.SZ,2021-12-03,3.44,0.9121,1.2553,0.76,16.3168,21.2587,0.6409,0.5774,0.5637,0.8721,0.6686,81679.4335,81563.8642,59267.845,280977.2512,280579.6928,2023-08-05
300452.SZ,2021-12-03,16.88,2.9204,4.1298,0.81,32.4271,31.0472,4.9472,5.7348,5.0896,1.1289,1.481,18046.707,14118.2855,9983.7648,304628.4142,238316.6592,2023-08-05
000571.SZ,2021-12-03,2.96,1.2384,1.893,0.71,,,5.5614,2.4362,2.4532,0.0,,81406.4,81403.6325,53251.4293,240962.944,240954.7522,2023-08-05
600581.SH,2021-12-03,6.44,5.5064,11.0177,1.59,31.2126,4.4019,1.4669,0.4544,0.3305,0.0,,153289.787,153289.787,76610.8606,987186.2283,987186.2283,2023-08-05
000721.SZ,2021-12-03,3.74,0.8674,1.1575,1.17,207.1003,,3.5469,4.5428,3.3662,0.0,,49905.592,43595.2795,32669.3545,186646.9141,163046.3453,2023-08-05
002165.SZ,2021-12-03,6.72,8.5965,11.6918,1.1,41.1086,54.8585,2.3159,1.8925,1.3752,0.4874,1.1905,73526.9837,59408.9719,43680.814,494101.3305,399228.2912,2023-08-05
300842.SZ,2021-12-03,97.16,6.1045,9.4145,0.7,118.3629,102.4193,10.4629,6.1434,3.4782,0.0,,10000.0,6951.1174,4507.2213,971600.0,675370.5666,2023-08-05
000961.SZ,2021-12-03,3.96,0.994,2.1728,1.14,2.1409,2.4606,0.5106,0.1928,0.1615,6.984,14.0404,382655.8901,381126.1542,174353.4155,1515317.3248,1509259.5706,2023-08-05
002263.SZ,2021-12-03,3.6,3.8788,5.3801,1.27,38.2175,25.8521,2.6414,4.4809,3.993,0.0,,187836.01,187834.21,135418.408,676209.636,676203.156,2023-08-05
603885.SH,2021-12-03,15.05,0.1341,0.4485,0.44,,,2.9833,2.9293,2.4534,0.6645,0.6626,196614.4157,179701.3477,53745.3477,2959046.9563,2704505.2829,2023-08-05
603511.SH,2021-12-03,23.23,3.6302,3.6302,0.68,20.9089,23.4046,2.1679,2.7637,2.6601,,1.9372,40001.0,4001.0,4001.0,929223.23,92943.23,2023-08-05
300676.SZ,2021-12-03,91.69,1.3706,1.6063,0.57,18.1563,47.486,4.101,4.5196,5.5834,0.1054,0.3817,41391.4325,26172.5832,22331.9553,3795180.4459,2399764.1536,2023-08-05
000607.SZ,2021-12-03,3.8,0.569,1.2974,0.74,,,2.6914,2.3207,1.9292,0.0,,101769.841,88485.9969,38808.2987,386725.3958,336246.7882,2023-08-05
002870.SZ,2021-12-03,37.65,4.0874,7.8665,0.5,55.4948,31.2353,4.7516,4.266,1.1202,0.4781,0.4781,11067.0,5671.7925,2947.07,416672.55,213542.9876,2023-08-05
600501.SH,2021-12-03,10.62,2.9535,5.5575,1.03,100.6472,64.7298,2.0559,1.209,1.0156,0.0,,42128.36,42128.36,22388.9828,447403.1832,447403.1832,2023-08-05
300579.SZ,2021-12-03,40.1,1.1075,2.4149,0.37,70.0947,67.4177,9.5182,8.4129,7.5404,0.2494,0.2494,18000.0,17448.4248,8002.3124,721800.0,699681.8345,2023-08-05
300080.SZ,2021-12-03,6.37,4.2922,8.3325,1.85,,,2.6659,3.4701,2.4113,0.0,,216188.0058,109328.7371,56316.5572,1377117.5969,696424.0553,2023-08-05
002990.SZ,2021-12-03,28.24,0.8599,0.8599,0.68,32.3408,31.2418,3.6357,7.7607,6.6283,,0.8698,25697.9,6312.0,6312.0,725708.696,178250.88,2023-08-05
600387.SH,2021-12-03,5.91,2.1973,2.8264,1.26,39.0296,77.8079,0.8768,0.5611,0.39,0.0,0.9137,46814.4464,40404.8492,31411.4405,276673.3782,238792.6588,2023-08-05
300326.SZ,2021-12-03,10.34,1.8791,2.1418,0.88,,,2.6369,7.0144,5.9945,0.4855,0.4855,72014.6333,71656.2476,62867.1709,744631.3083,740925.6002,2023-08-05
002656.SZ,2021-12-03,2.78,3.7318,4.8104,2.3,270.6931,133.6223,2.6003,3.8691,4.7818,0.0,,71251.9844,59630.7002,46260.5179,198080.5166,165773.3466,2023-08-05
002589.SZ,2021-12-03,3.55,0.6724,0.8093,0.74,20.4427,68.4151,0.7058,0.1964,0.2151,0.0,0.4968,150471.0471,114695.6754,95288.174,534172.2172,407169.6477,2023-08-05
002945.SZ,2021-12-03,11.05,2.9052,8.1217,3.97,36.7202,47.143,4.7629,20.0262,21.288,0.4525,0.8235,270000.0,75478.9089,27000.0,2983500.0,834041.9433,2023-08-05
600328.SH,2021-12-03,18.15,5.1174,6.6374,0.76,31.3767,11.6648,2.3215,1.7822,1.3858,1.3774,1.2672,95766.4592,55961.162,43145.2764,1738161.2345,1015695.0903,2023-08-05
600970.SH,2021-12-03,11.8,0.8268,2.1823,0.83,23.1043,17.1076,1.6561,1.1642,0.8228,1.9996,1.5263,221908.2949,174259.8393,66020.9381,2618517.8798,2056266.1037,2023-08-05
002892.SZ,2021-12-03,26.7,5.4874,7.3196,3.45,61.1552,58.3228,4.9048,6.0489,4.3791,1.0627,1.0645,22500.9666,11614.4945,8707.125,600775.8082,310107.0032,2023-08-05
000400.SZ,2021-12-03,27.08,3.5742,6.1519,0.55,38.1381,34.8638,2.9437,2.4399,2.2504,0.2216,0.3693,100832.7309,100826.984,58578.9876,2730550.3528,2730394.7267,2023-08-05
603359.SH,2021-12-03,15.9,2.7968,5.834,0.68,18.6476,18.1037,2.0343,3.0339,2.9869,0.8985,0.8985,44609.6,44609.6,21386.0108,709292.64,709292.64,2023-08-05
301028.SZ,2021-12-03,15.42,19.7482,19.7482,1.07,40.3239,29.8035,5.4834,7.5136,6.1566,,1.0376,37891.2,9010.5692,9010.5692,584282.304,138942.9771,2023-08-05
002148.SZ,2021-12-03,5.03,2.7241,2.9135,0.72,184.8999,55.5282,2.4559,17.7728,13.7715,0.0,0.1931,57137.4727,46001.2183,43010.8786,287401.4877,231386.128,2023-08-05
300220.SZ,2021-12-03,20.04,9.6528,19.5662,0.52,,,15.6366,15.395,9.0421,0.0541,,15120.0,15053.416,7426.483,303004.8,301670.4566,2023-08-05
300655.SZ,2021-12-03,49.5,7.5585,9.6875,1.3,219.1217,93.4598,11.6198,16.4931,10.4267,0.1116,0.2239,34063.5122,28720.4549,22408.4824,1686143.8539,1421662.5176,2023-08-05
002075.SZ,2021-12-03,5.73,1.4963,2.1888,0.9,19.4679,12.1281,2.1676,0.8765,0.6985,1.7452,1.735,220677.1772,220677.1772,150856.1546,1264480.2254,1264480.2254,2023-08-05
300669.SZ,2021-12-03,19.06,0.88,2.3039,0.67,39.0312,40.8305,3.6479,5.9415,5.383,0.9282,0.9444,11105.1892,10079.7095,3850.1937,211664.9062,192119.2631,2023-08-05
600332.SH,2021-12-03,29.42,0.3335,0.6961,0.79,16.4071,13.4058,1.6736,0.7755,0.7,2.002,1.8287,162579.0949,140589.0949,67358.5846,4783076.972,4136131.172,2023-08-05
600234.SH,2021-12-03,9.64,0.6676,0.9376,1.76,44.9471,68.4241,4.1321,2.2718,2.3525,0.0,,26252.0973,20244.588,14415.6131,253070.218,195157.8283,2023-08-05
603881.SH,2021-12-03,34.67,1.2509,2.5746,0.59,83.6318,87.8997,3.8252,12.5354,10.2488,0.0979,0.1236,32892.7197,32892.7197,15981.8634,1140390.592,1140390.592,2023-08-05
002025.SZ,2021-12-03,78.13,0.8484,1.5569,0.8,81.5667,68.1138,6.8682,8.3838,7.2343,0.182,0.2426,45266.2256,42889.8772,23372.7471,3536650.2061,3350986.1056,2023-08-05
002915.SZ,2021-12-03,32.73,3.1973,6.1283,0.94,64.6134,41.7489,4.8641,7.398,5.412,,0.6791,23375.5411,14778.3714,7710.3339,765081.4602,483696.0959,2023-08-05
000725.SZ,2021-12-03,4.87,0.8061,0.9871,0.95,37.1812,8.2936,1.5028,1.3812,0.9497,0.3707,1.8522,3844574.6482,3353743.3064,2738584.645,18723078.5367,16332729.9022,2023-08-05
600113.SH,2021-12-03,6.47,0.7898,1.5576,0.53,89.7997,93.7622,1.7069,5.281,4.3361,0.7728,0.3864,41143.116,41143.116,20862.336,266195.9605,266195.9605,2023-08-05
000543.SZ,2021-12-03,3.96,2.1228,3.8757,2.07,8.8566,,0.6733,0.5359,0.4515,3.0051,1.9192,226686.3331,179039.5978,98063.3989,897677.8791,708996.8073,2023-08-05
603089.SH,2021-12-03,9.23,3.9237,11.5993,0.86,18.6867,15.4272,1.9796,1.805,1.3723,3.0126,1.6251,22249.782,22249.782,7526.4223,205365.4879,205365.4879,2023-08-05
601860.SH,2021-12-03,3.19,0.5526,0.5526,0.89,8.1016,7.9343,0.76,2.6087,2.7275,3.1347,3.1348,366095.5106,175659.003,175659.003,1167844.6788,560352.2196,2023-08-05
600131.SH,2021-12-03,17.99,3.5152,4.425,1.24,35.4365,31.3363,4.4562,3.0673,3.0419,0.6948,0.8616,119539.4544,54021.4382,42914.731,2150514.7847,971845.6732,2023-08-05
836263.BJ,2021-12-03,5.76,0.3628,0.4261,0.45,27.6064,41.8687,1.759,2.0102,1.6223,,,13996.0,6341.2,5399.7,80616.96,36525.312,2023-08-05
002799.SZ,2021-12-03,11.08,0.6085,1.6186,0.87,27.5654,20.3405,3.7051,1.4889,0.9603,0.5372,0.5157,25200.0,25199.58,9474.136,279216.0,279211.3464,2023-08-05
603390.SH,2021-12-03,10.23,12.2232,12.2232,5.28,77.0265,107.2986,2.1272,5.5023,5.9337,0.9775,0.9721,35168.6984,12852.6384,12852.6384,359775.7846,131482.4908,2023-08-05
002628.SZ,2021-12-03,3.26,0.6366,0.843,0.62,30.2789,29.8951,0.8383,1.1371,1.2471,0.3698,,75872.8215,74390.5203,56175.6725,247345.3981,242513.0962,2023-08-05
688662.SH,2021-12-03,39.76,18.5301,18.5301,1.64,47.2161,40.6195,5.0671,5.6185,5.0601,,,8824.0,2095.7,2095.7,350842.24,83325.032,2023-08-05
002576.SZ,2021-12-03,18.68,4.6185,6.6356,0.67,34.5356,25.7239,2.931,2.0344,1.6498,0.2677,0.5353,16510.0,16441.5254,11443.6254,308406.8,307127.6945,2023-08-05
600665.SH,2021-12-03,2.83,0.5202,1.2245,0.91,7.4381,5.0686,0.6012,0.4611,0.332,5.2297,5.371,86412.2521,86412.2521,36712.1583,244546.6734,244546.6734,2023-08-05
000540.SZ,2021-12-03,2.71,1.6873,3.1468,2.85,33.1961,,1.0896,2.6616,2.7108,0.0,,700525.4679,697281.7758,373875.4519,1898424.018,1889633.6124,2023-08-05
300629.SZ,2021-12-03,31.45,5.0803,5.4922,0.5,87.582,51.979,4.0809,13.7435,12.576,0.0,0.2997,13956.2893,9304.6834,8606.9686,438925.2985,292632.2929,2023-08-05
600568.SH,2021-12-03,2.0,1.4035,2.3871,0.56,1238.2454,,1.0679,5.4789,6.3438,0.0,,199286.9681,156494.8288,92014.1728,398573.9362,312989.6576,2023-08-05
002601.SZ,2021-12-03,29.0,1.6609,2.08,0.94,30.1757,16.5627,3.8613,4.8952,3.5456,2.9717,4.1043,238147.0256,152336.2584,121643.078,6906263.7424,4417751.4936,2023-08-05
300382.SZ,2021-12-03,25.11,0.7854,1.6045,0.3,222.2092,174.8421,12.7535,16.3199,15.2835,0.1355,0.097,57380.5707,57374.7882,28085.3802,1440826.1303,1440680.9317,2023-08-05
600774.SH,2021-12-03,16.48,0.3729,1.4662,1.07,106.8926,27.9937,3.0019,9.8185,3.3605,0.0,,29503.2402,22675.7731,5766.8818,486213.3985,373696.7407,2023-08-05
600318.SH,2021-12-03,11.92,11.5377,16.4229,0.93,,,4.2519,12.4172,13.8545,0.1612,,51272.7632,51165.5849,35945.8142,611171.3373,609893.772,2023-08-05
603318.SH,2021-12-03,8.93,5.4495,12.3558,0.98,141.1111,77.5807,3.2836,2.9791,1.6248,0.0,0.224,37801.1155,37801.1155,16672.2277,337563.9614,337563.9614,2023-08-05
300110.SZ,2021-12-03,4.28,0.6709,1.2268,0.61,53.4734,32.0612,2.1456,3.1305,1.0764,0.2336,0.3505,118221.2982,118078.3482,64568.8036,505987.1563,505375.3303,2023-08-05
301129.SZ,2021-12-03,90.3,9.2427,9.2427,0.95,51.0933,48.0798,5.0171,15.9894,15.2216,,,7366.0,1842.0,1842.0,665149.8,166332.6,2023-08-05
002171.SZ,2021-12-03,12.11,1.5777,2.7138,0.64,58.93,33.4221,2.7579,0.7035,0.4698,0.7987,0.7933,133452.877,124468.4051,72358.7467,1616114.3405,1507312.3858,2023-08-05
002775.SZ,2021-12-03,3.64,0.4898,0.7599,0.75,11.6721,35.3014,0.8737,0.7406,0.8496,18.871,13.4797,51276.7053,44611.1778,28757.9378,186647.2073,162384.6872,2023-08-05
000750.SZ,2021-12-03,3.97,0.5649,0.9084,1.38,29.798,36.8435,1.1645,4.8226,4.5249,0.8816,3.0227,544452.5514,544452.5514,338597.1056,2161476.6291,2161476.6291,2023-08-05
300190.SZ,2021-12-03,5.95,0.6662,1.0444,0.68,13.0152,20.3808,1.0656,1.452,1.3097,1.6854,1.6807,78158.7215,76105.8177,48548.5921,465044.3929,452829.6153,2023-08-05
600678.SH,2021-12-03,5.81,1.6509,2.0767,0.93,53.0297,33.0944,8.7954,7.8109,5.7051,0.0,,34899.0,34899.0,27743.6516,202763.19,202763.19,2023-08-05
300336.SZ,2021-12-03,3.27,2.6522,3.2356,0.54,,,16.2884,7.7802,12.4197,0.0,,80623.0192,73760.5287,60460.9457,263637.2728,241196.9288,2023-08-05
002768.SZ,2021-12-03,25.66,0.8665,1.2952,0.69,9.5237,12.4159,1.9845,0.9692,0.8181,0.3897,1.2081,27125.0,17674.8125,11824.8125,696027.5,453535.6888,2023-08-05
002135.SZ,2021-12-03,10.18,5.2067,9.6077,0.67,38.8838,21.5952,2.1626,1.1376,0.9517,0.2652,0.2611,103440.22,96275.1782,52174.5284,1053021.4396,980081.3141,2023-08-05
003013.SZ,2021-12-03,19.92,1.9006,1.9006,1.02,27.8124,20.9761,4.2154,4.2604,3.361,,3.3133,40001.0,6020.3146,6020.3146,796819.92,119924.6668,2023-08-05
000526.SZ,2021-12-03,19.33,12.7265,21.33,2.66,52.1051,39.2175,2.2605,0.9368,0.8601,0.0,,11776.2709,11176.7381,6668.5546,227635.3165,216046.3475,2023-08-05
600353.SH,2021-12-03,5.71,1.0965,1.9239,1.21,57.9878,78.0953,2.6195,3.4418,3.3448,1.044,0.5254,54372.0,54372.0,30986.9132,310464.12,310464.12,2023-08-05
600750.SH,2021-12-03,12.18,0.8922,1.577,0.83,16.1975,14.5459,1.8783,3.143,2.9021,2.0525,2.2167,63000.0,62426.6,35319.4514,767340.0,760355.988,2023-08-05
002921.SZ,2021-12-03,16.4,1.6256,2.4301,1.02,24.1873,21.9982,2.1812,1.9065,1.5154,1.3795,1.8762,10608.0762,8181.6267,5473.0771,173972.4497,134178.6779,2023-08-05
002328.SZ,2021-12-03,6.44,6.3841,7.2358,0.64,34.3598,17.0515,1.8104,1.1693,1.0042,1.9925,2.0141,77177.0,56297.2896,49670.7896,497019.88,362554.545,2023-08-05
002024.SZ,2021-12-03,3.95,0.2682,0.6155,0.52,,,0.5325,0.1458,0.1966,1.2451,,931003.9655,758868.3145,330610.6883,3677465.6637,2997529.8423,2023-08-05
002013.SZ,2021-12-03,17.65,2.0601,4.2683,1.31,63.8019,51.202,5.0273,5.6092,4.4299,0.3232,0.4506,388482.4789,388478.7524,187498.3224,6856715.7526,6856649.9799,2023-08-05
603806.SH,2021-12-03,122.58,0.4175,1.1132,0.64,74.4957,57.4318,10.3032,13.8907,9.8356,0.2465,0.297,95110.3748,95110.3748,35671.1974,11658629.743,11658629.743,2023-08-05
000563.SZ,2021-12-03,3.13,0.2964,0.6767,1.08,18.0947,16.9525,1.025,5.8365,6.0698,0.9585,0.9585,396401.2846,396401.2846,173629.1422,1240736.0208,1240736.0208,2023-08-05
600078.SH,2021-12-03,11.84,5.6471,9.7024,1.81,,,,2.5011,2.3299,0.0845,,66257.2861,66257.2861,38563.8247,784486.2674,784486.2674,2023-08-05
301080.SZ,2021-12-03,235.43,3.6621,3.6621,0.84,162.5301,118.1715,7.9584,76.4636,53.5852,,,8000.0,2000.0,2000.0,1883440.0,470860.0,2023-08-05
603663.SH,2021-12-03,22.62,1.8255,4.6014,0.8,74.9886,53.6589,4.6077,6.6323,5.643,0.3907,0.396,21495.2162,20321.8244,8062.3777,486221.7904,459679.6679,2023-08-05
600815.SH,2021-12-03,3.03,0.6037,1.4184,1.2,142.9639,,3.9515,2.7996,3.0083,0.0,,177409.448,177409.448,75502.825,537550.6274,537550.6274,2023-08-05
002050.SZ,2021-12-03,24.05,0.6402,1.3118,0.85,59.0695,51.9331,8.361,7.1321,5.6686,0.8933,1.0368,359122.6678,354121.4517,172821.3014,8636900.1606,8516620.9134,2023-08-05
300788.SZ,2021-12-03,26.95,2.0502,2.0502,0.68,18.1665,16.9134,2.5906,2.7089,2.5316,1.5473,1.7811,19015.1515,5039.0151,5039.0151,512458.3329,135801.4569,2023-08-05
603788.SH,2021-12-03,15.35,1.8041,4.1393,0.48,19.0938,19.5871,1.7967,3.8411,3.5399,3.9088,3.9088,22306.5068,22306.5068,9722.0468,342404.8794,342404.8794,2023-08-05
605259.SH,2021-12-03,33.9,5.5766,5.5766,0.75,25.7173,22.209,2.2872,2.435,1.9638,,,8800.0,2200.0,2200.0,298320.0,74580.0,2023-08-05
002117.SZ,2021-12-03,8.07,0.9341,1.3499,0.75,26.9609,23.3941,2.8874,3.7291,3.5461,4.9566,4.9566,54566.6421,54549.1146,37746.7896,440352.8017,440211.3548,2023-08-05
872925.BJ,2021-12-03,22.2,2.4098,3.1567,1.09,26.0681,42.8134,3.2855,5.1017,5.4113,,,4860.0,1479.2635,1129.2634,107892.0,32839.6497,2023-08-05
002634.SZ,2021-12-03,6.36,3.2349,5.0955,0.48,47.3778,53.7133,3.6284,4.6697,4.4022,0.0,,45935.2513,37065.3542,23531.4684,292148.1983,235735.6527,2023-08-05
600225.SH,2021-12-03,3.58,1.5928,3.0888,1.45,,,,3.0941,3.4253,0.0,,93549.2615,93292.3667,48107.7478,334906.3562,333986.6728,2023-08-05
000859.SZ,2021-12-03,6.75,8.254,10.9199,3.27,52.6958,21.4833,2.2933,4.0824,3.2027,0.1834,0.4444,89597.6271,84008.1809,63499.2387,604783.9829,567055.2211,2023-08-05
688360.SH,2021-12-03,31.56,2.3077,2.3077,0.7,40.6984,27.6239,2.9468,3.5256,2.0165,,,8567.6599,4112.8665,4112.8665,270395.3464,129802.0667,2023-08-05
688737.SH,2021-12-03,53.41,4.6466,4.6466,0.94,21.0446,149.0523,2.3095,1.7829,3.6002,,,8603.4976,1783.3405,1783.3405,459512.8068,95248.2161,2023-08-05
300286.SZ,2021-12-03,28.53,5.2118,9.4879,1.32,50.4636,42.2671,6.8691,8.5263,6.5593,0.673,0.7015,21480.0125,17344.2979,9527.4517,612824.7566,494832.8191,2023-08-05
603883.SH,2021-12-03,41.71,0.9304,2.1801,1.71,27.4449,25.5797,3.8922,1.2205,1.1268,0.7194,0.8391,40867.3661,40802.9489,17413.3711,1704577.84,1701890.9986,2023-08-05
300517.SZ,2021-12-03,14.38,4.6902,5.9116,2.38,53.2416,30.7287,3.242,3.2236,2.2118,0.0927,0.1931,19216.8933,11255.0613,8929.6116,276338.9257,161847.7815,2023-08-05
600638.SH,2021-12-03,5.12,0.1141,0.2215,0.88,12.8273,13.1139,0.7961,2.8873,1.6953,0.0,2.3438,67339.6786,67339.6786,34679.7633,344779.1544,344779.1544,2023-08-05
688086.SH,2021-12-03,24.36,2.6359,2.7858,0.88,44.6893,98.2172,2.5157,8.2429,7.815,,,19038.1503,10887.4281,10301.4416,463769.3413,265217.7485,2023-08-05
600145.SH,2021-12-03,1.55,5.4634,9.2184,2.41,,,4.2601,668.2255,8.3724,0.0,,149110.038,149110.038,88371.8284,231120.5589,231120.5589,2023-08-05
300417.SZ,2021-12-03,12.73,3.4932,4.138,0.62,26.2806,71.2675,3.5044,5.5966,7.806,3.6307,1.9288,13700.8376,8237.8151,6954.1443,174411.6626,104867.3862,2023-08-05
002478.SZ,2021-12-03,4.13,0.3229,0.4231,0.7,30.7232,,0.9017,0.9637,0.9795,3.2569,2.3437,91983.0686,58712.853,44800.3488,379890.0733,242484.0829,2023-08-05
300638.SZ,2021-12-03,57.43,1.3389,1.8614,0.71,83.6913,61.9637,12.8783,8.6518,6.5399,0.2261,0.3057,41331.7079,25738.2109,18513.9513,2373679.9847,1478145.452,2023-08-05
600660.SH,2021-12-03,45.3,0.6628,0.9576,0.88,45.4562,34.0339,4.5779,5.9388,5.0775,1.6556,1.6556,260974.3532,200298.6332,138635.3307,11822138.2,9073528.084,2023-08-05
600016.SH,2021-12-03,3.92,0.1516,0.1913,1.03,5.0024,5.2862,0.3527,0.928,0.9963,9.4388,5.4337,4378241.8502,3546212.3213,2810983.8524,17162708.0528,13901152.2995,2023-08-05
601619.SH,2021-12-03,5.32,1.9069,3.8973,1.8,64.9603,31.1498,2.7141,12.7176,9.9114,0.6932,0.93,241839.3612,234952.3612,114959.6544,1286585.4016,1249946.5616,2023-08-05
300162.SZ,2021-12-03,11.7,3.1554,4.3563,0.6,,,6.4527,4.994,3.7675,0.0427,,34951.003,26416.7739,19134.2489,408926.7351,309076.2546,2023-08-05
301079.SZ,2021-12-03,36.5,14.2111,14.2111,0.59,55.4919,51.9485,7.3905,9.0633,7.7826,,,8389.3334,1789.7385,1789.7385,306210.6691,65325.4553,2023-08-05
601595.SH,2021-12-03,9.99,0.2209,0.7177,0.59,,,2.3509,14.4763,6.4076,0.9426,,44820.0,44820.0,13797.1683,447751.8,447751.8,2023-08-05
600398.SH,2021-12-03,6.29,0.2624,0.9386,0.96,15.2254,10.689,1.9237,1.5129,1.336,4.4705,4.0699,431960.2472,431960.2472,120747.4367,2717029.9549,2717029.9549,2023-08-05
832885.BJ,2021-12-03,22.98,1.3551,1.7867,0.76,50.8061,56.5784,5.6929,14.2413,14.9102,,,8496.42,2752.5892,2087.733,195247.7316,63254.4998,2023-08-05
000883.SZ,2021-12-03,4.75,1.1724,4.1323,2.32,12.5799,11.5055,1.0067,1.8158,1.5016,2.1053,2.5263,650744.9486,650556.1854,184567.3486,3091038.5059,3090141.8807,2023-08-05
600408.SH,2021-12-03,3.09,2.608,3.811,1.66,9.3459,4.3057,1.039,0.3539,0.2587,0.0,,100680.0,100680.0,68899.2884,311101.2,311101.2,2023-08-05
688096.SH,2021-12-03,14.23,1.0563,1.1527,1.18,24.5598,26.0132,1.9871,4.34,3.7161,,,10729.35,7424.45,6803.95,152678.6505,105649.9235,2023-08-05
603269.SH,2021-12-03,12.85,0.7828,1.1124,0.65,31.111,18.7313,1.6696,1.7332,1.2597,1.2653,1.5564,11251.8866,11251.8866,7917.5593,144586.7428,144586.7428,2023-08-05
002650.SZ,2021-12-03,5.79,1.597,2.7674,0.65,37.8432,172.459,2.4577,3.2181,3.9459,0.6045,0.1727,115200.0,115196.25,66476.5647,667008.0,666986.2875,2023-08-05
300289.SZ,2021-12-03,7.56,5.56,7.9015,0.69,,,2.2764,8.7224,7.3307,0.1016,,54401.1487,41394.7185,29128.0835,411272.6842,312944.0719,2023-08-05
600566.SH,2021-12-03,18.41,1.6418,4.4918,1.52,12.8035,10.2871,1.9085,2.6525,2.2524,6.1296,2.4443,88825.9075,88825.9075,32466.3257,1635284.9571,1635284.9571,2023-08-05
601886.SH,2021-12-03,6.68,0.4946,1.4526,0.68,8.1289,7.1723,0.8788,0.4271,0.3798,4.4091,5.8788,115405.0,115405.0,39295.9334,770905.4,770905.4,2023-08-05
600529.SH,2021-12-03,43.2,1.0055,1.2849,0.54,45.5365,41.471,5.6486,7.4999,6.5556,0.6944,0.6944,59496.7747,59496.7747,46558.6767,2570260.667,2570260.667,2023-08-05
300729.SZ,2021-12-03,34.58,2.6496,7.1523,1.73,35.0938,42.5092,3.0384,3.9258,2.7001,0.3419,0.3282,22032.0049,17387.1957,6441.0967,761866.7294,601249.2273,2023-08-05
601388.SH,2021-12-03,4.59,2.6192,4.5089,0.98,21.883,12.0247,2.6861,1.7958,1.3322,0.3463,1.4163,220151.4386,201656.2052,117142.7152,1010495.1032,925601.9819,2023-08-05
600449.SH,2021-12-03,11.29,0.8155,1.555,1.06,5.5953,6.4582,0.8063,1.0566,1.0031,4.5173,5.9345,47818.1042,47818.1042,25076.7748,539866.3964,539866.3964,2023-08-05
600608.SH,2021-12-03,5.37,0.5254,0.6481,1.09,770.604,616.7169,27.0697,1.9829,3.6526,0.0,,32886.1441,31837.1441,25809.9759,176598.5938,170965.4638,2023-08-05
300081.SZ,2021-12-03,13.22,13.8803,14.0483,0.64,,,3.4347,21.1775,16.2251,0.0,,52915.7876,37791.1646,37339.2054,699546.7121,499599.196,2023-08-05
000966.SZ,2021-12-03,7.55,3.3089,6.3867,2.25,54.3449,47.2319,2.2533,3.3641,1.8067,0.9212,0.6623,254966.0478,110828.408,57419.7623,1924993.6609,836754.4804,2023-08-05
600101.SH,2021-12-03,7.16,6.0559,8.8309,1.27,43.0942,32.2552,1.2044,1.8088,1.6592,0.6983,0.6983,42143.267,42143.267,28900.219,301745.7917,301745.7917,2023-08-05
605296.SH,2021-12-03,40.24,2.6188,2.6188,1.01,14.1532,37.5257,3.5951,5.9113,5.4972,,0.6213,40022.9012,4003.0,4003.0,1610521.5443,161080.72,2023-08-05
002144.SZ,2021-12-03,9.88,0.8518,0.9299,0.52,27.3083,16.6921,0.9472,3.7828,3.0293,1.0121,1.0121,17676.2528,13875.7836,12710.8573,174641.3777,137092.742,2023-08-05
300485.SZ,2021-12-03,12.38,1.8795,2.4747,0.36,38.4951,36.4785,2.0487,5.4495,3.9343,0.5034,0.525,48166.64,26298.6132,19973.3934,596303.0032,325576.8314,2023-08-05
688181.SH,2021-12-03,49.74,0.9228,1.0706,0.79,28.1485,23.2609,2.6591,7.3974,5.6277,,,9647.3014,7585.1231,6538.0921,479856.7716,377284.023,2023-08-05
600461.SH,2021-12-03,8.31,0.4957,1.1603,0.92,11.9262,10.1434,1.4613,1.1995,1.0342,3.1131,5.0412,95281.43,91534.5555,39108.2379,791788.6833,760652.1562,2023-08-05
603117.SH,2021-12-03,3.58,0.7268,1.1294,1.39,47.2779,49.9075,0.9864,3.1431,3.6744,1.1272,0.6425,63314.4502,63314.4502,40744.9054,226665.7317,226665.7317,2023-08-05
600405.SH,2021-12-03,6.87,3.0325,3.4161,0.49,,,3.8752,3.1484,3.4493,0.0,,55714.3948,55327.5448,49113.6833,382757.8923,380100.2328,2023-08-05
601956.SH,2021-12-03,6.44,0.8944,0.8944,0.84,29.9569,60.1633,1.9714,0.6319,0.5353,,1.5528,51132.0,20700.0,20700.0,329290.08,133308.0,2023-08-05
300389.SZ,2021-12-03,9.7,2.6928,3.6853,0.46,,,2.732,1.8843,1.5682,0.0,,31899.4173,16388.5245,11974.9969,309424.3478,158968.6877,2023-08-05
002238.SZ,2021-12-03,5.63,0.6781,1.9744,2.09,24.8087,31.0091,2.032,2.5909,2.6438,13.6631,1.7762,80255.916,80255.916,27562.3499,451840.8071,451840.8071,2023-08-05
300799.SZ,2021-12-03,70.2,7.3934,8.7629,0.75,76.526,81.0555,10.0198,35.7012,31.3666,0.1898,0.1923,10208.0,3263.3625,2753.3625,716601.6,229088.0475,2023-08-05
605183.SH,2021-12-03,19.12,7.768,7.768,0.42,41.2835,30.7574,3.3632,7.566,5.8348,,2.5927,41758.79,4872.0375,4872.0375,798428.0648,93153.357,2023-08-05
688038.SH,2021-12-03,19.21,2.4957,2.4957,0.73,40.356,52.3109,3.1225,4.5074,4.6747,,,11637.34,2366.6426,2366.6426,223553.3014,45463.2043,2023-08-05
603128.SH,2021-12-03,12.98,0.6346,1.2271,0.7,32.0411,21.3375,3.4429,1.2059,0.8139,0.2916,1.873,130946.2971,130946.2971,67717.8975,1699682.9364,1699682.9364,2023-08-05
300920.SZ,2021-12-03,36.74,7.5588,7.9698,0.36,28.94,34.1921,3.167,8.463,7.4116,,1.0887,10000.0,2500.0,2371.0644,367400.0,91850.0,2023-08-05
600536.SH,2021-12-03,51.03,1.1468,1.6282,0.68,369.887,156.9907,13.7339,3.4067,2.64,0.0784,0.0823,49456.2782,49456.2782,34833.4836,2523753.8765,2523753.8765,2023-08-05
600268.SH,2021-12-03,10.89,4.171,9.1779,0.83,112.2036,30.355,3.016,1.5046,1.2982,0.4591,0.4591,69526.5184,69526.5184,31596.9712,757143.7854,757143.7854,2023-08-05
300588.SZ,2021-12-03,13.52,7.4129,8.8679,0.69,,,8.1719,8.1562,9.1257,0.0444,,16317.8,10495.4975,8773.4975,220616.656,141899.1262,2023-08-05
600009.SH,2021-12-03,46.02,1.4197,1.7234,0.7,,,3.1711,20.6063,24.5445,1.7166,,192695.8448,109347.6397,90078.0553,8867862.7777,5032178.379,2023-08-05
603028.SH,2021-12-03,13.35,3.098,6.35,0.71,71.264,62.746,4.9469,5.1059,4.2908,0.1152,0.4322,28704.0,28704.0,14003.7164,383198.4,383198.4,2023-08-05
603112.SH,2021-12-03,12.54,1.2951,1.8367,0.81,22.3208,15.1954,2.7559,2.806,1.8039,,1.3557,43609.049,15386.4926,10848.9926,546857.4745,192946.6172,2023-08-05
002421.SZ,2021-12-03,3.62,0.6838,0.8468,0.58,22.0851,19.8291,2.1216,2.1685,2.0046,0.8337,1.1056,192348.8229,178269.793,143958.6791,696302.7389,645336.6507,2023-08-05
600736.SH,2021-12-03,4.4,0.4308,0.7664,1.07,16.7707,11.2663,0.7168,0.5045,0.3987,1.1818,0.9091,115129.2907,115129.2907,64709.8013,506568.8791,506568.8791,2023-08-05
688311.SH,2021-12-03,79.13,2.0144,2.3882,0.62,84.7608,73.6878,5.3512,21.4394,18.6943,,,11467.0,6597.868,5565.188,907383.71,522089.2948,2023-08-05
601007.SH,2021-12-03,5.45,0.3129,0.5539,0.55,48.9757,52.6892,1.3909,1.8641,1.6627,0.0,0.7057,39000.0,39000.0,22033.2082,212550.0,212550.0,2023-08-05
600059.SH,2021-12-03,11.43,1.373,2.1362,1.17,69.2318,54.2196,1.9701,8.009,6.7677,0.776,0.4374,91154.2413,91154.2413,58586.7296,1041892.9781,1041892.9781,2023-08-05
000932.SZ,2021-12-03,5.29,2.2885,3.821,0.95,5.7147,3.9206,0.8397,0.3143,0.2168,4.1926,3.5218,690863.2499,571794.3441,342471.7291,3654666.592,3024792.0803,2023-08-05
002841.SZ,2021-12-03,70.4,0.2982,0.4301,0.54,24.6776,27.2985,6.0048,2.7395,2.3492,1.0479,1.4236,66654.9706,45115.6544,31279.4144,4692509.9302,3176142.0698,2023-08-05
300987.SZ,2021-12-03,33.06,12.4285,12.4285,0.47,73.3588,74.1373,5.8778,22.6767,24.2736,,,13336.0,3002.4,3002.4,440888.16,99259.344,2023-08-05
688138.SH,2021-12-03,17.79,1.5857,1.6675,0.95,62.2146,106.162,4.0047,9.7423,9.6663,,,26680.0,8155.0,7755.0,474637.2,145077.45,2023-08-05
688018.SH,2021-12-03,211.5,5.5685,6.1087,1.86,162.9342,98.9143,0.3782,20.3944,13.496,,,8015.8963,4529.8963,4129.329,1695362.0675,958073.0675,2023-08-05
603920.SH,2021-12-03,21.96,2.1771,6.6197,0.82,38.4815,47.764,4.4794,4.6089,3.5091,1.7518,2.1017,53224.1276,52944.9266,17412.8769,1168801.8421,1162670.5881,2023-08-05
601377.SH,2021-12-03,9.1,1.9602,2.7577,1.46,15.2223,13.5497,1.5249,3.4665,3.3917,0.8791,1.978,669667.1674,669667.1674,476017.6671,6093971.2233,6093971.2233,2023-08-05
300916.SZ,2021-12-03,69.65,13.2646,14.4163,1.02,49.8345,33.9961,4.8218,5.7443,4.8077,,0.2872,6387.0,1736.199,1597.5,444854.55,120926.2604,2023-08-05
300039.SZ,2021-12-03,4.76,0.4186,0.6277,0.47,46.917,42.965,1.6402,5.4834,4.7186,2.1008,0.6303,104600.0,91671.5119,61127.4187,497896.0,436356.3966,2023-08-05
003026.SZ,2021-12-03,89.5,5.7067,5.7067,0.53,102.9491,64.4934,11.7281,32.7199,22.7967,,1.1173,9976.0,2494.7,2494.7,892852.0,223275.65,2023-08-05
301099.SZ,2021-12-03,89.41,43.8779,43.8779,1.35,120.1032,76.4308,8.9221,6.516,5.294,,,8000.0,1631.5164,1631.5164,715280.0,145873.8813,2023-08-05
300132.SZ,2021-12-03,11.32,6.0068,7.1062,0.98,12.6904,26.3946,1.847,1.5131,1.5485,1.1926,1.5901,51658.0886,47390.2511,40058.3932,584769.563,536457.6425,2023-08-05
605166.SH,2021-12-03,15.47,6.4288,9.4267,0.9,42.1417,19.2701,3.6556,1.9036,1.0474,,0.6464,31554.7,18760.5112,12794.1888,488151.209,290225.1083,2023-08-05
600326.SH,2021-12-03,6.37,0.6908,0.8785,1.03,13.3962,32.9676,1.3704,0.8268,0.8939,1.1832,1.2559,91854.829,91854.829,72234.7698,585115.2607,585115.2607,2023-08-05
300390.SZ,2021-12-03,112.88,2.8727,3.5728,0.68,230.0614,108.4792,25.6166,50.1041,25.5882,0.0419,0.0886,58288.0538,42067.3232,33824.0396,6579555.5129,4748559.4428,2023-08-05
300706.SZ,2021-12-03,30.39,6.1273,7.5163,0.73,792.0538,317.6793,6.2216,13.1229,8.4517,0.0911,0.0304,15285.2499,7888.5002,6430.7574,464518.7445,239731.5211,2023-08-05
300069.SZ,2021-12-03,24.4,0.8058,1.4191,0.72,,,9.649,22.2109,19.4423,0.0,,11700.0,11700.0,6643.7463,285480.0,285480.0,2023-08-05
600730.SH,2021-12-03,5.75,1.298,1.623,0.84,181.1725,185.444,1.7647,32.7511,31.0025,0.0,0.167,58665.6002,58665.6002,46917.3018,337327.2012,337327.2012,2023-08-05
603867.SH,2021-12-03,36.81,9.2264,9.2264,1.06,25.2327,32.567,3.3612,2.2345,2.0627,0.6748,1.2225,14090.0,8470.3624,8470.3624,518652.9,311794.0399,2023-08-05
688658.SH,2021-12-03,24.49,11.7486,11.7486,2.6,24.9256,19.6206,2.9373,2.5399,2.2586,,,45000.0,8730.0,8730.0,1102050.0,213797.7,2023-08-05
601279.SH,2021-12-03,8.67,13.8282,13.8282,1.13,78.4122,86.161,3.6276,2.5809,2.5849,,,149425.3157,14942.5316,14942.5316,1295517.4871,129551.749,2023-08-05
600908.SH,2021-12-03,5.61,0.7332,0.8938,0.97,7.9627,6.9388,0.8099,2.6807,2.4451,3.1854,3.2085,186167.4454,176369.8917,144680.255,1044399.3687,989435.0924,2023-08-05
300180.SZ,2021-12-03,4.92,1.0867,1.3361,0.5,,,1.6544,2.6916,2.0421,0.3933,,176106.0155,142338.3341,115773.3972,866441.5963,700304.6038,2023-08-05
605339.SH,2021-12-03,31.78,1.6723,1.6723,0.68,41.383,34.2938,4.5031,5.7956,4.8665,,0.8181,42352.9412,6352.9412,6352.9412,1345976.4713,201896.4713,2023-08-05
601000.SH,2021-12-03,2.76,2.6879,5.718,4.2,8.8763,7.3081,0.9019,2.0869,2.6405,3.2609,12.6812,592592.8614,592592.8614,278564.6439,1635556.2975,1635556.2975,2023-08-05
002262.SZ,2021-12-03,15.0,0.7645,1.3868,0.92,20.7373,18.2026,3.1653,4.4964,3.8966,0.6743,0.6667,100758.8092,88197.2775,48619.479,1511382.138,1322959.1625,2023-08-05
600138.SH,2021-12-03,9.76,0.8762,1.0953,0.52,,,1.1099,0.988,0.8088,0.4098,,72384.0,72384.0,57906.0,706467.84,706467.84,2023-08-05
300324.SZ,2021-12-03,3.87,2.7969,4.8286,0.87,,,1.7574,2.3898,2.1966,1.1799,,172759.0595,125803.0365,72869.4403,668577.5603,486857.7513,2023-08-05
603843.SH,2021-12-03,4.81,2.7947,6.18,0.83,30.5009,27.9435,1.6842,0.688,0.7184,0.3328,0.4992,69962.3237,56000.42,25324.2545,336518.777,269362.0202,2023-08-05
300850.SZ,2021-12-03,194.17,2.0019,2.6544,0.75,88.6667,66.5558,11.3388,18.2419,14.1925,,0.1154,19394.6351,10361.5,7814.2237,3765856.2974,2011892.455,2023-08-05
300082.SZ,2021-12-03,17.74,2.6123,5.5674,1.04,29.9582,40.4593,3.7243,2.1135,1.7577,2.013,2.0124,68009.82,67767.6401,31797.7828,1206494.2068,1202197.9354,2023-08-05
002708.SZ,2021-12-03,7.39,12.7712,24.7335,10.78,71.5272,92.8131,2.3751,2.5114,2.2287,0.0,,48741.1076,39548.056,20420.6951,360196.7852,292260.1338,2023-08-05
600733.SH,2021-12-03,12.21,3.8215,4.0761,1.37,,,3.815,9.9286,7.0278,0.0,,428731.013,270200.1588,253324.3201,5234805.6687,3299143.9389,2023-08-05
600119.SH,2021-12-03,7.13,0.4394,0.6827,0.83,,,7.3554,5.2143,2.7913,0.0,,36527.037,30740.0,19785.1609,260437.7738,219176.2,2023-08-05
688002.SH,2021-12-03,85.49,1.3953,1.3953,0.69,65.1195,70.0465,11.5626,24.364,22.4791,,,44500.0,23112.857,23112.857,3804305.0,1975918.1449,2023-08-05
000860.SZ,2021-12-03,39.23,10.811,17.2993,6.19,69.2831,81.2078,3.6197,1.876,1.9792,0.3824,0.2549,74176.6989,74176.6989,46355.7321,2909951.8978,2909951.8978,2023-08-05
300257.SZ,2021-12-03,14.71,0.3911,0.8983,0.91,57.0945,50.0954,2.9705,4.8364,4.2551,0.0,0.2039,99363.5018,81812.0008,35621.5747,1461637.1115,1203454.5318,2023-08-05
600517.SH,2021-12-03,7.38,2.3445,3.8178,0.64,35.8858,35.1282,2.3424,8.3664,8.0399,0.0,0.8401,571843.5744,189963.9925,116657.3593,4220205.5791,1401934.2647,2023-08-05
000572.SZ,2021-12-03,6.63,2.367,3.6141,0.54,,,3.205,7.9296,6.8691,0.0,,164463.6426,164215.5224,107553.2273,1090393.9504,1088748.9135,2023-08-05
300493.SZ,2021-12-03,7.64,1.3698,2.2472,0.8,82.5629,63.4093,4.742,2.6807,2.1217,0.2567,0.3927,48656.8962,47706.8962,29080.8212,371738.687,364480.687,2023-08-05
002127.SZ,2021-12-03,6.65,1.3204,1.5371,0.73,13.7416,18.7804,3.4074,3.913,3.9109,1.8518,2.4014,245487.0403,196425.9843,168727.3962,1632488.818,1306232.7956,2023-08-05
603333.SH,2021-12-03,9.33,2.8496,6.8408,0.58,291.7696,,3.2406,2.3754,2.2047,0.647,,51676.5682,51676.5682,21526.5682,482142.3813,482142.3813,2023-08-05
600821.SH,2021-12-03,10.66,9.3878,12.9984,1.6,290.5507,45.3766,3.4011,12.0702,9.6174,0.0,,153635.6503,96571.7189,69746.5638,1637756.0322,1029454.5235,2023-08-05
600653.SH,2021-12-03,1.98,2.8922,3.7528,1.73,,,3.4786,0.5587,0.5155,0.0,,194638.0317,194638.0317,150001.5051,385383.3028,385383.3028,2023-08-05
002344.SZ,2021-12-03,4.51,0.7751,1.6488,0.7,29.7331,21.0753,0.7287,4.0594,4.1327,0.4212,0.4212,128274.5046,128159.3178,60247.3111,578518.0157,577998.5233,2023-08-05
836077.BJ,2021-12-03,60.11,1.8409,1.8409,0.79,137.558,82.3947,26.6566,17.3741,20.3513,,,31863.6363,9058.5679,9058.5679,1915323.178,544510.5165,2023-08-05
300283.SZ,2021-12-03,7.56,3.9679,4.6933,0.44,94.592,50.6591,4.0955,1.8778,1.4008,0.163,0.2646,43708.523,29861.4485,25245.757,330436.4339,225752.5507,2023-08-05
688156.SH,2021-12-03,18.38,0.6625,0.7156,0.64,35.358,23.7035,2.2945,6.7413,5.0228,,,9184.0,6949.84,6434.05,168801.92,127738.0592,2023-08-05
002105.SZ,2021-12-03,9.72,1.2474,2.3811,0.59,21.6848,14.0408,4.5614,1.9182,1.4602,1.0232,2.0353,36850.0,36850.0,19305.1053,358182.0,358182.0,2023-08-05
601728.SH,2021-12-03,4.32,2.8503,2.1701,2.14,18.9552,15.5171,0.9275,1.0138,0.9287,,,9150713.8699,440532.8291,578611.318,39531083.918,1903101.8217,2023-08-05
600872.SH,2021-12-03,33.15,1.516,2.3509,1.0,29.6748,44.8476,7.6388,5.1545,5.5886,0.8446,2.0513,79663.7194,79663.7194,51372.0839,2640852.2981,2640852.2981,2023-08-05
601008.SH,2021-12-03,3.8,4.3988,8.6344,7.05,127.2588,53.0459,1.1843,2.9066,2.3699,0.0459,0.4594,124063.8006,100429.8189,51163.7271,471442.4423,381633.3118,2023-08-05
603383.SH,2021-12-03,37.13,0.89,1.8926,0.84,57.5733,50.9012,5.2673,17.8476,14.1895,0.9619,1.0773,16825.0516,16825.0516,7912.2482,624714.1659,624714.1659,2023-08-05
605389.SH,2021-12-03,47.38,1.5855,1.5855,0.67,19.5528,20.6828,2.6529,5.3186,4.8346,,0.6332,9733.34,2433.34,2433.34,461165.6492,115291.6492,2023-08-05
600477.SH,2021-12-03,3.7,0.671,1.1711,1.17,11.0077,18.2461,1.9033,0.9791,0.8141,2.7027,2.8378,215373.7411,215359.2409,123397.3745,796882.8421,796829.1913,2023-08-05
000928.SZ,2021-12-03,8.78,2.0726,4.5668,0.82,18.6695,13.6867,1.878,0.758,0.7013,1.4536,2.7282,128008.1086,128004.9886,58094.6381,1123911.1935,1123883.7999,2023-08-05
002969.SZ,2021-12-03,5.41,0.5741,1.2239,0.48,150.724,37.6676,2.3783,2.6128,1.7018,0.3477,0.1845,96226.5735,44417.6962,20835.4437,520585.7626,240299.7364,2023-08-05
688091.SH,2021-12-03,48.81,4.5063,4.5063,1.23,,,4.4541,,,,,10580.0,2413.3916,2413.3916,516409.8,117797.644,2023-08-05
002662.SZ,2021-12-03,4.16,2.2822,5.176,1.17,55.4514,30.5786,1.7975,1.6622,1.636,0.0,,150000.0,149998.11,66137.1013,624000.0,623992.1376,2023-08-05
600482.SH,2021-12-03,18.31,0.3664,0.7573,0.85,72.8776,83.6592,1.0983,1.4645,1.433,0.0,0.4151,216068.2115,202743.2396,98085.5641,3956208.9526,3712228.7171,2023-08-05
603713.SH,2021-12-03,123.2,1.0592,2.5346,0.92,70.2411,53.5243,6.7105,5.9133,2.8988,0.1451,0.211,16448.4436,16278.7186,6802.9992,2026448.2515,2005538.1315,2023-08-05
300798.SZ,2021-12-03,9.78,0.9055,2.7953,0.58,178.4706,61.4621,3.2692,5.4215,4.3331,0.5112,0.2045,41774.8945,21022.1808,6809.9745,408558.4682,205596.9282,2023-08-05
688538.SH,2021-12-03,3.04,0.9277,0.9277,0.64,,,2.3769,16.7785,11.5024,,,1380943.7625,227922.7458,227922.7458,4198069.038,692885.1472,2023-08-05
002888.SZ,2021-12-03,12.34,0.8513,1.2898,0.83,60.2676,57.0791,4.2908,6.9516,6.0659,1.3506,0.5402,14961.168,7519.1926,4963.1261,184620.8131,92786.8367,2023-08-05
000791.SZ,2021-12-03,6.75,4.9312,13.1656,0.81,20.7581,34.1479,1.338,4.0518,4.4914,1.4815,1.9259,135957.668,135955.043,50921.8703,917714.259,917696.5403,2023-08-05
002625.SZ,2021-12-03,24.05,4.9715,6.0329,3.07,317.5707,285.1217,6.4833,81.4093,74.3463,0.0,,215458.7862,148829.4977,122646.0726,5181783.8081,3579349.4197,2023-08-05
600373.SH,2021-12-03,10.57,1.1728,2.6507,0.54,7.9325,6.3752,0.8885,1.3853,1.344,4.7304,5.2034,135506.3719,135506.3719,59952.2687,1432302.351,1432302.351,2023-08-05
300507.SZ,2021-12-03,12.25,23.7793,32.7903,1.24,58.1171,57.3512,3.7564,7.4494,7.182,0.3632,0.5054,49470.5567,27063.0492,19625.986,606014.3196,331522.3527,2023-08-05
605338.SH,2021-12-03,32.46,1.5583,1.5583,0.93,45.8781,26.9828,4.4224,8.2557,6.2283,,0.4929,24800.0,8626.37,8626.37,805008.0,280011.9702,2023-08-05
603489.SH,2021-12-03,241.99,0.2603,0.5736,0.59,72.3723,54.9262,11.6309,20.8382,12.518,0.4122,0.8265,12031.4955,7140.0,3239.9929,2911501.596,1727808.6,2023-08-05
002158.SZ,2021-12-03,27.08,1.9127,4.9705,1.16,39.8894,29.8098,5.8104,6.3747,4.8999,0.9234,1.2186,53488.1805,53312.6491,20514.9001,1448459.9279,1443706.5376,2023-08-05
688356.SH,2021-12-03,386.0,0.8886,1.1137,0.55,270.3115,134.7191,23.3733,124.1007,71.7859,,,6000.0,3523.7543,2811.6162,2316000.0,1360169.1598,2023-08-05
002637.SZ,2021-12-03,17.81,1.8597,2.571,1.02,24.3034,14.3789,2.1696,1.0736,0.7833,0.5045,0.8422,47040.1,39555.3475,28611.6675,837784.181,704480.739,2023-08-05
601005.SH,2021-12-03,2.1,1.2184,1.6251,0.87,29.3339,5.9498,0.8146,0.7648,0.4886,0.0,,891860.2267,838047.5067,628349.3467,1872906.4761,1759899.7641,2023-08-05
832171.BJ,2021-12-03,17.23,13.0086,13.0086,1.38,26.0031,21.4283,3.1833,3.6976,3.8244,,,6464.2592,2051.7513,2051.7513,111379.186,35351.6749,2023-08-05
600209.SH,2021-12-03,5.98,1.5394,1.9595,0.73,,,6.9748,48.2701,26.4191,0.0,,43901.1169,43901.1169,34488.2651,262528.6791,262528.6791,2023-08-05
300029.SZ,2021-12-03,6.51,1.6918,2.2465,1.52,,,,11.5707,6.7669,0.0,,20000.0,20000.0,15061.29,130200.0,130200.0,2023-08-05
002910.SZ,2021-12-03,10.73,1.531,3.3304,0.76,238.5283,68.2854,1.5397,3.3703,2.6264,0.4042,0.1874,23238.1032,17106.195,7863.6235,249344.8473,183549.4724,2023-08-05
603357.SH,2021-12-03,8.93,0.3282,0.6388,0.9,11.1747,10.45,1.4448,2.1252,1.7512,2.4636,2.7996,45454.2698,45454.2698,23351.0698,405906.6293,405906.6293,2023-08-05
688233.SH,2021-12-03,94.16,3.6121,4.3807,0.69,150.2406,71.2627,11.0396,78.4268,35.1628,,,16000.0,8151.2284,6721.0579,1506560.0,767519.6661,2023-08-05
600563.SH,2021-12-03,248.57,0.9653,1.6813,0.81,100.6702,75.6145,17.7341,29.5827,21.7186,0.523,0.523,22500.0,22500.0,12917.9776,5592825.0,5592825.0,2023-08-05
600242.SH,2021-12-03,2.42,1.3672,1.9926,0.89,116.6616,,2.2529,1.1061,1.5182,0.0,,45666.5122,45129.4545,30964.139,110512.9595,109213.2799,2023-08-05
688016.SH,2021-12-03,254.2,1.1441,1.2617,0.65,85.2551,60.5466,12.8926,38.9086,28.0529,,,7197.8147,3862.5214,3502.6491,1829684.4967,981852.9399,2023-08-05
603630.SH,2021-12-03,23.4,2.6546,7.2108,1.41,45.3419,54.6194,2.8269,5.3915,4.8347,0.5486,0.3837,22668.1,22498.516,8282.6898,530433.54,526465.2744,2023-08-05
300709.SZ,2021-12-03,56.19,5.1948,6.0751,1.02,58.6435,45.9806,4.1346,5.3184,3.8301,0.3093,0.2778,14804.5091,11624.2001,9939.873,831865.3663,653163.8036,2023-08-05
600981.SH,2021-12-03,2.72,0.3008,0.9229,1.38,25.6464,26.1667,1.1126,0.1611,0.1247,1.8382,1.2868,224243.3192,224243.3192,73085.2181,609941.8282,609941.8282,2023-08-05
300888.SZ,2021-12-03,83.2,0.8761,1.4829,0.42,9.3124,20.1117,3.321,2.831,4.0183,,2.1635,42649.2308,13605.346,8038.2228,3548416.0026,1131964.7872,2023-08-05
600176.SH,2021-12-03,17.76,0.9226,1.6064,0.73,29.4257,13.0665,3.3971,6.0942,4.0334,0.9508,1.1035,400313.6728,400313.6728,229917.2063,7109570.8289,7109570.8289,2023-08-05
300041.SZ,2021-12-03,16.44,1.8803,2.0219,0.63,32.4643,29.6042,3.2373,3.2739,2.5238,1.0231,,43088.8395,34870.6101,32429.4774,708380.5214,573272.83,2023-08-05
300678.SZ,2021-12-03,22.36,20.3673,42.0988,1.18,123.6117,135.5871,6.5045,9.2155,9.7553,0.2236,0.2236,18000.0,18000.0,8708.3638,402480.0,402480.0,2023-08-05
688180.SH,2021-12-03,56.9,0.8633,1.0497,0.48,,,6.7361,32.4924,15.6924,,,91075.67,43138.5163,35479.5163,5182205.623,2454581.5775,2023-08-05
837242.BJ,2021-12-03,12.61,0.8901,1.1696,0.9,21.0041,18.1613,1.9805,2.103,1.6816,,,6238.8,2422.68,1843.718,78671.268,30549.9948,2023-08-05
603127.SH,2021-12-03,132.9,0.8041,1.729,1.23,160.5755,113.7383,7.422,47.0149,38.8746,0.1295,0.1874,38061.3356,31963.5099,14864.7437,5058351.5012,4247950.4657,2023-08-05
300879.SZ,2021-12-03,19.83,2.9474,2.9474,0.79,41.3655,36.7577,3.2626,3.1693,2.2413,,0.5043,16000.0,5500.0,5500.0,317280.0,109065.0,2023-08-05
688711.SH,2021-12-03,157.9,7.4597,7.4597,1.18,583.8333,283.9412,17.7894,46.896,33.4535,,,9849.3334,2023.4041,2023.4041,1555209.7439,319495.5074,2023-08-05
601991.SH,2021-12-03,2.66,0.8726,5.2612,2.33,16.1921,128.3667,1.2638,0.5149,0.4835,2.4436,3.4211,1850671.0504,1239608.9106,205603.0205,4922784.9941,3297359.7022,2023-08-05
002129.SZ,2021-12-03,41.35,2.1607,3.0786,1.19,122.7114,44.4823,4.3961,7.0123,3.8434,0.0625,0.1362,323173.3699,303127.279,212745.9457,13363218.8454,12534312.9867,2023-08-05
300645.SZ,2021-12-03,26.21,18.6155,31.2743,2.58,121.0537,89.1345,5.0524,4.0524,3.8258,0.2272,0.1142,12764.888,12764.888,7598.0758,334567.7145,334567.7145,2023-08-05
600572.SH,2021-12-03,4.34,0.8105,1.2376,0.84,24.606,89.8263,2.3863,1.8876,1.863,0.0,,257003.7319,256329.5466,167869.917,1115396.1964,1112470.2322,2023-08-05
300386.SZ,2021-12-03,14.61,2.2506,2.9609,0.36,97.411,,3.3429,6.7977,7.159,0.1369,0.1369,41804.4,24220.585,18410.0959,610762.284,353862.7469,2023-08-05
600233.SH,2021-12-03,16.61,0.6916,1.7486,0.7,29.7069,39.3182,2.977,1.5036,1.2488,0.9044,0.9031,315983.0686,315957.9446,124958.3834,5248478.7694,5248061.4598,2023-08-05
603319.SH,2021-12-03,28.92,9.4735,13.2134,0.84,27.8434,27.686,3.3627,3.2965,2.7029,0.6239,1.1018,16060.9845,16060.9845,11515.1818,464483.6717,464483.6717,2023-08-05
603110.SH,2021-12-03,39.1,1.3262,2.506,0.73,158.0623,117.5232,11.4327,18.9602,19.2865,1.0047,,20122.6732,20122.6732,10649.0095,786796.5221,786796.5221,2023-08-05
600667.SH,2021-12-03,8.42,0.8774,1.3151,0.7,21.2914,19.3493,2.3145,0.9937,0.8291,1.7577,2.019,210619.0178,210619.0178,140516.371,1773412.1299,1773412.1299,2023-08-05
832278.BJ,2021-12-03,9.86,0.4995,0.5331,0.96,31.9417,34.6832,4.6178,4.1778,4.161,,,17600.0,5669.88,5312.56,173536.0,55905.0168,2023-08-05
002218.SZ,2021-12-03,7.6,10.5628,18.8247,4.85,64.7917,55.2595,2.5349,7.8932,7.3498,0.2878,,141302.0549,121571.9804,68216.0426,1073895.6172,923947.051,2023-08-05
603178.SH,2021-12-03,18.34,11.7383,46.2879,1.54,66.284,37.7509,4.9939,3.0164,2.5979,0.0,0.4635,20096.3,20096.3,5096.3,368566.142,368566.142,2023-08-05
600731.SH,2021-12-03,9.42,12.0489,15.7583,2.7,15.0462,15.1067,2.6352,2.1468,1.9168,0.0,0.3266,46178.9508,46102.9757,35250.6841,435005.7165,434290.0311,2023-08-05
603600.SH,2021-12-03,11.45,0.2871,0.6096,0.45,14.898,18.6264,2.4123,1.0088,0.7585,1.7469,2.1834,30251.264,30251.264,14244.9469,346376.9728,346376.9728,2023-08-05
002771.SZ,2021-12-03,10.48,0.8124,1.3371,0.54,107.5768,332.0726,3.1382,3.3212,3.2953,0.334,0.1908,20976.41,20287.5302,12325.6186,219832.7768,212613.3165,2023-08-05
833427.BJ,2021-12-03,10.56,0.8841,0.917,0.72,18.7067,14.9375,2.5728,5.1011,4.5867,,,8247.6,2066.16,1991.9844,87094.656,21818.6496,2023-08-05
600594.SH,2021-12-03,7.11,4.5314,5.9171,1.2,24.6139,16.8161,1.583,1.6497,1.5703,8.4388,1.8284,79192.74,79192.74,60646.9764,563060.3814,563060.3814,2023-08-05
603993.SH,2021-12-03,6.09,1.3088,3.3155,0.84,56.4841,30.7519,3.3329,1.1643,0.8261,0.7061,0.5419,2159924.0583,1761725.9296,695425.8896,13153937.515,10728910.9113,2023-08-05
301037.SZ,2021-12-03,26.71,10.3887,10.3887,1.12,26.7993,39.9325,2.9288,1.1901,0.7823,,,9010.0,2135.8977,2135.8977,240657.1,57049.8276,2023-08-05
600060.SH,2021-12-03,13.13,0.7896,1.4962,0.68,14.3713,13.7878,1.1028,0.437,0.3755,0.9673,2.057,130848.1222,128908.1222,68028.202,1718035.8445,1692563.6445,2023-08-05
603156.SH,2021-12-03,29.37,0.3609,0.8867,1.62,23.5558,18.2206,3.1106,8.3954,5.7897,5.6747,4.0858,126549.36,126549.36,51512.8506,3716754.7032,3716754.7032,2023-08-05
601598.SH,2021-12-03,4.47,4.1428,4.733,1.37,12.0104,8.8166,1.0165,0.3913,0.2755,2.6846,2.6846,740080.3875,135163.7231,118310.3236,3308159.3321,604181.8423,2023-08-05
300275.SZ,2021-12-03,12.64,15.5125,16.9554,1.44,87.8371,86.9828,3.3382,8.3556,7.9923,0.1695,0.1978,18822.0755,14587.1083,13345.7383,237911.0343,184381.0489,2023-08-05
300598.SZ,2021-12-03,69.46,2.1474,3.7051,0.53,188.7559,203.8047,9.6667,11.8455,8.5814,0.0086,0.0618,15994.6329,15992.878,9269.3742,1110987.2012,1110865.3059,2023-08-05
600577.SH,2021-12-03,9.4,1.6867,2.098,0.61,44.6427,34.7179,4.3395,1.5025,1.0825,1.2329,0.2055,198946.3184,198946.3184,159946.3127,1870095.393,1870095.393,2023-08-05
688798.SH,2021-12-03,233.51,1.444,1.444,1.12,381.1863,178.301,10.7316,26.9623,18.2029,,,16600.0,3197.7586,3197.7586,3876266.0,746708.6107,2023-08-05
836260.BJ,2021-12-03,18.66,2.6015,2.6015,0.6,21.1203,27.4135,2.7147,5.0038,5.5038,,,5050.0,1605.5543,1605.5543,94233.0,29959.6432,2023-08-05
601003.SH,2021-12-03,5.31,0.3567,2.0387,0.98,7.9183,4.8838,1.0123,0.2488,0.1647,8.4746,4.7081,256279.32,256279.32,44836.0065,1360843.1892,1360843.1892,2023-08-05
000028.SZ,2021-12-03,33.18,0.2941,0.8454,0.67,10.1329,9.6081,0.9677,0.2381,0.2121,1.8083,2.4111,42812.6983,36773.3625,12791.6361,1420525.3296,1220140.1678,2023-08-05
301004.SZ,2021-12-03,21.04,4.7548,4.7548,0.4,32.4504,24.386,3.7892,5.917,4.0324,,0.9506,10000.0,2371.1016,2371.1016,210400.0,49887.9777,2023-08-05
688268.SH,2021-12-03,83.0,1.8726,1.8727,0.66,93.5463,73.5463,7.4131,9.9641,7.597,,,12000.0,3344.35,3344.174,996000.0,277581.05,2023-08-05
600742.SH,2021-12-03,17.17,6.7523,10.8955,1.19,18.6126,15.7598,1.728,0.5886,0.5669,0.8837,1.7472,66912.0968,66912.0968,41467.9132,1148880.7021,1148880.7021,2023-08-05
300642.SZ,2021-12-03,32.1,2.8546,3.947,0.91,43.6481,27.3397,3.9096,10.7478,7.8182,0.6903,0.6923,16392.2139,13867.2864,10029.1508,526190.0662,445139.8934,2023-08-05
600399.SH,2021-12-03,24.5,1.436,2.0297,0.8,87.5911,58.0541,8.4536,7.7029,6.7798,0.0,,197210.0,197210.0,139522.3556,4831645.0,4831645.0,2023-08-05
600015.SH,2021-12-03,5.69,0.1868,0.4699,1.07,4.1153,3.7496,0.3791,0.9186,0.9013,4.3761,5.29,1538722.3983,1282268.6653,509783.4834,8755330.4463,7296108.7056,2023-08-05
688289.SH,2021-12-03,54.77,0.8132,1.3161,0.35,8.3727,9.2794,3.612,4.5997,4.9511,,,40000.0,23715.516,14654.085,2190800.0,1298898.8113,2023-08-05
300823.SZ,2021-12-03,24.3,4.2806,5.1726,1.12,25.3311,23.5797,2.3784,4.8769,4.7309,0.8889,1.7613,9355.9091,3817.4531,3159.1476,227348.5911,92764.1103,2023-08-05
600586.SH,2021-12-03,9.62,3.4031,5.0068,2.16,41.5345,9.8497,2.5124,2.8142,2.0971,0.3119,0.3119,142877.0,142877.0,97113.4722,1374476.74,1374476.74,2023-08-05
300545.SZ,2021-12-03,25.55,9.7418,12.1559,1.59,61.1289,100.0249,3.2788,5.8058,5.0632,0.3173,0.3914,17774.1208,11025.6342,8835.9861,454128.7864,281704.9538,2023-08-05
603980.SH,2021-12-03,6.17,0.4524,0.6783,1.06,18.7334,18.3009,0.9597,2.3572,1.9332,7.2934,2.6742,70000.0,70000.0,46686.9225,431900.0,431900.0,2023-08-05
002342.SZ,2021-12-03,4.38,3.3869,4.7772,0.65,126.8155,122.7684,1.6986,1.8986,1.6929,0.0685,0.1142,96000.0,88108.5,62466.5,420480.0,385915.23,2023-08-05
000830.SZ,2021-12-03,15.72,2.5095,3.7806,0.88,36.2933,7.5592,1.7682,1.7016,1.0328,2.4467,3.1807,190431.9011,146407.9243,97183.0779,2993589.4853,2301532.57,2023-08-05
003030.SZ,2021-12-03,24.25,1.8212,1.8212,0.62,29.9626,45.4021,3.016,2.4698,2.3332,,1.0309,12478.0,3120.0,3120.0,302591.5,75660.0,2023-08-05
000156.SZ,2021-12-03,7.37,0.3824,0.8952,0.8,16.1866,13.4665,0.9854,1.8022,1.3263,6.6125,2.3066,185293.2442,128029.5337,54686.8435,1365611.2098,943577.6634,2023-08-05
300098.SZ,2021-12-03,5.12,3.1012,3.2209,0.7,,,2.6622,3.8251,3.6598,0.0,,173778.2275,145755.7381,140341.0763,889744.5248,746269.3791,2023-08-05
002181.SZ,2021-12-03,4.08,0.2034,0.6238,0.61,15.1106,34.6611,1.1123,9.346,9.0448,1.9363,1.4706,116105.8174,113443.2577,36994.9195,473711.735,462848.4914,2023-08-05
000927.SZ,2021-12-03,3.65,3.8843,5.152,0.76,23.5407,16.1385,2.9464,0.4966,0.2519,0.0,,605035.3641,126168.4033,95124.5225,2208379.079,460514.672,2023-08-05
603657.SH,2021-12-03,25.5,1.6641,4.6305,0.88,24.0597,24.7999,3.4932,4.0131,2.9586,1.4006,1.9608,13440.0,13440.0,4830.0,342720.0,342720.0,2023-08-05
603612.SH,2021-12-03,22.62,7.066,11.1682,2.91,48.5991,18.225,2.3838,1.7782,1.2359,0.2041,0.8356,45993.5734,43049.1299,27236.6569,1040374.6303,973771.3183,2023-08-05
603779.SH,2021-12-03,8.43,8.6506,14.4727,6.78,,,2.5282,7.1467,6.0754,0.0,,33274.9154,33274.9154,19889.1258,280507.5368,280507.5368,2023-08-05
300576.SZ,2021-12-03,41.55,4.3533,6.5655,1.07,137.5268,134.3958,13.5531,14.3681,10.6068,0.1075,0.1604,18810.4018,11111.0474,7367.2309,781572.1948,461664.0195,2023-08-05
600697.SH,2021-12-03,11.88,0.2863,0.3825,0.6,83.2127,82.4652,0.7173,0.2362,0.2187,3.367,3.367,15908.8075,15515.6015,11614.2124,188996.6331,184325.3458,2023-08-05
300179.SZ,2021-12-03,11.81,4.3405,5.9303,0.54,76.5409,57.7729,6.3097,18.0943,14.8031,1.7025,1.2794,48794.1999,32938.1442,24108.024,576259.5008,388999.483,2023-08-05
002629.SZ,2021-12-03,2.55,1.2721,1.3262,1.04,,,37.4658,9.6752,7.0415,0.0,,41194.8,34459.2783,33055.3337,105046.74,87871.1597,2023-08-05
688557.SH,2021-12-03,28.28,1.1875,1.5415,1.21,24.5394,108.7565,2.407,4.5487,5.3976,,,7267.0,4325.333,3332.108,205510.76,122320.4172,2023-08-05
002545.SZ,2021-12-03,8.25,1.0354,3.1819,0.95,33.2258,23.9474,1.2947,3.871,3.7448,0.9697,1.2121,124406.2083,110977.9065,36111.6543,1026351.2185,915567.7286,2023-08-05
002992.SZ,2021-12-03,14.35,1.5585,1.5585,0.68,83.3246,,1.9541,1.8671,2.1645,0.0,1.9834,17934.9235,7404.9235,7404.9235,257366.1522,106260.6522,2023-08-05
000422.SZ,2021-12-03,27.15,12.8417,17.6103,1.03,210.5195,15.1849,12.8874,1.7659,1.25,0.0,,89786.6712,89781.2984,65470.0299,2437708.1231,2437562.2516,2023-08-05
300466.SZ,2021-12-03,6.15,1.7726,3.0759,0.97,173.8913,889.1107,3.7784,6.0426,5.4072,0.0,,53552.9908,41998.6257,24202.659,329350.8934,258291.5481,2023-08-05
600173.SH,2021-12-03,6.47,3.5928,8.9703,1.75,9.3588,6.4922,1.3059,1.9867,1.2885,2.3204,2.32,70050.6244,70041.6244,28053.1999,453227.5399,453169.3099,2023-08-05
300892.SZ,2021-12-03,39.91,3.7196,4.3918,0.63,29.3795,38.5654,3.5382,2.6557,2.5642,,0.6765,10000.0,3062.5,2593.75,399100.0,122224.375,2023-08-05
603321.SH,2021-12-03,6.9,0.3238,0.8562,0.87,41.4651,45.3412,1.8975,2.9189,2.2762,0.7246,1.4493,30700.0,30700.0,11610.0,211830.0,211830.0,2023-08-05
600303.SH,2021-12-03,4.12,2.5108,3.438,1.68,50.7167,,1.0106,1.0612,0.8597,0.5097,0.6068,67560.4211,67560.4211,49339.6343,278348.9349,278348.9349,2023-08-05
300013.SZ,2021-12-03,4.33,3.936,5.1274,1.15,,,10.8385,2.3976,2.1829,0.0,,44668.7115,44578.7115,34220.3154,193415.5208,193025.8208,2023-08-05
688059.SH,2021-12-03,177.25,3.6742,3.6742,1.26,87.6403,52.2199,9.1918,24.9865,17.3104,,,4400.8,935.17,935.17,780041.8,165758.8825,2023-08-05
688385.SH,2021-12-03,52.14,4.5529,4.5529,0.93,319.6267,102.3208,14.158,25.1157,18.2302,,,81450.2,7973.9128,7973.9128,4246813.428,415759.8134,2023-08-05
002481.SZ,2021-12-03,8.98,0.6681,1.1838,1.04,31.6669,35.8519,3.9447,5.5286,5.4278,0.2227,1.0986,124339.0,109934.56,62048.0305,1116564.22,987212.3488,2023-08-05
603866.SH,2021-12-03,30.7,0.2864,0.709,0.67,33.1125,38.2063,6.1744,4.9024,4.6739,2.2497,2.3267,95221.3783,95221.3783,38465.9995,2923296.3138,2923296.3138,2023-08-05
002678.SZ,2021-12-03,6.7,0.089,0.5378,0.85,53.3386,38.5791,2.51,5.1948,4.2693,0.5224,0.5522,135832.0323,135730.1692,22453.6569,910074.6164,909392.1336,2023-08-05
603233.SH,2021-12-03,33.98,0.7818,2.2172,1.81,25.303,26.5195,5.042,1.843,1.6342,1.221,1.9604,79094.6607,78761.0007,27770.5001,2687636.5706,2676298.8038,2023-08-05
300827.SZ,2021-12-03,101.85,5.4396,5.8579,0.61,173.5782,202.373,15.3765,13.3905,13.1738,0.0,0.1091,13200.048,5392.548,5007.5002,1344424.8888,549231.0138,2023-08-05
300912.SZ,2021-12-03,28.74,4.0499,4.0499,0.58,32.3294,196.3441,2.7353,2.865,3.1123,,0.6193,11196.8,2800.0,2800.0,321796.032,80472.0,2023-08-05
688355.SH,2021-12-03,28.8,5.1227,5.1227,1.04,30.1176,34.4644,3.4942,5.7874,5.2255,,,12307.7692,2615.45,2615.45,354463.753,75324.96,2023-08-05
600019.SH,2021-12-03,7.01,0.641,1.6917,0.89,12.314,5.9111,0.8577,0.5503,0.4314,3.9948,9.1448,2226841.155,2221235.3437,841678.561,15610156.4966,15570859.7593,2023-08-05
603507.SH,2021-12-03,44.57,3.3103,4.9818,0.87,83.1403,40.3218,3.5726,2.8992,2.3943,0.2039,,12563.14,12440.64,8266.466,559939.1498,554479.3248,2023-08-05
600886.SH,2021-12-03,10.58,0.5193,1.3963,1.76,13.3618,19.5697,1.7045,1.8743,1.7566,2.2587,2.6465,696587.3347,696587.3347,259065.5844,7369894.0011,7369894.0011,2023-08-05
002666.SZ,2021-12-03,5.53,2.2771,2.9439,0.83,17.9257,14.7863,1.2691,0.9337,0.7925,0.7233,1.9349,75432.9268,44766.6147,34626.1781,417144.0852,247559.3793,2023-08-05
000409.SZ,2021-12-03,5.24,1.0502,1.2534,0.62,36.2531,46.3333,5.2036,1.2375,6.2019,0.0,,51093.1158,40563.1244,33986.2554,267727.9268,212550.7719,2023-08-05
600395.SH,2021-12-03,7.46,1.6804,5.3607,2.72,14.3195,11.6095,1.7098,1.9051,1.5813,5.3619,5.3619,165505.1861,165505.1861,51878.67,1234668.6883,1234668.6883,2023-08-05
600275.SH,2021-12-03,2.99,1.5203,1.6742,1.27,,,77.102,62.9796,55.3035,0.0,,50883.7238,50883.7238,46204.6275,152142.3342,152142.3342,2023-08-05
300906.SZ,2021-12-03,35.2,19.2536,19.2536,4.1,52.1911,47.0895,3.4874,24.1867,24.0754,,1.4205,8000.0,3155.9674,3155.9674,281600.0,111090.0525,2023-08-05
601890.SH,2021-12-03,9.1,5.6666,8.961,0.83,100.1624,74.5305,2.796,7.8732,6.8259,0.3297,0.3297,95940.0,95940.0,60669.2485,873054.0,873054.0,2023-08-05
300535.SZ,2021-12-03,15.52,1.0545,1.555,0.66,28.4013,20.1327,1.8206,3.4488,2.474,0.5148,0.58,10436.3193,8616.1821,5843.046,161971.6755,133723.1462,2023-08-05
000533.SZ,2021-12-03,3.76,4.5543,7.4708,0.45,30.2283,40.9058,3.7633,1.7578,1.7937,0.0,,69081.6,68490.24,41752.8232,259746.816,257523.3024,2023-08-05
003031.SZ,2021-12-03,85.2,1.8551,1.8551,0.47,129.6374,108.0232,11.4868,15.589,12.6503,,0.218,14933.3333,3733.3333,3733.3333,1272319.9972,318079.9972,2023-08-05
002009.SZ,2021-12-03,25.47,14.206,19.8243,1.58,158.2482,62.5648,4.5782,2.6893,2.3991,0.1227,0.1879,37929.9434,36997.7559,26512.307,966075.6584,942332.8428,2023-08-05
600106.SH,2021-12-03,3.53,4.1076,5.7733,0.7,20.6461,18.3869,1.0217,23.2554,28.2475,1.7255,1.4731,132902.5062,132902.5062,94557.3744,469145.8469,469145.8469,2023-08-05
000586.SZ,2021-12-03,9.05,1.8716,3.1078,0.72,71.8417,45.6592,6.0034,3.6088,3.4198,0.0,,19344.0,19344.0,11649.4369,175063.2,175063.2,2023-08-05
688013.SH,2021-12-03,25.5,1.0266,1.3012,0.77,58.3722,45.1071,4.0863,12.489,10.3353,,,8000.0,3713.2,2929.561,204000.0,94686.6,2023-08-05
601800.SH,2021-12-03,7.72,1.106,5.4762,3.08,7.7008,5.9149,0.5612,0.1989,0.17,3.015,2.343,1616571.1425,1174723.5425,237261.8821,12479929.2201,9068865.7481,2023-08-05
603568.SH,2021-12-03,34.42,0.3593,1.32,0.48,34.4001,27.9619,6.9851,13.8468,10.0182,0.6928,0.8801,125654.2551,125654.2551,34199.5136,4325019.4605,4325019.4605,2023-08-05
688425.SH,2021-12-03,5.18,2.8789,2.8789,2.06,17.6284,15.6719,2.012,3.6301,2.8451,,,533349.7,104901.8078,104901.8078,2762751.446,543391.3644,2023-08-05
002273.SZ,2021-12-03,16.77,2.6774,3.2473,0.64,52.598,48.1354,2.9309,7.2348,6.1068,0.5189,1.0378,139063.2221,118032.7693,97316.9679,2332090.2346,1979409.5412,2023-08-05
600487.SH,2021-12-03,14.99,5.6726,7.6178,2.26,33.3496,23.5497,1.7177,1.0934,0.9614,0.4369,0.3953,236219.3251,228148.6498,169889.7253,3540927.6832,3419948.2605,2023-08-05
002881.SZ,2021-12-03,50.42,2.5701,5.7453,0.89,339.1284,98.3327,14.4574,8.3024,5.3098,0.039,0.0392,18456.32,10355.035,4632.155,930567.6544,522100.8647,2023-08-05
301092.SZ,2021-12-03,39.77,9.3047,9.3047,0.5,41.6135,41.568,3.439,10.7251,9.8857,,,13333.3334,3161.4501,3161.4501,530266.6693,125730.8705,2023-08-05
836720.BJ,2021-12-03,25.56,8.3656,8.3656,0.84,51.9757,39.7998,6.1123,8.6853,6.9141,,,8841.0,2105.2639,2105.2639,225975.96,53810.5453,2023-08-05
600673.SH,2021-12-03,10.11,1.7939,3.8577,0.64,73.2987,55.0823,3.7592,2.9382,2.6991,0.0,,301389.7259,300394.9607,139692.3389,3047050.1288,3036993.0527,2023-08-05
300973.SZ,2021-12-03,136.0,1.6222,1.6222,1.05,99.2276,85.0019,12.2597,12.7261,8.9588,,0.3676,16934.0,3810.6,3810.6,2303024.0,518241.6,2023-08-05
603908.SH,2021-12-03,38.55,1.4093,4.0006,0.71,55.9199,37.8766,5.5724,3.9999,3.0027,1.9455,1.9455,6669.0,6669.0,2349.3047,257089.95,257089.95,2023-08-05
300287.SZ,2021-12-03,5.15,6.8802,7.3812,0.46,,,2.9996,7.6072,4.8881,0.0,,143527.3808,119185.8796,111095.0765,739166.0111,613807.2799,2023-08-05
603169.SH,2021-12-03,6.45,2.3315,6.6068,1.37,,,4.1428,2.338,1.7905,0.0,,105150.2526,105150.2526,37106.2822,678219.1293,678219.1293,2023-08-05
833523.BJ,2021-12-03,31.4,5.1908,5.1908,0.93,71.0905,55.4881,6.3445,14.0322,12.1856,,,7792.413,3666.8321,3666.8321,244681.7682,115138.5279,2023-08-05
002199.SZ,2021-12-03,8.64,1.4941,2.0202,0.57,263.7262,59.5547,4.8181,8.0157,6.5146,0.0,,24344.2363,24344.2363,18004.295,210334.2016,210334.2016,2023-08-05
002758.SZ,2021-12-03,10.39,0.7204,1.0042,0.49,14.4406,7.0662,1.5498,0.1764,0.0936,0.3316,1.7324,48799.2939,19502.7502,13990.2502,507024.6636,202633.5746,2023-08-05
688553.SH,2021-12-03,33.92,3.0594,3.0594,0.69,41.8511,31.055,4.1056,10.5326,8.2427,,,42360.0,4969.2954,4969.2954,1436851.2,168558.5,2023-08-05
300109.SZ,2021-12-03,22.21,3.6377,5.7839,0.63,171.2122,112.554,2.3826,7.7992,6.592,0.0847,0.0847,34361.8983,30170.2622,18975.2988,763177.7612,670081.5235,2023-08-05
000070.SZ,2021-12-03,7.03,2.3458,3.7748,1.07,507.5345,1368.9076,2.0037,1.2301,1.0707,0.9699,,82631.0653,80494.9978,50022.7628,580896.3891,565879.8345,2023-08-05
300566.SZ,2021-12-03,27.34,2.8257,3.9418,1.16,46.8121,43.1236,6.6069,4.508,3.6164,0.1212,0.2424,23416.785,17537.3736,12571.7005,640214.9019,479471.7942,2023-08-05
600227.SH,2021-12-03,3.36,1.0452,1.3089,0.89,102.3091,42.9208,1.7047,2.9524,2.3953,0.0,,169313.4201,127817.9547,102067.4201,568893.0915,429468.3278,2023-08-05
688177.SH,2021-12-03,26.91,0.6195,0.7736,0.75,,,5.884,60.2351,22.5611,,,41408.0,9591.1922,7681.2451,1114289.28,258098.9821,2023-08-05
601186.SH,2021-12-03,7.75,0.785,1.9802,1.87,4.6998,4.1456,0.5281,0.1156,0.103,2.7097,2.9677,1357954.15,1150324.55,456050.891,10524144.6625,8915015.2625,2023-08-05
600506.SH,2021-12-03,10.94,1.1626,1.5274,0.73,362.7553,,5.9558,13.6267,7.3775,0.0,,14770.6873,14770.6873,11242.8858,161591.3191,161591.3191,2023-08-05
600892.SH,2021-12-03,3.58,0.6616,1.5402,0.72,85.7852,,7.6351,6.6943,9.7717,0.0,,55946.4188,54035.9536,23209.55,200288.1793,193448.7139,2023-08-05
002290.SZ,2021-12-03,7.59,0.8121,1.6548,0.46,34.1484,22.3014,3.5974,1.0322,0.8429,0.0,,24781.233,21647.4046,10623.6247,188089.5585,164303.8009,2023-08-05
600787.SH,2021-12-03,6.13,1.2535,3.2783,0.59,23.7901,14.3039,1.0997,0.2762,0.1955,0.0,1.2832,219980.1033,217956.427,83340.5905,1348478.0332,1336072.8975,2023-08-05
600985.SH,2021-12-03,11.14,4.6126,5.1922,2.46,7.9685,6.3722,1.0445,0.5287,0.4426,4.716,5.3772,248103.5925,95870.4046,85168.063,2763874.0205,1067996.3072,2023-08-05
002581.SZ,2021-12-03,19.16,10.6986,13.8008,0.71,,49.087,5.1287,45.6617,31.4754,0.0,,65973.5586,40079.1161,31069.8101,1264053.3828,767915.8645,2023-08-05
002803.SZ,2021-12-03,21.45,18.9684,28.8245,5.04,14.8762,22.2456,4.3971,1.8846,1.6488,0.2678,0.4518,38748.0088,28355.7403,18659.9334,831144.7888,608230.6294,2023-08-05
603077.SH,2021-12-03,3.42,1.9676,3.1154,1.01,737.6909,13.4046,2.2829,5.7412,3.5806,0.0,,883125.0228,883125.0228,557760.0555,3020287.578,3020287.578,2023-08-05
000919.SZ,2021-12-03,6.82,0.3979,0.7274,0.61,52.7704,40.4136,1.1834,1.3729,1.2292,2.4927,1.4663,50400.0,50318.6224,27524.2385,343728.0,343173.0048,2023-08-05
603629.SH,2021-12-03,22.39,4.785,4.785,0.92,48.2972,48.4454,2.1492,1.3589,1.2318,0.8933,,10000.0,3000.0,3000.0,223900.0,67170.0,2023-08-05
300581.SZ,2021-12-03,28.88,4.4909,11.3023,1.59,141.8244,180.1103,12.265,32.977,30.3935,0.1096,,30916.8,30916.8,12284.5462,892877.184,892877.184,2023-08-05
603733.SH,2021-12-03,40.5,0.7547,3.4161,1.73,39.8682,25.3959,4.7352,5.9036,4.8728,0.8562,0.7654,70597.2266,70597.2266,15597.1666,2859187.6773,2859187.6773,2023-08-05
688660.SH,2021-12-03,13.42,4.6369,4.6369,0.61,42.9421,23.4566,2.3517,0.865,0.5996,,,133333.34,38400.0048,38400.0048,1789333.4228,515328.0644,2023-08-05
834021.BJ,2021-12-03,4.73,0.7845,0.7845,0.56,23.5932,20.4837,2.3723,1.8617,1.6869,,,31499.9983,18295.1718,18295.1718,148994.992,86536.1626,2023-08-05
300616.SZ,2021-12-03,42.49,0.9511,1.6473,0.67,83.2497,64.5678,2.3498,1.296,1.1571,1.4121,0.3516,19867.5,13012.5262,7512.9911,844170.075,552902.2382,2023-08-05
300561.SZ,2021-12-03,10.96,2.3331,3.3118,0.44,208.043,189.5805,5.4576,17.6341,17.3114,0.5645,0.5616,32810.7975,17477.3381,12312.3789,359606.3406,191551.6256,2023-08-05
002826.SZ,2021-12-03,9.75,0.9745,1.0046,0.58,45.3651,45.3204,2.7,3.0933,2.5983,0.4115,0.8205,19119.0375,11956.2071,11597.1645,186410.6156,116573.0192,2023-08-05
002027.SZ,2021-12-03,7.07,0.8421,1.2495,1.17,25.5021,16.4053,7.3526,8.4406,6.6433,0.9896,4.5686,1444219.9726,1444219.9726,973320.6673,10210635.2063,10210635.2063,2023-08-05
688092.SH,2021-12-03,40.56,6.7817,6.7817,1.03,49.0759,39.1636,4.7063,10.7807,8.0296,,,5915.8392,1257.116,1257.116,239946.438,50988.625,2023-08-05
002121.SZ,2021-12-03,5.88,1.5325,2.3415,0.87,44.682,,6.8731,2.4814,2.5915,0.0,,140834.9147,98887.4857,64718.9566,828109.2984,581458.4159,2023-08-05
002282.SZ,2021-12-03,9.55,0.6979,1.4285,0.71,39.0668,27.0774,1.5761,4.0196,3.2496,0.5056,0.8377,54394.4364,39789.6853,19440.9651,519466.8676,379991.4946,2023-08-05
002756.SZ,2021-12-03,141.35,2.4411,3.3201,0.63,222.4098,103.5253,12.2913,11.5382,9.1686,0.2861,0.2193,40595.015,26472.381,19463.6035,5738105.3703,3741871.0544,2023-08-05
688022.SH,2021-12-03,68.83,7.3151,8.1381,0.85,168.825,110.0808,8.121,12.3576,9.4947,,,10828.65,5922.4719,5323.56,745335.9795,407643.7409,2023-08-05
002404.SZ,2021-12-03,5.63,0.3866,0.5501,0.55,16.6968,25.6122,1.8461,1.2495,0.9827,3.4973,3.4616,57767.3641,45894.8777,32253.5148,325230.2599,258388.1615,2023-08-05
600057.SH,2021-12-03,7.68,0.8918,1.9363,0.88,12.7488,8.1899,1.3934,0.046,0.0381,3.2345,3.9004,215745.4085,213746.6567,98447.4744,1656924.7373,1641574.3235,2023-08-05
000921.SZ,2021-12-03,11.76,0.7305,1.71,1.15,10.15,10.662,1.564,0.3312,0.252,3.3588,2.9507,136272.537,90213.1318,38537.2648,1602565.0351,1060906.43,2023-08-05
002496.SZ,2021-12-03,2.76,1.3324,1.7222,1.3,,47.0949,1.5016,2.5344,3.2704,0.0,,150758.9677,102404.8144,79228.6056,416094.7509,282637.2877,2023-08-05
601018.SH,2021-12-03,4.18,0.4526,2.6173,5.46,19.2593,15.9595,1.2291,3.1068,2.6187,1.9737,1.9617,1580741.737,1317284.7809,227768.3788,6607500.4607,5506250.3842,2023-08-05
600749.SH,2021-12-03,10.27,1.6032,3.4844,1.38,491.4474,157.9908,2.2354,18.5104,13.9335,0.0,,22696.5517,22696.5517,10442.875,233093.586,233093.586,2023-08-05
000023.SZ,2021-12-03,12.09,0.7462,1.4718,1.97,,,3.6964,0.9408,0.9013,0.0827,,13875.624,13875.624,7034.8941,167756.2942,167756.2942,2023-08-05
002657.SZ,2021-12-03,11.86,4.3736,4.5898,0.59,580.2248,3312.5989,1.8127,2.2769,2.1174,0.0,0.027,33757.6686,28472.5693,27131.133,400365.9496,337684.6719,2023-08-05
000981.SZ,2021-12-03,3.9,1.2605,3.4847,0.88,,,3.5284,1.9736,3.3602,0.0,,402798.9882,257431.56,93122.1641,1570916.054,1003983.084,2023-08-05
301032.SZ,2021-12-03,13.81,18.246,18.246,1.16,35.5452,40.3138,3.1827,1.3531,1.2616,,,24113.34,5717.6164,5717.6164,333005.2254,78960.2825,2023-08-05
000408.SZ,2021-12-03,28.94,8.3388,11.0154,2.16,252.0888,57.1921,6.5601,30.3128,20.4891,0.0,,199377.9522,47350.266,35844.8631,5769997.9367,1370316.698,2023-08-05
600117.SH,2021-12-03,4.36,1.12,3.0644,0.84,77.0534,,3.688,0.4523,0.3698,0.0,,104511.8252,104511.8252,38195.6868,455671.5579,455671.5579,2023-08-05
000601.SZ,2021-12-03,4.88,0.8223,1.405,1.78,24.6168,621.6534,1.1017,1.0633,1.1723,5.123,1.0246,108055.1669,107988.2262,63199.1573,527309.2145,526982.5439,2023-08-05
600919.SH,2021-12-03,5.97,0.5186,0.7,1.09,5.8527,4.7119,0.6022,1.6948,1.4385,3.6398,5.2931,1476962.6434,1467986.4601,1087485.4257,8817466.9811,8763879.1668,2023-08-05
300980.SZ,2021-12-03,42.67,8.4879,8.4879,0.42,40.9418,32.4724,3.4153,9.6873,7.0031,,,7189.8056,1797.4514,1797.4514,306789.005,76697.2512,2023-08-05
605266.SH,2021-12-03,73.8,1.1654,1.4099,1.62,20.4302,18.5667,2.8483,1.1488,1.0373,,2.3758,6952.582,4476.4027,3700.1856,513100.5516,330358.5193,2023-08-05
603326.SH,2021-12-03,9.23,0.1599,0.5391,0.5,13.5398,14.9118,2.5963,1.8765,1.6269,2.1303,3.2516,32206.92,31541.797,9357.9422,297269.8716,291130.7863,2023-08-05
002241.SZ,2021-12-03,51.97,1.1853,1.5406,0.68,62.3405,42.6364,6.7646,3.0748,2.3423,0.1786,0.2814,341632.1036,297722.7161,229057.5341,17754620.4241,15472649.5557,2023-08-05
300775.SZ,2021-12-03,50.35,3.3067,3.3918,0.57,122.0522,70.2744,11.546,40.5767,25.5161,0.1986,0.1648,49550.0,26400.0,25737.7278,2494842.5,1329240.0,2023-08-05
300043.SZ,2021-12-03,3.17,2.0474,2.6004,0.82,151.615,,1.508,2.263,2.9194,0.9464,0.3155,124419.8401,93776.3301,73831.6634,394410.8931,297270.9664,2023-08-05
603685.SH,2021-12-03,12.4,0.3657,1.4629,0.57,20.6535,15.0212,1.8602,1.7868,1.3475,2.4194,1.6129,16900.0,16900.0,4225.0,209560.0,209560.0,2023-08-05
688526.SH,2021-12-03,26.99,1.755,1.755,2.03,28.0345,24.4254,4.2391,14.888,12.3723,,,46513.32,11964.5093,11964.5093,1255394.5068,322922.106,2023-08-05
000301.SZ,2021-12-03,23.74,4.0921,5.0044,1.61,362.8756,75.9525,6.2529,5.0393,3.5637,0.351,0.4212,483490.3257,173185.6289,141612.0936,11478060.3321,4111426.8301,2023-08-05
002164.SZ,2021-12-03,6.04,5.7372,9.1215,1.87,2.2008,,6.6781,2.5971,2.0182,0.0,,53217.3689,47393.1456,29808.9999,321432.9082,286254.5994,2023-08-05
301077.SZ,2021-12-03,61.07,4.228,4.228,0.42,37.3011,26.2916,3.0261,5.8899,4.7483,,,6000.0,1500.0,1500.0,366420.0,91605.0,2023-08-05
300248.SZ,2021-12-03,9.58,3.632,4.1278,0.47,25.3389,31.5456,2.6171,4.9064,4.7017,0.6263,0.6201,48109.2495,40476.5198,35615.0528,460886.6102,387765.0597,2023-08-05
605298.SH,2021-12-03,18.75,2.3069,2.3069,0.72,19.3784,20.6603,2.1527,5.8273,6.2216,,2.1333,10800.0,2700.0,2700.0,202500.0,50625.0,2023-08-05
603948.SH,2021-12-03,30.6,5.2239,9.5047,0.61,38.9542,26.3108,3.1982,2.8322,1.9411,0.817,0.6536,16000.0,7505.2847,4125.003,489600.0,229661.7118,2023-08-05
002796.SZ,2021-12-03,8.25,0.715,1.1369,0.59,55.1977,,2.1754,1.2691,1.6254,0.4041,,25242.6948,22106.7737,13902.3603,208252.2321,182380.883,2023-08-05
600655.SH,2021-12-03,9.66,0.4021,0.5306,0.93,10.4069,9.8283,1.1268,0.8529,0.7958,2.9899,3.4073,388948.2974,160616.3834,121726.2418,3757240.5529,1551554.2636,2023-08-05
600307.SH,2021-12-03,2.18,1.385,3.0634,1.05,26.3706,5.1696,0.9198,0.3688,0.2687,0.0,,626335.7424,626335.7424,283175.6474,1365411.9184,1365411.9184,2023-08-05
601006.SH,2021-12-03,6.2,0.1678,0.4563,1.51,8.4597,7.5256,0.7659,1.2745,1.1928,7.7419,7.7419,1486689.6903,1486689.6903,546641.6323,9217476.0799,9217476.0799,2023-08-05
603828.SH,2021-12-03,3.88,0.4593,0.8451,0.78,123.9651,112.3239,1.4331,0.8915,0.8477,0.0,0.2577,61046.0158,59593.9625,32392.5104,236858.5413,231224.5745,2023-08-05
000663.SZ,2021-12-03,9.5,5.3886,8.2418,1.01,87.911,16.4868,4.6459,5.5071,5.7776,0.0,,33668.3929,30629.8033,20026.1119,319849.7326,290983.1314,2023-08-05
605588.SH,2021-12-03,43.15,4.9428,4.9428,0.67,34.7573,32.8887,3.5034,2.8533,2.2061,,,7309.9561,1827.5,1827.5,315424.6057,78856.625,2023-08-05
601113.SH,2021-12-03,3.87,0.3354,0.6908,0.69,,,0.9711,0.4525,0.4606,0.0,,114148.1073,90768.224,44068.434,441753.1753,351273.0269,2023-08-05
603003.SH,2021-12-03,6.88,0.4149,0.6275,0.71,,,0.7441,0.3096,0.3942,0.0,,40244.3494,40244.3494,26608.9786,276881.1239,276881.1239,2023-08-05
000793.SZ,2021-12-03,2.41,1.524,1.6432,0.8,,,1.7512,1.6209,3.6136,0.0,,199724.5457,196100.839,181870.8146,481336.1551,472603.022,2023-08-05
300444.SZ,2021-12-03,8.01,5.8477,6.5001,0.51,180.3099,1272.6756,3.9485,4.7178,5.2803,0.0,,72525.5525,51698.1798,46509.3808,580929.6755,414102.4202,2023-08-05
000709.SZ,2021-12-03,2.4,0.5446,1.438,0.84,15.0099,8.7688,0.5022,0.2367,0.1714,0.0,4.0562,1061860.7852,1061689.2601,402068.5877,2548465.8845,2548054.2242,2023-08-05
002391.SZ,2021-12-03,7.84,1.359,1.5257,0.27,26.2958,23.89,1.1472,1.7042,1.5518,2.576,2.551,65390.455,46234.7311,41184.0567,512661.1672,362480.2918,2023-08-05
003028.SZ,2021-12-03,44.75,2.6703,2.6703,0.55,28.6041,23.9291,4.2472,4.9964,3.8955,,0.6619,11100.288,2740.0,2740.0,496737.888,122615.0,2023-08-05
600356.SH,2021-12-03,7.85,11.456,16.3504,2.28,17.8,17.4423,1.0161,1.2824,1.2042,1.1465,1.6943,29873.1378,29873.1378,20930.8295,234504.1317,234504.1317,2023-08-05
002349.SZ,2021-12-03,5.7,0.7303,1.6088,0.5,42.9179,34.583,2.1599,3.7177,3.5959,0.0,0.7008,83572.4374,83199.2151,37769.3305,476362.8932,474235.5261,2023-08-05
300206.SZ,2021-12-03,13.72,1.621,2.1224,0.66,12.2195,29.7778,4.4726,3.4423,4.7442,1.2536,3.1341,58172.1846,34043.8065,26001.0138,798122.3727,467081.0252,2023-08-05
002470.SZ,2021-12-03,2.73,2.8844,4.8488,1.33,,,1.4366,0.9589,0.9439,0.0,,328602.7742,299480.221,178150.2681,897085.5736,817581.0033,2023-08-05
600498.SH,2021-12-03,18.13,0.5333,0.9467,0.75,200.5519,188.5714,1.8698,0.9734,0.8623,1.9407,0.4413,113154.4183,113154.4183,63744.6049,2051489.6038,2051489.6038,2023-08-05
300656.SZ,2021-12-03,49.4,3.5534,7.3449,0.57,114.6759,78.6391,11.1133,14.6763,10.9982,0.1673,0.184,11979.0,8271.5625,4001.6995,591762.6,408615.1875,2023-08-05
300477.SZ,2021-12-03,9.3,16.753,17.2813,2.43,,,4.3952,7.7083,4.7038,0.133,,107712.7567,85285.0442,82677.5455,1001728.6373,793150.9111,2023-08-05
300893.SZ,2021-12-03,39.45,10.1294,10.1294,0.85,65.7258,57.0499,8.0378,11.0416,8.6964,,0.845,15000.0,3750.0,3750.0,591750.0,147937.5,2023-08-05
300853.SZ,2021-12-03,41.3,3.2435,3.9378,0.91,37.4305,54.8918,5.2346,9.9227,10.72,0.4036,0.4843,14693.04,9273.492,7638.458,606822.552,382995.2196,2023-08-05
688301.SH,2021-12-03,535.0,1.4486,1.9693,1.28,174.6392,98.9224,13.4684,49.5014,36.8396,,,7254.7826,4047.574,2977.3566,3881308.691,2165452.09,2023-08-05
603886.SH,2021-12-03,22.3,2.0199,5.5256,0.89,17.838,15.7743,3.3713,2.3237,2.1207,5.3812,4.4843,24000.0,24000.0,8773.3995,535200.0,535200.0,2023-08-05
605099.SH,2021-12-03,36.52,2.3743,2.3743,0.93,35.7749,35.2115,7.517,7.9451,6.5163,,1.3681,40253.9,4009.0,4009.0,1470072.428,146408.68,2023-08-05
002089.SZ,2021-12-03,2.56,1.9662,2.6001,1.35,,,3.731,22.1564,16.2831,0.0,,137466.9616,118256.4354,89423.0485,351915.4217,302736.4746,2023-08-05
600861.SH,2021-12-03,22.16,2.2039,3.3511,1.69,,,3.1497,9.9719,9.6889,0.0903,,31680.4949,31680.4949,20835.2552,702039.767,702039.767,2023-08-05
300560.SZ,2021-12-03,13.49,0.6173,1.2933,0.56,36.8782,39.7009,2.9135,3.8446,3.572,0.0,1.3121,22626.9812,18932.4,9037.0496,305237.9764,255398.076,2023-08-05
601958.SH,2021-12-03,7.44,0.5776,2.2202,0.77,131.893,49.195,2.0117,3.1683,3.1387,4.0323,3.3602,322660.44,322660.44,83942.036,2400593.6736,2400593.6736,2023-08-05
000701.SZ,2021-12-03,5.13,0.7799,1.1149,1.13,249.6573,,4.7158,0.0362,0.0252,0.0,,53885.8376,40661.1556,28444.9948,276434.3469,208591.7282,2023-08-05
601208.SH,2021-12-03,17.9,0.6329,0.8306,0.55,91.6126,50.1132,4.5741,8.547,5.4101,0.0,0.4253,89818.6112,86281.4521,65747.1237,1607753.1405,1544437.9926,2023-08-05
002425.SZ,2021-12-03,7.56,3.3523,4.4999,0.65,58.6427,33.5986,1.3787,12.2622,8.6296,0.4838,0.2381,95666.5066,95598.5898,71217.9689,723238.7899,722725.3389,2023-08-05
600592.SH,2021-12-03,9.4,0.4472,0.7196,0.74,25.1018,17.9387,1.7269,3.2414,2.6158,1.1702,1.2021,39955.3571,39955.3571,24831.9771,375580.3567,375580.3567,2023-08-05
600997.SH,2021-12-03,7.2,2.5457,7.7998,2.5,10.5999,6.0769,0.8597,0.6289,0.5442,3.0556,3.8889,158779.9851,158779.9851,51822.3589,1143215.8927,1143215.8927,2023-08-05
600216.SH,2021-12-03,16.58,2.0139,3.2083,0.94,22.3053,18.8816,1.8923,2.184,1.8374,5.9887,1.3774,96512.8,96512.3725,60580.3791,1600182.224,1600175.1361,2023-08-05
600419.SH,2021-12-03,12.14,0.8557,1.3959,0.9,22.117,23.2797,1.9921,1.8447,1.6136,1.2932,1.3591,26859.9337,26859.9337,16465.5275,326079.5951,326079.5951,2023-08-05
603758.SH,2021-12-03,9.09,0.9673,3.1725,0.85,12.2794,32.7936,1.4901,4.3619,2.885,0.8911,,43879.7049,41999.8575,12805.1809,398866.5175,381778.7047,2023-08-05
300403.SZ,2021-12-03,6.7,5.4666,8.3644,2.65,19.7465,16.5825,2.5638,4.3054,3.6762,2.0896,2.3881,60300.0,40283.8733,26327.8571,404010.0,269901.9511,2023-08-05
000885.SZ,2021-12-03,10.83,0.9929,2.9367,1.41,11.3224,6.4769,1.2895,2.0495,1.3008,0.8994,0.8864,64207.8255,64207.8255,21709.9109,695370.7502,695370.7502,2023-08-05
300604.SZ,2021-12-03,57.45,3.1123,4.4492,1.29,409.1319,194.0436,21.9421,43.1916,25.2993,0.0,0.0904,60432.8728,42745.6973,29901.3706,3471868.5424,2455740.3099,2023-08-05
836675.BJ,2021-12-03,9.06,0.7872,0.7872,0.52,26.1408,21.9499,3.0887,4.0268,4.1306,,,17088.0,4590.717,4590.717,154817.28,41591.896,2023-08-05
601298.SH,2021-12-03,5.96,4.5292,12.7859,17.24,10.0698,9.7439,1.1251,2.9265,2.4414,3.3607,4.3993,649110.0,186989.6,66237.6,3868695.6,1114458.016,2023-08-05
601117.SH,2021-12-03,12.54,2.3034,3.8481,1.8,20.9391,20.2539,1.6468,0.6999,0.5743,1.2041,1.4359,610947.0588,493300.0,295277.0373,7661276.1174,6185982.0,2023-08-05
000722.SZ,2021-12-03,8.05,2.2302,4.7299,0.57,38.1741,33.8375,1.2055,12.0188,7.9951,0.6211,1.2422,46415.8282,46415.8282,21885.3331,373647.417,373647.417,2023-08-05
300710.SZ,2021-12-03,62.8,4.1776,4.8414,0.76,71.3289,54.056,6.4888,8.3988,6.6631,0.0637,0.0796,6861.4,4412.892,3807.892,430895.92,277129.6176,2023-08-05
600734.SH,2021-12-03,3.47,0.8256,1.2692,0.42,,,,1.8755,2.2479,0.0,,62237.2316,53494.3811,34797.7404,215963.1937,185625.5024,2023-08-05
603607.SH,2021-12-03,15.54,1.5733,3.0303,1.07,25.7648,22.0213,2.9353,3.9392,3.317,1.3789,1.6088,17851.68,17851.68,9268.5558,277415.1072,277415.1072,2023-08-05
300144.SZ,2021-12-03,13.32,0.7303,1.1856,0.59,,,4.521,38.5866,26.7967,0.8342,0.3754,261469.404,228768.6866,140911.6705,3482772.4613,3047198.9055,2023-08-05
000402.SZ,2021-12-03,5.62,0.3743,1.0104,0.84,6.7233,6.214,0.459,0.927,0.9727,5.3381,5.3381,298892.9907,298782.3736,110674.4159,1679778.6077,1679156.9396,2023-08-05
605162.SH,2021-12-03,13.41,9.8852,9.8852,0.87,34.1307,42.2302,4.8585,9.4048,7.6792,,,40045.1,8009.02,8009.02,537004.791,107400.9582,2023-08-05
603392.SH,2021-12-03,241.68,0.7156,0.7156,0.77,216.7061,104.9053,40.3822,62.3167,33.7185,,0.0739,60704.0,15081.4275,15081.4275,14670942.72,3644879.3982,2023-08-05
600362.SH,2021-12-03,22.92,0.7523,2.6135,0.8,34.2036,14.9897,1.2331,0.2491,0.1852,0.4363,0.4363,346272.9405,207524.7405,59732.4095,7936575.7963,4756467.0523,2023-08-05
603041.SH,2021-12-03,12.14,0.5179,1.5722,1.0,15.4129,25.5385,1.8904,4.3905,3.637,1.2946,1.9772,14088.284,14088.284,4640.944,171031.7678,171031.7678,2023-08-05
002835.SZ,2021-12-03,11.2,3.5668,5.5248,1.53,34.8039,44.1099,3.2434,3.119,2.6809,0.3842,0.8931,21955.5402,12547.9159,8100.9189,245902.0502,140536.6581,2023-08-05
688080.SH,2021-12-03,75.15,4.7575,5.7025,0.78,97.4788,39.9752,5.4148,12.6765,8.9621,,,5242.8786,3711.9426,3096.791,394002.3268,278952.4864,2023-08-05
688077.SH,2021-12-03,94.76,9.027,11.3328,0.76,145.2218,60.6815,7.6046,9.6921,5.3639,,,8000.0,4327.3,3446.8785,758080.0,410054.948,2023-08-05
688178.SH,2021-12-03,24.14,0.6239,0.7695,0.75,16.2339,22.2388,1.7158,2.5725,2.0885,,,8499.7844,4337.7453,3516.733,205184.7954,104713.1715,2023-08-05
600565.SH,2021-12-03,2.3,0.8926,1.5693,1.66,3.2537,3.5163,0.5364,0.2758,0.2246,2.4916,3.4881,255043.6284,249150.6284,141705.6001,586600.3453,573046.4453,2023-08-05
688396.SH,2021-12-03,73.2,4.5356,7.8295,1.61,100.2745,49.2843,5.7882,13.8494,10.7177,,,132009.1861,43329.7215,25100.5549,9663072.4225,3171735.6138,2023-08-05
002531.SZ,2021-12-03,20.31,1.9315,3.9635,0.68,34.8786,28.7795,4.8949,4.5469,4.6793,0.4813,0.7362,180250.9062,176900.6513,86206.9826,3660895.9049,3592852.2279,2023-08-05
603533.SH,2021-12-03,23.29,3.8372,9.815,2.04,38.697,41.4211,4.0155,4.9605,4.7271,0.5884,0.4294,43889.6835,43889.6835,17158.6959,1022190.7287,1022190.7287,2023-08-05
300298.SZ,2021-12-03,29.89,0.5666,0.8699,1.1,90.3253,125.7177,6.2384,8.3767,7.5527,0.9942,0.6698,56476.8137,45507.9804,29638.7824,1688091.9615,1360233.5342,2023-08-05
603388.SH,2021-12-03,8.04,2.3216,4.5808,3.28,24.6733,30.2905,2.0674,3.2074,3.6517,0.0,0.7463,28514.206,28514.206,14451.174,229254.2162,229254.2162,2023-08-05
600452.SH,2021-12-03,20.74,3.0671,6.3427,1.7,39.4416,28.5853,3.9157,5.9552,5.2006,0.4365,0.611,76217.344,61465.6,29722.4421,1580747.7146,1274796.544,2023-08-05
688516.SH,2021-12-03,250.5,1.5448,1.8426,0.61,159.0965,78.7863,19.6424,21.608,12.8855,,,9867.0,5066.5249,4247.6956,2471683.5,1269164.4875,2023-08-05
600206.SH,2021-12-03,16.18,3.4263,5.128,0.74,80.4384,58.827,4.0542,1.0562,0.8297,0.0989,0.7355,84659.4132,84407.8132,56397.9764,1369789.3056,1365718.4176,2023-08-05
000559.SZ,2021-12-03,6.59,1.2462,2.8822,0.75,49.9218,33.2435,2.5957,2.0008,1.5654,0.7587,3.0349,330379.1344,275314.7274,119034.4538,2177198.4957,1814324.0536,2023-08-05
002981.SZ,2021-12-03,23.16,1.7692,1.7692,0.68,48.909,166.9517,2.6577,2.4575,1.8673,0.4318,0.2159,9600.0,2400.0,2400.0,222336.0,55584.0,2023-08-05
301053.SZ,2021-12-03,31.03,5.4391,5.4391,0.63,39.2042,28.1489,5.0234,6.1781,4.3954,,,8175.25,1744.2347,1744.2347,253678.0075,54123.6027,2023-08-05
603093.SH,2021-12-03,12.91,2.8619,3.6413,1.14,83.6324,39.8721,2.6455,0.7943,0.8784,0.3535,,61006.5893,14046.4993,11039.91,787595.0679,181340.306,2023-08-05
600269.SH,2021-12-03,3.35,0.4793,0.9188,1.62,14.8535,7.5975,0.4894,1.5443,1.3295,4.4776,5.9701,233540.7014,233540.7014,121825.2829,782361.3497,782361.3497,2023-08-05
300875.SZ,2021-12-03,66.31,2.1821,2.456,0.67,50.8802,84.4682,3.6695,18.9673,23.1468,,0.4524,7679.5963,3442.3368,3058.3605,509234.0307,228261.3532,2023-08-05
300557.SZ,2021-12-03,29.4,1.5436,2.5416,1.01,122.6377,65.5816,3.3429,3.8439,2.8584,0.0,,5566.854,5538.1665,3363.5935,163665.5076,162822.0951,2023-08-05
300691.SZ,2021-12-03,22.46,6.5523,8.9206,0.8,101.5935,55.9645,5.0001,3.9325,3.0266,0.6664,0.4445,22556.0616,18305.8148,13445.7444,506609.1435,411148.6004,2023-08-05
300565.SZ,2021-12-03,12.89,4.3123,5.0133,0.73,215.7971,,4.4813,3.3947,3.302,0.0,,20800.0,16177.6237,13915.7366,268112.0,208529.5695,2023-08-05
688277.SH,2021-12-03,22.61,0.5517,0.6661,0.63,,,10.0403,69.846,57.79,,,41984.6848,29708.8088,24604.1264,949273.7233,671716.167,2023-08-05
600615.SH,2021-12-03,8.14,0.9907,1.6838,3.73,1045.2937,487.2094,2.4258,25.5353,17.592,0.0,,18802.0508,18762.4508,11039.6232,153048.6935,152726.3495,2023-08-05
002482.SZ,2021-12-03,2.36,0.3194,0.8942,0.87,,,0.5836,0.2962,0.3274,0.5085,,153727.9657,152929.9596,54619.31,362797.9991,360914.7047,2023-08-05
300541.SZ,2021-12-03,13.2,2.2203,2.2963,0.46,29.3784,29.6903,3.7468,0.9033,0.7679,0.3124,0.5229,30745.8298,24980.2911,24152.6309,405844.9534,329739.8425,2023-08-05
688663.SH,2021-12-03,53.48,14.2294,14.8636,1.58,70.133,64.8125,7.2911,8.8686,8.2749,,,13995.0,3149.1,3014.7345,748452.6,168413.868,2023-08-05
600141.SH,2021-12-03,39.73,3.9247,5.0302,1.0,70.7899,16.0657,3.8309,2.4113,2.2447,0.2335,0.6333,111172.4663,97559.7583,76118.7669,4416882.0861,3876049.1973,2023-08-05
600280.SH,2021-12-03,2.81,0.4176,0.96,0.69,39.3074,29.7325,3.4007,1.0049,0.8779,0.0,,113833.482,113833.482,49514.7404,319872.0844,319872.0844,2023-08-05
300117.SZ,2021-12-03,4.45,3.4902,5.9824,1.24,39.4669,42.2916,2.2833,1.5345,1.7304,0.0674,0.2921,71676.0,71676.0,41816.2294,318958.2,318958.2,2023-08-05
300271.SZ,2021-12-03,13.8,16.0459,17.5487,1.64,39.0409,23.1289,1.7044,3.4093,2.2651,0.5094,0.2568,82907.0973,71913.2091,65754.9064,1144117.9427,992402.2856,2023-08-05
603728.SH,2021-12-03,25.5,3.3991,10.2456,0.8,53.36,40.813,4.5395,4.8418,4.0814,0.1631,0.1903,42016.5,41600.0,13801.4254,1071420.75,1060800.0,2023-08-05
600613.SH,2021-12-03,5.3,0.5492,1.4591,0.66,,,1.2134,1.5561,1.2909,0.0,,53407.1628,47931.9978,18040.9962,283057.9628,254039.5883,2023-08-05
300518.SZ,2021-12-03,46.63,4.6652,10.6955,2.17,32.1207,17.285,4.4819,23.3007,13.2061,0.0295,,10174.06,9331.1853,4070.0915,474416.4178,435113.1705,2023-08-05
600018.SH,2021-12-03,5.57,0.5949,4.0034,2.46,15.6085,9.2354,1.3521,4.9642,3.9123,2.5915,2.2877,2327867.975,2317367.465,344377.869,12966224.6208,12907736.7801,2023-08-05
600199.SH,2021-12-03,16.62,4.6097,6.8255,1.52,157.5161,362.3321,3.967,10.5331,9.256,0.0,,65779.6824,60646.9391,40958.7951,1093258.3215,1007952.1278,2023-08-05
000597.SZ,2021-12-03,5.29,0.2967,0.7141,0.53,581.7371,193.009,1.7365,0.9656,0.891,0.0,0.1515,134787.3265,132414.38,55017.857,713024.9572,700472.0702,2023-08-05
002857.SZ,2021-12-03,17.14,0.793,1.0779,0.82,93.66,160.1218,4.4326,10.362,12.3263,0.5834,,12800.0,9105.7501,6698.6013,219392.0,156072.5567,2023-08-05
002275.SZ,2021-12-03,13.68,0.1811,0.6319,0.33,29.1456,30.4801,2.8929,5.1542,4.6825,1.6388,5.7,59020.0,53869.8425,15437.4159,807393.6,736939.4454,2023-08-05
600869.SH,2021-12-03,7.92,4.2538,9.5828,1.06,,,4.847,0.8876,0.8486,0.1515,,221935.2746,221935.2746,98518.3503,1757727.3748,1757727.3748,2023-08-05
002234.SZ,2021-12-03,15.61,2.2497,2.5748,0.79,81.6979,35.2888,1.6789,3.2388,2.9541,3.327,1.9218,34896.0212,25306.6864,22111.1277,544726.8909,395037.3747,2023-08-05
600570.SH,2021-12-03,58.75,0.5871,0.7406,0.87,64.9651,54.3372,19.2118,20.5785,17.3278,0.4957,0.1215,146156.048,146156.048,115868.1182,8586667.82,8586667.82,2023-08-05
600628.SH,2021-12-03,7.46,0.1149,0.2193,0.79,68.3214,36.3215,1.1003,4.6125,4.1221,0.4021,0.7373,64687.5384,64687.5384,33888.5447,482569.0365,482569.0365,2023-08-05
300021.SZ,2021-12-03,5.62,6.0756,9.5054,1.7,45.5799,39.8746,3.0245,2.2313,1.7204,1.7493,1.7493,80107.1451,63932.7773,40864.3993,450202.1555,359302.2084,2023-08-05
603167.SH,2021-12-03,7.94,1.972,3.235,1.96,27.5728,18.5342,1.0711,3.2159,2.7265,5.0402,1.3861,47258.1603,46914.4503,28598.5798,375229.7928,372500.7354,2023-08-05
600159.SH,2021-12-03,2.41,0.4129,0.7895,0.64,19.0437,13.0032,0.8134,2.0264,1.7279,2.0747,2.0747,83000.3232,83000.3232,43408.6677,200030.7789,200030.7789,2023-08-05
688618.SH,2021-12-03,44.73,2.5987,2.5987,0.51,35.0772,38.8828,3.254,10.8039,9.5181,,,5052.7495,1124.1285,1124.1285,226009.4851,50282.2678,2023-08-05
300038.SZ,2021-12-03,2.04,3.1473,3.6339,1.07,,,0.9772,0.5307,0.7618,1.2255,,117182.7123,116365.2138,100782.0343,239052.7331,237385.0362,2023-08-05
002805.SZ,2021-12-03,48.13,11.0736,12.6542,0.7,,1542.0621,8.3317,23.9707,13.4367,0.0,,17793.2205,9720.9675,8506.7562,856387.7027,467870.1658,2023-08-05
688168.SH,2021-12-03,64.5,2.0621,2.1433,0.72,74.2266,47.6154,3.1597,12.5596,9.9414,,,5118.0,2850.0,2742.0,330111.0,183825.0,2023-08-05
300550.SZ,2021-12-03,14.47,3.4471,6.9812,3.08,88.8789,71.5099,3.3611,8.4323,8.1463,0.1681,0.1728,26499.5441,26129.1753,12901.5973,383448.4031,378089.1666,2023-08-05
600260.SH,2021-12-03,3.99,15.2284,17.2915,1.6,8.7484,,9.7925,0.467,0.8599,0.0,,99488.6058,99488.6058,87618.4781,396959.5371,396959.5371,2023-08-05
002186.SZ,2021-12-03,8.95,0.2856,0.5075,0.62,,,2.4645,3.5244,2.7772,0.6704,,30846.3955,30805.3705,17336.2229,276075.2397,275708.066,2023-08-05
605020.SH,2021-12-03,33.8,7.6327,7.6327,0.42,88.5504,45.0175,4.6694,4.6182,3.5235,,,26667.0,6667.0,6667.0,901344.6,225344.6,2023-08-05
300490.SZ,2021-12-03,26.2,6.0364,9.0609,0.51,285.7216,116.2253,3.5404,7.3897,4.8934,0.0895,0.0597,32782.4407,32121.1262,21399.2669,858899.9463,841573.5064,2023-08-05
300306.SZ,2021-12-03,10.45,2.265,3.0314,0.96,39.288,36.5364,1.9353,6.9858,6.3305,0.0,1.5885,26895.8778,15186.333,11347.005,281061.923,158697.1799,2023-08-05
600637.SH,2021-12-03,7.87,0.3007,0.5566,0.95,16.5779,20.442,0.9235,2.6783,2.8965,3.4307,3.3779,341450.0201,341450.0201,184466.977,2687211.6582,2687211.6582,2023-08-05
300857.SZ,2021-12-03,32.66,19.0882,44.928,9.61,67.301,53.9184,5.3061,2.9996,2.2196,,0.1531,20655.7782,14173.8782,6021.9467,674617.716,462918.862,2023-08-05
600032.SH,2021-12-03,16.35,14.8988,14.8988,1.74,119.8645,85.0733,4.4369,14.493,12.7217,,,208000.0,20800.0,20800.0,3400800.0,340080.0,2023-08-05
300138.SZ,2021-12-03,15.1,1.1072,1.1893,1.19,30.0472,25.0066,2.9785,2.056,1.8243,0.2993,0.6623,53277.3991,42744.3184,39794.333,804488.7264,645439.2078,2023-08-05
300868.SZ,2021-12-03,25.75,1.5376,1.5376,0.64,30.986,60.5297,1.8443,3.8563,4.4291,,1.4757,12800.0,5022.258,5022.258,329600.0,129323.1435,2023-08-05
688078.SH,2021-12-03,63.82,0.7815,0.7815,0.41,88.979,71.5434,8.3727,22.8457,18.2893,,,7075.0,3409.9624,3409.9624,451526.5,217623.8004,2023-08-05
002230.SZ,2021-12-03,53.57,0.8433,1.0558,1.0,90.3652,80.1141,8.015,9.462,7.4202,0.1783,0.3609,230052.5345,207246.5795,165523.7584,12323914.2732,11102199.2638,2023-08-05
300984.SZ,2021-12-03,48.65,6.2217,6.2217,0.39,40.429,33.9847,3.761,4.2069,2.8645,,1.0277,4800.0,1200.0,1200.0,233520.0,58380.0,2023-08-05
002387.SZ,2021-12-03,8.87,0.3896,0.647,0.69,60.24,,0.8651,3.5707,2.9485,0.0,,138253.8146,136721.3346,82343.1611,1226311.3355,1212718.2379,2023-08-05
603918.SH,2021-12-03,7.57,1.0435,1.7103,0.55,31.3554,29.2802,2.5829,2.7645,2.5319,0.7139,1.6062,36674.6078,36364.2978,22186.9204,277626.781,275277.7343,2023-08-05
002540.SZ,2021-12-03,7.78,2.6478,3.7216,0.62,27.6684,25.3511,2.0447,2.4776,1.7353,3.0313,0.7526,127052.95,89505.035,63680.0818,988471.951,696349.1723,2023-08-05
600186.SH,2021-12-03,2.88,1.1154,1.5301,0.97,69.5478,88.0789,3.6951,3.1224,2.9114,0.0,,179390.1141,137992.3955,100589.8037,516643.5286,397418.099,2023-08-05
300737.SZ,2021-12-03,13.91,1.6825,2.4637,1.5,17.9846,16.1889,3.2351,2.567,2.1111,0.0,0.5963,115113.868,85108.7177,58120.8439,1601233.9039,1183862.2632,2023-08-05
600708.SH,2021-12-03,2.21,0.3465,0.7229,1.31,46.0961,20.4028,0.4537,0.3287,0.2166,4.5249,0.905,222863.6743,222527.7771,106661.6507,492528.7202,491786.3874,2023-08-05
003012.SZ,2021-12-03,11.61,0.4627,1.3232,0.9,16.2274,19.1986,1.831,1.9311,1.7008,,2.5457,119066.0,64261.9222,22470.4,1382356.26,746080.9167,2023-08-05
002941.SZ,2021-12-03,12.08,2.7314,8.3488,1.16,67.957,37.9472,3.01,1.0915,0.7721,0.4967,0.3311,64504.6434,63829.6434,20882.6434,779216.0923,771062.0923,2023-08-05
000063.SZ,2021-12-03,30.94,0.6862,0.9263,0.72,34.347,19.7699,2.9864,1.4422,1.3164,0.6276,0.6316,472881.9381,388743.0283,287955.1883,14630967.1648,12027709.2956,2023-08-05
600918.SH,2021-12-03,10.34,1.7456,2.0451,0.69,28.5335,25.9667,2.0501,6.9604,6.0928,,1.0542,696862.5756,260906.9526,222691.0126,7205559.0317,2697777.8899,2023-08-05
600520.SH,2021-12-03,9.21,2.4069,3.3014,1.19,175.8482,82.8449,3.8936,4.3944,3.393,0.0,,15843.0,15843.0,11550.488,145914.03,145914.03,2023-08-05
600483.SH,2021-12-03,16.53,1.8762,5.5903,1.42,21.1973,18.3657,1.8779,3.3164,2.5551,1.224,1.592,191747.311,170893.2154,57352.9248,3169583.0508,2824864.8506,2023-08-05
600528.SH,2021-12-03,7.94,0.4586,0.9815,1.63,9.6602,9.3125,0.9,0.7261,0.6682,1.5869,1.7758,222155.1588,222155.1588,103812.1203,1763911.9609,1763911.9609,2023-08-05
600903.SH,2021-12-03,9.71,0.4053,2.0719,0.55,53.5562,55.941,3.9107,2.604,2.2488,0.5252,0.5664,113818.5027,113818.5027,22262.8596,1105177.6612,1105177.6612,2023-08-05
605056.SH,2021-12-03,18.68,5.7384,5.7384,1.17,31.4596,33.118,5.413,3.7532,3.8711,,2.1413,40001.0,4001.0,4001.0,747218.68,74738.68,2023-08-05
300284.SZ,2021-12-03,6.65,2.2684,2.3974,1.15,21.6262,19.1107,1.1142,1.5271,1.6466,1.7351,1.365,126282.7774,64377.2044,60914.7826,839780.4697,428108.4093,2023-08-05
603555.SH,2021-12-03,2.74,0.5902,1.1102,1.11,,15.5845,2.0877,3.624,3.5419,0.0,,157150.5358,157150.5358,83539.0358,430592.4681,430592.4681,2023-08-05
603677.SH,2021-12-03,12.07,0.8297,3.185,1.08,41.2607,28.7336,2.2794,1.4872,1.1966,3.9766,0.8285,19213.8626,19213.8626,5005.2626,231911.3216,231911.3216,2023-08-05
002567.SZ,2021-12-03,6.5,0.6907,0.9257,0.87,8.2488,,1.2519,0.4234,0.3646,2.4525,1.9978,120601.7542,118390.3077,88327.2567,783911.4023,769537.0001,2023-08-05
601618.SH,2021-12-03,4.16,1.9729,5.4744,2.41,10.9652,9.1879,1.0599,0.2155,0.179,1.7308,1.8029,2072361.917,1785261.917,643390.387,8621025.5747,7426689.5747,2023-08-05
002203.SZ,2021-12-03,12.73,0.6636,1.4136,0.78,36.9394,23.6657,2.5826,0.5395,0.4077,0.5738,0.5782,196673.5689,192394.1122,90309.7152,2503654.5321,2449177.0483,2023-08-05
002147.SZ,2021-12-03,4.47,1.4948,1.6263,0.51,,,18.6498,4.8946,4.4905,0.0,,182807.6415,53557.3153,49229.107,817150.1575,239401.1994,2023-08-05
300398.SZ,2021-12-03,22.0,4.3988,6.521,1.42,49.4017,34.347,4.0907,6.0912,4.7184,0.0,0.2942,51609.7057,50983.8177,34391.4463,1135413.5254,1121643.9894,2023-08-05
301020.SZ,2021-12-03,34.55,18.8444,18.8444,0.88,50.1008,44.7801,6.1262,10.3614,9.3267,,,14640.0,3471.2856,3471.2856,505812.0,119932.9175,2023-08-05
002331.SZ,2021-12-03,8.65,0.7768,1.3535,0.74,,,1.8201,2.2517,2.7584,0.8129,,41024.5949,38287.4761,21973.8836,354862.7459,331186.6683,2023-08-05
688318.SH,2021-12-03,151.3,2.8467,2.8467,1.01,42.2195,33.2416,3.3559,36.9161,31.3214,,,6667.0,2002.4754,2002.4754,1008717.1,302974.528,2023-08-05
603869.SH,2021-12-03,9.61,0.4631,1.1358,0.67,286.0665,20.5487,1.2069,4.1268,4.8562,0.0,0.1027,50450.0508,50450.0508,20568.3609,484824.9882,484824.9882,2023-08-05
601001.SH,2021-12-03,9.6,6.5078,15.2963,2.98,18.348,5.9315,1.5941,1.4734,1.1323,0.0,,167370.0,167370.0,71206.7492,1606752.0,1606752.0,2023-08-05
300832.SZ,2021-12-03,44.0,1.4915,1.4953,1.4,36.8558,38.1832,6.4366,15.7693,13.7436,1.787,1.1913,78665.9285,27152.796,27084.966,3461300.854,1194723.024,2023-08-05
600400.SH,2021-12-03,3.87,0.5986,2.104,0.46,61.1446,96.7841,2.7888,3.7197,3.8487,1.3445,3.1008,229137.1852,229137.1852,65185.4503,886760.9067,886760.9067,2023-08-05
600111.SH,2021-12-03,53.96,3.0062,4.5781,0.77,235.4489,56.434,14.61,9.2272,6.5768,0.0,0.1291,363306.6,363306.6,238564.6311,19604024.136,19604024.136,2023-08-05
000627.SZ,2021-12-03,3.14,0.2519,0.6883,0.57,26.7341,43.4344,0.6931,0.3765,0.3691,3.1847,0.3185,494062.9165,455250.4165,166586.6288,1551357.5578,1429486.3078,2023-08-05
300621.SZ,2021-12-03,9.51,1.2661,3.0483,0.78,42.9533,31.8355,2.3597,0.9375,0.2718,0.7362,0.368,20805.67,19378.8623,8048.9371,197861.9217,184292.9805,2023-08-05
300919.SZ,2021-12-03,188.23,5.1124,5.1124,1.13,271.3395,125.9516,11.9613,15.3241,7.0217,,0.04,60567.3053,5028.59,5028.59,11400583.8766,946531.4957,2023-08-05
600776.SH,2021-12-03,11.34,0.5548,1.2923,0.54,137.5568,121.1133,4.4008,4.8008,4.5699,0.3527,0.3527,125600.0064,95600.0064,41038.4512,1424304.0726,1084104.0726,2023-08-05
600231.SH,2021-12-03,2.64,0.8157,3.0807,1.3,13.4922,6.1137,0.8029,0.371,0.2927,1.8033,2.2727,285212.9323,285212.9323,75522.1895,752962.1413,752962.1413,2023-08-05
600155.SH,2021-12-03,9.76,0.9291,1.3944,0.94,25.7894,23.3104,1.0695,55.1118,62.7586,0.0,,173955.6648,173955.6648,115907.9534,1697807.2884,1697807.2884,2023-08-05
600110.SH,2021-12-03,21.63,2.7948,3.0335,0.5,5612.0268,88.039,8.0623,14.0261,7.5053,0.0,,139726.8615,132318.1658,121907.3884,3022292.0142,2862041.9263,2023-08-05
300266.SZ,2021-12-03,3.75,2.0589,3.1406,0.59,,,3.1312,2.4057,2.2245,0.0,,157090.7314,155354.9914,101846.9073,589090.2428,582581.2178,2023-08-05
002021.SZ,2021-12-03,2.18,2.7041,4.5559,1.2,,,2.3039,2.8532,1.6473,0.0,,68781.504,68779.254,40823.2654,149943.6787,149938.7737,2023-08-05
002755.SZ,2021-12-03,11.59,0.3038,0.5116,0.76,14.9072,16.9577,3.3267,2.8438,3.062,1.8982,1.7256,92816.0351,35368.4139,21006.6492,1075737.8468,409919.9171,2023-08-05
300278.SZ,2021-12-03,4.53,3.982,4.7898,2.46,,,,1.63,1.449,0.0,,57571.6412,43893.9513,36490.8413,260799.5346,198839.5994,2023-08-05
688069.SH,2021-12-03,53.74,0.482,0.7509,0.33,16.5783,18.9502,2.2353,6.5039,6.089,,,5947.0,3127.4762,2007.4762,319591.78,168070.571,2023-08-05
688601.SH,2021-12-03,173.26,4.2414,4.2414,0.87,165.6237,87.2659,11.6634,20.4272,15.7458,,,6400.0,1302.6658,1302.6658,1108864.0,225699.8765,2023-08-05
603315.SH,2021-12-03,28.0,0.7563,0.9058,1.1,86.6438,111.9925,6.2653,9.7001,9.551,0.5893,0.5357,30702.6264,21995.0901,18364.8081,859673.5392,615862.5228,2023-08-05
688299.SH,2021-12-03,32.64,2.165,2.3079,0.94,52.5954,49.5374,4.8093,8.907,7.3761,,,28517.7557,22815.9408,21403.0908,930819.546,744712.3077,2023-08-05
300975.SZ,2021-12-03,19.45,12.9852,12.9852,0.59,54.6031,36.7559,5.5188,2.6191,1.6998,,0.4422,42000.0,4536.0,4536.0,816900.0,88225.2,2023-08-05
300941.SZ,2021-12-03,44.62,12.8104,12.8104,0.43,41.6124,48.1176,5.4059,9.9217,11.6276,,0.6723,13650.0,3412.5,3412.5,609063.0,152265.75,2023-08-05
600426.SH,2021-12-03,28.96,1.1971,1.7675,1.13,34.009,9.9941,2.9697,4.6635,2.7418,0.9309,0.7979,211191.4669,210917.1597,142843.3764,6116104.8814,6108160.9449,2023-08-05
002942.SZ,2021-12-03,16.78,3.6034,3.6033,1.27,14.9375,20.5221,2.2558,2.193,2.3784,1.6045,1.3753,15600.0,4645.3448,4645.4948,261768.0,77948.8857,2023-08-05
002040.SZ,2021-12-03,6.18,2.9407,9.102,6.44,23.2168,19.8648,1.0361,3.963,3.6792,0.6958,0.7282,48396.68,48396.68,15636.2129,299091.4824,299091.4824,2023-08-05
688185.SH,2021-12-03,260.09,2.85,5.9106,0.42,,57.8173,8.6736,2585.704,20.7277,,,24744.9899,6681.6707,3221.8307,6435924.4231,1737835.7324,2023-08-05
300006.SZ,2021-12-03,5.89,1.6594,2.481,0.46,,,2.747,3.9275,4.4309,0.653,,105591.1205,81215.2773,54319.2444,621931.6997,478357.9833,2023-08-05
300694.SZ,2021-12-03,12.85,2.1345,2.313,1.04,60.3902,914.1116,2.2326,2.5636,2.0414,0.6226,0.2546,21531.6977,20839.0318,19230.2423,276682.3154,267781.5586,2023-08-05
002822.SZ,2021-12-03,5.51,6.9615,9.9763,2.76,15.3646,17.8143,1.1375,0.7113,0.6585,0.6957,0.9086,72048.8836,64299.4273,44868.4007,396989.3486,354289.8444,2023-08-05
688165.SH,2021-12-03,11.36,0.7802,1.5185,0.85,,,2.9725,5.2289,4.9943,,,52178.0,29913.5909,15369.5576,592742.08,339818.3926,2023-08-05
600791.SH,2021-12-03,3.43,0.6969,1.2746,0.84,,,1.0154,4.9659,1.28,0.3499,,45288.0,45231.3696,24733.0051,155337.84,155143.5977,2023-08-05
000544.SZ,2021-12-03,6.52,0.29,0.9274,0.64,12.8101,12.317,0.9826,2.9561,1.4381,3.8344,3.8344,97468.4488,97468.4488,30482.9341,635494.2862,635494.2862,2023-08-05
000681.SZ,2021-12-03,16.34,4.6133,6.9733,0.93,80.8811,67.2335,3.4725,20.0673,17.5358,0.1958,0.1285,70057.7436,60461.8098,40000.1829,1144743.5304,987945.9721,2023-08-05
603603.SH,2021-12-03,6.68,3.8009,5.2505,0.58,,,8.3698,1.4532,1.4287,0.0,,41778.4056,25626.5738,18551.2461,279079.7494,171185.513,2023-08-05
600210.SH,2021-12-03,8.87,1.8404,2.4889,0.94,23.8024,24.2309,2.4997,1.5982,1.5423,2.2548,2.8185,151673.6158,151673.6158,112152.8385,1345344.9721,1345344.9721,2023-08-05
600137.SH,2021-12-03,14.83,0.6012,1.6043,0.92,81.1944,73.8089,2.77,4.1605,3.5985,0.6743,0.5394,9721.7588,9721.7588,3643.3345,144173.683,144173.683,2023-08-05
000410.SZ,2021-12-03,4.85,0.3024,0.5582,0.61,,,107.4683,6.081,5.0767,0.0,,168403.5944,168091.5944,91071.7178,816757.4328,815244.2328,2023-08-05
300234.SZ,2021-12-03,8.4,8.5747,9.7995,1.07,57.3,73.0355,4.4876,9.7319,7.4625,0.4003,0.1843,51142.4086,33131.2763,28990.0514,429596.2322,278302.7209,2023-08-05
300599.SZ,2021-12-03,10.55,2.0228,2.799,0.52,17.7798,23.1571,1.6868,1.8263,1.5826,1.8506,1.8957,35813.1567,20693.4792,14954.7742,377828.8032,218316.2056,2023-08-05
000554.SZ,2021-12-03,4.74,1.5325,1.5325,1.09,312.7013,219.8508,2.4754,0.9402,0.8229,0.0,0.211,48079.3318,36264.971,36264.971,227896.0327,171895.9625,2023-08-05
002038.SZ,2021-12-03,10.48,1.1206,1.5381,0.37,29.5212,21.6452,2.0302,9.6758,9.0959,1.9084,0.9542,102735.0,85140.0894,62030.5847,1076662.8,892268.1369,2023-08-05
000158.SZ,2021-12-03,7.11,1.7424,2.8904,0.57,112.1958,97.1665,1.8993,1.15,1.0436,0.0,,159861.6721,157704.0918,95070.8001,1136616.4886,1121276.0927,2023-08-05
002122.SZ,2021-12-03,2.95,1.1211,1.9943,0.98,22.2252,17.7786,2.0362,4.9259,4.6671,0.0,,120517.0625,118800.0,66781.0064,355525.3344,350460.0,2023-08-05
300223.SZ,2021-12-03,147.68,4.6046,8.1791,1.41,971.5542,103.6586,7.068,32.7764,15.0204,0.0,0.0857,48156.9911,32413.8385,18247.8575,7111824.4456,4786875.6697,2023-08-05
600177.SH,2021-12-03,6.69,0.2093,0.3686,1.1,4.28,5.7026,0.9634,2.6986,2.4086,2.9895,7.4738,462900.2973,450268.8973,255645.5329,3096802.9889,3012298.9229,2023-08-05
002160.SZ,2021-12-03,4.72,5.6698,7.3103,0.6,169.5236,21.772,1.193,0.858,0.6233,0.0,,79558.1976,72869.9061,56516.7993,375514.6927,343945.9568,2023-08-05
002817.SZ,2021-12-03,9.69,0.8497,2.8171,0.78,45.7442,38.0952,2.6018,6.481,5.4134,0.3977,0.427,21364.155,12194.9205,3678.5224,207018.662,118168.7796,2023-08-05
603876.SH,2021-12-03,46.84,1.6769,3.6889,1.12,,87.6535,5.0064,1.8315,1.397,0.1905,,48589.673,48589.673,22087.6344,2275940.2833,2275940.2833,2023-08-05
603611.SH,2021-12-03,20.82,2.6178,3.8271,0.65,22.9494,19.8622,2.7622,1.3644,1.0227,0.0,1.3892,26718.4734,26718.4734,18275.6277,556278.6162,556278.6162,2023-08-05
601229.SH,2021-12-03,7.18,0.1822,0.286,1.49,4.884,4.538,0.5652,2.0101,1.8659,5.571,5.571,1420662.4966,1381166.3005,880078.8778,10200356.7256,9916774.0376,2023-08-05
603160.SH,2021-12-03,110.45,0.4084,0.8384,0.76,30.5132,43.1037,6.0629,7.5706,8.8832,0.7207,0.404,45836.6518,45710.4392,22266.3247,5062658.1913,5048718.0096,2023-08-05
300419.SZ,2021-12-03,7.5,2.7775,3.4425,0.55,123.7822,229.1631,3.2856,4.31,4.1613,0.0,,36775.377,36775.377,29671.517,275815.3275,275815.3275,2023-08-05
301073.SZ,2021-12-03,29.68,7.0656,7.0656,0.76,68.1693,47.2739,4.8694,9.3364,7.9692,,,8054.0,1906.6558,1906.6558,239042.72,56589.5441,2023-08-05
603991.SH,2021-12-03,43.21,1.2546,1.845,0.64,,,9.0803,10.3453,18.322,0.0,,7453.4998,7453.4998,5068.3624,322065.7264,322065.7264,2023-08-05
000803.SZ,2021-12-03,20.99,0.9363,1.3591,0.4,112.9748,104.5856,4.2078,14.6989,8.7347,0.0,,24291.4361,14764.3852,10171.4856,509877.2437,309904.4453,2023-08-05
688105.SH,2021-12-03,112.5,5.6176,5.6176,0.66,54.7642,58.6824,11.2582,28.7647,26.2423,,,40001.0,3305.1434,3305.1434,4500112.5,371828.6325,2023-08-05
601868.SH,2021-12-03,2.77,15.0508,15.8363,1.65,24.726,19.1097,1.4135,0.4278,0.3757,,,4169116.3636,1167076.7272,1109188.3272,11548452.3272,3232802.5343,2023-08-05
600779.SH,2021-12-03,140.5,1.8972,5.1513,1.36,93.824,55.7897,28.2293,22.8285,15.3059,1.0322,0.8541,48836.9548,48830.3498,17983.7278,6861592.1494,6860664.1469,2023-08-05
601456.SH,2021-12-03,12.74,2.3548,2.3548,1.0,61.3685,45.9216,2.2471,19.2272,14.0655,0.0,0.7631,283177.3168,53532.0146,53532.0146,3607679.016,681997.866,2023-08-05
002664.SZ,2021-12-03,22.76,1.6332,3.4935,0.49,29.0754,28.2162,3.2105,3.1937,2.6553,0.3481,0.4393,40388.0,39222.5363,18336.5275,919230.88,892704.9262,2023-08-05
603301.SH,2021-12-03,46.35,1.0998,2.2988,0.38,4.1307,11.2723,2.6618,1.0127,1.7139,0.5716,4.9622,22720.4736,22720.4736,10870.3136,1053093.9514,1053093.9514,2023-08-05
300377.SZ,2021-12-03,11.61,5.2482,5.7737,0.75,626.7351,93.9997,2.9965,10.4224,9.5446,0.8499,0.8613,75207.708,60069.3379,54602.1096,873161.4899,697405.013,2023-08-05
000517.SZ,2021-12-03,2.36,0.2389,1.0301,0.98,4.3122,4.282,0.8547,0.6722,0.402,4.2373,1.4831,318392.2485,249698.2316,57900.9368,751405.7065,589287.8266,2023-08-05
002546.SZ,2021-12-03,3.96,1.0172,1.759,0.62,18.009,18.4215,1.0345,5.7448,7.6428,0.3535,3.0303,83404.9096,78877.3846,45615.5002,330283.442,312354.443,2023-08-05
300899.SZ,2021-12-03,31.88,3.2675,3.6514,0.87,46.3444,53.4071,3.2163,10.7431,10.7602,,0.941,6378.3466,3181.7702,2847.2136,203341.6896,101434.834,2023-08-05
600497.SH,2021-12-03,5.05,0.8813,1.4257,0.8,54.5115,28.649,1.6653,1.3416,1.1933,2.3762,0.9901,509129.1568,509129.1568,314714.8784,2571102.2418,2571102.2418,2023-08-05
002917.SZ,2021-12-03,8.76,0.9456,2.1622,0.65,34.6886,44.5218,3.0596,3.7548,3.3614,0.761,1.1416,27134.4,18580.65,8126.25,237697.344,162766.494,2023-08-05
002641.SZ,2021-12-03,4.93,0.4021,0.9773,0.59,7.9137,10.2948,1.2572,0.8656,0.7039,2.545,2.5355,123538.3866,112973.0855,46485.3477,609044.2459,556957.3115,2023-08-05
600127.SH,2021-12-03,8.41,1.5574,1.9799,0.64,256.2696,,7.192,0.9443,0.8404,0.0,,64178.3218,64178.3218,50485.0967,539739.6863,539739.6863,2023-08-05
601011.SH,2021-12-03,5.33,4.636,7.3781,2.21,159.7215,52.5341,1.3683,3.1979,2.4215,0.0,0.9381,160480.7397,160480.7397,100835.7997,855362.3426,855362.3426,2023-08-05
688733.SH,2021-12-03,85.91,6.4092,6.4092,0.7,347.0823,173.8976,13.2474,81.3961,44.916,,,18216.434,3854.6232,3854.6232,1564973.8449,331150.6791,2023-08-05
300143.SZ,2021-12-03,15.6,1.0138,1.4288,0.68,78.1966,53.8809,4.4316,15.1543,15.0614,0.0,,64216.701,54585.4264,38729.0725,1001780.5356,851532.6518,2023-08-05
002298.SZ,2021-12-03,7.43,1.6027,1.7121,0.67,18.3507,31.8425,1.1144,1.9878,1.9308,0.608,0.2432,74011.0901,59122.7952,55343.5186,549902.3994,439282.3683,2023-08-05
300292.SZ,2021-12-03,3.81,2.1313,2.2642,0.58,,,3.9061,1.3577,1.1516,0.0,,134176.4974,110844.4813,104339.9501,511212.4551,422317.4738,2023-08-05
688258.SH,2021-12-03,37.41,3.2302,3.4934,1.0,56.0355,51.1817,3.5568,16.3951,13.9839,,,8695.6591,4236.6935,3917.5342,325304.6069,158494.7038,2023-08-05
300855.SZ,2021-12-03,70.68,2.8975,3.6521,0.68,129.592,86.7748,12.0868,25.874,21.4893,,0.283,20000.0,11047.375,8764.68,1413600.0,780828.465,2023-08-05
002839.SZ,2021-12-03,5.78,1.3319,1.5964,1.39,10.443,8.6521,0.903,2.4913,2.3093,2.5946,2.7682,180796.8723,152176.8107,126963.9408,1045005.9219,879581.9658,2023-08-05
601916.SH,2021-12-03,3.45,0.2508,0.7157,1.06,5.9612,5.7582,0.6005,1.5382,1.3876,6.9565,4.6667,2126869.6778,701064.6184,245686.4384,7337700.3884,2418672.9335,2023-08-05
000949.SZ,2021-12-03,6.13,1.4802,2.6847,0.83,107.5672,6.6721,1.4675,2.0085,1.1236,0.1399,0.1399,146672.7778,125726.5231,69318.4258,899104.1279,770703.5866,2023-08-05
002380.SZ,2021-12-03,14.17,9.9501,12.9317,3.38,26.1925,40.2857,1.5576,4.0267,3.4655,1.4114,2.073,23999.1649,14150.439,10887.8088,340068.1666,200511.7206,2023-08-05
603013.SH,2021-12-03,16.93,0.8967,4.3552,1.02,17.1945,15.3999,2.4904,0.9824,1.017,2.9541,4.1356,51410.4833,51000.0,10500.0,870379.4823,863430.0,2023-08-05
603268.SH,2021-12-03,18.89,2.2906,5.6951,2.26,1448.3044,,3.6168,5.2553,5.2874,0.0,,12416.88,12416.88,4994.08,234554.8632,234554.8632,2023-08-05
603739.SH,2021-12-03,17.91,1.4394,1.4394,0.84,41.4296,34.6191,2.8384,4.7017,4.1038,0.6851,0.7976,25208.484,10412.64,10412.64,451483.9484,186490.3824,2023-08-05
301178.SZ,2021-12-03,65.39,13.6949,13.6949,0.81,56.5649,48.0301,3.9601,8.3965,6.6749,,,4711.2,1177.8,1177.8,308065.368,77016.342,2023-08-05
002446.SZ,2021-12-03,6.93,2.9493,3.0307,0.64,34.7874,355.7089,2.0526,5.5022,6.3535,0.0,,90938.0779,83265.2351,81028.1208,630200.8798,577028.0792,2023-08-05
600515.SH,2021-12-03,8.86,0.8603,0.9339,0.77,,,4.3727,5.4826,5.4866,0.0,,390759.246,165829.5366,152748.3196,3462126.9196,1469249.6943,2023-08-05
300148.SZ,2021-12-03,4.15,4.2727,5.1542,0.48,,,1.4667,4.1336,5.4398,0.0,,84433.9343,76194.1066,63162.6776,350400.8273,316205.5424,2023-08-05
603878.SH,2021-12-03,6.53,0.2794,0.5652,0.66,11.8717,14.0149,1.0669,1.09,0.9962,7.657,4.1348,40075.8848,40075.8848,19809.1541,261695.5277,261695.5277,2023-08-05
002443.SZ,2021-12-03,6.43,4.4908,5.706,3.04,5.7304,8.3363,1.1263,0.655,0.4995,4.6656,5.4432,52053.552,51912.9277,40856.9998,334704.3394,333800.1251,2023-08-05
300886.SZ,2021-12-03,32.92,8.1916,11.3568,0.98,61.0277,110.7721,4.6761,11.9131,11.1586,,0.4673,7455.5,4931.16,3556.8045,245435.06,162333.7872,2023-08-05
600050.SH,2021-12-03,3.91,0.2913,0.708,0.99,21.947,18.8943,0.8149,0.3988,0.3752,1.5465,2.9112,3099139.3212,3075564.4212,1265519.4376,12117634.7459,12025456.8869,2023-08-05
300149.SZ,2021-12-03,14.27,0.7771,1.146,0.86,46.1456,82.8539,2.9879,4.8136,4.2611,0.0,0.4905,49977.6892,45799.6214,31055.384,713181.6249,653560.5974,2023-08-05
002197.SZ,2021-12-03,7.87,3.2447,3.7284,0.51,266.1484,204.1941,1.5994,3.6388,3.4039,0.0,,61436.2928,43506.9582,37863.5632,483503.6243,342399.761,2023-08-05
000606.SZ,2021-12-03,2.16,3.4813,4.9589,1.07,,,3.8772,2.1357,5.2474,0.0,,76579.9353,70720.1606,49647.8466,165412.6602,152755.5469,2023-08-05
300093.SZ,2021-12-03,34.66,3.449,4.8618,0.71,,,14.6282,22.7351,18.3334,0.0,,21600.0,19715.2725,13986.0949,748656.0,683331.3449,2023-08-05
600026.SH,2021-12-03,5.85,0.962,2.1034,0.71,11.7435,,0.815,1.7005,2.2493,0.6838,3.4188,476269.1885,286497.2688,131034.1095,2786174.7527,1676009.0225,2023-08-05
300064.SZ,2021-12-03,1.76,5.1267,7.7373,1.22,,,,4.4351,2.8892,0.0,,120547.6595,69622.9777,46131.6477,212163.8807,122536.4408,2023-08-05
002145.SZ,2021-12-03,13.24,1.4339,1.9657,0.7,57.2191,24.2577,4.0304,7.318,5.4541,0.1084,0.3021,205367.3321,159106.6401,116056.6401,2719063.477,2106571.9149,2023-08-05
300310.SZ,2021-12-03,5.06,2.6321,2.8206,1.02,214.7109,121.9666,2.5074,2.0146,1.9272,0.0,,88165.8531,69174.8996,64551.3332,446119.2167,350024.992,2023-08-05
600338.SH,2021-12-03,37.1,3.9971,6.9874,0.49,1108.9742,58.8096,12.5808,29.9458,19.033,0.0,0.8086,91421.0168,91421.0168,52296.9356,3391719.7233,3391719.7233,2023-08-05
300255.SZ,2021-12-03,7.59,2.6771,4.2823,0.8,28.0665,27.7956,2.33,3.0021,2.4601,0.1713,,93496.6878,68147.755,42603.816,709639.8604,517241.4605,2023-08-05
002116.SZ,2021-12-03,6.44,0.509,1.1992,1.37,42.1229,16.6873,1.8136,0.5277,0.5328,1.0419,1.3012,41762.8938,41640.4414,17674.5119,268953.0361,268164.4426,2023-08-05
000959.SZ,2021-12-03,6.99,2.4537,11.3776,1.03,26.1586,7.2616,1.1353,0.5845,0.3743,0.0,,668542.361,505710.3246,109062.8729,4673111.1034,3534915.169,2023-08-05
000027.SZ,2021-12-03,8.3,1.468,5.4496,2.54,9.9111,15.0645,1.4191,1.9304,1.4998,0.502,3.1325,475738.9916,475738.9916,128150.6055,3948633.6303,3948633.6303,2023-08-05
688685.SH,2021-12-03,30.17,5.6816,5.6816,1.1,65.9192,65.2484,5.2716,11.6931,10.796,,,11186.6667,2377.1668,2377.1668,337501.7343,71719.1224,2023-08-05
300460.SZ,2021-12-03,23.25,7.0272,9.6705,0.99,317.6521,43.3916,5.3209,16.5457,9.5946,0.0,,27600.4251,27600.4251,20056.2371,641709.8836,641709.8836,2023-08-05
000638.SZ,2021-12-03,5.01,1.0874,1.745,1.02,,63013.4881,13.5439,13.9656,7.8452,0.0,,30940.0,30940.0,19280.0,155009.4,155009.4,2023-08-05
002069.SZ,2021-12-03,2.93,0.6635,1.2295,0.98,140.3119,,,1.0814,1.0283,0.0,,71111.2194,68884.1131,37171.7101,208355.8728,201830.4514,2023-08-05
300099.SZ,2021-12-03,8.39,11.1957,14.891,1.36,47.0084,23.7969,3.0378,10.4237,7.6842,1.7878,1.1919,66733.5255,50880.0495,38253.5946,559894.2789,426883.6153,2023-08-05
301051.SZ,2021-12-03,125.88,4.4603,4.4603,0.84,46.0103,47.5156,3.5745,7.5552,5.6142,,,8000.0,2000.0,2000.0,1007040.0,251760.0,2023-08-05
603109.SH,2021-12-03,30.33,2.3885,2.3885,0.59,42.8965,28.9692,3.1795,2.9075,1.9998,0.743,0.8076,14970.11,4667.0,4667.0,454043.4363,141550.11,2023-08-05
002873.SZ,2021-12-03,14.22,2.5358,4.5563,0.35,31.4761,22.8718,2.6835,3.106,2.444,0.4928,0.6009,16402.7885,15509.5837,8631.949,233247.6525,220546.2802,2023-08-05
688190.SH,2021-12-03,143.0,17.2536,17.2536,0.42,179.0343,159.154,9.525,23.9906,19.8895,,,12000.0,2609.1672,2609.1672,1716000.0,373110.9096,2023-08-05
002310.SZ,2021-12-03,2.89,0.6301,1.1392,1.28,,,0.6811,0.8895,0.6505,0.0,,268546.2004,256150.4568,141685.4444,776098.5192,740274.8202,2023-08-05
300415.SZ,2021-12-03,22.0,4.4256,6.8017,1.31,32.8847,19.584,4.927,3.801,2.9473,0.4162,0.8432,46962.6084,41826.624,27215.116,1033177.3848,920185.728,2023-08-05
002569.SZ,2021-12-03,8.17,0.7415,1.0298,0.92,,,4.634,4.6192,4.1157,0.0,,14401.0,13974.0425,10062.0425,117656.17,114167.9272,2023-08-05
600279.SH,2021-12-03,3.81,0.949,2.0128,3.02,51.0576,79.5842,0.8178,0.89,0.7176,1.3123,0.6562,118686.6283,86992.419,41013.9003,452196.0538,331441.1164,2023-08-05
002682.SZ,2021-12-03,3.76,1.3613,1.847,1.06,,,1.0755,0.5874,0.455,1.8617,,56236.8594,55513.2631,40914.5816,211450.5913,208729.8693,2023-08-05
600802.SH,2021-12-03,7.18,1.7911,2.6321,1.17,11.8413,11.0591,1.8137,1.1114,1.0156,1.857,1.1142,45824.84,45824.84,31183.1693,329022.3512,329022.3512,2023-08-05
300805.SZ,2021-12-03,11.85,5.0854,6.4709,1.32,35.8086,101.2932,2.9994,1.5241,1.5486,0.8439,0.4219,42323.0,12803.0,10061.75,501527.55,151715.55,2023-08-05
300520.SZ,2021-12-03,20.9,3.0342,4.8414,1.01,126.5408,131.3532,3.7739,3.3711,3.2045,0.5895,0.4895,24388.586,21425.6566,13427.8964,509721.4474,447796.2229,2023-08-05
002330.SZ,2021-12-03,6.22,1.0964,3.5291,0.92,107.7759,72.248,2.2422,0.9562,0.9067,0.0,0.16,50429.35,50186.89,15591.4859,313670.557,312162.4558,2023-08-05
688577.SH,2021-12-03,60.36,1.1508,1.1508,0.44,61.1957,43.7997,4.0928,7.935,6.0871,,,5397.172,1829.672,1829.672,325773.3019,110439.0019,2023-08-05
603599.SH,2021-12-03,38.7,1.0129,1.7913,0.7,30.5434,15.1598,2.7711,5.285,3.7277,0.0,1.1112,46464.9135,46150.5858,26096.5842,1798192.1525,1786027.6705,2023-08-05
000547.SZ,2021-12-03,16.05,2.8955,2.9124,1.15,31.8614,30.6259,2.9104,5.8023,5.4015,0.549,0.2183,160368.5112,123198.689,122481.8554,2573914.6048,1977338.9585,2023-08-05
002453.SZ,2021-12-03,19.46,2.2963,3.0119,0.53,550.5318,206.4773,8.0335,6.7075,4.8527,0.0,,94421.7225,61127.5969,46604.2374,1837446.7199,1189543.0357,2023-08-05
002493.SZ,2021-12-03,16.96,0.3228,1.0097,0.84,23.4969,14.58,3.7235,1.601,1.08,0.4396,0.5896,1012552.5,949828.125,303701.3179,17172890.4,16109085.0,2023-08-05
002810.SZ,2021-12-03,59.2,0.7472,1.2377,0.97,80.4035,61.5997,13.5673,15.4945,13.4237,0.3753,,34257.604,31427.8091,18974.4799,2028050.1568,1860526.2987,2023-08-05
605080.SH,2021-12-03,70.4,1.8548,1.8548,0.72,44.6216,33.1271,4.4969,12.2461,8.9738,,,10112.36,2528.09,2528.09,711910.144,177977.536,2023-08-05
300590.SZ,2021-12-03,26.38,4.7066,8.2815,1.68,88.7982,57.3814,5.3697,16.9956,10.4012,0.3015,0.3015,30452.6999,21017.1826,11944.6906,803342.2234,554433.277,2023-08-05
000613.SZ,2021-12-03,3.69,1.0931,1.4976,0.71,,,19.2736,86.6123,38.0496,0.0,,36410.0,26687.98,19478.802,134352.9,98478.6462,2023-08-05
300697.SZ,2021-12-03,12.71,0.8332,2.2079,0.53,36.6083,37.0835,4.7398,2.633,2.0839,1.4752,1.967,33280.0,22045.504,8320.0,422988.8,280198.3558,2023-08-05
300400.SZ,2021-12-03,23.3,1.8786,1.8786,0.89,46.0589,47.8831,7.3465,6.3965,5.8887,0.0,0.4239,24262.58,16233.7657,16233.7657,565318.114,378246.7408,2023-08-05
600365.SH,2021-12-03,3.98,2.5442,3.2389,1.66,,,4.649,2.6174,2.4556,0.0,,40000.0,40000.0,31419.8092,159200.0,159200.0,2023-08-05
603606.SH,2021-12-03,52.32,2.76,4.5537,0.76,40.5492,29.1235,7.7795,7.1217,4.9267,0.2363,0.4181,68771.5368,68771.5368,41682.4194,3598126.8054,3598126.8054,2023-08-05
002140.SZ,2021-12-03,12.41,2.6177,6.4544,0.54,34.1622,28.2353,2.6948,1.2988,1.0589,0.8059,0.8058,54531.144,53322.0775,21625.8374,676731.497,661726.9818,2023-08-05
002472.SZ,2021-12-03,28.67,1.29,1.4595,1.03,435.2141,84.7601,4.6814,6.0849,4.2306,0.1378,0.0616,77769.1625,65583.7629,57967.9172,2229641.8889,1880286.4823,2023-08-05
300751.SZ,2021-12-03,695.26,1.5286,2.3767,0.76,182.2025,124.7437,25.8919,31.4455,25.164,0.0724,0.1196,10336.6786,6702.4864,4310.8469,7186679.1634,4659970.6945,2023-08-05
002200.SZ,2021-12-03,8.18,0.7564,1.4163,0.84,,71.1793,12.415,5.6262,2.8345,0.0,,18413.289,18413.289,9833.7111,150620.704,150620.704,2023-08-05
002068.SZ,2021-12-03,9.06,8.6785,16.7711,0.98,69.8699,12.0377,2.0596,1.2191,0.8708,0.0,2.7471,74811.9596,72701.9159,37620.6922,677796.354,658679.3581,2023-08-05
603955.SH,2021-12-03,12.68,0.2979,0.7072,0.68,16.8566,23.3226,1.0798,1.8227,2.6007,3.9432,,13572.0,13572.0,5717.2449,172092.96,172092.96,2023-08-05
002763.SZ,2021-12-03,9.33,1.0968,1.6701,0.62,18.1487,12.7454,2.045,1.6122,1.4091,4.302,10.7181,41002.5,19779.17,12988.67,382553.325,184539.6561,2023-08-05
603711.SH,2021-12-03,15.43,0.2175,1.6742,0.88,17.9314,18.19,2.3089,1.7086,1.6725,1.6269,1.9443,41645.06,40652.66,5281.436,642583.2758,627270.5438,2023-08-05
600982.SH,2021-12-03,4.36,5.3621,7.7343,1.82,19.2924,18.8916,1.3756,1.1049,1.1376,1.1149,3.0963,111776.8211,74693.0,51783.5403,487346.94,325661.48,2023-08-05
300921.SZ,2021-12-03,22.1,4.8186,4.8186,0.5,38.2589,41.4479,3.6459,5.8789,5.3031,,2.0111,13168.737,3281.4,3281.4,291029.0877,72518.94,2023-08-05
838275.BJ,2021-12-03,6.56,0.7994,0.8315,0.58,26.2308,23.123,4.0684,8.2563,7.8497,,,16027.76,4524.52,4349.8771,105142.1056,29680.8512,2023-08-05
300953.SZ,2021-12-03,159.06,4.4132,4.6543,1.01,113.6564,82.2482,10.3244,12.4124,6.1089,,0.088,9308.0,2094.3,1985.7846,1480530.48,333119.358,2023-08-05
600246.SH,2021-12-03,12.14,0.8678,2.3519,0.87,490.2096,91.7265,3.5042,18.3025,25.2838,0.4818,,205400.9302,205400.9302,75790.5941,2493567.2926,2493567.2926,2023-08-05
600739.SH,2021-12-03,19.09,0.486,0.7591,0.67,10.5375,13.7932,1.1422,1.7234,1.6154,0.5238,1.1524,152970.9816,152970.9816,97938.2958,2920216.0387,2920216.0387,2023-08-05
300790.SZ,2021-12-03,46.43,3.9885,3.9885,1.07,80.2632,37.0504,6.3427,6.914,4.7652,0.4213,0.6196,21911.9144,10801.8197,10801.8197,1017370.1856,501528.4887,2023-08-05
300054.SZ,2021-12-03,26.09,2.2424,2.4824,0.58,,,6.3517,13.5045,11.0818,0.0768,0.1148,94042.9525,71716.9939,64784.9706,2453580.6307,1871096.3709,2023-08-05
601258.SH,2021-12-03,1.65,0.5288,0.6562,0.69,29.0773,15.1234,1.4651,0.6162,0.574,0.0,,1022722.507,1022722.507,824105.233,1687492.1366,1687492.1366,2023-08-05
688049.SH,2021-12-03,69.62,17.7351,17.7351,,352.6031,97.3968,5.0302,20.6952,15.2744,,,12200.0,2580.1651,2580.1651,849364.0,179631.0943,2023-08-05
301069.SZ,2021-12-03,60.77,14.5222,14.5222,0.91,159.2859,158.4891,20.8972,40.9634,33.6892,,,42064.0,5633.4652,5633.4652,2556229.28,342345.6802,2023-08-05
688319.SH,2021-12-03,30.4,1.3717,1.384,0.68,340.9908,158.6103,15.1423,38.487,30.436,,,40526.5,3275.7126,3246.4331,1232005.6,99581.663,2023-08-05
688395.SH,2021-12-03,30.83,6.2839,6.2839,0.69,37.6833,34.2689,4.11,6.5803,5.6762,,,8600.0,1841.0,1841.0,265138.0,56758.03,2023-08-05
600963.SH,2021-12-03,7.94,5.2673,9.2918,1.3,34.5814,28.4408,1.6241,2.0134,1.7899,0.4454,0.8747,180445.3109,176951.8109,100309.4008,1432735.7685,1404997.3785,2023-08-05
600599.SH,2021-12-03,8.71,0.3667,0.6619,1.02,31.3397,17.592,2.1026,8.2533,5.3429,0.0,,16600.0,16600.0,9197.5171,144586.0,144586.0,2023-08-05
600284.SH,2021-12-03,5.98,0.4736,0.7517,1.48,13.0498,11.2461,0.879,0.6927,0.598,2.3411,2.6756,97025.6,97025.6,61126.3687,580213.088,580213.088,2023-08-05
000651.SZ,2021-12-03,34.98,0.6134,0.8068,0.97,9.3297,8.577,2.3976,1.23,1.1465,6.3515,8.0974,591446.904,586901.7265,446239.5055,20688812.7019,20529822.393,2023-08-05
300931.SZ,2021-12-03,12.32,7.0276,7.0276,0.52,53.654,62.9075,3.83,6.5437,6.4746,,,24014.6,6004.0,6004.0,295859.872,73969.28,2023-08-05
002809.SZ,2021-12-03,10.17,0.6657,0.9695,0.58,14.844,16.402,1.498,1.5742,1.3085,1.3328,,20688.9872,13420.8296,9215.0489,210406.9998,136489.837,2023-08-05
688103.SH,2021-12-03,72.45,3.8058,3.8058,1.1,49.9534,98.8253,7.8829,17.0736,14.2748,,,9539.0,1944.739,1944.739,691100.55,140896.3406,2023-08-05
600826.SH,2021-12-03,8.26,0.2362,0.4968,0.52,31.9956,27.8345,1.2005,1.4844,2.8135,1.2353,1.5738,53592.0895,42064.2288,19998.3368,442670.6593,347450.5299,2023-08-05
002182.SZ,2021-12-03,23.98,6.6893,8.5183,0.66,63.5956,46.1484,5.1367,2.6072,2.0591,0.6255,0.417,64642.2538,55719.1886,43755.2757,1550121.2461,1336146.1426,2023-08-05
001209.SZ,2021-12-03,25.5,1.7656,1.7656,0.85,17.9151,18.9782,1.8926,2.1174,1.9155,,,9394.48,2348.65,2348.65,239559.24,59890.575,2023-08-05
601200.SH,2021-12-03,12.48,0.7225,1.6609,0.91,22.3866,19.5746,1.4311,3.1032,2.0035,0.5591,0.6811,112185.8543,112185.8543,48804.1723,1400079.4617,1400079.4617,2023-08-05
300866.SZ,2021-12-03,107.0,1.4138,1.8819,0.61,50.8074,44.8928,7.6081,4.6498,3.6982,,0.7477,40642.7207,15094.0148,11339.5196,4348771.1149,1615059.5836,2023-08-05
000729.SZ,2021-12-03,6.84,0.415,0.9072,0.83,97.9247,69.1831,1.4026,1.7641,1.6839,0.3216,0.3216,281853.9341,250956.0118,114806.0527,1927880.9092,1716539.1207,2023-08-05
000538.SZ,2021-12-03,88.95,0.3874,0.5032,0.73,20.6832,30.7215,3.0072,3.4844,3.0691,3.3589,4.3095,128262.9742,60739.3382,46763.1493,11408991.5551,5402764.1329,2023-08-05
002134.SZ,2021-12-03,9.66,1.8682,3.1922,1.39,365.2969,388.5605,5.7063,5.1866,3.7742,0.0,,24584.9768,24584.9768,14388.2614,237490.8759,237490.8759,2023-08-05
300727.SZ,2021-12-03,29.64,2.1457,5.5263,0.61,69.4123,45.8051,5.7339,5.2854,3.613,0.5398,0.4217,12688.0,11262.8816,4373.1079,376072.32,333831.8106,2023-08-05
000993.SZ,2021-12-03,14.17,9.2468,22.1367,1.74,,124.988,3.1822,17.5658,13.2076,0.0,,45795.1455,43974.7572,18368.9,648917.2117,623122.3095,2023-08-05
600315.SH,2021-12-03,43.03,0.4755,0.9782,1.24,67.979,54.3034,4.3163,4.1586,3.899,0.5738,0.4637,67963.4461,67124.8461,32632.146,2924467.0857,2888382.1277,2023-08-05
301026.SZ,2021-12-03,74.27,9.0617,9.0617,1.33,69.4233,32.4121,6.7315,7.8235,4.1953,,,11333.3334,2417.8318,2417.8318,841726.6716,179572.3678,2023-08-05
605098.SH,2021-12-03,55.11,10.2781,10.2781,1.66,43.5543,29.4159,4.5886,12.2745,9.1345,,1.2702,8434.1857,2109.0,2109.0,464807.9739,116226.99,2023-08-05
002400.SZ,2021-12-03,4.61,1.3686,1.6885,0.65,,,1.7756,0.6047,0.5948,0.4989,,174333.7128,168718.9081,136755.4146,803678.416,777794.1663,2023-08-05
600984.SH,2021-12-03,10.45,1.4878,2.3292,1.01,18.2635,16.5367,1.6678,2.5254,2.105,0.0,0.9569,96695.6865,90073.3388,57535.4806,1010469.9239,941266.3905,2023-08-05
603605.SH,2021-12-03,199.0,0.3603,0.7922,0.93,84.034,72.0341,15.309,10.6601,8.9416,0.2969,0.362,20100.9966,20066.2765,9126.3936,4000098.3234,3993189.0235,2023-08-05
600986.SH,2021-12-03,4.55,1.2346,1.4149,0.5,63.7671,29.7026,1.5639,0.6497,0.4575,0.0,,132242.5609,132242.5609,115393.2424,601703.6521,601703.6521,2023-08-05
600848.SH,2021-12-03,14.33,0.2647,0.4639,1.25,25.5571,23.3521,2.3793,9.1988,6.3497,1.3957,1.7446,252248.7004,145750.3689,83157.109,3614723.8767,2088602.7863,2023-08-05
603456.SH,2021-12-03,58.47,0.6533,1.297,0.73,127.9133,79.2429,11.0729,18.3894,12.4644,0.33,0.3416,83259.613,83022.913,41818.4798,4868189.5721,4854349.7231,2023-08-05
300526.SZ,2021-12-03,22.31,3.8478,9.3455,1.07,,,14.2257,27.311,118.6835,0.1236,,20424.8968,20423.2759,8408.8268,455679.4476,455643.2853,2023-08-05
000988.SZ,2021-12-03,29.75,1.3347,1.648,0.78,54.3401,34.5674,4.0543,4.8739,3.3254,0.2017,0.2017,100550.2707,100498.5657,81394.0143,2991370.5533,2989832.3296,2023-08-05
603025.SH,2021-12-03,28.97,0.6652,3.8224,0.97,125.1707,68.3737,14.0515,32.2259,18.3299,0.7594,0.7594,92610.1711,92189.0711,16042.4881,2682916.6568,2670717.3898,2023-08-05
600023.SH,2021-12-03,3.8,0.3624,1.3013,1.77,8.4916,16.4626,0.7704,1.0,0.7927,5.2632,5.9211,1360068.9988,1360068.9988,378752.2987,5168262.1954,5168262.1954,2023-08-05
002683.SZ,2021-12-03,30.44,2.1195,3.1543,0.75,56.4989,48.3868,4.168,3.5673,2.8936,0.6199,0.7227,74941.2187,64452.7927,43308.0639,2281210.6972,1961943.0098,2023-08-05
600212.SH,2021-12-03,4.34,3.6392,4.2597,0.42,113.6476,190.0133,8.7799,8.023,9.166,0.0,,51169.7213,51169.7213,43716.1328,222076.5904,222076.5904,2023-08-05
000720.SZ,2021-12-03,6.08,0.8668,1.6498,0.82,28.1146,24.8439,2.888,2.035,1.415,0.0,,128965.0962,128965.0962,67757.9241,784107.7849,784107.7849,2023-08-05
000969.SZ,2021-12-03,11.21,4.5832,7.2632,0.47,111.1702,61.2492,2.4298,2.3099,1.8676,0.0,0.1784,102600.8097,100062.6464,63141.4835,1150155.0767,1121702.2661,2023-08-05
603585.SH,2021-12-03,18.03,0.6672,2.224,0.8,18.572,17.6361,1.5356,2.0822,1.6039,3.3278,1.6639,18000.0,18000.0,5400.0,324540.0,324540.0,2023-08-05
600728.SH,2021-12-03,7.89,0.4912,0.6104,0.64,151.0756,56.2632,2.4531,3.2363,2.5986,0.5067,0.1995,175822.9097,172973.2797,139197.9093,1387242.7575,1364759.1768,2023-08-05
300791.SZ,2021-12-03,41.93,1.004,1.1362,0.45,29.3532,27.8043,3.2591,3.6551,3.1991,0.3177,0.9531,18016.962,5158.1107,4557.8157,755451.2167,216279.5817,2023-08-05
002821.SZ,2021-12-03,478.6,1.0993,1.8039,0.75,162.1607,128.5741,17.7945,37.1766,29.3483,0.0988,0.1243,24466.1118,23314.142,14208.2918,11709481.1075,11158148.3612,2023-08-05
601127.SH,2021-12-03,72.69,3.1724,6.7099,1.69,,,13.7495,6.9116,5.9813,0.051,,135992.8889,97617.9024,46153.526,9885323.0941,7095845.3255,2023-08-05
000516.SZ,2021-12-03,10.77,0.6456,0.891,0.67,540.3766,,4.3006,15.2532,9.4887,0.0,,227592.735,189365.5151,137214.0112,2451173.756,2039466.5976,2023-08-05
000902.SZ,2021-12-03,17.6,0.8789,1.723,0.67,24.0476,18.9763,2.9855,2.2803,2.0203,1.1147,1.093,130452.929,118630.9098,60514.2326,2295971.5504,2087904.0125,2023-08-05
600746.SH,2021-12-03,14.74,2.7861,4.7443,0.8,74.4201,7.392,2.919,4.5358,2.414,0.0,1.1533,116784.2884,42415.6537,24908.4295,1721400.411,625206.7355,2023-08-05
603773.SH,2021-12-03,18.85,0.4712,0.8561,0.53,163.4517,,1.4872,3.8176,2.7246,0.6644,0.2111,12235.5713,12235.5713,6734.2049,230640.519,230640.519,2023-08-05
301072.SZ,2021-12-03,51.75,32.886,32.886,0.73,103.5297,90.402,7.1102,10.3302,8.5272,,,10505.48,2490.6044,2490.6044,543658.59,128888.7777,2023-08-05
600004.SH,2021-12-03,11.12,0.8499,1.7362,0.58,,,1.4428,5.0373,5.1678,1.1401,0.3804,236671.8283,206932.0514,101297.3731,2631790.7307,2301084.4116,2023-08-05
300901.SZ,2021-12-03,12.71,1.415,2.4143,0.45,29.2052,36.2206,3.0207,5.09,5.2592,,0.3934,24000.0,12166.8,7130.47,305040.0,154640.028,2023-08-05
600590.SH,2021-12-03,8.32,3.1231,5.3149,1.39,,102.9038,1.7118,1.1739,1.0734,0.6715,,85286.975,84356.9523,49568.8005,709587.632,701849.8431,2023-08-05
831370.BJ,2021-12-03,5.75,0.4613,0.5161,0.97,18.893,31.6733,2.1108,2.5062,2.7811,,,30628.0,14965.8573,13378.0467,176111.0,86053.6795,2023-08-05
688766.SH,2021-12-03,425.0,3.8534,3.8534,0.83,178.9552,58.8243,8.2804,21.4645,14.2923,,,3622.8719,773.9251,773.9251,1539720.5575,328918.1675,2023-08-05
000099.SZ,2021-12-03,8.53,3.7901,6.1758,1.56,30.3045,23.1384,1.4016,4.2463,4.0048,0.4579,0.6869,77577.0137,60607.042,37195.0946,661731.9269,516978.0683,2023-08-05
300014.SZ,2021-12-03,146.2,0.8812,1.316,0.68,167.9894,94.9886,16.2462,34.0028,19.4483,0.0594,0.017,189825.13,183835.5511,123094.7594,27752434.006,26876757.5708,2023-08-05
603186.SH,2021-12-03,41.69,2.4023,4.02,0.64,47.2849,23.7731,3.62,2.5923,1.7421,0.3714,0.6717,14202.5312,14140.1712,8449.8944,592103.5257,589503.7373,2023-08-05
688767.SH,2021-12-03,66.11,3.2197,3.2197,0.25,16.2054,8.8363,3.539,8.1488,4.0884,,,10666.6667,2221.0796,2221.0796,705173.3355,146835.5724,2023-08-05
300660.SZ,2021-12-03,34.65,5.815,10.8048,1.79,32.9278,32.8686,3.3897,3.7098,3.1444,1.1545,1.3276,25934.0468,12410.3897,6679.1537,898614.7216,430020.0031,2023-08-05
300563.SZ,2021-12-03,15.45,3.6578,4.2448,0.58,44.6554,43.6191,3.0004,4.4435,3.6318,0.5794,0.508,17874.2666,12237.868,10545.6213,276157.419,189075.0606,2023-08-05
002725.SZ,2021-12-03,7.02,1.2517,1.9966,1.05,,,1.7654,2.4883,1.9766,0.8547,,25600.0,19539.4647,12249.4547,179712.0,137167.0422,2023-08-05
000010.SZ,2021-12-03,3.87,0.585,0.6246,0.56,79.6404,89.4636,6.161,2.2526,1.8773,0.0,,81985.4713,52217.1498,48909.8798,317283.7739,202080.3697,2023-08-05
603218.SH,2021-12-03,33.92,1.232,2.8669,0.93,33.5119,38.6897,3.829,6.4221,6.7483,0.4856,0.9434,96759.3089,96759.3089,41581.0312,3282075.7579,3282075.7579,2023-08-05
600036.SH,2021-12-03,51.25,0.2395,0.4216,0.74,13.2781,11.3028,1.8336,4.4496,4.0333,2.3415,2.4449,2521984.5601,2062894.4429,1171836.1832,129251708.7051,105723340.1986,2023-08-05
603790.SH,2021-12-03,10.2,0.3467,1.0538,0.69,35.4521,30.1816,1.6959,2.4282,2.1387,1.9608,0.9685,19136.0,19136.0,6295.754,195187.2,195187.2,2023-08-05
600853.SH,2021-12-03,2.5,0.5297,0.9536,1.16,11.1927,10.625,1.2162,0.2122,0.1689,1.6667,,100490.1546,100490.1546,55821.1516,251225.3865,251225.3865,2023-08-05
002596.SZ,2021-12-03,3.64,0.5181,0.752,0.87,100.8097,,1.3721,1.4384,1.3516,0.0,0.2747,114758.0518,104139.6268,71746.1678,417719.3086,379068.2416,2023-08-05
603658.SH,2021-12-03,54.6,0.4993,1.575,0.74,42.8065,33.6929,4.5605,10.7485,8.828,1.2107,1.1975,58627.2256,58627.2256,18585.5667,3201046.5178,3201046.5178,2023-08-05
002912.SZ,2021-12-03,31.7,1.0551,1.3946,0.75,22.3983,161.268,3.2725,5.8168,6.533,1.2771,1.2618,17507.168,11700.496,8851.8505,554977.2256,370905.7232,2023-08-05
002227.SZ,2021-12-03,17.85,1.6861,4.1335,0.62,623.5638,315.9846,4.8801,12.1863,11.0305,0.112,,22059.74,22032.5338,8987.5693,393766.359,393280.7283,2023-08-05
300822.SZ,2021-12-03,24.61,2.8024,2.8024,1.21,23.2841,24.3312,3.2491,4.4454,3.6007,1.0836,1.3545,16000.5,4150.5,4150.5,393772.305,102143.805,2023-08-05
601188.SH,2021-12-03,3.32,0.3417,1.1319,1.3,21.8719,18.492,0.9409,7.8075,6.9634,4.8193,1.3855,131587.8571,131587.8571,39719.9952,436871.6856,436871.6856,2023-08-05
300983.SZ,2021-12-03,80.61,1.197,1.2023,0.79,22.0632,20.1147,2.0972,6.9675,6.7208,,1.4886,8000.0,2000.0,1991.13,644880.0,161220.0,2023-08-05
002010.SZ,2021-12-03,8.98,0.8756,2.2697,0.74,18.1308,15.387,1.7868,1.2831,0.8532,1.1812,1.1988,307145.6723,293807.4814,113339.9864,2758168.1373,2638391.183,2023-08-05
601611.SH,2021-12-03,10.29,2.1968,8.3075,1.23,20.0413,18.7861,2.1909,0.3744,0.3252,0.5446,0.6319,264858.6418,262502.8118,69415.8118,2725395.4241,2701153.9334,2023-08-05
600693.SH,2021-12-03,4.03,0.3571,0.9952,0.92,17.6898,29.2558,1.0538,1.9845,1.8362,0.0,,89822.9148,89724.7594,32198.6419,361986.3466,361590.7804,2023-08-05
603138.SH,2021-12-03,16.66,2.6854,5.9187,0.77,123.8097,187.2514,8.1087,10.8149,10.7854,0.1963,0.1201,25752.89,25266.4524,11463.9864,429043.1474,420939.097,2023-08-05
600732.SH,2021-12-03,22.75,5.9616,6.0175,1.28,57.5157,120.1753,8.9881,4.7938,3.1718,0.0,0.3077,203632.9187,65282.4037,64675.9515,4632648.9004,1485174.6842,2023-08-05
002599.SZ,2021-12-03,5.96,7.1444,9.0346,1.07,,,2.3511,1.5841,1.3357,0.0,,54226.625,40032.6424,31657.2256,323190.685,238594.5487,2023-08-05
600705.SH,2021-12-03,3.87,0.3504,0.6638,1.4,10.5435,9.6851,0.9532,3.3423,3.3319,2.686,2.8651,891997.4627,888704.3152,469051.8136,3452030.1806,3439285.6998,2023-08-05
002423.SZ,2021-12-03,8.21,0.3116,0.5511,0.98,17.9554,16.7611,1.0573,12.0365,2.6901,0.341,0.5481,230410.5575,119667.7282,67659.9342,1891670.6771,982472.0485,2023-08-05
600855.SH,2021-12-03,13.26,2.3828,3.7116,1.03,40.6041,43.8894,3.4373,2.1553,2.0503,0.2214,0.7391,44911.3701,34994.3288,22465.6191,595524.7675,464024.7999,2023-08-05
600379.SH,2021-12-03,16.48,5.9072,11.0575,0.64,117.8675,112.1049,9.1955,6.0324,4.9237,0.4612,0.2549,33020.1564,33020.1564,17640.3554,544172.1775,544172.1775,2023-08-05
600838.SH,2021-12-03,5.93,0.3337,0.4567,0.67,44.5313,24.5184,1.5768,25.4669,21.2978,1.2648,0.6745,40088.1981,40088.1981,29292.1188,237723.0147,237723.0147,2023-08-05
300300.SZ,2021-12-03,4.65,1.4722,2.1013,0.52,,,3.7382,8.8292,5.6009,0.0,,67139.691,67130.346,47032.5241,312199.5632,312156.1089,2023-08-05
002305.SZ,2021-12-03,1.9,0.8813,1.6178,0.98,161.4758,,0.9667,0.8186,1.2084,0.0,,173421.577,173303.725,94412.4185,329500.9963,329277.0775,2023-08-05
300769.SZ,2021-12-03,632.89,1.916,2.0689,0.56,,248.8648,23.7167,59.9395,21.4013,0.0,,8922.6682,5445.515,5042.9393,5647067.4771,3446411.9884,2023-08-05
688768.SH,2021-12-03,107.03,1.9662,1.9662,0.54,78.9116,87.8379,10.0485,22.2621,16.9535,,,5486.5491,1117.1165,1117.1165,587225.3502,119564.979,2023-08-05
002833.SZ,2021-12-03,31.42,1.7236,2.1216,0.77,27.0151,17.7647,4.7694,5.636,4.0135,0.8525,1.8187,30302.0032,17985.716,14612.085,952088.9405,565111.1967,2023-08-05
600320.SH,2021-12-03,3.8,0.758,1.3964,1.67,47.4132,53.9781,1.4075,0.8837,0.8283,1.3158,,526835.3501,332199.7661,180323.2242,2001974.3304,1262359.1112,2023-08-05
603116.SH,2021-12-03,5.76,0.2534,0.5803,0.57,42.2208,57.1892,1.0042,1.2804,1.2054,3.0196,4.5294,57620.08,57620.08,25158.6792,331891.6608,331891.6608,2023-08-05
300023.SZ,2021-12-03,6.55,2.2326,5.4541,1.42,,45.4047,3.8871,63.4253,55.511,0.0,,31610.6775,25820.4188,10569.2313,207049.9376,169123.7431,2023-08-05
000060.SZ,2021-12-03,4.99,1.2294,1.8552,0.82,18.3033,13.3973,1.451,0.6026,0.4506,1.4111,1.6463,365001.899,364889.1565,241808.3717,1821359.476,1820796.8909,2023-08-05
300873.SZ,2021-12-03,49.97,1.8589,2.9353,0.74,34.2103,22.4542,3.3481,6.2042,4.9087,,0.3002,13333.3334,6718.3534,4254.7149,666266.67,335716.1194,2023-08-05
600794.SH,2021-12-03,3.14,0.647,1.1427,2.09,17.895,33.0027,1.6964,1.8438,1.7333,0.0,0.4777,121215.2157,121215.2157,68629.5487,380615.7773,380615.7773,2023-08-05
300844.SZ,2021-12-03,64.58,1.9703,1.9703,0.57,25.5613,30.1644,2.7001,5.3222,4.6556,,,4040.0,1010.0,1010.0,260903.2,65225.8,2023-08-05
300665.SZ,2021-12-03,10.2,6.0922,6.6012,0.77,73.2215,94.9147,3.4634,2.9207,2.6887,0.0,0.416,17339.7837,12895.4517,11901.1191,176865.7937,131533.6073,2023-08-05
002196.SZ,2021-12-03,11.12,11.0488,14.4351,1.24,,,3.8077,4.8608,3.2688,0.0,,49944.493,46836.7818,35849.2704,555382.7622,520825.0136,2023-08-05
000090.SZ,2021-12-03,5.38,0.4934,0.8167,1.01,6.7642,6.6425,1.1129,0.587,0.533,7.0632,7.0632,186854.5434,186816.5272,112870.1044,1005277.4435,1005072.9163,2023-08-05
600429.SH,2021-12-03,5.62,1.1238,4.5212,1.92,381.5713,30.0005,1.6445,1.1446,1.0701,0.4804,0.089,149755.7426,149755.7426,37222.6929,841627.2734,841627.2734,2023-08-05
300077.SZ,2021-12-03,28.53,11.568,11.9158,1.4,1505.0333,155.1511,13.2426,44.5309,23.6898,0.0,,59266.4,54504.8925,52913.9033,1690870.392,1555024.583,2023-08-05
300105.SZ,2021-12-03,7.64,4.0854,7.0438,1.07,407.5796,1714.9829,2.2379,8.7117,8.1601,2.5709,1.2854,52258.0,51321.3525,29766.2805,399251.12,392095.1331,2023-08-05
603239.SH,2021-12-03,16.46,1.1644,3.4748,0.86,41.818,31.3642,4.5496,7.2119,5.8701,3.0377,2.1264,27072.0,27072.0,9072.0,445605.12,445605.12,2023-08-05
000918.SZ,2021-12-03,2.33,1.4596,2.0265,0.89,,,2.4499,4.2041,3.2553,0.0,,180419.15,180419.15,129945.2257,420376.6195,420376.6195,2023-08-05
603906.SH,2021-12-03,46.6,1.2778,2.5061,0.43,110.7619,88.7641,10.8529,11.7338,7.856,0.1724,0.2713,48209.1352,48209.1352,24581.0508,2246545.7003,2246545.7003,2023-08-05
002765.SZ,2021-12-03,9.2,7.3669,10.185,0.79,685.4795,34.1178,2.6351,2.1937,1.758,0.0,,57517.529,40575.6342,29348.6562,529161.2668,373295.8346,2023-08-05
603929.SH,2021-12-03,11.85,0.665,2.863,0.68,,,2.4515,2.7205,1.2785,2.1097,0.8439,21336.0,21336.0,4956.0,252831.6,252831.6,2023-08-05
300374.SZ,2021-12-03,12.79,3.6345,6.5361,2.35,223.0676,,2.4598,3.1724,5.2267,0.2346,0.0782,24591.2337,18924.0974,10523.1632,314521.879,242039.2057,2023-08-05
002718.SZ,2021-12-03,12.84,1.0427,1.6411,0.68,20.1988,30.5675,1.2618,2.2282,1.7452,1.1682,1.0125,13144.7829,6635.6202,4215.9876,168779.0124,85201.3634,2023-08-05
300835.SZ,2021-12-03,78.98,7.1817,7.1817,0.77,81.8213,41.4995,6.0274,9.9824,6.9742,0.6331,0.2532,7067.0,4030.1,4030.1,558151.66,318297.298,2023-08-05
300124.SZ,2021-12-03,65.86,0.7192,0.9825,0.86,82.3428,55.8975,12.0572,15.0228,10.3177,0.179,0.358,262574.6551,212802.3144,155768.5294,17293166.7849,14015160.4264,2023-08-05
603700.SH,2021-12-03,20.06,1.3665,1.3665,1.83,14.9292,15.9994,2.6488,2.5639,2.393,1.1504,1.994,20324.2,10332.3308,10332.3308,407703.452,207266.5558,2023-08-05
002960.SZ,2021-12-03,45.11,2.1314,2.5904,0.53,36.5346,32.6308,4.6433,6.2231,4.5916,0.4583,0.7052,34828.2702,17471.6232,14376.1612,1571103.2687,788144.9226,2023-08-05
300594.SZ,2021-12-03,20.3,7.1543,9.3805,1.97,21.0243,130.497,2.0405,3.1288,3.1813,0.7301,0.9852,8998.17,6762.92,5157.92,182662.851,137287.276,2023-08-05
002734.SZ,2021-12-03,13.34,1.7706,2.3923,0.78,12.8738,17.619,1.9743,1.1325,1.1057,1.7299,1.874,37253.3539,32675.5536,24183.7081,496959.741,435891.885,2023-08-05
002729.SZ,2021-12-03,52.43,1.1517,2.9324,1.03,453.8349,318.1859,11.3926,28.9278,22.2373,0.0954,0.0545,9335.2,8952.2301,3516.0647,489444.536,469365.4241,2023-08-05
000045.SZ,2021-12-03,9.66,1.2661,2.5954,1.01,131.2923,52.4176,1.7306,2.3201,2.1197,0.0,0.3106,50652.1849,45701.6549,22294.7113,489300.1061,441477.9863,2023-08-05
688622.SH,2021-12-03,61.07,4.2084,4.2084,1.26,61.548,54.3481,7.5859,13.6892,10.8605,,,6999.7606,1424.6175,1424.6175,427475.3798,87001.3907,2023-08-05
000899.SZ,2021-12-03,5.2,1.863,7.0131,2.13,16.0567,209.0146,1.0363,1.8951,1.7924,1.9231,1.9231,97567.776,97567.4945,25917.9383,507352.4352,507350.9714,2023-08-05
600719.SH,2021-12-03,3.82,0.7797,1.1621,0.78,160.024,,2.2112,2.2923,2.3035,0.2356,0.2094,40459.96,40459.96,27146.5816,154557.0472,154557.0472,2023-08-05
688656.SH,2021-12-03,61.28,3.5353,3.5353,1.73,68.2512,41.693,5.0933,17.4176,12.3134,,,6305.8328,1339.9895,1339.9895,386421.434,82114.5566,2023-08-05
603693.SH,2021-12-03,28.04,2.1416,11.0581,1.62,125.0892,99.2216,3.373,12.4317,11.2008,0.4821,0.4821,68575.0677,61800.0,11968.7,1922844.8983,1732872.0,2023-08-05
600857.SH,2021-12-03,9.73,0.9414,1.4207,0.66,96.9956,60.6036,4.5674,2.9629,2.6304,0.0,,22431.9919,22431.9919,14864.4198,218263.2812,218263.2812,2023-08-05
301000.SZ,2021-12-03,70.85,5.4847,5.4847,0.63,36.2091,31.4963,3.534,7.6328,6.3072,,1.6937,5333.35,1333.35,1333.35,377867.8475,94467.8475,2023-08-05
301061.SZ,2021-12-03,74.95,9.2002,9.2002,1.66,29.1627,20.8515,2.454,4.5489,3.1011,,,8000.0,2000.0,2000.0,599600.0,149900.0,2023-08-05
300601.SZ,2021-12-03,110.51,0.9674,1.53,0.79,111.7867,59.22,8.9209,33.5772,23.5929,0.2657,0.2715,68703.2744,53442.5868,33790.7349,7592398.8539,5905940.2673,2023-08-05
600418.SH,2021-12-03,19.12,7.8928,10.9834,1.34,253.8331,122.6783,2.7355,0.8452,0.8468,0.0889,0.1203,189331.2117,189331.2117,136055.2017,3620012.7677,3620012.7677,2023-08-05
000030.SZ,2021-12-03,8.16,1.6108,5.1334,0.87,16.3915,17.3522,2.0254,1.3294,1.1958,2.0019,3.5327,181055.2111,175999.5642,55227.8609,1477410.5226,1436156.4439,2023-08-05
600557.SH,2021-12-03,10.17,0.4405,0.7099,0.79,22.933,21.3692,1.4377,1.9887,1.8029,0.7866,,59288.1038,59288.1038,36783.3772,602960.0156,602960.0156,2023-08-05
000807.SZ,2021-12-03,11.01,3.7984,6.2718,1.3,38.1601,9.6636,2.2792,1.1646,0.8239,0.0,,312820.6556,281410.3314,170428.5144,3444155.4182,3098327.7487,2023-08-05
600438.SH,2021-12-03,43.97,2.1481,3.8258,1.48,54.8607,31.8218,5.6149,4.4781,3.3422,0.4029,0.5481,450154.8184,450154.8184,252752.5669,19793307.365,19793307.365,2023-08-05
603012.SH,2021-12-03,6.25,1.071,1.3304,0.65,10.8818,11.9041,1.2899,1.7394,1.7098,1.12,1.44,63656.0,63656.0,51248.0864,397850.0,397850.0,2023-08-05
002488.SZ,2021-12-03,8.87,3.5634,4.8827,0.89,,,2.2904,3.3919,3.4932,0.0,,100191.4821,91118.6898,66498.9657,888698.4462,808222.7785,2023-08-05
002345.SZ,2021-12-03,4.98,0.7059,1.1407,0.68,32.2776,13.1058,1.2723,1.4024,1.0371,1.9706,3.9411,90541.2707,88472.9365,54753.0902,450895.5281,440595.2238,2023-08-05
300087.SZ,2021-12-03,30.12,2.6557,3.8486,0.89,102.4929,107.3866,11.3412,8.5393,7.1393,0.1507,0.3081,45409.8437,39914.3753,27542.2116,1367744.4922,1202220.984,2023-08-05
688683.SH,2021-12-03,26.08,2.0788,2.1729,1.02,61.1971,57.307,4.7304,9.666,8.5932,,,14856.0,3156.9,3020.2856,387444.48,82331.952,2023-08-05
600283.SH,2021-12-03,11.05,0.6628,1.9173,0.67,28.1405,19.9168,1.8774,2.9661,2.6261,0.0,1.3575,35299.5758,35299.5758,12202.7125,390060.3126,390060.3126,2023-08-05
600063.SH,2021-12-03,6.65,3.4314,4.9542,0.85,20.9535,13.2282,2.108,1.8157,1.4916,0.9023,1.5038,192589.4692,192589.4692,133392.9574,1280719.9702,1280719.9702,2023-08-05
002961.SZ,2021-12-03,24.62,2.6098,2.8722,1.02,44.0299,22.4783,5.1623,8.1644,4.9138,0.7311,1.0966,44502.3986,10870.2861,9877.1695,1095649.0535,267626.4438,2023-08-05
002670.SZ,2021-12-03,9.76,1.1158,2.7969,0.92,,,1.6435,4199.7323,73203.8578,0.0,,193508.4653,162335.0534,64760.926,1888642.6213,1584390.1212,2023-08-05
839946.BJ,2021-12-03,6.14,1.5897,1.5898,1.42,15.6712,21.2212,2.5558,2.5482,2.6868,,,13499.0443,4935.1424,4934.7724,82884.132,30301.7743,2023-08-05
688076.SH,2021-12-03,49.66,5.3338,5.3338,0.91,85.7629,82.6244,5.9371,18.6756,16.4896,,,21318.38,4539.7312,4539.7312,1058670.7508,225443.0514,2023-08-05
300519.SZ,2021-12-03,16.8,1.034,1.8862,0.57,27.158,24.058,3.2808,9.4955,8.4856,2.6786,3.5714,16000.0,11410.0,6255.0158,268800.0,191688.0,2023-08-05
300468.SZ,2021-12-03,18.13,3.2562,4.7277,0.39,68.8896,66.5699,4.3159,8.9481,8.1407,0.5519,0.5516,28329.1058,28239.0614,19449.8762,513606.6882,511974.1832,2023-08-05
300123.SZ,2021-12-03,9.78,4.3127,6.2471,1.89,280.6357,,1.9151,5.4359,6.4556,0.3067,,100763.0823,98767.6743,68185.5822,985462.9449,965947.8547,2023-08-05
838924.BJ,2021-12-03,10.05,0.8903,0.8903,0.48,26.9241,25.4036,3.4828,2.4518,2.3046,,,8117.3914,3779.2308,3779.2308,81579.7836,37981.2695,2023-08-05
300188.SZ,2021-12-03,17.75,5.6078,7.9808,2.59,38.2419,42.3177,4.4549,6.004,5.6194,0.5058,0.7318,80710.9799,60837.2133,42748.0036,1432619.8932,1079860.5361,2023-08-05
603118.SH,2021-12-03,9.12,0.3783,0.6925,0.63,20.8354,21.275,1.4671,0.817,0.6942,1.31,1.4496,79213.3332,77573.3332,42380.8801,722425.5988,707468.7988,2023-08-05
300781.SZ,2021-12-03,24.45,10.6804,10.6804,1.02,168.5349,55.8491,4.0292,8.3996,3.4979,0.6292,0.1888,10990.3846,3581.058,3581.058,268714.9035,87556.8681,2023-08-05
002999.SZ,2021-12-03,6.55,0.9992,1.1443,0.64,28.6332,24.6449,2.1065,0.2268,0.185,,1.6358,34759.2,22425.2,19581.8,227672.76,146885.06,2023-08-05
603021.SH,2021-12-03,5.01,3.8455,6.7582,2.73,32.6797,,1.3898,1.6126,1.5732,0.0,,31994.807,31994.807,18205.4794,160293.9831,160293.9831,2023-08-05
000936.SZ,2021-12-03,6.13,0.6329,1.0654,0.55,,17.6915,1.0918,2.3057,2.3437,0.8157,0.8157,88601.2887,88574.7139,52611.7656,543125.8997,542962.9962,2023-08-05
300356.SZ,2021-12-03,3.52,3.1271,4.1219,1.42,,,1.5611,3.6533,3.2732,0.0,,40790.462,38809.7005,29442.41,143582.4262,136610.1458,2023-08-05
605287.SH,2021-12-03,27.86,1.8498,1.8498,0.96,15.1971,13.6885,1.819,0.6011,0.5981,,,10000.0,2500.0,2500.0,278600.0,69650.0,2023-08-05
002593.SZ,2021-12-03,3.94,1.1987,1.9136,0.8,40.5543,29.3347,1.3618,1.0848,0.8735,1.0945,1.0945,80805.8029,46758.388,29288.698,318374.8634,184228.0487,2023-08-05
688589.SH,2021-12-03,63.98,6.066,6.4771,1.04,229.9742,175.3866,8.8954,29.6716,23.7804,,,10000.0,5512.6667,5162.7592,639800.0,352700.4155,2023-08-05
000032.SZ,2021-12-03,19.1,1.2794,3.1657,0.71,145.9462,274.4084,3.8438,14.3017,0.7622,0.152,,113874.484,41142.4109,16627.1829,2175002.6444,785820.0482,2023-08-05
600518.SH,2021-12-03,4.39,1.4147,2.0676,0.91,,,,4.0346,4.8239,0.0,,497386.1675,440878.6966,301664.4547,2183525.2753,1935457.4781,2023-08-05
603036.SH,2021-12-03,9.9,2.6494,3.3013,0.65,30.1748,35.4343,1.8104,7.038,7.3706,1.2084,1.5152,20667.3,20539.895,16483.8798,204606.27,203344.9605,2023-08-05
600178.SH,2021-12-03,9.14,7.2328,14.8879,1.65,107.5495,37.4619,1.6867,1.2476,0.6967,0.0,0.3282,46208.0,46208.0,22448.7,422341.12,422341.12,2023-08-05
002474.SZ,2021-12-03,7.12,1.816,1.9141,0.53,89.3183,83.1639,2.7679,6.0646,5.8212,0.0,0.2107,62220.0,49181.202,46662.2675,443006.4,350170.1582,2023-08-05
300040.SZ,2021-12-03,11.16,12.0174,13.2998,1.21,93.5276,52.5713,2.5578,5.1239,4.6614,0.2615,0.29,58762.3,45528.0374,41137.8247,655787.268,508092.8974,2023-08-05
831445.BJ,2021-12-03,26.0,0.4735,0.4749,0.64,44.6527,40.1114,7.6925,9.5485,8.7372,,,11506.58,6732.4879,6713.4188,299171.08,175044.6854,2023-08-05
688310.SH,2021-12-03,40.38,2.057,3.2973,2.09,57.1468,72.7965,4.5944,12.8274,11.554,,,8360.0,3783.0,2360.0,337576.8,152757.54,2023-08-05
300250.SZ,2021-12-03,12.26,3.6719,4.1999,0.84,,,4.0514,6.6145,5.657,0.0,,21998.9902,15933.8077,13930.6908,269707.6199,195348.4824,2023-08-05
600909.SH,2021-12-03,5.17,0.4661,0.922,1.19,19.1552,19.6838,1.3047,7.2357,7.906,1.4909,1.7891,469765.8129,469765.8129,237481.4583,2428689.2527,2428689.2527,2023-08-05
603017.SH,2021-12-03,9.52,0.5223,0.93,0.6,12.1508,15.9793,1.3791,1.4447,1.5016,4.4716,6.423,27851.4728,27650.5234,15529.9512,265146.0211,263232.9828,2023-08-05
300194.SZ,2021-12-03,4.18,1.6193,1.7519,0.91,23.7523,25.859,1.1786,2.0998,2.0947,1.1962,1.1962,118971.2382,94319.951,87182.4655,497299.7757,394257.3952,2023-08-05
300350.SZ,2021-12-03,8.51,3.7139,4.0028,0.72,93.647,36.1795,5.2889,7.8521,8.923,0.0,,56201.2279,41128.5777,38160.6802,478272.4494,350004.1962,2023-08-05
000639.SZ,2021-12-03,4.88,0.4158,0.8719,0.73,16.8381,25.056,1.3807,0.9114,0.8259,0.0,,107942.8095,107942.6772,51472.7026,526760.9104,526760.2647,2023-08-05
300152.SZ,2021-12-03,4.59,6.7528,9.2953,0.69,251.8388,2555.7781,4.6185,6.3536,9.0893,0.0,,71280.0,71231.7825,51748.121,327175.2,326953.8817,2023-08-05
600302.SH,2021-12-03,4.79,1.2346,2.1574,0.92,11.7205,15.6505,1.4246,1.3198,0.8035,0.0,1.0438,34600.9804,34600.9804,19801.8356,165738.6961,165738.6961,2023-08-05
300448.SZ,2021-12-03,6.76,1.6672,1.9001,0.74,354.4057,187.8805,3.2522,9.042,8.2264,0.6681,0.2666,68409.5079,45982.6041,40344.1938,462448.2734,310842.4037,2023-08-05
000971.SZ,2021-12-03,2.39,1.4539,1.7598,1.31,24.8205,24.7001,2.0641,2.8658,3.0372,0.0,,104859.0126,83713.6681,69159.8099,250613.0401,200075.6668,2023-08-05
002383.SZ,2021-12-03,6.79,2.2842,3.12,2.82,,,3.2827,2.9901,2.5772,0.0,,74433.4534,69556.2164,50924.5305,505403.1486,472286.7094,2023-08-05
603681.SH,2021-12-03,38.1,2.8033,2.8033,0.98,41.4929,31.4857,3.3247,3.0165,2.1886,0.3432,0.4575,19112.9871,8619.5451,8619.5451,728204.8085,328404.6683,2023-08-05
300426.SZ,2021-12-03,6.93,0.7297,1.202,0.79,,,,14.4366,13.6096,0.0,,41477.15,39691.3168,24094.0219,287436.6495,275060.8254,2023-08-05
830946.BJ,2021-12-03,7.52,5.8807,5.8879,1.04,22.3634,24.1515,3.3037,5.8873,6.0053,,,42691.834,8122.7166,8112.7166,321042.5917,61082.8288,2023-08-05
300787.SZ,2021-12-03,27.45,3.3574,3.9824,0.52,36.9494,36.6862,3.2868,2.6785,2.2611,1.0119,1.0625,15278.4,5207.36,4390.114,419392.08,142942.032,2023-08-05
002296.SZ,2021-12-03,7.23,1.5168,1.5782,1.11,33.0405,24.3352,1.7535,4.4176,3.6638,0.6739,,38961.642,34142.413,32813.9805,281692.6717,246849.646,2023-08-05
300406.SZ,2021-12-03,18.65,14.6437,19.6804,5.02,97.8343,32.7533,3.1692,12.9517,7.1369,0.6786,0.5318,58898.43,33304.8406,24781.2641,1098455.7195,621135.2772,2023-08-05
300625.SZ,2021-12-03,14.97,0.5947,0.9026,0.77,17.8601,19.1169,1.785,1.7899,1.5535,1.9775,4.6141,28000.0,13839.5802,9119.4403,419160.0,207178.5156,2023-08-05
688595.SH,2021-12-03,117.81,5.3978,5.9644,0.93,131.8944,105.6083,12.5579,32.4728,20.6031,,,10000.0,5262.9725,4762.975,1178100.0,620030.7902,2023-08-05
600618.SH,2021-12-03,12.85,2.1748,7.7275,0.72,24.4931,10.5231,2.3822,3.0396,2.4311,0.7782,0.428,115639.9976,74983.9976,21103.4329,1485973.9692,963544.3692,2023-08-05
688778.SH,2021-12-03,121.5,3.4442,3.4442,0.66,121.9976,61.9424,8.5471,3.8257,2.3317,,,25157.2267,5186.7513,5186.7513,3056603.0441,630190.283,2023-08-05
605169.SH,2021-12-03,18.3,9.2033,9.2033,1.03,30.7696,21.1525,2.3604,4.774,3.4896,,2.5221,20800.0,5200.0,5200.0,380640.0,95160.0,2023-08-05
688366.SH,2021-12-03,142.81,5.8153,6.8875,2.94,109.137,58.6775,4.405,18.8447,14.6403,,,17582.21,5672.9,4789.8021,2510915.4101,810146.849,2023-08-05
000800.SZ,2021-12-03,10.58,1.634,1.634,1.11,18.4166,13.7106,1.8977,0.4328,0.4706,0.0,4.7259,465065.3869,76451.6311,76451.6311,4920391.7934,808858.257,2023-08-05
002672.SZ,2021-12-03,7.26,0.6058,1.02,1.03,21.0564,27.0314,1.3866,1.9256,1.7466,2.0661,1.5152,87926.7102,67901.8377,40326.9403,638347.9161,492967.3417,2023-08-05
300628.SZ,2021-12-03,75.4,0.4741,0.6966,0.87,53.2049,45.6882,12.5794,24.7012,20.4797,0.7929,0.8627,90231.141,48220.8953,32819.4805,6803428.0314,3635855.5056,2023-08-05
603324.SH,2021-12-03,63.88,2.8532,2.8532,0.66,65.7222,49.9933,5.868,8.5231,6.3559,,0.4574,12511.65,3098.7004,3098.7004,799244.202,197944.9816,2023-08-05
002975.SZ,2021-12-03,58.85,2.4109,2.4109,0.92,24.0901,31.1351,5.5484,5.9745,6.8135,0.6084,1.2456,13968.8,3893.34,3893.34,822063.88,229123.059,2023-08-05
605378.SH,2021-12-03,30.87,7.9497,7.9497,0.92,34.8047,44.0007,3.6543,3.7462,3.4834,,1.6197,13334.0,3334.0,3334.0,411620.58,102920.58,2023-08-05
603090.SH,2021-12-03,25.64,4.8709,11.9734,1.53,391.9195,440.398,4.9881,7.8856,5.5051,0.39,,10000.0,10000.0,4068.13,256400.0,256400.0,2023-08-05
600217.SH,2021-12-03,5.68,2.5392,5.0829,1.41,19.2163,22.8761,3.3343,2.3683,2.1282,0.0,,138865.9782,138865.9782,69370.5945,788758.7562,788758.7562,2023-08-05
002490.SZ,2021-12-03,5.18,13.373,35.9272,4.82,128.4348,23.9476,2.467,1.3732,1.107,0.0,,79784.84,54161.55,20160.3589,413285.4712,280556.829,2023-08-05
300383.SZ,2021-12-03,14.53,1.7664,2.5393,0.89,24.5599,24.5003,2.2675,2.9991,2.9161,0.1376,0.1721,154313.9921,152986.9974,106425.4822,2242182.3052,2222901.0722,2023-08-05
605003.SH,2021-12-03,22.8,1.3912,1.3912,1.39,17.8527,16.3368,2.3963,5.0624,4.4399,,1.7544,11000.0,2750.0,2750.0,250800.0,62700.0,2023-08-05
002550.SZ,2021-12-03,4.42,0.9575,1.0855,0.72,,,2.6569,3.3921,3.0202,5.374,2.6513,127980.0,92812.3034,81869.4884,565671.6,410230.381,2023-08-05
300129.SZ,2021-12-03,10.28,4.9164,5.2682,0.81,21.1974,22.544,2.7156,2.0513,1.9911,0.9728,0.9728,71915.3256,57737.8158,53882.0753,739289.5472,593544.7464,2023-08-05
600185.SH,2021-12-03,6.69,0.8344,1.4787,0.6,23.285,21.6078,1.4369,2.0363,1.5659,0.0,,194468.6896,194468.6896,109734.7116,1300995.5334,1300995.5334,2023-08-05
600738.SH,2021-12-03,5.75,0.4978,1.3471,0.96,51.3194,31.9487,2.448,7.4207,6.7734,0.0,,77346.4476,77279.5436,28556.0575,444742.0737,444357.3757,2023-08-05
603999.SH,2021-12-03,5.0,0.4196,0.9953,0.74,38.6914,35.3917,1.6063,2.6573,2.3998,0.68,0.78,57600.0,57600.0,24285.4056,288000.0,288000.0,2023-08-05
600751.SH,2021-12-03,2.78,0.9379,1.4034,0.88,,,2.1188,0.0239,0.0296,0.0,,289933.7783,257318.9052,171974.5767,806015.9037,715346.5565,2023-08-05
002622.SZ,2021-12-03,4.8,2.1207,2.8505,0.71,,,4.7381,35.2617,30.4252,0.0,,84000.0,83997.525,62491.4284,403200.0,403188.12,2023-08-05
002916.SZ,2021-12-03,106.49,0.6723,2.0827,0.9,36.4358,38.3542,6.4636,4.4918,4.2113,0.749,0.8921,48931.5846,48443.8559,15636.9889,5210724.4441,5158786.2148,2023-08-05
002618.SZ,2021-12-03,2.89,5.2512,6.0515,1.08,,,1.6065,32.4989,24.9996,0.1038,,54792.0,54792.0,47546.3758,158348.88,158348.88,2023-08-05
600576.SH,2021-12-03,4.88,1.5686,2.6185,0.81,159.5064,103.5912,2.9081,13.0161,24.1878,0.0,,61940.2409,61940.2409,37105.4407,302268.3756,302268.3756,2023-08-05
002631.SZ,2021-12-03,7.73,2.5549,6.9889,2.4,,,2.9747,3.2465,2.7866,0.7877,0.3922,65863.0244,65483.8815,23938.7545,509121.1786,506190.404,2023-08-05
301091.SZ,2021-12-03,31.82,5.3353,5.3353,0.66,34.1552,29.5676,2.7952,4.6762,4.2189,,,16000.0,3366.688,3366.688,509120.0,107128.0122,2023-08-05
600058.SH,2021-12-03,9.45,1.2227,3.266,1.2,37.7005,27.1205,2.2296,0.1505,0.1199,0.0,,107191.0711,107191.0711,40130.5789,1012955.6219,1012955.6219,2023-08-05
002015.SZ,2021-12-03,19.91,7.0919,8.5245,0.82,33.5854,27.6505,4.488,2.3817,2.3047,0.0,0.7534,135246.1312,51293.3261,42672.9152,2692750.4722,1021250.1227,2023-08-05
688200.SH,2021-12-03,518.0,2.2554,3.269,1.2,159.4868,85.0244,13.0178,79.9234,42.8108,,,6132.8754,3571.9093,2464.4027,3176829.4572,1850249.0174,2023-08-05
002643.SZ,2021-12-03,24.66,1.1091,1.8623,0.99,45.4559,35.3631,4.0365,7.862,5.4709,0.8084,0.8124,93033.5215,89575.446,53348.2314,2294206.6402,2208930.4984,2023-08-05
001211.SZ,2021-12-03,28.4,6.1944,6.1944,0.76,22.7805,24.3686,2.3203,2.4519,2.1669,,1.7606,7200.0,1800.0,1800.0,204480.0,51120.0,2023-08-05
002466.SZ,2021-12-03,116.1,2.5794,3.8446,0.76,,,12.9906,52.9383,36.6013,0.0,,147709.9383,147376.2237,98876.5928,17149123.8366,17110379.5716,2023-08-05
603005.SH,2021-12-03,62.85,7.2508,9.3814,1.32,67.208,48.6576,6.948,23.2415,18.0751,0.0896,0.3116,40807.7716,40721.3716,31473.2612,2564768.4451,2559338.2051,2023-08-05
002956.SZ,2021-12-03,17.63,1.2165,1.5664,0.82,29.8622,30.7573,2.9103,3.8537,3.487,3.2421,1.5197,22394.043,9571.2232,7433.1164,394806.9781,168740.665,2023-08-05
600975.SH,2021-12-03,6.55,1.6029,2.8104,1.15,18.6508,,2.2862,1.936,2.2396,0.3713,0.6189,80504.0967,65267.5584,37225.6151,527301.8334,427502.5075,2023-08-05
000710.SZ,2021-12-03,23.24,5.4158,8.5051,1.76,39.1191,93.778,3.3246,5.35,5.2654,0.0,,35460.5865,29770.829,18957.1971,824104.0303,691874.066,2023-08-05
300147.SZ,2021-12-03,6.54,0.6949,0.9399,0.43,43.947,,1.1864,1.4079,1.537,0.7035,,66136.1435,65352.6025,48317.5447,432530.3785,427406.0204,2023-08-05
603380.SH,2021-12-03,40.61,0.9884,2.7505,0.89,39.5551,30.2039,6.1564,5.0812,4.18,0.6107,0.788,16128.9,16000.0,5749.48,654994.629,649760.0,2023-08-05
002753.SZ,2021-12-03,10.18,11.9688,19.4268,2.36,24.1559,10.6903,1.8277,1.5983,1.0925,0.3929,0.835,37543.966,24254.9036,14943.331,382197.5739,246914.9186,2023-08-05
002655.SZ,2021-12-03,15.72,5.9762,7.0539,0.74,123.198,70.1922,9.2397,4.7955,5.43,0.0,,36000.0,35985.44,30487.44,565920.0,565691.1168,2023-08-05
600585.SH,2021-12-03,38.36,0.732,1.4139,0.97,5.7866,6.1974,1.1774,1.1534,1.1685,5.2138,5.5266,529930.2579,399970.2579,207083.2565,20328124.693,15342859.093,2023-08-05
300451.SZ,2021-12-03,9.56,1.3342,1.6728,0.59,44.5811,37.5218,3.4055,9.0737,8.5913,0.2247,0.2414,154978.7692,131076.703,104544.6769,1481597.0336,1253093.2807,2023-08-05
605369.SH,2021-12-03,113.11,8.2679,8.2679,3.92,56.3883,39.9455,9.6312,15.3523,11.7119,,1.1306,11260.762,2800.0,2800.0,1273704.7898,316708.0,2023-08-05
002364.SZ,2021-12-03,10.05,4.2173,7.0686,1.06,66.5999,87.8979,2.5235,3.9511,3.3127,0.9719,0.9719,56356.496,53058.7745,31656.3245,566382.7848,533240.6837,2023-08-05
300747.SZ,2021-12-03,64.13,0.6463,1.0958,0.96,94.4364,54.0184,9.5182,12.0701,8.2465,0.0934,0.103,43602.35,37608.708,22182.0798,2796218.7055,2411846.444,2023-08-05
002501.SZ,2021-12-03,2.04,0.202,0.3331,0.86,1.4693,1.2733,3.5903,69.5211,24.0089,0.0,,355000.0,347023.7556,210447.592,724200.0,707928.4614,2023-08-05
300540.SZ,2021-12-03,36.05,10.9678,18.9804,0.84,476.8332,456.71,7.6771,8.6658,9.1604,0.0832,,12469.1993,9196.6876,5314.3218,449514.6348,331540.588,2023-08-05
603856.SH,2021-12-03,12.37,0.7441,2.2447,1.1,10.0215,12.6816,1.5885,1.3341,1.3162,1.8959,2.9964,25803.46,25641.46,8499.5797,319188.8002,317184.8602,2023-08-05
301090.SZ,2021-12-03,13.59,6.4155,6.4155,0.52,31.9648,48.454,3.3463,1.624,1.6857,,,147941.6553,16740.1937,16740.1937,2010527.0955,227499.2324,2023-08-05
002152.SZ,2021-12-03,11.36,1.1834,2.4444,0.5,40.2776,33.6072,2.6334,4.4006,4.1686,1.0247,1.3204,248338.2898,240774.4766,116570.0512,2821122.9721,2735198.0542,2023-08-05
688191.SH,2021-12-03,26.92,3.8189,3.8189,0.6,44.6966,44.3078,5.1845,8.2034,6.7239,,,15304.6047,3634.8436,3634.8436,411999.9585,97849.9897,2023-08-05
603976.SH,2021-12-03,35.73,1.4442,5.0552,0.45,101.8346,67.0523,4.8945,10.7621,7.7039,0.9068,0.1008,15120.0,15120.0,4319.6758,540237.6,540237.6,2023-08-05
688063.SH,2021-12-03,240.11,2.475,2.475,0.54,135.4526,112.9453,12.8216,33.1941,23.1454,,,15484.4533,3754.9864,3754.9864,3717972.0819,901609.7845,2023-08-05
002217.SZ,2021-12-03,3.28,0.4347,0.7174,0.64,,,1.1439,0.5959,0.6587,1.0671,,311641.622,311201.3712,188574.5422,1022184.5202,1020740.4975,2023-08-05
000532.SZ,2021-12-03,12.13,0.7237,1.4287,0.5,25.6583,35.7808,3.9093,8.1185,7.6057,0.2473,0.4946,34470.834,34354.9746,17401.3421,418131.2164,416725.8419,2023-08-05
002326.SZ,2021-12-03,60.18,4.0192,4.5581,0.74,439.5846,196.6556,14.5871,15.289,12.417,0.0,,87656.6295,67405.0474,59435.0374,5275175.9633,4056435.7525,2023-08-05
002740.SZ,2021-12-03,4.21,3.0405,3.7257,0.45,,,2.0715,1.2624,1.5446,0.0,,45406.1077,24497.9877,19992.7443,191159.7134,103136.5282,2023-08-05
002808.SZ,2021-12-03,7.8,1.5442,2.131,0.7,82.4889,111.1198,3.5814,4.3072,4.916,0.2564,0.2564,26880.0,17137.2446,12418.6398,209664.0,133670.5079,2023-08-05
603903.SH,2021-12-03,10.87,0.9642,1.6784,0.56,15.9778,14.4804,2.0599,1.3533,1.4346,0.5061,0.644,20230.3752,20230.3752,11621.3989,219904.1784,219904.1784,2023-08-05
300086.SZ,2021-12-03,5.28,1.1668,2.0058,0.46,254.4101,,1.6365,2.578,2.7127,0.0,0.3788,45000.0,43566.3111,25343.006,237600.0,230030.1226,2023-08-05
600298.SH,2021-12-03,55.5,0.798,1.3295,0.8,33.7028,33.5692,6.8512,5.1745,4.5762,0.7131,0.8914,83286.0943,82408.0943,49462.9273,4622378.2337,4573649.2337,2023-08-05
600509.SH,2021-12-03,6.48,1.1469,2.376,0.97,153.7425,52.6681,1.2362,1.524,1.2231,0.0,0.2006,115141.5017,115141.5017,55578.8044,746116.931,746116.931,2023-08-05
002224.SZ,2021-12-03,5.14,0.6787,0.7666,0.52,22.1495,23.7904,1.5681,4.1646,3.8928,0.3875,0.3797,72958.0412,54273.4832,48048.2847,375004.3318,278965.7036,2023-08-05
002613.SZ,2021-12-03,3.44,1.4293,2.141,1.29,236.4901,168.7992,2.1464,3.0261,2.3336,0.0,1.0174,93717.0,57079.2785,38105.9864,322386.48,196352.718,2023-08-05
300711.SZ,2021-12-03,14.52,0.783,2.2786,0.68,97.8152,96.8535,5.1135,9.7784,9.2935,0.1607,0.2617,20764.2172,20648.8513,7095.7221,301496.4337,299821.3209,2023-08-05
000611.SZ,2021-12-03,3.07,1.9181,2.0443,0.94,,,2.8639,140.2448,64.145,0.0,,33782.2022,31934.7925,29963.0359,103711.3608,98039.813,2023-08-05
002128.SZ,2021-12-03,12.53,2.9925,7.1571,2.85,11.6273,8.343,1.2113,1.1994,1.0283,3.1923,3.1923,192157.3493,176741.1329,73898.6735,2407731.5867,2214566.3952,2023-08-05
002236.SZ,2021-12-03,24.82,1.6128,1.9205,1.06,19.0506,21.3853,3.2813,2.8093,2.3392,0.5348,1.0798,299557.959,195960.5022,164567.7701,7435028.5424,4863739.6646,2023-08-05
300254.SZ,2021-12-03,6.68,1.1768,1.2933,0.62,,,2.2545,1.7957,1.5766,0.0,,22797.0921,21229.3955,19317.1073,152284.5752,141812.3619,2023-08-05
603486.SH,2021-12-03,162.5,0.3994,1.2677,0.87,144.9665,53.9924,22.0603,12.85,8.1999,0.0,0.308,57202.3875,56139.5675,17687.1658,9295387.9688,9122679.7188,2023-08-05
600122.SH,2021-12-03,1.93,2.3129,3.2588,1.16,,,17.7606,1.0017,1.8,0.0,,115825.835,115825.835,82207.0279,223543.8616,223543.8616,2023-08-05
600083.SH,2021-12-03,5.58,0.5471,0.825,0.62,118.1026,66.4385,,5.2513,2.1776,0.0,,23000.0,22799.3326,15119.3261,128340.0,127220.2759,2023-08-05
301118.SZ,2021-12-03,54.48,18.2317,18.2317,0.55,54.7338,28.2713,4.5229,9.1283,7.1064,,,10667.0,2406.5985,2406.5985,581138.16,131111.4863,2023-08-05
300597.SZ,2021-12-03,9.28,1.5448,1.9734,0.72,73.3773,67.1703,2.6161,4.5196,3.9978,0.2263,0.2694,24000.0,22101.884,17301.884,222720.0,205105.4835,2023-08-05
002435.SZ,2021-12-03,4.86,0.918,2.5676,0.82,22.152,18.9679,1.1054,1.4165,1.3455,0.0,1.0288,123598.302,119959.4548,42887.0571,600687.7477,583002.9503,2023-08-05
002161.SZ,2021-12-03,4.71,0.8439,1.086,0.95,,,2.4913,7.3505,8.0369,0.0,,73975.74,71263.4283,55374.5088,348425.7354,335650.7473,2023-08-05
688217.SH,2021-12-03,69.45,9.6336,9.6336,0.87,99.7024,72.7091,4.3652,13.5468,13.3755,,,5557.706,1181.5,1181.5,385982.6817,82055.175,2023-08-05
601088.SH,2021-12-03,22.6,0.5905,3.6357,3.56,11.4636,9.6859,1.2248,1.925,1.4962,5.5752,8.0088,1986851.9955,1649103.7955,267832.8759,44902855.0983,37269745.7783,2023-08-05
603638.SH,2021-12-03,31.29,0.2508,0.8835,0.79,51.0241,54.775,9.6012,11.6741,9.4993,0.2666,0.4109,84155.8502,78258.6112,22211.5649,2633236.5528,2448711.9444,2023-08-05
600860.SH,2021-12-03,11.8,6.0514,13.9917,0.65,36.5846,30.971,8.2681,5.2587,5.0861,0.0,,48500.0,32200.0,13926.4948,572300.0,379960.0,2023-08-05
603317.SH,2021-12-03,24.7,2.1594,2.1594,0.78,51.1385,149.9049,5.1284,7.8778,8.326,0.621,0.8461,75418.169,18554.969,18554.969,1862828.7743,458307.7343,2023-08-05
600765.SH,2021-12-03,50.0,1.8231,2.9692,0.82,152.9399,76.882,5.7476,7.8502,6.5928,0.0799,0.0885,105163.8636,85740.2199,52645.1199,5258193.18,4287010.995,2023-08-05
600729.SH,2021-12-03,26.66,1.3831,3.0346,1.33,10.4847,11.8111,2.0005,0.5142,0.4931,2.7382,13.6128,40652.8465,40642.6465,18523.4958,1083804.8877,1083532.9557,2023-08-05
300467.SZ,2021-12-03,14.14,2.1554,2.3209,0.6,85.5651,104.3372,3.6214,6.2923,6.109,0.0,,20320.4897,14793.8412,13738.8354,287331.7244,209184.9146,2023-08-05
002529.SZ,2021-12-03,32.24,13.6188,18.7539,2.13,255.0411,,10.3783,27.9121,28.4092,0.0,,26000.0,26000.0,18880.8111,838240.0,838240.0,2023-08-05
300928.SZ,2021-12-03,54.0,15.1554,15.1554,0.68,61.3646,70.3623,3.4654,4.7954,4.7419,,0.5556,8000.0,2000.0,2000.0,432000.0,108000.0,2023-08-05
600230.SH,2021-12-03,15.21,1.4693,2.7334,0.87,172.3761,15.8257,1.6914,3.8511,2.777,0.1164,0.0986,41859.6302,41186.3502,22139.6078,636684.9753,626444.3865,2023-08-05
688528.SH,2021-12-03,13.15,0.5031,0.5031,0.65,47.8621,66.4227,2.9425,7.3132,6.9311,,,16800.0,4982.7,4982.7,220920.0,65522.505,2023-08-05
605028.SH,2021-12-03,24.86,7.9472,7.9472,0.94,32.8168,21.5517,4.0377,13.2972,10.8034,,2.0113,16000.0,4000.0,4000.0,397760.0,99440.0,2023-08-05
600237.SH,2021-12-03,9.16,17.5893,21.9298,1.5,653.6235,144.0665,4.5445,6.1028,5.3347,0.0,,56436.9565,56436.9565,45266.3586,516962.5215,516962.5215,2023-08-05
002465.SZ,2021-12-03,10.66,2.5097,3.4379,1.42,41.9474,38.5591,2.4479,4.796,4.4055,1.1261,1.2383,230444.8671,226505.8769,165351.2252,2456542.2833,2414552.6478,2023-08-05
300732.SZ,2021-12-03,12.34,2.6909,5.2094,2.64,11.0871,10.2091,1.3413,1.8014,1.605,1.6664,1.6809,27529.6402,26780.697,13833.5766,339715.7601,330473.801,2023-08-05
002428.SZ,2021-12-03,11.94,1.8089,2.269,0.66,344.567,269.4315,5.2959,11.6385,14.1632,0.0,,65312.0,64431.4718,51365.6318,779825.28,769311.7733,2023-08-05
600007.SH,2021-12-03,14.25,0.254,1.3127,0.93,17.3895,14.5182,1.7117,4.6336,4.0698,2.6667,2.807,100728.2534,100728.2534,19492.2293,1435377.611,1435377.611,2023-08-05
688701.SH,2021-12-03,13.21,4.3772,4.3772,0.8,37.9461,35.8821,3.4941,5.2079,4.53,,,13427.7372,2732.2943,2732.2943,177380.4084,36093.6077,2023-08-05
000756.SZ,2021-12-03,9.8,8.2902,16.0691,2.54,18.9257,16.8846,1.8049,1.0237,0.9748,1.2089,1.5306,62736.7447,43175.1495,22274.4235,614820.0981,423116.4651,2023-08-05
688118.SH,2021-12-03,24.93,0.8205,0.9445,0.68,75.8267,54.817,2.6501,6.5933,5.8324,,,9540.0,6650.4659,5777.7388,237832.2,165796.1149,2023-08-05
300068.SZ,2021-12-03,13.03,3.7136,4.5711,0.61,,,1.8812,1.0885,0.8643,0.0,0.2776,85709.8972,82653.24,67148.6471,1116799.9605,1076971.7172,2023-08-05
603829.SH,2021-12-03,12.36,0.6787,2.7003,0.54,30.9449,29.3371,2.5804,2.2484,1.6989,0.8091,0.8091,16000.0,16000.0,4021.4,197760.0,197760.0,2023-08-05
002646.SZ,2021-12-03,20.27,2.5119,5.3501,0.98,,276.9663,3.5012,12.5403,9.1172,0.1409,,47256.2974,45000.0,21127.636,957885.1483,912150.0,2023-08-05
003025.SZ,2021-12-03,29.58,4.3782,4.3782,0.84,35.5548,30.7281,3.7781,8.5788,7.3778,,1.304,11254.6,2814.0,2814.0,332911.068,83238.12,2023-08-05
000810.SZ,2021-12-03,8.72,0.7076,1.7248,0.61,24.1635,24.9499,2.1885,1.0898,0.9096,1.1473,1.1469,106323.6487,102486.8296,42045.5037,927142.2167,893685.1541,2023-08-05
301078.SZ,2021-12-03,18.46,15.5505,15.5505,0.72,51.3649,54.4451,7.1573,2.4038,2.2,,,108800.0,7413.6266,7413.6266,2008448.0,136855.547,2023-08-05
000066.SZ,2021-12-03,13.85,0.773,1.3335,0.59,43.8654,34.1052,4.4483,2.8174,2.1584,0.6259,0.6244,293870.118,293828.392,170326.6758,4070101.1343,4069523.2292,2023-08-05
300930.SZ,2021-12-03,36.65,4.384,4.384,0.71,57.5431,40.8271,5.2985,10.8004,7.2617,,0.2729,10000.0,2500.0,2500.0,366500.0,91625.0,2023-08-05
605060.SH,2021-12-03,16.88,1.245,1.245,0.51,24.2166,22.6969,2.197,6.0459,5.1353,,1.9787,24000.0,6000.0,6000.0,405120.0,101280.0,2023-08-05
300903.SZ,2021-12-03,28.57,2.8121,2.8121,0.64,46.8772,53.4037,4.1022,3.0732,2.3129,,0.2275,17233.7694,9129.1169,9129.1169,492368.7918,260818.8698,2023-08-05
002042.SZ,2021-12-03,4.29,0.6733,1.2691,0.87,,31.4328,1.151,0.5407,0.4208,2.6138,3.9783,179365.439,151814.5368,80545.7606,769477.7333,651284.3629,2023-08-05
688390.SH,2021-12-03,446.05,2.0345,2.274,0.75,150.8052,140.8671,24.8346,24.7013,17.3155,,,8800.0,5661.5426,5065.3408,3925240.0,2525331.0767,2023-08-05
300394.SZ,2021-12-03,36.25,3.32,6.3967,1.08,50.7175,50.9909,6.3516,16.207,14.406,0.562,0.9195,39051.1193,35348.4122,18346.5069,1415603.0746,1281379.9423,2023-08-05
834682.BJ,2021-12-03,7.13,0.8343,0.8343,0.91,18.1719,20.2238,1.6025,0.7137,0.5776,,,20800.0,7993.31,7993.31,148304.0,56992.3003,2023-08-05
300564.SZ,2021-12-03,22.06,2.5265,2.5265,0.82,16.4056,15.6775,1.9243,2.3647,2.1817,1.5414,2.202,10293.0,3375.0,3375.0,227063.58,74452.5,2023-08-05
601009.SH,2021-12-03,9.2,0.3148,0.543,1.09,7.0274,5.9951,0.8697,2.6712,2.3177,4.2609,4.2717,1000701.6973,848220.7924,491837.4658,9206455.6152,7803631.2901,2023-08-05
603300.SH,2021-12-03,12.24,2.2172,2.6112,1.07,34.2214,22.2934,3.0386,7.2472,4.7655,0.0,,90255.4505,89035.4455,75600.2055,1104726.7141,1089793.8529,2023-08-05
002195.SZ,2021-12-03,2.18,2.4468,2.7136,0.65,,,1.3557,10.1813,12.3172,0.6881,,572484.7663,563440.2124,508047.769,1248016.7905,1228299.663,2023-08-05
002573.SZ,2021-12-03,6.65,1.0459,1.9121,0.66,44.4454,24.658,1.5515,2.2641,1.578,1.7375,1.5038,140372.1079,107916.5388,59029.3818,933474.5175,717644.983,2023-08-05
002374.SZ,2021-12-03,4.83,36.0586,44.3941,9.61,,,1.9518,8.5299,7.3952,0.0,,108795.3783,97827.4682,79459.3003,525481.6772,472506.6714,2023-08-05
300792.SZ,2021-12-03,47.85,1.5947,1.7943,0.78,36.8377,32.6548,4.5133,8.7957,9.4922,0.7016,0.6949,23870.2427,9199.6781,8176.2907,1142191.1132,440204.5971,2023-08-05
688155.SH,2021-12-03,133.65,4.1786,5.9024,1.06,167.2141,102.2068,8.5768,20.2165,10.854,,,7598.8036,3081.1814,2181.3185,1015580.1011,411799.8941,2023-08-05
603332.SH,2021-12-03,16.34,2.0237,2.0237,0.54,54.2782,32.4429,1.4388,2.2097,1.804,3.672,0.918,11893.8,2973.5,2973.5,194344.692,48586.99,2023-08-05
002645.SZ,2021-12-03,24.88,2.7813,6.2224,0.71,64.3348,32.245,4.2557,4.2928,2.4108,0.2351,0.3217,58244.1698,44007.5323,19670.3564,1449114.9446,1094907.4036,2023-08-05
300527.SZ,2021-12-03,10.0,2.9468,7.8299,0.8,123.7874,106.8933,3.6619,5.2884,4.7001,0.0,0.2424,96320.4828,96320.0478,36250.738,963204.828,963200.478,2023-08-05
000717.SZ,2021-12-03,4.2,1.362,2.9008,1.13,5.4599,4.4035,0.9501,0.322,0.2387,3.5714,4.7619,241952.441,241952.441,113601.152,1016200.2522,1016200.2522,2023-08-05
688793.SH,2021-12-03,94.75,2.4054,2.4054,0.84,82.5994,56.2026,9.2739,7.0665,5.2273,,,6164.0,1254.5413,1254.5413,584039.0,118867.7882,2023-08-05
300908.SZ,2021-12-03,49.85,2.7348,2.8451,0.92,38.954,38.7528,3.2846,6.8601,6.3404,,1.003,10000.0,3868.875,3718.875,498500.0,192863.4188,2023-08-05
002168.SZ,2021-12-03,4.17,1.8142,2.131,1.5,,,4.7924,4.2599,9.6709,0.0,,80192.9568,79293.7068,67506.4993,334404.6299,330654.7574,2023-08-05
300230.SZ,2021-12-03,4.6,2.3464,3.0069,0.77,,,1.6248,1.17,1.0322,10.8696,,81620.6041,55009.5264,42927.0671,375454.7789,253043.8214,2023-08-05
000782.SZ,2021-12-03,5.38,1.2469,1.7277,0.66,74.5651,22.5026,1.9213,1.2092,0.9226,0.3717,0.3717,52813.9623,52813.3662,38114.2538,284139.1172,284135.9102,2023-08-05
300600.SZ,2021-12-03,11.05,4.7061,8.2722,1.21,47.6804,,3.6521,5.7015,9.2045,0.5591,0.4565,29423.448,22782.633,12961.3155,325129.1004,251748.0947,2023-08-05
002774.SZ,2021-12-03,8.46,1.4794,3.7157,0.56,91.1844,9.7616,2.1187,3.0323,1.5207,0.5393,0.591,33668.79,28180.8185,11220.0092,284837.9634,238409.7245,2023-08-05
000972.SZ,2021-12-03,3.1,0.8815,1.3697,0.41,,,19.7284,104.1092,,0.0,,77128.3579,77128.3579,49641.076,239097.9095,239097.9095,2023-08-05
000856.SZ,2021-12-03,6.95,0.8358,1.194,0.82,352.0954,67.1234,4.159,0.5948,0.5055,0.0,,22700.0,22700.0,15890.0001,157765.0,157765.0,2023-08-05
603896.SH,2021-12-03,44.95,0.7458,1.3275,0.91,45.1299,39.8619,4.6139,10.7645,9.4864,0.7232,0.6711,15231.937,15231.937,8557.647,684675.5682,684675.5682,2023-08-05
002430.SZ,2021-12-03,29.72,2.0919,5.3115,1.26,34.0,23.0432,3.995,2.8609,2.4384,0.6057,0.8412,96460.3777,96385.928,37960.0215,2866802.4252,2864589.7802,2023-08-05
600896.SH,2021-12-03,5.14,0.5232,1.0284,0.48,85.959,50.4101,2.4332,70.8058,44.4196,0.0,,102480.5419,94544.034,48099.4927,526749.9854,485956.3348,2023-08-05
002971.SZ,2021-12-03,22.4,6.2884,9.508,1.62,41.1505,42.4244,3.2174,4.3488,3.8111,0.0,0.8929,16000.0,10552.2044,6979.0044,358400.0,236369.3786,2023-08-05
832566.BJ,2021-12-03,17.14,0.7406,0.7406,0.92,19.9138,18.2563,2.0938,3.4371,3.0503,,,7328.054,3848.4135,3848.4135,125602.8456,65961.8074,2023-08-05
301085.SZ,2021-12-03,33.72,12.4825,12.4825,0.62,27.2204,30.3132,3.523,2.2253,2.3836,,,8000.0,2000.0,2000.0,269760.0,67440.0,2023-08-05
688508.SH,2021-12-03,136.72,1.2231,1.413,0.57,154.6281,90.9802,10.9017,35.9237,22.5081,,,11280.0,6733.9,5828.8099,1542201.6,920658.808,2023-08-05
000667.SZ,2021-12-03,1.65,1.214,1.4662,1.13,42.9842,,0.6161,0.9676,1.0302,0.0,,246698.8633,243931.1281,201980.802,407053.1244,402486.3614,2023-08-05
002903.SZ,2021-12-03,17.99,9.7745,12.1172,1.01,63.2316,42.642,3.9238,9.007,6.1435,0.0,0.556,15235.0,9129.0801,7364.0678,274077.65,164232.151,2023-08-05
300952.SZ,2021-12-03,23.71,2.686,2.686,0.71,32.4316,37.7352,3.7984,4.1437,3.6179,,0.9279,14492.7653,3623.2,3623.2,343623.4653,85906.072,2023-08-05
600837.SH,2021-12-03,11.99,0.3923,0.4077,0.85,14.4031,11.0313,0.9664,4.0984,3.496,2.3353,2.0851,1306420.0,848267.8055,816305.6988,15663975.8,10170730.9879,2023-08-05
000948.SZ,2021-12-03,14.73,5.7141,8.7436,0.63,59.1029,44.6107,2.4604,1.3244,1.1434,0.3394,0.3394,38116.5677,33450.1835,21860.5217,561457.0422,492721.203,2023-08-05
603889.SH,2021-12-03,6.14,0.7542,1.3862,0.72,20.7455,10.3156,1.1737,1.3823,0.9641,2.6059,3.2573,51174.6388,51174.6388,27843.1683,314212.2822,314212.2822,2023-08-05
002438.SZ,2021-12-03,17.32,1.9814,2.9915,0.5,38.9444,31.4572,3.582,5.3062,4.3083,0.2887,0.2887,48575.6156,44714.5712,29616.0119,841329.6622,774456.3732,2023-08-05
301155.SZ,2021-12-03,150.5,17.8941,17.8941,0.63,53.1615,28.4289,6.3912,8.3278,5.347,,,21739.1478,5154.7094,5154.7094,3271741.7439,775783.7647,2023-08-05
300786.SZ,2021-12-03,48.0,14.932,16.3386,0.84,61.3486,57.0065,3.9869,12.2195,9.5548,0.2938,0.3308,10223.1044,5203.99,4755.99,490709.0112,249791.52,2023-08-05
601997.SH,2021-12-03,6.53,0.256,0.3447,1.12,4.0314,3.9738,0.5195,1.4846,1.5606,4.1784,4.5942,365619.8076,356030.9914,264431.7589,2387497.3436,2324882.3738,2023-08-05
600201.SH,2021-12-03,15.6,1.3203,1.5105,1.39,43.252,33.206,3.3218,11.1061,9.6928,0.382,0.7682,112620.2241,111851.9726,97767.75,1756875.496,1744890.7726,2023-08-05
002399.SZ,2021-12-03,15.99,0.1864,0.835,0.57,22.9075,30.1911,2.0041,4.4002,3.654,1.1257,0.9381,146729.6204,124720.1704,27838.4925,2346206.6302,1994275.5247,2023-08-05
000630.SZ,2021-12-03,3.5,2.2882,3.6054,1.19,42.5625,14.2751,1.7411,0.3705,0.2869,0.2857,1.1429,1052653.3308,1052639.2975,668064.6511,3684286.6578,3684237.5413,2023-08-05
002899.SZ,2021-12-03,14.94,1.425,2.4247,0.79,45.3163,44.1701,1.6183,2.0655,1.9359,0.0,0.261,12000.0,11999.8875,7052.5375,179280.0,179278.3193,2023-08-05
002780.SZ,2021-12-03,18.42,2.2629,3.1599,0.87,,,4.0642,6.2093,5.3952,0.0,,15758.7486,11511.7346,8244.1098,290276.1492,212046.1513,2023-08-05
000999.SZ,2021-12-03,25.14,0.8477,2.3308,1.15,15.4051,13.8689,1.6428,1.8046,1.5882,1.7104,1.9889,97890.0,97839.5308,35582.5676,2460954.6,2459685.8043,2023-08-05
688160.SH,2021-12-03,37.42,1.8215,2.3247,0.76,47.5008,42.2008,4.9466,7.2411,6.0167,,,8400.0,2666.6906,2089.4909,314328.0,99787.5623,2023-08-05
600713.SH,2021-12-03,4.47,0.3897,1.2382,0.67,12.3694,10.5804,1.0491,0.1169,0.1055,2.2371,2.4609,104161.1244,104161.1244,32778.9081,465600.2261,465600.2261,2023-08-05
002213.SZ,2021-12-03,17.54,3.7486,4.656,0.97,401.7529,247.2039,9.4358,9.321,4.9975,0.0,0.057,20600.0,20600.0,16585.3485,361324.0,361324.0,2023-08-05
300742.SZ,2021-12-03,47.8,18.8212,20.0126,1.96,467.8811,126.5696,9.7645,11.2495,11.068,0.0,,7849.857,7783.232,7319.8703,375223.1646,372038.4896,2023-08-05
000531.SZ,2021-12-03,8.24,0.7209,29.1407,1.08,7.2379,24.0586,1.1024,1.6306,1.5444,1.2136,3.034,68508.282,68508.282,1694.7658,564508.2437,564508.2437,2023-08-05
600890.SH,2021-12-03,2.71,1.2776,2.1331,1.49,,,7.4273,143.9494,122.1971,0.0,,57919.4925,57919.4925,34692.1459,156961.8247,156961.8247,2023-08-05
300111.SZ,2021-12-03,2.88,1.093,1.3588,0.77,57.7259,95.295,21.2559,11.2388,12.609,0.0,,111980.0,111723.9595,89874.1178,322502.4,321765.0034,2023-08-05
300607.SZ,2021-12-03,16.04,1.6958,1.9205,0.49,13.1615,50.8943,3.0961,2.4824,2.2689,0.7559,1.3697,42644.5539,27817.7588,24563.4446,684018.6446,446196.8512,2023-08-05
002011.SZ,2021-12-03,15.53,7.1121,12.2778,0.9,,,8.525,1.93,1.492,0.0,,91721.218,91618.1102,53071.002,1424430.5155,1422829.2514,2023-08-05
601998.SH,2021-12-03,4.54,0.0439,0.2922,0.87,4.5358,4.1281,0.4482,1.1409,1.1066,5.2646,5.5945,4893484.2469,3405267.9492,511375.1198,22216418.4809,15459916.4894,2023-08-05
002413.SZ,2021-12-03,6.86,1.9092,1.9668,0.61,53.3542,52.2075,1.7745,7.5651,6.1611,0.0,,134050.7796,120698.6619,117164.4614,919588.3481,827992.8206,2023-08-05
300145.SZ,2021-12-03,3.16,1.4172,1.9777,0.67,,,2.039,1.4408,1.1598,0.7789,,192343.8236,173755.0347,124509.3911,607806.4826,549065.9097,2023-08-05
002690.SZ,2021-12-03,38.46,0.6405,0.9293,1.11,59.3328,48.1309,11.2276,17.3793,14.2683,2.0801,2.0801,67600.0,33253.7421,22917.9171,2599896.0,1278938.9212,2023-08-05
002244.SZ,2021-12-03,4.07,0.456,1.1314,1.09,5.4405,4.5819,0.6638,0.4428,0.3155,3.2432,5.5528,311144.389,268623.1015,108272.8493,1266357.6632,1093296.0231,2023-08-05
300753.SZ,2021-12-03,18.64,2.8491,2.8491,1.13,24.2324,26.9612,3.0142,5.3028,4.4949,1.3756,1.3412,12604.8,5907.3236,5907.3236,234953.472,110112.5119,2023-08-05
605155.SH,2021-12-03,22.82,13.5943,13.596,1.01,28.1444,23.5282,2.0672,6.184,4.9367,,1.0955,9600.0,2400.0,2399.7,219072.0,54768.0,2023-08-05
300037.SZ,2021-12-03,120.9,1.7763,2.0826,0.84,95.9209,49.08,8.0936,16.7728,9.1559,0.2068,0.3309,41079.2913,29570.0524,25221.1404,4966486.3182,3575019.3352,2023-08-05
300641.SZ,2021-12-03,7.11,1.0613,2.6622,0.71,80.9593,35.2309,2.4338,2.6417,2.136,0.2793,0.2793,48960.0665,48960.0665,19518.9525,348106.0728,348106.0728,2023-08-05
300232.SZ,2021-12-03,9.07,1.6792,2.2767,0.62,84.2532,58.0104,2.1369,2.0,1.4956,0.1478,0.2195,109408.9477,84081.51,62013.3836,992339.1556,762619.2957,2023-08-05
002367.SZ,2021-12-03,7.53,0.5833,0.7327,0.72,12.375,13.9164,1.9106,1.4033,1.2446,7.1876,3.9254,79765.2687,52447.4108,41754.6281,600632.4733,394929.0033,2023-08-05
300913.SZ,2021-12-03,29.82,9.2822,9.2822,0.53,50.0471,44.7671,4.4153,3.1458,2.6265,,0.4024,12250.0,3062.5,3062.5,365295.0,91323.75,2023-08-05
603858.SH,2021-12-03,18.7,0.2347,0.4893,0.65,11.4717,12.2753,1.4818,1.3337,1.3227,8.3623,2.7253,114158.061,114158.061,54747.2595,2134755.7407,2134755.7407,2023-08-05
002124.SZ,2021-12-03,6.44,1.3208,1.5234,0.99,3.6501,,2.2988,1.1004,1.0608,0.0,6.6548,183919.2626,153780.1553,133329.5836,1184440.0511,990344.2001,2023-08-05
000582.SZ,2021-12-03,8.0,0.891,2.6752,4.34,12.148,13.2303,1.2177,2.4368,2.3053,2.2013,2.3131,163343.4454,126681.8515,42190.3126,1306747.5632,1013454.812,2023-08-05
002422.SZ,2021-12-03,19.19,0.6389,0.8306,0.6,32.9808,23.2558,2.0005,1.6614,1.5642,2.2032,1.6453,142542.2862,108113.0679,83154.6364,2735386.4722,2074689.773,2023-08-05
300505.SZ,2021-12-03,35.59,5.3768,6.0092,0.61,128.5334,58.3554,3.9576,5.0782,4.1168,0.3017,0.1594,14979.4066,10818.7331,9680.1581,533117.0809,385038.711,2023-08-05
002053.SZ,2021-12-03,8.91,1.0412,3.4615,1.26,29.2812,38.6099,1.5841,3.4067,3.1599,0.8979,,76097.8566,55832.9336,16793.9263,678031.9023,497471.4384,2023-08-05
300440.SZ,2021-12-03,9.3,1.2976,2.8472,0.65,28.6264,31.9818,3.2904,6.003,5.5607,0.6094,0.6924,44790.0,44264.5715,20173.2743,416547.0,411660.515,2023-08-05
000632.SZ,2021-12-03,3.45,1.5159,2.1964,1.33,34.0662,35.2218,1.1319,0.1903,0.1596,0.0,,46551.957,46548.1606,32125.6447,160604.2517,160591.1541,2023-08-05
000504.SZ,2021-12-03,16.65,0.2879,0.5001,1.18,636.173,1596.743,285.5559,29.5486,29.8936,0.0,,31157.3901,31067.3201,17886.3689,518770.5452,517270.8797,2023-08-05
002001.SZ,2021-12-03,28.75,0.7755,1.5281,1.14,20.8007,18.5673,3.5519,7.1871,5.5498,1.4493,2.029,257839.476,254808.3676,129313.9213,7412884.935,7325740.5685,2023-08-05
688131.SH,2021-12-03,293.1,1.6933,1.6933,0.65,169.6573,107.9988,12.2635,34.309,23.7267,,,7434.2007,1524.5051,1524.5051,2178964.2252,446832.4448,2023-08-05
300905.SZ,2021-12-03,25.87,4.1953,4.1953,1.1,35.6856,35.0183,2.9508,5.5495,4.9605,,1.9327,14400.0,4739.259,4739.259,372528.0,122604.6303,2023-08-05
605366.SH,2021-12-03,13.47,1.8532,2.5759,0.48,36.4556,39.7671,2.6853,4.9832,4.3467,,2.2272,33200.0,16177.313,11638.6453,447204.0,217908.4061,2023-08-05
688558.SH,2021-12-03,47.26,4.6761,4.6761,0.73,51.8827,32.6303,4.6367,8.4805,5.7947,,,13200.0,3747.2368,3747.2368,623832.0,177094.4112,2023-08-05
603007.SH,2021-12-03,3.4,2.3216,4.7448,1.25,52.9859,,1.0613,1.9955,3.323,2.9363,0.2925,33573.2761,33338.9561,16312.7511,114149.1387,113352.4507,2023-08-05
300189.SZ,2021-12-03,4.56,2.1531,2.9065,1.02,,,5.1306,36.0941,28.65,0.0,,102400.0,96304.9748,71342.5569,466944.0,439150.6851,2023-08-05
002266.SZ,2021-12-03,6.99,2.3976,4.107,1.33,27.5591,15.3258,4.0437,4.4988,2.8291,0.1431,0.5713,536979.5962,280742.5437,163894.0902,3753487.3774,1962390.3805,2023-08-05
300623.SZ,2021-12-03,36.39,9.4408,16.8463,2.67,94.5687,56.0004,9.4305,26.5198,16.0935,0.2277,0.293,73671.1048,64068.3322,35904.2498,2680891.5037,2331446.6088,2023-08-05
300585.SZ,2021-12-03,15.02,2.9788,5.6261,1.18,81.3977,114.4088,3.6446,6.1721,5.8179,0.0,,17111.1111,16000.0,8471.24,257008.8887,240320.0,2023-08-05
601717.SH,2021-12-03,12.57,2.6022,4.308,1.07,18.0034,13.9148,1.5586,0.8416,0.763,1.4311,1.6698,177477.137,148923.717,89954.6713,2230887.6121,1871971.1227,2023-08-05
002615.SZ,2021-12-03,5.75,3.3,4.7491,0.93,,30.6052,2.7647,1.5886,1.1039,1.3853,,41218.872,23090.5695,16045.2199,237008.514,132770.7746,2023-08-05
301030.SZ,2021-12-03,35.0,15.8419,15.8419,0.76,75.9945,65.1735,4.6782,6.9827,6.1684,,,13333.3334,2844.789,2844.789,466666.669,99567.615,2023-08-05
002056.SZ,2021-12-03,19.2,3.7764,7.825,0.52,30.8147,25.2048,4.8152,3.8532,2.6892,0.7736,1.1354,162671.2074,160413.4535,77417.2969,3123287.1821,3079938.3072,2023-08-05
600188.SH,2021-12-03,25.4,1.7039,7.1261,1.53,17.3842,9.5507,2.2426,0.5759,0.7463,2.2726,3.937,487418.406,297418.406,71113.6772,12380427.5124,7554427.5124,2023-08-05
002459.SZ,2021-12-03,86.21,2.6312,3.2332,1.39,91.4892,90.2339,8.7435,5.3329,3.9104,0.0,0.2319,159884.1081,75958.2723,61815.1723,13783608.9593,6548362.655,2023-08-05
688188.SH,2021-12-03,403.99,2.1906,2.1906,0.98,109.3364,72.9115,14.1393,70.9832,45.4367,,,10029.7785,2687.2785,2687.2785,4051930.2162,1085633.6412,2023-08-05
600416.SH,2021-12-03,18.88,5.0051,5.0051,1.83,289.7302,363.7484,5.6202,4.643,5.534,0.0,,115495.19,62863.1202,62863.1202,2180549.1872,1186855.7094,2023-08-05
300897.SZ,2021-12-03,33.96,1.6565,1.724,0.72,33.0704,27.5537,2.6956,6.0646,4.9266,,1.7668,6800.0,2043.6224,1963.6224,230928.0,69401.4167,2023-08-05
300325.SZ,2021-12-03,2.9,6.116,7.1277,1.62,,,,3.2598,3.0954,0.0,,100574.3085,99653.3768,85509.1878,291665.4947,288994.7927,2023-08-05
300119.SZ,2021-12-03,22.92,1.046,1.4664,0.69,26.9577,24.5011,2.7421,5.3661,5.2671,0.9324,1.4914,46834.4037,25231.8381,17999.0863,1073444.5328,578313.7293,2023-08-05
603937.SH,2021-12-03,11.0,0.7209,1.952,0.71,20.0207,17.0613,1.5361,1.6815,1.374,1.5455,4.5455,20888.0,20888.0,7714.4602,229768.0,229768.0,2023-08-05
000520.SZ,2021-12-03,3.4,2.3036,3.4573,2.36,326.8181,57.9052,7.1589,4.812,3.9661,0.0,,101208.3455,101208.3455,67434.8377,344108.3747,344108.3747,2023-08-05
002884.SZ,2021-12-03,22.26,0.4608,0.6793,0.82,22.0787,18.0936,3.9593,5.5146,4.0789,3.1894,4.1715,35559.7743,27099.6643,18384.1281,791560.5759,603238.5273,2023-08-05
601012.SH,2021-12-03,82.24,1.887,2.5875,1.52,52.0512,45.6501,9.6741,8.1556,5.7845,0.322,0.2171,541295.2708,541283.2854,394748.2201,44516123.0706,44515137.3913,2023-08-05
300472.SZ,2021-12-03,16.56,7.6327,9.8496,0.54,,,3.6615,9.9722,6.6314,0.2838,,26662.1121,22907.045,17751.1425,441524.5764,379340.6652,2023-08-05
605069.SH,2021-12-03,19.22,5.0355,5.0355,0.65,28.253,23.0277,1.7062,2.9473,2.4587,,,16284.4444,4071.1111,4071.1111,312987.0214,78246.7553,2023-08-05
603678.SH,2021-12-03,80.96,1.4872,2.5515,0.66,61.0836,38.5442,8.3927,10.1826,7.791,0.2061,0.4189,45985.6892,45903.0092,26756.1197,3723001.3976,3716307.6248,2023-08-05
300136.SZ,2021-12-03,24.82,1.5084,1.6,0.71,24.6965,34.0955,3.9923,3.7561,3.2348,0.2017,0.4029,96756.8638,82359.4651,77646.8768,2401505.3595,2044161.9238,2023-08-05
300449.SZ,2021-12-03,7.64,4.3081,4.509,0.47,47.769,,2.582,5.3758,4.181,0.0,,29825.8899,25109.7849,23991.1649,227869.7988,191838.7566,2023-08-05
600383.SH,2021-12-03,10.91,1.5509,1.6819,2.14,4.737,5.652,0.8601,0.5888,0.5072,6.1412,6.4161,451458.3572,451458.3572,416280.5943,4925410.6771,4925410.6771,2023-08-05
002636.SZ,2021-12-03,14.59,0.7496,2.4316,0.79,58.8942,13.221,3.0194,2.9449,1.8395,0.0,0.4112,72800.0,72310.7222,22292.4096,1062152.0,1055013.4369,2023-08-05
300303.SZ,2021-12-03,6.3,2.8164,3.2249,0.75,27.7386,31.6168,3.0432,3.5975,3.5407,1.511,1.5014,134257.1366,121626.3866,106219.9312,845819.9606,766246.2356,2023-08-05
000863.SZ,2021-12-03,2.8,0.5841,1.1941,0.85,11.4477,7.675,0.7199,0.7016,0.7997,13.7668,13.7668,122520.816,118995.7094,58205.2049,343058.2848,333187.9863,2023-08-05
600683.SH,2021-12-03,5.51,2.2957,5.3119,0.98,8.2138,8.4281,1.3521,0.4605,0.4274,0.0,4.5372,74077.7597,74077.7597,32015.247,408168.4559,408168.4559,2023-08-05
603859.SH,2021-12-03,39.67,1.9158,3.0565,0.62,54.9945,45.3791,2.8752,6.9416,6.1734,0.1053,,16656.8333,13223.0632,8288.3732,660776.577,524558.9171,2023-08-05
000728.SZ,2021-12-03,7.54,0.4143,0.6163,0.97,24.015,20.3644,1.0283,7.2655,6.9948,1.5343,2.6525,436377.7891,429128.9205,288487.1236,3290288.5298,3235632.0606,2023-08-05
871642.BJ,2021-12-03,16.58,0.4899,0.6067,0.5,33.3221,30.5072,5.1147,13.0343,10.8086,,,7405.0199,3313.1443,2675.3243,122775.2299,54931.9325,2023-08-05
002738.SZ,2021-12-03,70.78,7.2441,8.9852,2.1,131.2656,60.8295,6.1512,17.931,12.3825,0.0607,0.0704,32318.0303,29336.366,23651.4997,2287470.1846,2076427.9855,2023-08-05
688009.SH,2021-12-03,5.01,1.3785,1.3785,2.18,13.8922,14.8359,1.3283,1.3223,1.2774,,,1058981.9,201659.1576,201659.1576,5305499.319,1010312.3796,2023-08-05
000420.SZ,2021-12-03,6.33,3.5207,5.6974,0.64,,,4.5112,5.4908,3.9687,0.0,,216831.1443,216721.6137,133923.1676,1372541.1434,1371847.8147,2023-08-05
871553.BJ,2021-12-03,5.64,1.1281,1.3341,1.54,23.6264,25.774,2.5239,2.3291,2.0856,,,14369.046,6259.3267,5292.7789,81041.4194,35302.6026,2023-08-05
688690.SH,2021-12-03,91.8,3.5906,3.5906,0.76,505.3239,247.4597,37.9952,179.1935,102.2237,,,40014.5948,3556.1783,3556.1783,3673339.8026,326457.1679,2023-08-05
300995.SZ,2021-12-03,28.94,12.787,12.787,0.98,28.9789,57.271,3.7977,6.7523,7.7588,,0.8984,8416.0,1995.5189,1995.5189,243559.04,57750.317,2023-08-05
688533.SH,2021-12-03,46.59,7.0259,7.0259,0.58,98.7011,93.6761,7.344,6.8512,5.9214,,,16000.0,3400.0,3400.0,745440.0,158406.0,2023-08-05
601118.SH,2021-12-03,5.36,0.7144,1.8579,0.57,322.5275,237.0044,2.4407,1.4569,1.426,0.0653,0.1045,427942.7797,427942.7797,164552.5773,2293773.2992,2293773.2992,2023-08-05
000989.SZ,2021-12-03,9.09,0.7075,1.1508,0.52,29.02,25.1203,1.997,2.2201,2.0312,4.2516,4.3326,86935.4236,61459.584,37782.6639,790243.0005,558667.6186,2023-08-05
601179.SH,2021-12-03,5.85,1.5094,4.4322,0.86,123.7573,83.6604,1.5004,1.8976,1.6318,0.8547,0.5128,512588.2352,512588.2352,174567.4299,2998641.1759,2998641.1759,2023-08-05
300453.SZ,2021-12-03,12.72,3.1085,3.6033,0.91,43.3473,33.8495,5.9008,5.3298,4.62,0.5241,1.0482,39402.75,26900.9582,23207.0486,501202.98,342180.1883,2023-08-05
300991.SZ,2021-12-03,35.66,7.0218,7.0218,0.33,42.8977,36.9319,5.0259,6.9503,6.1946,,,9000.0,2250.0,2250.0,320940.0,80235.0,2023-08-05
301008.SZ,2021-12-03,42.46,2.6658,2.6658,0.61,34.5596,34.3899,3.0152,4.9058,3.8868,,1.4131,6666.6667,1666.6667,1666.6667,283066.6681,70766.6681,2023-08-05
002194.SZ,2021-12-03,10.69,0.6304,1.3286,0.62,37.9136,35.2661,3.2395,4.8807,4.1081,0.3834,1.3869,68108.0306,63580.1537,30170.8285,728074.8471,679671.8431,2023-08-05
002322.SZ,2021-12-03,11.92,5.8834,9.2968,1.17,19.5797,21.4634,1.6591,4.0367,3.8868,2.8419,5.2779,38449.6549,36391.8258,23030.0872,458319.8864,433790.5635,2023-08-05
300056.SZ,2021-12-03,5.99,2.0786,3.9834,1.21,110.2934,,2.5418,1.2657,1.8016,0.0,,38549.0443,38549.0443,20115.8336,230908.7754,230908.7754,2023-08-05
300567.SZ,2021-12-03,58.87,1.8893,2.1206,0.78,67.3213,59.7491,5.0668,7.8854,6.2785,0.4506,0.5096,27814.3484,20152.0149,17954.1946,1637430.6903,1186349.1172,2023-08-05
002231.SZ,2021-12-03,5.81,1.5344,2.305,0.78,,,5.1078,7.2359,3.6514,0.0,,34685.0017,29481.8767,19625.0017,201519.8599,171289.7036,2023-08-05
600795.SH,2021-12-03,2.68,1.031,2.3276,1.94,18.1534,21.0413,1.0336,0.4106,0.3121,2.0555,1.4925,1783561.9082,1783561.9082,789997.4544,4779945.914,4779945.914,2023-08-05
000796.SZ,2021-12-03,7.4,0.7581,1.6388,0.58,,,8.7373,3.6804,4.9228,0.0,,80300.0258,80258.3633,37128.2259,594220.1909,593911.8884,2023-08-05
002948.SZ,2021-12-03,4.81,1.1846,1.1846,1.07,9.0605,7.7339,0.8961,2.0579,2.1042,4.158,3.7422,450969.0,60505.2601,60505.2601,2169160.89,291030.3011,2023-08-05
300611.SZ,2021-12-03,12.38,16.2221,23.3974,2.46,55.0498,59.7932,3.1479,3.289,2.7976,0.3914,0.4697,17895.8052,12173.5302,8440.2702,221550.0684,150708.3039,2023-08-05
300951.SZ,2021-12-03,93.43,6.6696,6.6696,0.83,45.5811,29.4607,4.0428,10.8892,8.473,,1.3379,8000.0,2000.0,2000.0,747440.0,186860.0,2023-08-05
688011.SH,2021-12-03,33.52,1.4494,1.4494,0.54,138.5532,192.7015,2.7292,27.0135,21.6377,,,10000.0,4183.1543,4183.1543,335200.0,140219.3321,2023-08-05
000585.SZ,2021-12-03,1.96,2.0115,2.3221,1.61,26.7567,,,21.4,20.9627,0.0,,87337.0,60942.0978,52792.6128,171180.52,119446.5117,2023-08-05
688668.SH,2021-12-03,61.4,5.7024,5.7024,0.56,71.8744,49.8663,6.7127,14.6121,10.4523,,,8514.0,2022.55,2022.55,522759.6,124184.57,2023-08-05
000723.SZ,2021-12-03,16.09,9.926,17.5905,1.18,97.5255,30.2766,5.7924,5.3485,3.4982,0.0,,427027.1048,397022.9,224032.2605,6870866.1162,6388098.461,2023-08-05
688037.SH,2021-12-03,219.5,2.5315,3.0437,0.94,378.3081,322.7796,21.3531,56.1637,27.8129,,,8415.6,4376.075,3639.575,1847224.2,960548.4625,2023-08-05
603590.SH,2021-12-03,31.53,0.2529,0.4853,0.6,27.5133,28.2118,1.7579,6.2386,5.8988,1.5858,1.0939,16000.0,16000.0,8336.764,504480.0,504480.0,2023-08-05
002258.SZ,2021-12-03,30.75,1.7616,3.2745,0.8,26.4584,20.0691,3.7446,3.26,2.7508,0.0,0.6478,52676.7092,52418.3202,28200.333,1619808.8079,1611863.3462,2023-08-05
688369.SH,2021-12-03,61.85,1.1851,1.2802,0.76,44.255,40.6911,3.5132,6.2385,5.1515,,,7698.9583,5917.9583,5478.4618,476180.5709,366025.7209,2023-08-05
601107.SH,2021-12-03,3.67,0.4323,2.0221,0.99,16.6398,8.3404,0.6915,2.0559,1.3247,2.9973,2.1798,305806.0,216274.0,46233.7162,1122308.02,793725.58,2023-08-05
000980.SZ,2021-12-03,8.38,2.7138,3.6935,0.84,,,,12.6979,17.5385,0.0,,202767.1288,124594.4713,91543.5508,1699188.5393,1044101.6695,2023-08-05
430198.BJ,2021-12-03,9.45,0.6118,0.8619,0.53,19.5134,22.1662,2.3203,5.9735,6.7278,,,12412.6056,6464.4831,4588.7932,117299.1229,61089.3653,2023-08-05
300994.SZ,2021-12-03,53.63,5.6545,5.6545,1.54,66.4561,49.9447,10.8582,4.5578,2.9868,,0.6713,19424.0,4605.5537,4605.5537,1041709.12,246995.8449,2023-08-05
000521.SZ,2021-12-03,3.46,1.8499,2.584,0.77,,36.0531,0.7441,0.2349,0.2014,1.4451,1.4451,104459.7881,87455.8379,62610.0655,361430.8668,302597.1991,2023-08-05
688509.SH,2021-12-03,6.44,4.2994,4.2994,0.47,77.2348,60.6522,3.4615,2.9587,2.887,,,77000.0,15352.955,15352.955,495880.0,98873.0302,2023-08-05
300863.SZ,2021-12-03,89.7,16.3754,16.3754,1.25,93.6409,53.0287,7.8271,3.9198,2.3899,,0.3902,5523.0,1872.0,1872.0,495413.1,167918.4,2023-08-05
300427.SZ,2021-12-03,14.13,2.0982,3.7418,0.65,21.9722,54.4896,2.1604,3.3575,3.5998,0.9293,0.92,36022.4104,31992.6306,17939.7297,508996.659,452055.8704,2023-08-05
300743.SZ,2021-12-03,11.36,1.3277,1.9782,0.73,69.2942,70.2269,4.1296,3.7459,3.039,1.2474,1.8851,13853.526,9817.1508,6589.0728,157376.0554,111522.8331,2023-08-05
002449.SZ,2021-12-03,10.98,2.1151,2.697,0.94,67.1379,33.7183,1.8255,2.081,1.7788,2.7322,0.5464,61847.7169,61092.3909,47911.8914,679087.9316,670794.4521,2023-08-05
002846.SZ,2021-12-03,7.48,0.4746,0.9679,0.54,30.6852,37.4329,2.945,1.7877,1.3942,1.061,1.2529,31839.3653,22271.4203,10919.5343,238158.4524,166590.2238,2023-08-05
003033.SZ,2021-12-03,28.55,14.1075,14.1075,1.74,21.4497,28.4044,2.5083,2.3878,1.8231,,1.4011,8175.0,2045.0,2045.0,233396.25,58384.75,2023-08-05
002798.SZ,2021-12-03,13.65,1.443,1.782,0.72,9.321,10.3398,1.1539,0.9369,0.8418,0.7289,1.4728,38689.3064,22261.784,18026.8854,528109.0324,303873.3516,2023-08-05
002627.SZ,2021-12-03,5.53,1.8382,2.9186,1.26,84.5268,37.7098,1.3325,2.0931,1.849,0.8182,0.6955,73814.8117,53284.1877,33558.4566,408195.9087,294661.558,2023-08-05
002384.SZ,2021-12-03,23.4,1.3898,1.5769,0.63,26.1487,22.5741,2.8758,1.4242,1.2643,0.2008,0.4274,170986.7327,139027.534,122532.5701,4001089.5452,3253244.2956,2023-08-05
003020.SZ,2021-12-03,42.99,1.3204,1.3204,0.8,29.4753,24.768,3.1784,2.1024,1.8244,,1.1631,9264.0,2316.0,2316.0,398259.36,99564.84,2023-08-05
603992.SH,2021-12-03,19.77,1.5125,1.5125,0.72,29.3094,27.5528,3.7142,3.8962,2.9864,0.8902,1.0268,40100.9858,4480.0,4480.0,792796.4893,88569.6,2023-08-05
300662.SZ,2021-12-03,58.97,0.4457,0.7168,0.7,62.3168,48.2394,5.9137,2.9528,1.8215,0.2622,0.1611,19688.7795,18086.784,11245.4238,1161047.3271,1066577.6525,2023-08-05
300749.SZ,2021-12-03,9.34,3.684,3.9842,0.86,88.8834,23.1276,2.2321,2.2151,1.603,0.8494,1.0617,20689.64,15572.085,14398.575,193241.2376,145443.2739,2023-08-05
002228.SZ,2021-12-03,3.55,0.3551,0.6931,0.67,15.1584,15.8724,1.3055,0.3662,0.2648,2.6598,2.779,123863.0778,123456.6858,63258.7468,439713.9262,438271.2346,2023-08-05
000635.SZ,2021-12-03,13.01,5.3697,11.0141,0.82,56.6642,19.8845,1.3975,2.0168,1.632,1.153,1.0761,30308.7602,30308.7602,14776.4915,394316.9702,394316.9702,2023-08-05
002923.SZ,2021-12-03,26.35,7.5318,14.7519,1.07,36.0177,43.0727,4.5601,3.9065,4.2302,1.5199,1.5193,18570.965,14154.2545,7226.6451,489344.9278,372964.6061,2023-08-05
603810.SH,2021-12-03,13.26,0.4747,0.9086,0.51,9.134,14.8434,1.5659,1.4408,1.3876,0.4856,2.6988,16234.876,15908.7712,8312.2376,215274.4558,210950.3061,2023-08-05
300840.SZ,2021-12-03,11.69,1.1941,1.6737,0.7,58.9184,62.0443,2.8507,4.4833,4.8261,,0.154,24000.0,15431.3413,11009.0393,280560.0,180392.3798,2023-08-05
600834.SH,2021-12-03,10.07,0.5735,1.3798,1.0,65.1207,72.5604,3.064,15.9515,14.0424,0.427,0.4667,47738.1905,47738.1905,19843.8106,480723.5783,480723.5783,2023-08-05
688676.SH,2021-12-03,32.54,9.3292,9.3292,0.48,59.8143,59.3374,5.7967,5.7178,4.6378,,,42570.0,3618.45,3618.45,1385227.8,117744.363,2023-08-05
300613.SZ,2021-12-03,165.25,4.0766,8.6677,1.03,226.5874,62.9226,12.1329,32.5545,13.1697,0.0414,0.0443,12021.9812,11333.9209,5330.6192,1986632.3933,1872930.4287,2023-08-05
603996.SH,2021-12-03,2.66,6.7994,13.8655,1.0,,,,6.0608,87.6305,0.0,,30015.0,30015.0,14718.75,79839.9,79839.9,2023-08-05
600883.SH,2021-12-03,8.73,0.8647,1.6071,0.67,87.3377,45.95,2.9076,95.7088,56.7707,0.1145,0.3436,23608.8,23608.8,12702.9695,206104.824,206104.824,2023-08-05
600368.SH,2021-12-03,3.84,0.8949,1.8008,1.28,7.6604,6.4448,0.8286,2.5088,2.394,2.0833,3.9323,112563.2068,112563.2068,55934.6286,432242.7141,432242.7141,2023-08-05
003023.SZ,2021-12-03,27.09,4.4337,4.4337,0.93,19.5011,17.9978,1.6572,2.0619,1.86,,1.4766,8103.2,2030.0,2030.0,219515.688,54992.7,2023-08-05
300165.SZ,2021-12-03,6.84,35.1031,35.5426,1.25,161.071,1367.8353,2.0095,3.633,3.3797,0.2717,0.1316,49699.087,34987.3206,34554.69,339941.7551,239313.2729,2023-08-05
002868.SZ,2021-12-03,10.02,0.2576,0.9784,0.64,36.0409,,2.111,5.0537,4.8769,1.2887,1.3791,15541.5837,15541.5837,4091.7977,155726.6687,155726.6687,2023-08-05
002527.SZ,2021-12-03,8.35,1.4164,1.6594,0.95,63.4695,39.609,1.8743,1.3922,1.3013,0.3377,0.4522,65976.1891,51836.55,44244.7154,550901.179,432835.1925,2023-08-05
002133.SZ,2021-12-03,2.84,0.6703,1.025,1.02,7.4596,6.5878,0.5847,0.4201,0.3812,2.8169,2.8169,77414.4175,76987.0201,50342.7811,219856.9457,218643.1371,2023-08-05
002457.SZ,2021-12-03,7.78,1.013,1.5064,0.77,15.5628,11.9453,1.2268,1.2646,1.067,1.928,2.3089,33499.2,33483.8099,22516.158,260623.776,260504.041,2023-08-05
000510.SZ,2021-12-03,6.03,2.9873,3.3229,0.74,51.3494,14.7587,3.1117,1.6644,1.2785,0.0,,60918.2254,56318.5757,50629.4154,367336.8992,339601.0115,2023-08-05
601231.SH,2021-12-03,16.33,1.1952,5.4166,0.79,20.7444,19.3864,3.0261,0.7565,0.6592,1.0516,3.0461,220964.2272,218370.23,48185.4698,3608345.8302,3565985.8559,2023-08-05
600207.SH,2021-12-03,6.94,0.5726,1.6037,1.02,53.9091,23.3635,3.1836,2.6144,1.8718,0.0,,86295.5974,86295.5974,30810.7747,598891.446,598891.446,2023-08-05
600226.SH,2021-12-03,2.47,1.485,2.3394,3.33,,,2.8032,13.909,13.3962,0.0,,312901.2583,312901.2583,198623.4624,772866.108,772866.108,2023-08-05
688161.SH,2021-12-03,65.41,2.2356,2.2356,0.63,46.8549,39.0776,6.0365,14.3461,12.2691,,,40000.0,3230.2949,3230.2949,2616400.0,211293.5894,2023-08-05
000069.SZ,2021-12-03,6.11,0.5082,0.9948,0.97,3.9505,4.6158,0.6451,0.6121,0.5118,4.9104,6.4157,820179.3915,705566.5245,360432.4997,5011296.0821,4311011.4647,2023-08-05
601360.SH,2021-12-03,12.26,0.7876,2.2024,1.48,30.0779,39.6502,2.4589,7.5423,7.1924,0.4092,,714536.3197,714536.3197,255529.5456,8760215.2795,8760215.2795,2023-08-05
600109.SH,2021-12-03,10.81,0.6884,0.9344,1.19,17.5521,17.8103,1.3821,5.3924,5.2277,0.4625,0.6475,302435.931,302435.931,222802.734,3269332.4141,3269332.4141,2023-08-05
001203.SZ,2021-12-03,15.64,1.9305,1.9305,0.62,40.0397,13.9779,4.8294,9.4488,4.9744,,2.5575,150800.0,21894.0,21894.0,2358512.0,342422.16,2023-08-05
000955.SZ,2021-12-03,4.76,1.4644,1.8016,0.35,13.4825,,3.1616,1.8581,2.5215,0.0,,53839.5,53768.5425,43703.2024,256276.02,255938.2623,2023-08-05
600527.SH,2021-12-03,2.19,0.5555,0.7923,0.82,16.2992,39.8754,1.6129,3.3136,4.2862,3.8052,4.5662,173176.0902,173176.0902,121428.8896,379255.6375,379255.6375,2023-08-05
002719.SZ,2021-12-03,10.59,0.6731,1.3246,0.56,34.9594,32.696,2.0729,2.1066,1.7511,0.0,0.156,17413.9457,16187.2295,8225.3985,184413.685,171422.7604,2023-08-05
688772.SH,2021-12-03,54.1,5.2421,5.2421,0.82,74.2838,57.4817,10.2418,8.715,6.1169,,,112185.5747,10368.5789,10368.5789,6069239.5913,560940.1185,2023-08-05
000008.SZ,2021-12-03,2.19,0.334,0.5515,0.85,,,0.9444,3.1759,3.0339,0.446,,278079.5346,269378.2762,163136.4305,608994.1808,589938.4249,2023-08-05
300134.SZ,2021-12-03,12.53,4.8463,9.9542,0.63,270.4965,,1.9655,4.4002,4.2242,0.0,,76749.8006,71241.8006,34684.5681,961675.0015,892659.7615,2023-08-05
603323.SH,2021-12-03,4.84,0.5664,0.667,0.96,9.1721,7.8896,0.6772,2.3254,2.2887,3.0992,3.0992,180307.0253,151779.3985,128879.6388,872686.0025,734612.2887,2023-08-05
300528.SZ,2021-12-03,5.56,0.4883,1.2441,0.75,,,3.2618,3.6269,2.278,0.0,,37260.8054,37260.8054,14623.0746,207170.078,207170.078,2023-08-05
000691.SZ,2021-12-03,4.68,0.9043,1.237,0.96,84.0961,95.9077,16.5378,5.6928,3.1393,0.0,,32327.0,32327.0,23630.9005,151290.36,151290.36,2023-08-05
000976.SZ,2021-12-03,4.58,0.5221,0.7459,0.77,16.3121,13.7154,1.3995,3.2579,2.7688,0.0,0.68,159567.8796,159461.9972,111618.3824,730820.8886,730335.9472,2023-08-05
002551.SZ,2021-12-03,5.12,4.0566,4.758,0.75,26.6718,39.4091,1.369,1.9073,2.308,0.0,,84462.3121,58094.0339,49530.218,432447.038,297441.4536,2023-08-05
000096.SZ,2021-12-03,8.55,0.1159,0.2522,0.89,34.7118,42.3731,1.5435,3.6738,3.1214,0.2339,0.2339,52800.0,51084.8,23472.9623,451440.0,436775.04,2023-08-05
600766.SH,2021-12-03,5.03,2.612,3.6719,1.04,,,19.0224,43.0024,6.5804,0.0,,22422.6822,22393.2072,15929.2072,112786.0915,112637.8322,2023-08-05
300698.SZ,2021-12-03,26.05,1.6268,3.6024,0.6,,533.4853,9.158,7.2417,6.8047,0.0,,13400.0,9957.1277,4496.4124,349070.0,259383.1766,2023-08-05
002369.SZ,2021-12-03,7.35,1.4198,1.7085,0.73,,,3.0865,1.3942,1.5705,0.0,,57676.9204,57591.4579,47859.7407,423925.3649,423297.2156,2023-08-05
688109.SH,2021-12-03,57.39,2.5324,2.5609,0.98,31.9587,42.4314,3.5428,8.2142,7.194,,,5437.4,1292.0,1277.6238,312052.386,74147.88,2023-08-05
600679.SH,2021-12-03,11.88,0.7585,2.5244,0.54,100.8147,63.4253,2.5009,4.4498,3.1175,0.0,0.2882,51529.4257,23059.8947,6928.4723,612169.5773,273951.549,2023-08-05
603260.SH,2021-12-03,140.68,0.8361,4.9804,0.91,107.6073,26.5655,8.9298,16.8499,9.0145,0.1428,0.18,107416.5577,93800.0,15747.4089,15111361.3372,13195784.0,2023-08-05
300970.SZ,2021-12-03,27.32,8.1039,8.1039,0.63,24.0621,119.9741,2.2624,5.2318,5.7997,,0.9517,11670.0,2918.0,2918.0,318824.4,79719.76,2023-08-05
601339.SH,2021-12-03,5.19,0.5022,1.9522,0.73,21.2673,7.9551,0.904,1.269,1.0364,1.1561,3.7868,150000.0,150000.0,38591.3228,778500.0,778500.0,2023-08-05
002019.SZ,2021-12-03,17.05,0.9479,1.149,0.33,21.7283,60.4836,2.4321,3.8963,4.5195,0.5878,0.2934,123410.6077,85010.2097,70130.052,2104150.8613,1449424.0754,2023-08-05
600439.SH,2021-12-03,2.93,0.5021,0.7573,0.46,86.9583,45.3595,1.1925,2.4945,2.1601,1.0239,,113198.544,113198.544,75044.7223,331671.7339,331671.7339,2023-08-05
002304.SZ,2021-12-03,176.91,0.8814,1.947,1.72,35.6313,35.504,6.3262,12.6345,11.0487,1.6889,1.6849,150698.8,124894.1523,56541.2547,26660124.708,22095024.4834,2023-08-05
300771.SZ,2021-12-03,18.12,1.0453,1.0818,0.57,12.1077,24.6681,1.6229,2.8197,2.7178,1.3797,2.2075,16000.0,7611.9696,7355.582,289920.0,137928.8892,2023-08-05
688639.SH,2021-12-03,111.7,3.6932,3.6932,0.63,99.6167,87.4106,10.9706,24.7588,16.1312,,,10800.0,2479.0739,2479.0739,1206360.0,276912.5546,2023-08-05
002559.SZ,2021-12-03,8.66,2.637,3.2086,0.6,35.5441,28.351,2.6959,2.9422,2.4608,0.5636,1.7306,55672.3012,47786.0815,39273.107,482122.1284,413827.4658,2023-08-05
600421.SH,2021-12-03,10.52,6.8367,14.719,3.92,206.9042,311.2667,64.8728,14.6782,14.0249,0.0,,19560.0,19560.0,9085.2748,205771.2,205771.2,2023-08-05
002897.SZ,2021-12-03,50.53,3.5242,7.4408,0.7,47.8931,72.5813,6.2471,2.6387,2.2335,0.099,0.1979,17067.2,15778.8283,7473.3028,862405.616,797304.194,2023-08-05
600462.SH,2021-12-03,2.91,1.8369,2.2458,3.92,83.3128,,219.5434,8.8076,6.9416,0.0,,58385.0,55881.5,45707.8096,169900.35,162615.165,2023-08-05
300150.SZ,2021-12-03,4.53,1.1087,1.705,0.88,,,1.4027,3.4102,3.0977,2.2075,,58510.6053,51067.0235,33208.285,265053.042,231333.6165,2023-08-05
002061.SZ,2021-12-03,5.45,0.4835,1.1284,0.97,7.517,6.1219,0.8335,0.2041,0.1722,2.2017,2.2018,137569.8691,137569.8691,58947.7715,749755.7866,749755.7866,2023-08-05
603816.SH,2021-12-03,67.55,0.3297,0.6484,1.09,50.5152,39.7838,5.2974,3.3719,2.4621,1.6207,1.1931,63225.6725,63222.4245,32149.226,4270894.1774,4270674.775,2023-08-05
002878.SZ,2021-12-03,16.68,0.8737,2.3115,0.55,22.6387,29.1151,4.3762,1.8555,1.7633,1.2349,2.1583,22141.4107,18675.6752,7058.8377,369318.7305,311510.2623,2023-08-05
605136.SH,2021-12-03,23.73,0.671,1.7563,0.55,28.1023,23.3072,3.7581,2.074,2.0576,,0.7547,40203.0,19565.2951,7475.3746,954017.19,464284.4527,2023-08-05
300291.SZ,2021-12-03,4.98,1.1705,1.9964,0.79,40.7534,33.502,1.2414,16.1225,6.133,0.0,,91899.6518,76349.0969,44762.1687,457660.266,380218.5026,2023-08-05
002232.SZ,2021-12-03,16.32,5.3867,12.1649,0.85,52.6295,80.6195,4.9966,4.2965,5.5898,0.1042,0.2574,40854.8455,40854.8455,18090.8732,666751.0786,666751.0786,2023-08-05
600385.SH,2021-12-03,6.37,0.5611,0.7741,1.88,,,80.9536,19.2142,17.024,0.0,,14810.7148,14277.3814,10347.9941,94344.2533,90946.9195,2023-08-05
000546.SZ,2021-12-03,15.31,6.6798,10.6819,0.59,23.0597,26.4442,2.2412,1.2617,1.1098,0.5225,0.3919,71464.4396,71434.5129,44670.8813,1094120.5703,1093662.3925,2023-08-05
002169.SZ,2021-12-03,11.99,2.555,3.3329,0.71,39.3922,11.0135,2.6333,4.4085,4.7111,0.2445,0.815,78779.1994,76348.2417,58529.323,944562.6008,915415.418,2023-08-05
002977.SZ,2021-12-03,84.1,2.5793,3.6277,0.72,73.0021,45.4316,6.0654,27.5047,17.3815,0.2378,0.3567,7150.0,3206.25,2279.62,601315.0,269645.625,2023-08-05
688065.SH,2021-12-03,158.35,0.5472,0.9108,0.66,144.1678,105.3406,6.2554,44.0702,33.3628,,,41668.1976,16962.7583,10191.6506,6598159.09,2686052.7768,2023-08-05
002563.SZ,2021-12-03,7.2,0.774,2.1226,0.83,24.0759,12.6569,1.7396,1.2757,1.2296,6.2603,6.949,269409.016,188702.1365,68807.7215,1939744.9152,1358655.3828,2023-08-05
300044.SZ,2021-12-03,3.38,3.7283,3.9102,0.9,,,1.5698,1.9104,2.5066,0.0,,77016.1228,66833.4139,63723.743,260314.4951,225896.939,2023-08-05
603219.SH,2021-12-03,22.58,61.5636,61.5636,3.69,52.5715,34.9719,7.133,4.3223,3.5059,,,40100.0,4100.0,4100.0,905458.0,92578.0,2023-08-05
002264.SZ,2021-12-03,5.37,3.3294,7.7596,0.53,20.2066,45.2084,3.374,0.7081,0.6245,0.0,,68456.388,66907.678,28708.1126,367610.8036,359294.2309,2023-08-05
688687.SH,2021-12-03,24.53,1.2894,1.2894,0.62,55.1296,42.4079,2.5414,4.8325,4.0316,,,16982.8422,4035.2519,4035.2519,416589.1192,98984.7291,2023-08-05
300615.SZ,2021-12-03,13.55,2.221,2.7433,0.74,462.8089,301.482,5.3211,11.3606,9.8529,0.3711,0.3665,18850.0,10265.2326,8310.8083,255417.5,139093.9017,2023-08-05
603688.SH,2021-12-03,60.9,2.6952,5.9384,1.7,114.2758,100.1872,10.4736,33.2985,25.1412,0.2353,0.2791,35297.8538,35297.8538,16020.2852,2149639.2964,2149639.2964,2023-08-05
300489.SZ,2021-12-03,29.04,3.2638,5.583,0.61,166.0234,147.5094,9.9723,9.5161,5.7583,0.0,,13612.5,13542.75,7917.0,395307.0,393281.46,2023-08-05
600000.SH,2021-12-03,8.59,0.0813,0.1554,1.01,4.3229,4.5744,0.4586,1.2839,1.3191,6.9849,5.5879,2935216.5582,2935216.5582,1534481.0072,25213510.2349,25213510.2349,2023-08-05
300552.SZ,2021-12-03,33.21,6.1407,8.1671,0.81,10.9021,31.2445,3.1233,3.9536,5.4526,2.676,1.8367,19792.872,11066.5911,8320.7924,657321.2791,367521.4904,2023-08-05
300801.SZ,2021-12-03,21.93,3.5478,4.5824,0.75,24.2677,34.0116,2.4476,3.0982,2.666,1.2667,1.14,21600.0,8348.276,6463.406,473688.0,183077.6927,2023-08-05
601369.SH,2021-12-03,13.53,0.5957,1.6725,0.9,34.1138,26.9,3.1795,2.8969,2.2794,1.6519,2.011,172677.3189,165128.6229,58807.9706,2336324.1247,2234190.2678,2023-08-05
002518.SZ,2021-12-03,28.32,1.5207,4.052,0.55,54.42,47.0734,5.5532,6.8089,6.1171,0.7059,0.7059,58244.5394,56535.6814,21217.1936,1649485.3558,1601090.4972,2023-08-05
600597.SH,2021-12-03,14.02,1.3092,2.7068,1.28,28.2548,27.3727,2.7223,0.6806,0.6012,0.9272,1.1412,122448.7509,122430.2009,59218.4943,1716731.4876,1716471.4166,2023-08-05
603515.SH,2021-12-03,20.0,0.2526,1.4897,1.26,18.856,16.4943,2.7426,1.8927,1.6953,2.481,2.4764,75421.0692,75375.8682,12779.6546,1508421.384,1507517.364,2023-08-05
603105.SH,2021-12-03,17.0,3.5999,6.7881,0.8,105.0861,83.9955,5.282,19.9181,19.9141,0.0,0.2941,50000.0,50000.0,26516.4,850000.0,850000.0,2023-08-05
002913.SZ,2021-12-03,84.96,2.4278,7.4778,1.46,38.6244,27.0153,3.9798,4.6344,3.3193,0.5481,1.4722,15877.4182,12992.5028,4218.2528,1348945.4503,1103843.0379,2023-08-05
600956.SH,2021-12-03,17.39,13.6347,13.6347,1.79,44.3214,31.87,5.3212,5.3513,4.4952,0.7188,0.7821,384991.0396,13475.0,13475.0,6694994.1786,234330.25,2023-08-05
601818.SH,2021-12-03,3.41,0.2155,0.5427,0.98,4.8712,4.2548,0.5047,1.2932,1.2087,6.0416,6.1584,5403191.8195,4135318.2695,1642103.7266,18424884.1045,14101435.299,2023-08-05
600926.SH,2021-12-03,13.78,0.3377,0.6038,1.0,11.4508,9.5074,1.1772,3.2943,2.8643,2.5399,2.5399,593020.0432,506039.744,282969.0913,8171816.1953,6973227.6723,2023-08-05
002166.SZ,2021-12-03,8.99,2.4679,3.0474,0.65,59.0919,47.2545,2.752,6.4839,4.8286,0.5562,0.5562,56521.474,46000.2515,37253.4576,508128.0513,413542.261,2023-08-05
430047.BJ,2021-12-03,18.3,3.3179,3.3179,1.43,,,18.8289,113.6062,108.9191,,,25725.0203,13628.6809,13628.6809,470767.8715,249404.8605,2023-08-05
000529.SZ,2021-12-03,5.77,0.4989,1.126,0.94,11.1616,11.139,1.588,0.9923,0.9682,1.7331,1.9064,58379.033,56988.4377,25250.7268,336847.0204,328823.2855,2023-08-05
300559.SZ,2021-12-03,8.83,2.501,4.7161,0.77,16.7705,27.2285,3.4787,5.9758,7.7861,2.2651,2.2147,39951.4567,29869.6618,15839.9191,352771.3627,263749.1137,2023-08-05
603189.SH,2021-12-03,19.45,0.9722,1.9498,0.38,73.1447,65.7427,3.1055,15.9837,14.6639,0.2106,,26954.8349,22080.0,11010.0,524271.5388,429456.0,2023-08-05
600841.SH,2021-12-03,13.51,1.8298,9.0568,0.66,108.4103,40.9447,2.3867,3.5949,0.9677,0.1231,0.2492,163153.5732,52189.253,10544.0,2204204.7739,705076.808,2023-08-05
300968.SZ,2021-12-03,13.64,3.4176,3.4176,0.55,32.6028,42.4378,3.0268,3.2068,3.5387,,,41338.0,9304.2,9304.2,563850.32,126909.288,2023-08-05
300634.SZ,2021-12-03,17.9,1.1981,3.0823,0.55,58.1835,51.6883,3.9204,10.7531,9.8655,0.302,0.3352,44401.11,37562.375,14600.3269,794779.869,672366.5125,2023-08-05
300295.SZ,2021-12-03,10.26,1.7341,1.8573,0.72,38.097,29.6443,1.4765,5.6754,6.5551,0.0,,19228.775,16469.7524,15377.9278,197287.2315,168979.6596,2023-08-05
000835.SZ,2021-12-03,3.01,0.7509,0.9856,0.29,,,,175.638,,0.0,,32676.0374,30289.5,23079.0972,98354.8726,91171.395,2023-08-05
300126.SZ,2021-12-03,7.06,3.0618,4.4966,1.08,186.0395,371.7827,1.9639,5.0,3.5143,0.1416,0.1416,30395.76,21066.2529,14344.4497,214594.0656,148727.7455,2023-08-05
301093.SZ,2021-12-03,52.21,6.1055,6.1055,0.49,86.4197,32.9427,3.0459,15.7531,8.9725,,,13466.6667,3090.1264,3090.1264,703094.6684,161335.4993,2023-08-05
600827.SH,2021-12-03,13.23,0.4734,1.158,0.87,29.6166,25.1012,1.3293,0.6704,0.6659,0.7559,1.1338,178416.8117,160444.992,65589.7364,2360454.4188,2122687.2442,2023-08-05
300718.SZ,2021-12-03,19.6,1.901,3.1641,0.54,40.0875,35.4264,4.4211,8.8906,6.1963,0.7477,1.7007,29722.2,16830.161,10111.7414,582555.12,329871.1556,2023-08-05
600330.SH,2021-12-03,15.29,3.1906,4.2383,0.55,39.9723,38.6435,3.0727,4.8284,3.8011,0.3225,0.3225,99656.573,99656.573,75022.7657,1523749.0012,1523749.0012,2023-08-05
300378.SZ,2021-12-03,23.06,3.4115,4.399,0.76,50.6151,52.7416,3.8146,4.1068,3.7161,0.4281,0.4303,26644.1353,26587.6603,20619.3096,614413.76,613111.4465,2023-08-05
000708.SZ,2021-12-03,20.51,0.663,1.0242,0.95,17.1827,13.3749,3.3456,1.3852,1.1024,2.868,3.413,504714.3433,125915.6149,81505.0733,10351691.1811,2582529.2616,2023-08-05
603501.SH,2021-12-03,303.75,2.6785,4.0498,3.26,97.5535,58.6904,18.2126,13.3167,10.9224,0.0229,0.1036,86910.4488,78689.0399,52045.5399,26399048.823,23901795.8696,2023-08-05
603399.SH,2021-12-03,7.72,1.4731,2.6662,0.54,,,2.0535,1.7141,1.0915,0.0,,50852.3649,50805.0649,28069.4122,392580.257,392215.101,2023-08-05
603288.SH,2021-12-03,111.55,0.1432,0.5485,1.53,73.3911,71.8621,21.9192,20.6176,19.8274,0.6206,0.7103,421257.617,421257.617,109987.5382,46991287.1764,46991287.1764,2023-08-05
300158.SZ,2021-12-03,7.22,1.3259,2.0993,0.64,28.312,19.6237,1.2824,1.5303,1.342,0.6925,2.3546,102749.466,101406.0968,64047.2042,741851.1445,732152.0189,2023-08-05
688017.SH,2021-12-03,161.0,0.741,1.2346,0.65,236.2764,120.781,10.8428,89.5427,50.0731,,,12041.67,6564.9986,3940.2832,1938708.87,1056964.7746,2023-08-05
002626.SZ,2021-12-03,31.22,0.5788,1.3058,0.9,20.0651,23.1823,5.1307,5.4921,5.2871,1.9014,1.9014,61648.1927,61639.1927,27320.9602,1924656.5761,1924375.5961,2023-08-05
600816.SH,2021-12-03,4.74,0.2154,0.4359,0.65,,,,,,0.0,,546913.7919,526429.052,260120.8577,2592371.3736,2495273.7065,2023-08-05
688221.SH,2021-12-03,18.62,1.3467,1.3467,0.36,,,3.4839,143.6794,115.4086,,,35976.0,18797.8671,18797.8671,669873.12,350016.2854,2023-08-05
603931.SH,2021-12-03,36.36,1.9463,3.6461,0.69,51.3942,42.948,4.3976,8.8818,7.4787,,0.5893,14254.17,8250.181,4403.9511,518281.6212,299976.5812,2023-08-05
688567.SH,2021-12-03,37.66,2.0492,2.9452,1.81,,,4.1535,36.0124,15.9588,,,107066.9685,79884.9393,55583.0806,4032142.0337,3008466.814,2023-08-05
600301.SH,2021-12-03,14.83,4.7495,6.9846,1.53,384.3114,260.3166,12.2201,4.7874,3.4678,0.0,,23514.814,23514.814,15990.0082,348724.6916,348724.6916,2023-08-05
600170.SH,2021-12-03,3.4,1.8303,3.7414,2.19,9.035,7.4433,1.0355,0.1309,0.1103,4.1091,4.2559,890439.7728,890439.7728,435611.3218,3027495.2275,3027495.2275,2023-08-05
603589.SH,2021-12-03,66.38,1.6592,2.7883,1.44,31.2195,25.4911,5.191,9.9293,8.0414,2.2597,1.7983,60000.0,60000.0,35703.1806,3982800.0,3982800.0,2023-08-05
002442.SZ,2021-12-03,6.85,3.9602,7.1215,0.94,43.3062,16.8793,2.2826,1.4611,1.0481,0.0,,48968.0,47878.095,26624.4713,335430.8,327964.9508,2023-08-05
688169.SH,2021-12-03,735.0,1.2988,1.7554,0.76,35.8481,33.0327,6.0792,10.8358,9.1286,,,6679.0425,4500.03,3329.49,4909096.2375,3307522.05,2023-08-05
600149.SH,2021-12-03,4.56,0.6727,1.0397,0.97,160.3719,,10.9226,8.8006,9.091,0.0,,38016.0,38016.0,24595.425,173352.96,173352.96,2023-08-05
300478.SZ,2021-12-03,10.58,5.142,8.6374,1.96,,,14.3868,3.3126,3.6407,0.0,,12874.8,12667.3,7541.1315,136215.384,134020.034,2023-08-05
002209.SZ,2021-12-03,6.37,0.9354,1.2709,0.89,69.8092,,2.0321,1.3379,1.0991,0.0,0.157,19524.405,15452.4582,11373.072,124370.4599,98432.1587,2023-08-05
601019.SH,2021-12-03,5.8,0.1792,0.8288,0.88,8.6359,6.8729,1.0148,1.2415,1.1069,5.5172,5.5172,208690.0,208690.0,45124.128,1210402.0,1210402.0,2023-08-05
300237.SZ,2021-12-03,2.67,7.5364,10.3387,1.19,74.8946,,1.2762,1.2654,1.5277,0.0,0.223,145307.251,143974.7834,104951.4155,387970.3602,384412.6717,2023-08-05
002212.SZ,2021-12-03,19.1,1.1253,1.316,0.59,56.6172,37.2301,2.4882,3.9714,6.8133,0.0,0.2027,118604.0198,115518.9157,98778.6191,2265336.7782,2206411.2899,2023-08-05
002347.SZ,2021-12-03,4.55,2.4926,2.9264,1.63,86.8724,66.9989,1.7175,2.8282,2.376,1.9466,1.9466,50470.2276,31677.4985,26982.2259,229639.5356,144132.6182,2023-08-05
300692.SZ,2021-12-03,8.41,2.9594,3.9034,0.69,22.5928,17.8936,1.8433,3.7507,3.2988,0.2772,0.5007,42375.0439,37457.3514,28398.5555,356374.1192,315016.3253,2023-08-05
300768.SZ,2021-12-03,44.87,0.9358,1.5171,0.66,69.6939,59.1043,6.2178,21.6103,17.8434,0.2596,0.2596,42925.2293,13976.1477,8620.9307,1926055.0387,627109.7473,2023-08-05
600865.SH,2021-12-03,9.26,1.0143,1.8178,1.02,11.5075,13.0199,1.5141,14.2765,13.2223,1.2959,,37624.0316,37624.0316,20992.9256,348398.5326,348398.5326,2023-08-05
601898.SH,2021-12-03,6.53,0.9113,5.3921,2.83,14.6641,6.3634,0.7706,0.6142,0.4276,1.9449,2.0521,1325866.34,915200.04,154679.2792,8657907.2002,5976256.2612,2023-08-05
301075.SZ,2021-12-03,41.99,11.6903,11.6903,0.35,36.5176,41.6503,4.3414,6.8532,6.0473,,,8000.0,2000.0,2000.0,335920.0,83980.0,2023-08-05
688010.SH,2021-12-03,28.46,0.4828,0.8493,0.45,85.6708,91.1091,2.4818,7.4393,6.2356,,,15358.1943,9658.1943,5490.2911,437094.2098,274872.2098,2023-08-05
600781.SH,2021-12-03,3.26,1.3931,1.7539,0.86,,,0.5897,0.7073,0.9563,0.0,,62715.7512,37426.3222,29725.9276,204453.3489,122009.8104,2023-08-05
600502.SH,2021-12-03,3.97,1.7112,2.5284,1.95,8.376,6.1795,0.8684,0.1199,0.0995,3.7783,5.0378,172116.0272,172116.0272,116489.5154,683300.628,683300.628,2023-08-05
601010.SH,2021-12-03,3.13,0.7177,1.5101,0.57,21.5616,18.7604,1.2158,2.4619,2.2531,2.8754,4.6326,184800.0,184800.0,87827.5433,578424.0,578424.0,2023-08-05
688019.SH,2021-12-03,291.6,1.9683,2.3969,0.82,100.7806,112.9282,13.2981,36.7421,26.5635,,,5322.058,3066.0252,2517.7584,1551912.1128,894052.9483,2023-08-05
300125.SZ,2021-12-03,17.66,5.0872,6.5395,1.23,,,6.6226,16.6074,4.4253,0.0,,26549.9995,26321.8053,20476.4793,468872.9912,464843.0816,2023-08-05
002524.SZ,2021-12-03,9.05,0.8072,1.0942,0.91,109.7099,80.1842,13.041,5.0737,4.3208,0.0,,51636.822,49234.576,36317.7052,467313.2391,445572.9128,2023-08-05
603099.SH,2021-12-03,10.76,1.537,3.7904,0.84,,,2.8956,19.4406,13.8347,0.3996,,26667.0,26667.0,10813.694,286936.92,286936.92,2023-08-05
600333.SH,2021-12-03,6.26,1.8057,4.3774,0.79,232.0597,198.867,1.8947,2.4402,2.1904,0.0,0.7987,60903.0684,60903.0684,25121.9808,381253.2082,381253.2082,2023-08-05
002594.SZ,2021-12-03,306.9,1.8209,2.5912,1.42,210.9999,273.7384,10.8332,5.7053,4.5405,0.0196,0.0482,291114.2855,115505.8235,81169.5515,89342974.22,35448737.2322,2023-08-05
002950.SZ,2021-12-03,13.97,1.1146,1.3705,0.41,7.6428,16.7709,3.3128,2.3071,2.8788,2.8633,6.2992,63326.5407,23228.3579,18892.1998,884671.7736,324500.1599,2023-08-05
300418.SZ,2021-12-03,20.6,1.5482,2.2309,0.63,4.9381,8.0491,28.9095,9.0012,6.1081,0.1196,0.8116,119692.581,105208.1485,73012.66,2465667.1686,2167287.8591,2023-08-05
002048.SZ,2021-12-03,23.63,10.1579,12.7138,2.33,17.4206,12.4963,1.7115,0.876,0.8048,0.6771,15.6581,62622.7314,55848.0685,44620.6572,1479775.143,1319689.8587,2023-08-05
300438.SZ,2021-12-03,62.5,8.5857,10.594,0.98,500.4613,348.1762,10.373,7.3104,5.2596,0.0,0.1569,42601.8921,32216.1083,26108.7294,2662618.2563,2013506.7688,2023-08-05
601636.SH,2021-12-03,17.99,6.5249,10.9372,2.36,26.4743,11.324,3.9363,5.0108,3.4879,1.6348,1.9238,268621.694,268621.694,160254.3961,4832504.2751,4832504.2751,2023-08-05
002715.SZ,2021-12-03,12.43,0.6677,1.2912,1.12,111.8263,138.4844,3.379,4.603,3.8824,0.0,0.4023,13800.0,13800.0,7135.8072,171534.0,171534.0,2023-08-05
002403.SZ,2021-12-03,6.76,0.2379,0.5189,1.05,23.0628,,1.0543,0.8186,0.6913,0.0,1.0788,35032.0801,31561.8676,14472.2315,236816.8615,213358.225,2023-08-05
001217.SZ,2021-12-03,22.07,10.0328,10.0328,0.55,43.6109,18.9559,4.0259,6.3826,4.3325,,0.4531,33187.0,8297.0,8297.0,732437.09,183114.79,2023-08-05
000680.SZ,2021-12-03,4.08,1.3126,1.5831,1.13,60.8168,30.0025,1.4142,0.8633,0.6699,0.0,0.2451,150185.3212,105696.3053,87635.0654,612756.1105,431240.9256,2023-08-05
605318.SH,2021-12-03,14.89,2.2281,2.2281,1.19,29.9618,25.6858,2.2576,4.2918,3.129,,2.0148,12917.1152,3229.2788,3229.2788,192335.8453,48083.9613,2023-08-05
300967.SZ,2021-12-03,23.14,21.6241,21.6241,1.32,86.3485,56.2657,5.2875,8.0347,6.7034,,0.4322,18750.6,4700.0,4700.0,433888.884,108758.0,2023-08-05
301027.SZ,2021-12-03,18.53,10.8901,10.8901,1.96,22.4315,21.1219,3.1239,2.4953,2.3403,,,14700.0,3490.2749,3490.2749,272391.0,64674.7939,2023-08-05
300969.SZ,2021-12-03,135.21,10.4614,10.4614,1.21,163.0136,94.1629,14.2004,31.7094,19.6318,,0.1849,8000.0,2000.0,2000.0,1081680.0,270420.0,2023-08-05
301039.SZ,2021-12-03,13.66,49.1975,49.1975,5.47,24.3565,26.2151,2.3612,1.0401,0.9108,,2.1962,201760.0,17247.8045,17247.8045,2756041.6,235605.0095,2023-08-05
600371.SH,2021-12-03,10.84,1.3181,2.5722,0.7,57.4549,85.1322,6.1429,13.2116,13.7412,0.7096,0.9225,29257.8,29257.8,14992.7865,317154.552,317154.552,2023-08-05
300674.SZ,2021-12-03,20.3,1.1909,1.3418,0.5,29.6355,28.4546,5.608,4.5016,3.9327,0.447,0.8315,66117.3649,64682.1254,57407.8275,1342182.5075,1313047.1456,2023-08-05
600704.SH,2021-12-03,6.09,1.5836,2.8134,0.53,11.5248,9.1097,1.169,0.0784,0.0602,3.9993,3.1995,519603.204,506218.204,284945.443,3164383.5124,3082868.8624,2023-08-05
300539.SZ,2021-12-03,8.04,1.804,2.4833,0.68,123.0688,84.3102,3.6218,3.0891,2.586,0.4479,0.9944,22213.9531,11369.7224,8259.5387,178600.1829,91412.5681,2023-08-05
000581.SZ,2021-12-03,21.47,1.3051,2.2682,0.66,7.8125,8.1055,1.1428,1.6813,1.4122,5.031,6.986,100895.057,81694.5681,47004.4883,2166216.8738,1753982.3771,2023-08-05
003002.SZ,2021-12-03,12.06,2.1588,2.516,0.62,24.889,26.7874,2.3454,4.335,3.6722,,3.3167,20000.0,7741.94,6642.74,241200.0,93367.7964,2023-08-05
603709.SH,2021-12-03,16.2,0.4314,1.7203,0.96,31.0655,82.2222,2.0283,1.1149,1.1799,1.4198,0.679,8000.0,8000.0,2006.0,129600.0,129600.0,2023-08-05
002092.SZ,2021-12-03,10.0,4.7128,7.0239,1.58,176.4671,8.4263,1.0286,0.3059,0.4191,0.1333,0.0833,257573.9517,214644.9598,144020.6686,2575739.517,2146449.598,2023-08-05
603661.SH,2021-12-03,39.89,0.2262,0.7811,0.52,10.9806,12.2138,1.3613,0.841,0.7268,0.6919,,10000.0,10000.0,2895.8667,398900.0,398900.0,2023-08-05
601992.SH,2021-12-03,2.76,0.2679,0.639,1.13,10.3632,10.3628,0.6126,0.2729,0.2385,4.3478,2.1739,1067777.1134,833415.8264,349368.4792,2947064.833,2300227.6809,2023-08-05
688550.SH,2021-12-03,99.95,2.7055,3.3193,0.65,39.9901,31.8388,2.5231,6.6831,4.8192,,,7018.1579,4730.0004,3855.2902,701464.8821,472763.54,2023-08-05
600393.SH,2021-12-03,1.41,2.9358,3.1944,1.05,,,0.742,1.1857,7.9166,0.0,,253624.787,98820.5552,90820.5552,357610.9497,139336.9828,2023-08-05
871396.BJ,2021-12-03,12.89,0.1655,0.2123,0.42,20.5327,20.8267,2.8045,2.9567,2.9277,,,5326.3891,2634.9023,2053.1405,68657.1555,33963.8906,2023-08-05
001215.SZ,2021-12-03,63.11,11.4217,11.4217,1.61,70.1272,63.639,5.7837,5.6873,4.3885,,,8510.4136,2128.0,2128.0,537092.2023,134298.08,2023-08-05
300211.SZ,2021-12-03,13.1,0.8089,1.6118,0.76,429.552,224.43,8.3961,48.7263,23.6717,0.7634,0.0458,30267.5973,29688.7545,14898.5274,396505.5246,388922.684,2023-08-05
300071.SZ,2021-12-03,2.72,2.1071,2.9683,0.98,,,,1.8822,1.7264,0.0,,67138.642,63889.0465,45351.6352,182617.1062,173778.2065,2023-08-05
000608.SZ,2021-12-03,2.9,0.3088,0.5344,0.73,20.2608,10.8217,0.6902,3.8143,2.7928,0.0,,74991.3309,74980.1859,43320.3321,217474.8596,217442.5391,2023-08-05
002687.SZ,2021-12-03,7.32,5.3746,7.3463,0.59,17.8093,14.5073,2.1277,2.3538,2.0268,0.0,2.6084,35000.0,27838.8,20367.19,256200.0,203780.016,2023-08-05
300785.SZ,2021-12-03,74.75,0.7334,0.9934,0.6,42.31,37.8007,3.8275,7.2932,4.9875,0.4422,0.6026,8874.425,3131.5974,2311.9537,663363.2688,234086.9057,2023-08-05
600831.SH,2021-12-03,5.34,0.5033,0.711,0.89,62.1937,53.5123,1.0093,1.3746,1.3616,0.0,0.5618,71048.5636,71048.5636,50289.4988,379399.3296,379399.3296,2023-08-05
603800.SH,2021-12-03,21.21,1.2335,3.6521,0.91,1016.3143,,5.1566,5.2044,4.2834,2.3574,0.033,20800.0,20800.0,7025.0,441168.0,441168.0,2023-08-05
300740.SZ,2021-12-03,16.45,0.7921,1.3159,0.6,48.2054,31.5008,4.4322,1.8202,1.443,0.0,,41106.0477,37699.863,22692.4763,676194.4847,620162.7464,2023-08-05
603822.SH,2021-12-03,45.6,4.102,8.7151,2.14,90.0129,43.4305,4.0291,2.7195,2.2528,0.5592,0.3312,7336.2554,7251.8133,3413.2635,334533.2462,330682.6865,2023-08-05
002876.SZ,2021-12-03,54.8,0.8855,0.9968,0.53,81.5661,27.8225,4.6365,5.0018,4.0477,0.0546,0.2576,17388.4932,14339.0515,12738.0379,952889.4274,785780.0222,2023-08-05
300172.SZ,2021-12-03,5.53,4.2437,4.6957,0.61,21.1409,25.0264,2.1913,4.0684,4.0643,0.6974,0.6957,67671.0,49601.8628,44827.2227,374220.63,274298.3013,2023-08-05
300666.SZ,2021-12-03,46.75,3.5519,4.2456,1.23,72.1355,80.1389,8.5206,9.1005,7.3475,0.1236,0.2875,22708.1847,15385.4494,12871.7412,1061607.6347,719269.7595,2023-08-05
000514.SZ,2021-12-03,3.14,0.2112,0.5738,1.08,19.84,31.1263,0.7962,4.2458,3.921,0.9554,0.7962,84377.0965,84377.0965,31062.1866,264944.083,264944.083,2023-08-05
600282.SH,2021-12-03,3.61,1.2157,2.1335,1.14,7.8123,5.1608,0.8671,0.4185,0.302,5.9547,6.8959,615873.2721,446056.8948,254174.9499,2223302.5123,1610265.3902,2023-08-05
600580.SH,2021-12-03,19.7,4.0885,6.325,0.7,29.8921,28.3562,3.2415,2.0621,1.8773,0.7533,0.7537,131526.2586,130535.0586,84377.9589,2591067.2944,2571540.6544,2023-08-05
600682.SH,2021-12-03,11.85,1.2547,2.2102,0.46,21.2243,15.5219,0.9413,2.8199,2.611,0.0,0.1688,134613.2221,116506.0275,66142.9194,1595166.6819,1380596.4259,2023-08-05
603298.SH,2021-12-03,16.4,0.2673,0.758,0.59,16.9572,14.9591,2.6911,1.2408,0.9973,1.5244,2.439,86639.5852,86639.5852,30552.2112,1420889.1973,1420889.1973,2023-08-05
300745.SZ,2021-12-03,83.4,4.0252,4.4858,0.63,,,9.3944,29.0752,13.2695,0.0278,,12330.6878,8639.8638,7752.74,1028379.3625,720564.6409,2023-08-05
603936.SH,2021-12-03,13.77,1.5171,2.2598,0.52,28.5215,23.8719,1.9645,2.5262,2.0625,0.3134,0.4309,51101.2097,50501.2097,33902.8778,703663.6576,695401.6576,2023-08-05
600898.SH,2021-12-03,5.22,0.6348,0.8942,1.31,,,9.8932,1.5852,3.4066,0.0,,28538.0986,25252.382,17927.8753,148968.8747,131817.434,2023-08-05
002090.SZ,2021-12-03,10.13,0.9524,1.5307,0.44,62.9464,53.4198,3.5565,2.2039,2.2011,0.2468,0.9291,40426.4936,39939.6987,24850.9002,409520.3802,404589.1478,2023-08-05
835640.BJ,2021-12-03,22.13,0.5259,1.5631,1.58,60.666,44.1847,6.8099,7.6738,6.902,,,18772.8,16698.525,5618.321,415442.064,369538.3583,2023-08-05
002536.SZ,2021-12-03,8.91,11.6711,19.7772,2.16,35.8857,20.8714,1.9447,1.6738,1.3937,1.1223,1.1223,50071.1814,47103.2852,27797.0122,446134.2263,419690.2711,2023-08-05
301001.SZ,2021-12-03,35.42,8.042,8.042,0.55,33.4899,40.3322,3.4368,3.196,3.2956,,,8000.0,2000.0,2000.0,283360.0,70840.0,2023-08-05
601226.SH,2021-12-03,5.73,1.6936,4.5932,1.22,69.1484,31.2704,1.7513,0.7508,0.8074,0.5182,0.449,116701.0,115500.0,42587.9644,668696.73,661815.0,2023-08-05
300112.SZ,2021-12-03,12.25,8.8972,10.6122,1.59,38.7085,31.3169,3.2204,4.7807,3.9879,0.9802,1.6327,28574.7886,20130.9133,16877.7294,350041.1604,246603.6879,2023-08-05
002104.SZ,2021-12-03,6.36,3.2254,3.4356,0.51,2570.4018,,2.2471,4.2127,4.4571,0.0,3.3805,69692.1354,58811.6729,55213.5442,443241.9811,374042.2396,2023-08-05
002415.SZ,2021-12-03,48.4,0.3591,1.0771,0.79,33.7568,28.3966,7.8541,7.1154,5.8597,1.4477,1.6542,933580.6114,814291.9323,271483.024,45185301.5918,39411729.5233,2023-08-05
300016.SZ,2021-12-03,7.95,1.1593,1.3794,0.66,22.428,27.2214,2.2841,4.7359,4.4293,0.8835,0.7572,49285.7474,40675.9099,34185.8086,391821.6918,323373.4837,2023-08-05
002516.SZ,2021-12-03,6.31,1.3769,1.8761,0.81,44.244,48.6965,2.7452,6.229,5.4671,3.962,0.7863,147083.8682,95297.7539,69941.8898,928099.2083,601328.8271,2023-08-05
002335.SZ,2021-12-03,43.15,4.0226,5.5795,0.88,52.153,48.6351,5.8821,4.7789,4.2221,0.8179,0.6952,46156.7391,39684.962,28611.3397,1991663.2922,1712406.1103,2023-08-05
603811.SH,2021-12-03,14.4,1.0517,1.4182,0.48,20.3856,18.65,3.606,4.4406,4.3748,1.4172,1.7361,23378.88,23378.88,17338.312,336655.872,336655.872,2023-08-05
002586.SZ,2021-12-03,3.12,2.5857,4.1871,1.3,,,1.0963,1.8075,1.7501,0.0,,114422.3714,89394.6962,55203.919,356997.7988,278911.4521,2023-08-05
600190.SH,2021-12-03,2.77,0.7658,3.1761,4.94,29.6598,32.2243,0.8425,0.8151,0.8218,0.722,0.722,200229.15,177948.453,42907.9758,554634.7455,492917.2148,2023-08-05
000850.SZ,2021-12-03,4.57,3.4394,6.4185,4.28,19.407,13.8029,0.9386,1.2714,1.2169,1.0941,1.0941,94366.5009,94338.2487,50552.1919,431254.9091,431125.7966,2023-08-05
300241.SZ,2021-12-03,8.53,4.0584,4.3274,0.61,121.2359,102.9732,2.7979,4.7349,4.0198,0.0,,68438.0638,56525.5379,53011.0879,583776.6842,482162.8383,2023-08-05
688378.SH,2021-12-03,80.88,2.4391,3.767,0.8,82.2524,32.2755,3.555,20.8626,12.0329,,,7313.67,4537.9052,2938.2517,591529.6296,367025.7726,2023-08-05
832000.BJ,2021-12-03,8.61,1.0435,1.5505,0.57,17.0239,17.6771,1.6848,2.6678,2.1732,,,9368.9065,3395.4085,2285.0085,80666.285,29234.4672,2023-08-05
300221.SZ,2021-12-03,8.24,7.5524,7.9334,1.18,38.8393,41.2926,3.4765,2.3917,1.9028,0.0,,47620.7935,43784.604,41681.516,392395.3384,360785.137,2023-08-05
002426.SZ,2021-12-03,2.65,1.5845,1.721,0.8,23.5561,,2.0378,0.9505,1.4567,0.0,,344151.7719,302588.4169,278577.0156,912002.1955,801859.3048,2023-08-05
603919.SH,2021-12-03,37.09,2.1061,6.1339,1.55,56.7863,45.2699,6.4886,10.8711,9.2839,0.5019,0.6471,50725.9997,49130.7141,16869.3404,1881427.3289,1822258.186,2023-08-05
300778.SZ,2021-12-03,20.29,6.1025,10.9918,1.78,25.1607,29.4603,2.5444,6.1024,6.1538,1.5771,1.5771,12500.0,5762.2625,3199.1176,253625.0,116916.3061,2023-08-05
600027.SH,2021-12-03,3.94,1.7615,5.027,1.72,9.3044,17.9192,0.8736,0.4285,0.3706,3.7025,6.3398,986985.8215,814574.3053,285431.71,3888724.1367,3209422.7629,2023-08-05
300353.SZ,2021-12-03,10.01,2.0637,2.1265,0.49,,,6.6488,9.5613,7.7513,0.0,,51098.0897,40225.8563,39038.3184,511491.8779,402660.8216,2023-08-05
603755.SH,2021-12-03,45.25,0.7863,0.8711,0.87,54.9199,56.9517,7.0163,16.949,13.9739,1.2155,0.663,9861.3681,3420.0024,3087.193,446226.9065,154755.1086,2023-08-05
301023.SZ,2021-12-03,76.26,9.025,9.025,0.64,41.9357,45.3999,3.6153,15.4343,14.3016,,0.2623,3733.35,933.35,933.35,284705.271,71177.271,2023-08-05
600959.SH,2021-12-03,2.98,0.2521,0.6307,0.85,88.3881,162.3323,0.6859,2.029,1.9947,1.0067,1.0067,500071.7686,452724.1146,180939.2857,1490213.8704,1349117.8615,2023-08-05
002163.SZ,2021-12-03,12.69,1.1718,1.6079,0.99,68.1805,54.7906,11.5721,2.3065,2.4839,0.0,,80355.0,80355.0,58561.5797,1019704.95,1019704.95,2023-08-05
002065.SZ,2021-12-03,7.36,0.8258,1.3047,0.66,42.8658,38.3069,2.0221,2.5736,2.2732,0.6603,0.6603,320548.2375,281377.6433,178098.6431,2359235.028,2070939.4547,2023-08-05
300965.SZ,2021-12-03,72.06,4.3851,4.3851,0.57,44.2847,51.2662,3.2227,20.2311,19.6215,,0.4163,6000.0,1500.0,1500.0,432360.0,108090.0,2023-08-05
300922.SZ,2021-12-03,43.65,10.2247,10.7813,0.58,75.922,62.5608,5.7297,21.2398,21.03,,0.8018,11200.8,2800.2,2655.6269,488914.92,122228.73,2023-08-05
300614.SZ,2021-12-03,57.19,8.3537,8.3537,0.68,73.4833,77.6858,6.3005,17.688,18.1283,,,16043.4469,4011.0,4011.0,917524.7282,229389.09,2023-08-05
001696.SZ,2021-12-03,7.14,1.2708,1.682,0.87,13.9102,17.7615,1.8088,1.0715,0.9054,4.2017,4.2017,114502.692,87920.8499,66426.6999,817549.2209,627754.8683,2023-08-05
000712.SZ,2021-12-03,15.52,0.5545,0.9882,0.64,210.4554,,4.0243,8.3119,12.5173,0.0,,89600.0,79594.3097,44661.5471,1390592.0,1235303.6865,2023-08-05
000679.SZ,2021-12-03,3.98,0.5621,0.7813,0.6,55.0572,,2.3767,8.0699,7.3145,0.0,,35640.0,35640.0,25640.0,141847.2,141847.2,2023-08-05
603290.SH,2021-12-03,471.58,1.4676,2.1193,0.67,445.2802,256.9718,16.5553,83.5453,53.9378,0.0505,0.0674,17060.606,7895.7232,5467.7332,8045440.5775,3723465.1467,2023-08-05
603039.SH,2021-12-03,61.21,0.2718,0.5567,0.61,69.4903,50.1016,9.3711,10.7606,9.1179,0.1426,0.2042,26060.3073,26060.3073,12721.3142,1595151.4098,1595151.4098,2023-08-05
601929.SH,2021-12-03,1.93,0.3802,0.5798,0.71,92.6321,72.7124,0.9007,3.0464,2.9616,0.1969,0.1088,311113.5131,311113.5131,204040.2767,600449.0803,600449.0803,2023-08-05
002101.SZ,2021-12-03,8.8,1.7085,3.4539,0.86,29.8863,17.2187,0.9975,0.8317,0.7614,0.0,1.7084,52887.8866,52886.6866,26160.9341,465413.4021,465402.8421,2023-08-05
688633.SH,2021-12-03,71.38,1.9712,2.0583,0.53,34.2472,31.1406,4.3952,9.2781,8.6123,,,7273.3334,1727.4168,1654.3284,519170.5381,123303.0112,2023-08-05
300269.SZ,2021-12-03,4.01,5.7845,8.8913,1.55,,,11.2508,1.9646,2.196,0.0,,55608.9174,51758.0579,33672.8962,222991.7588,207549.8122,2023-08-05
601828.SH,2021-12-03,8.45,0.1582,0.4956,0.6,21.2631,16.0853,0.675,2.5847,2.2907,2.3831,,435473.2673,316371.4366,100966.2017,3679749.1087,2673338.6393,2023-08-05
600507.SH,2021-12-03,7.5,1.5609,2.1723,1.34,7.5549,5.8066,1.8239,0.974,0.7798,0.0,14.6667,215595.0223,215595.0223,154908.3088,1616962.6673,1616962.6673,2023-08-05
601187.SH,2021-12-03,6.91,0.9662,0.9662,1.14,10.0059,8.763,0.9323,3.2825,3.2147,,2.6049,263912.7888,97271.7875,97271.7875,1823637.3706,672148.0516,2023-08-05
600469.SH,2021-12-03,4.41,0.4247,0.7663,0.83,16.0343,66.4176,1.1262,0.578,0.5647,0.8667,1.3574,73113.7184,56241.3222,31170.1648,322431.4981,248024.2309,2023-08-05
603708.SH,2021-12-03,14.56,0.2696,0.8286,0.86,20.7159,38.3644,3.451,0.5311,0.5496,3.4341,3.0449,60840.1048,60840.1048,19797.9182,885831.9259,885831.9259,2023-08-05
600552.SH,2021-12-03,11.86,8.1385,11.1822,2.25,75.0098,48.5485,3.4155,1.7877,1.4417,0.8432,0.4216,76388.4003,76388.4003,55596.37,905966.4276,905966.4276,2023-08-05
600096.SH,2021-12-03,24.0,4.14,6.5099,0.77,162.1017,14.6673,4.7114,0.8462,0.737,0.0,,183739.6147,168334.7067,107055.0375,4409750.7528,4040032.9608,2023-08-05
601811.SH,2021-12-03,8.61,0.1577,0.6271,0.99,8.4127,8.7668,1.0075,1.1793,1.0276,3.4843,3.6005,123384.1,79190.39,19909.4375,1062337.101,681829.2579,2023-08-05
600355.SH,2021-12-03,3.1,2.2299,2.6554,0.71,,,5.8243,7.7593,5.4273,0.0,,49208.92,49208.92,41323.92,152547.652,152547.652,2023-08-05
300534.SZ,2021-12-03,5.92,1.1467,1.8299,0.7,980.7096,280.4105,2.4901,7.0451,7.0799,0.1689,,30334.5,30093.0371,18856.9344,179580.24,178150.7796,2023-08-05
300525.SZ,2021-12-03,20.72,0.7838,1.0178,0.57,50.7355,51.0619,6.0605,7.223,5.9576,0.2851,0.4102,39611.8293,30672.6182,23622.2479,820757.1031,635536.6491,2023-08-05
300763.SZ,2021-12-03,251.8,2.6382,3.3014,0.59,195.9757,132.3766,29.1516,29.9086,20.5266,0.2217,0.1986,24758.0246,10735.2596,8578.8917,6234070.5943,2703138.3673,2023-08-05
000088.SZ,2021-12-03,5.41,1.2525,3.8517,9.81,31.0622,28.8431,1.3691,22.9074,19.3901,0.2394,0.3327,224916.1747,224916.1747,73135.9747,1216796.5051,1216796.5051,2023-08-05
300630.SZ,2021-12-03,51.09,0.4579,0.5805,0.54,54.7989,43.5512,9.3847,18.785,14.4685,0.2707,0.366,43702.9897,32213.7293,25408.9872,2232785.7438,1645799.4299,2023-08-05
300548.SZ,2021-12-03,33.1,1.3693,1.9727,0.53,65.0008,39.3844,3.8973,7.4029,5.5714,0.0725,,17371.2775,14170.0258,9835.3688,574989.2853,469027.854,2023-08-05
002072.SZ,2021-12-03,7.12,3.8368,4.6496,2.56,,,,47.2632,50.8278,0.0,,17600.0,16940.405,13979.16,125312.0,120615.6836,2023-08-05
000155.SZ,2021-12-03,29.11,4.2019,7.4286,0.74,275.1639,223.5327,9.6328,21.127,14.5781,0.0,,144899.5523,127000.0,71835.1849,4218025.9675,3696970.0,2023-08-05
600327.SH,2021-12-03,6.03,0.7791,1.4091,0.81,16.9334,9.3503,1.5793,0.6723,0.628,11.2769,8.2919,88477.9518,88477.9518,48922.7146,533522.0494,533522.0494,2023-08-05
600859.SH,2021-12-03,27.74,0.8484,1.4131,0.65,70.1217,35.5095,1.5407,3.2977,2.8244,1.0877,0.4294,97759.1381,97748.8021,58682.8192,2711838.4909,2711551.7703,2023-08-05
601718.SH,2021-12-03,2.73,0.4713,0.9416,0.82,,,0.7018,0.8018,0.7674,1.0989,,439162.9404,439162.9404,219811.6813,1198914.8273,1198914.8273,2023-08-05
002311.SZ,2021-12-03,68.1,0.9348,2.0243,2.89,44.8423,51.52,7.7088,1.8753,1.3995,0.489,0.467,166116.1061,165763.7714,76548.9155,11312506.8254,11288512.8323,2023-08-05
688001.SH,2021-12-03,35.88,2.4318,2.4735,0.6,59.4657,51.0235,4.6401,9.398,8.2289,,,43938.6523,5040.0105,4955.0355,1576518.8445,180835.5767,2023-08-05
600266.SH,2021-12-03,4.31,0.2692,0.463,0.75,7.8801,10.332,0.4513,0.7001,0.4674,4.6404,2.1343,225653.76,225653.76,131187.4339,972567.7056,972567.7056,2023-08-05
003008.SZ,2021-12-03,29.8,2.9884,2.9884,0.44,32.1035,42.9342,2.3723,14.406,16.4714,,2.0134,8000.0,3944.5573,3944.5573,238400.0,117547.8075,2023-08-05
688198.SH,2021-12-03,255.03,0.9879,0.9879,1.35,435.1084,469.9458,25.9812,135.1965,99.8019,,,9643.8308,2323.8308,2323.8308,2459466.1689,592646.5689,2023-08-05
601126.SH,2021-12-03,24.72,4.415,8.4773,0.89,58.4432,41.4563,5.2954,5.2034,4.7415,0.692,3.9644,81317.2,78818.7492,41048.7946,2010161.184,1948399.4802,2023-08-05
002306.SZ,2021-12-03,3.0,2.1252,2.7672,1.11,,403.9805,27.3078,9.2633,5.5104,0.0,,84000.0,80290.6062,61662.7632,252000.0,240871.8186,2023-08-05
830832.BJ,2021-12-03,8.43,0.2728,0.2728,0.7,18.3919,21.3705,1.6127,2.1056,2.094,,,13876.3865,10934.7571,10934.7571,116977.9382,92180.0024,2023-08-05
600718.SH,2021-12-03,10.91,2.5192,3.5948,0.89,103.3228,88.4243,1.5923,1.7783,1.5622,0.0,,124237.0295,120261.6322,84276.5045,1355425.9918,1312054.4073,2023-08-05
300530.SZ,2021-12-03,34.0,1.7934,3.3,3.01,,,26.4835,47.8539,39.4934,3.6927,,15813.945,11800.8683,6413.38,537674.13,401229.5222,2023-08-05
600814.SH,2021-12-03,6.2,0.245,0.7719,0.61,16.6117,12.8979,1.4999,2.4772,1.974,1.6129,1.8226,71502.6758,71502.6758,22694.0342,443316.59,443316.59,2023-08-05
601212.SH,2021-12-03,2.75,0.3966,1.0916,1.04,279.0749,278.9703,1.3744,0.3315,0.307,0.0873,0.1091,740477.4511,740477.4511,269034.0933,2036312.9905,2036312.9905,2023-08-05
300317.SZ,2021-12-03,8.41,3.6638,8.3823,0.67,231.643,94.1329,3.4634,8.6655,10.9631,0.0,,82428.3865,76910.885,33617.3456,693222.7305,646820.5429,2023-08-05
300118.SZ,2021-12-03,32.42,5.7567,6.211,0.71,176.7371,,3.2824,1.8192,1.6037,0.5945,0.5945,90135.9941,89944.5941,83365.9125,2922208.9287,2916003.7407,2023-08-05
603518.SH,2021-12-03,12.85,3.4331,5.7821,0.76,,8.7713,1.5646,1.1411,0.8727,0.0,,29658.3303,29658.3303,17609.7963,381109.5444,381109.5444,2023-08-05
600691.SH,2021-12-03,5.64,7.1822,10.6749,0.85,103.9299,10.5473,2.2424,0.7465,0.7256,0.0,,237598.1952,175639.0906,118171.6306,1340053.8209,990604.471,2023-08-05
000789.SZ,2021-12-03,12.0,2.9102,5.5406,1.59,6.4629,6.0312,1.4008,0.7637,0.7182,5.8331,5.8333,79740.1458,79738.2551,41882.923,956881.7496,956859.0612,2023-08-05
600435.SH,2021-12-03,10.52,2.5693,4.4319,0.83,250.6848,110.0123,6.8571,5.2122,3.8644,0.0,0.2376,148932.0,148932.0,86339.4294,1566764.64,1566764.64,2023-08-05
002184.SZ,2021-12-03,15.9,4.1191,4.9275,0.48,44.0527,42.8237,4.9861,2.4698,2.3209,0.4278,0.4278,35190.837,22972.0911,19203.6493,559534.3083,365256.2485,2023-08-05
601988.SH,2021-12-03,3.06,0.0377,0.3878,0.9,4.6706,4.2758,0.4841,1.5929,1.52,6.2418,6.4379,29438779.1241,21076551.4846,2049395.6739,90082664.1197,64494247.5429,2023-08-05
600236.SH,2021-12-03,6.29,0.2911,1.8024,0.85,22.5715,23.7127,3.3034,5.5249,5.6423,3.0207,3.0207,788237.7802,788237.7802,127306.3813,4958015.6375,4958015.6375,2023-08-05
688667.SH,2021-12-03,183.1,2.9124,2.9124,1.02,60.2376,54.134,6.9113,12.3922,11.144,,,5160.0,1236.9637,1236.9637,944796.0,226488.0535,2023-08-05
002745.SZ,2021-12-03,16.33,2.1163,2.8381,0.62,80.3226,44.1275,1.8467,1.3944,1.2686,0.7904,0.7716,148416.6399,96275.8149,71791.6245,2423643.7296,1572184.0573,2023-08-05
603871.SH,2021-12-03,21.64,0.5757,2.0021,0.83,17.1454,18.9504,2.9559,1.8822,1.8188,2.539,3.5546,28538.466,28538.466,8205.426,617572.4042,617572.4042,2023-08-05
300363.SZ,2021-12-03,94.5,1.3225,2.0666,0.74,158.4895,115.2549,14.4696,24.8164,19.6726,0.1085,0.1272,54409.0533,44764.5167,28647.1197,5141655.5369,4230246.8282,2023-08-05
600620.SH,2021-12-03,8.83,0.8406,1.199,2.17,57.5685,35.9804,2.6077,164.3813,161.2222,0.3398,0.5663,68667.7113,68667.7113,48139.4369,606335.8908,606335.8908,2023-08-05
600056.SH,2021-12-03,11.23,0.2927,0.6196,0.73,9.1551,13.2119,1.1485,0.3052,0.3354,2.4535,3.2769,106848.5534,106810.8198,50457.0197,1199909.2547,1199485.5064,2023-08-05
002431.SZ,2021-12-03,2.97,0.6601,0.985,0.43,99.8222,149.8361,0.9618,0.916,0.8805,0.0,,148698.545,145833.1768,97721.2638,441634.6787,433124.5351,2023-08-05
603699.SH,2021-12-03,10.09,0.7223,2.2343,1.88,14.3432,18.2149,2.679,2.0834,1.9769,3.9398,4.5533,75000.0,75000.0,24247.6305,756750.0,756750.0,2023-08-05
002293.SZ,2021-12-03,13.29,0.5206,1.2596,0.77,19.0606,15.6227,3.0293,2.2706,1.9728,3.7246,8.9684,83899.7881,82177.1994,33963.4176,1115028.1838,1092134.98,2023-08-05
600098.SH,2021-12-03,7.93,1.1468,7.1284,1.59,23.9285,27.0516,1.1624,0.6832,0.584,0.6157,2.0935,272619.6558,269893.6572,43420.6064,2161873.8705,2140256.7016,2023-08-05
300654.SZ,2021-12-03,8.05,1.303,2.6095,1.11,44.0465,48.9316,2.9251,4.1026,3.7371,0.7167,1.0559,18203.25,17360.6599,8668.5349,146536.1625,139753.3122,2023-08-05
300288.SZ,2021-12-03,12.52,3.8373,4.5155,0.85,92.4587,73.5313,2.8836,11.2755,10.9293,0.1677,0.1198,33794.1402,24831.9391,21102.0347,423102.6353,310895.8775,2023-08-05
002437.SZ,2021-12-03,2.41,0.59,0.9493,0.85,13.2421,,2.7064,1.7341,1.6771,0.0,,219812.295,218328.6217,135699.3685,529747.631,526171.9783,2023-08-05
002783.SZ,2021-12-03,10.02,1.968,2.5348,0.82,75.9782,186.7569,2.2058,1.9021,1.3779,0.9875,0.998,38173.0334,32716.8573,25401.0841,382493.7947,327822.9101,2023-08-05
002732.SZ,2021-12-03,25.84,1.5163,3.6299,1.26,38.7622,24.3972,3.4436,2.4838,2.0943,1.548,0.5805,15735.0,15591.249,6512.889,406592.4,402877.8742,2023-08-05
002752.SZ,2021-12-03,8.0,3.1669,8.7828,0.68,572.9208,47.7906,2.894,2.6922,1.7342,0.2665,0.125,97691.8468,97497.5666,35155.8793,781534.7744,779980.5328,2023-08-05
603997.SH,2021-12-03,15.58,2.4656,5.0282,0.86,,86.799,3.668,1.088,0.9927,1.196,1.1502,109866.1723,86035.5769,42188.4172,1711714.9644,1340434.2881,2023-08-05
600712.SH,2021-12-03,3.55,0.4472,0.7518,0.57,,,2.1832,2.4808,2.3376,0.0845,,54465.536,53855.6211,32037.6888,193352.6528,191187.4549,2023-08-05
300167.SZ,2021-12-03,5.78,1.546,2.2633,0.76,,,5.5433,7.4799,7.57,0.0,,32623.0,30024.0,20509.5402,188560.94,173538.72,2023-08-05
600773.SH,2021-12-03,28.47,4.4531,8.5273,0.7,209.8035,185.315,6.3775,12.5204,9.6112,0.0527,0.0351,81966.0744,81966.0744,42804.3039,2333574.1382,2333574.1382,2023-08-05
605398.SH,2021-12-03,39.13,2.5601,2.5601,0.81,21.4599,25.8749,2.463,4.1502,4.0476,,1.0222,5949.8208,1487.4552,1487.4552,232816.4879,58204.122,2023-08-05
603855.SH,2021-12-03,24.5,0.5149,1.0047,0.71,31.7289,23.2277,4.9565,3.6234,2.8007,2.0383,2.0064,33759.8,33374.7,17102.7,827115.1,817680.15,2023-08-05
002824.SZ,2021-12-03,40.69,2.0926,3.3129,0.56,99.6464,43.2587,7.6151,5.0639,3.5224,0.0293,0.1538,18474.477,11366.2724,7179.6734,751726.4691,462493.624,2023-08-05
603278.SH,2021-12-03,11.83,2.8244,8.3787,1.47,33.4566,19.561,1.9225,1.116,0.8303,1.3375,0.9196,28995.666,28679.216,9667.482,343018.7288,339275.1253,2023-08-05
300246.SZ,2021-12-03,18.45,3.0272,3.5496,1.02,7.7868,26.7745,3.0887,1.9308,2.5005,1.084,2.168,14609.1403,10949.1276,9337.5558,269538.6385,202011.4042,2023-08-05
300314.SZ,2021-12-03,13.13,2.072,4.0794,0.69,27.7658,49.0814,3.8675,8.2289,8.0684,0.3046,1.1424,28800.0,18935.4648,9617.7598,378144.0,248622.6528,2023-08-05
688569.SH,2021-12-03,18.91,2.8384,2.8384,1.35,26.6798,25.7947,1.7639,3.2402,3.3543,,,21066.67,5056.0032,5056.0032,398370.7297,95609.0205,2023-08-05
600805.SH,2021-12-03,4.83,0.9736,1.4322,0.71,,,0.9304,1.3583,1.0508,0.0,,85089.4494,85027.5368,57802.8806,410982.0406,410683.0027,2023-08-05
603766.SH,2021-12-03,5.31,1.1053,2.2138,0.48,22.7212,15.6247,1.4106,1.0448,0.8829,1.8832,1.5066,205354.185,205354.185,102530.5795,1090430.7224,1090430.7224,2023-08-05
603408.SH,2021-12-03,13.76,0.8445,0.8445,1.24,16.8404,15.1594,2.4338,1.6027,1.3208,2.5436,2.798,44668.0,9916.2131,9916.2131,614631.68,136447.0923,2023-08-05
000004.SZ,2021-12-03,18.22,2.3307,3.3413,0.56,43.9839,69.4637,1.907,10.1321,9.4821,0.0,,15600.3026,11633.0763,8114.402,284237.5134,211954.6502,2023-08-05
601628.SH,2021-12-03,29.29,0.0294,0.408,0.86,16.4692,16.0155,1.7583,1.0035,0.9614,2.4923,2.185,2826470.5,2082353.0,150000.0,82787320.945,60992119.37,2023-08-05
301042.SZ,2021-12-03,49.0,12.8763,12.8763,1.42,42.0409,39.8677,3.0788,3.5821,3.6378,,1.6327,6880.0,1720.0,1720.0,337120.0,84280.0,2023-08-05
002350.SZ,2021-12-03,8.67,7.2817,11.8676,0.53,85.849,81.2419,2.5154,2.1542,2.1348,0.6291,0.8189,54236.9011,52916.0892,32468.0668,470233.9325,458782.4934,2023-08-05
600505.SH,2021-12-03,8.86,4.9308,11.1675,1.36,94.596,66.3795,2.6371,3.358,3.0038,0.3499,0.3386,36456.75,36456.75,16096.8977,323006.805,323006.805,2023-08-05
300750.SZ,2021-12-03,687.0,0.3962,0.6493,0.99,286.7988,160.4888,21.8991,31.8226,17.3754,0.0303,0.0349,233085.12,203865.651,124405.0463,160129477.44,140055702.237,2023-08-05
300315.SZ,2021-12-03,4.07,1.5168,1.6282,0.66,35.4105,145.5302,1.9485,6.2726,7.0038,0.0,,275748.4192,263222.0771,245218.2408,1122296.0661,1071313.8538,2023-08-05
000938.SZ,2021-12-03,25.67,0.6845,1.4963,0.64,38.7508,33.3609,2.4932,1.2297,1.1129,0.4174,0.3896,286007.9874,286007.9874,130840.8019,7341825.0366,7341825.0366,2023-08-05
600887.SH,2021-12-03,39.9,1.5636,1.7189,1.5,34.2855,26.9702,6.9518,2.5142,2.2534,2.0246,2.0553,608217.7633,596028.6287,542175.0461,24267888.7557,23781542.2851,2023-08-05
002354.SZ,2021-12-03,3.46,1.7797,1.7897,0.65,37.6237,15.2684,2.0604,5.7756,4.0742,0.0,,166301.3961,146102.8147,145291.6903,575402.8305,505515.7389,2023-08-05
300307.SZ,2021-12-03,9.21,1.3345,3.0044,0.55,,,2.6913,5.8289,3.7514,0.0,,78054.1776,77176.4484,34280.5054,718878.9757,710795.0898,2023-08-05
300637.SZ,2021-12-03,8.6,0.9035,1.4964,0.8,73.0166,131.5609,2.6701,4.0834,3.1216,1.1628,0.3488,23475.013,23417.937,14139.777,201885.1118,201394.2582,2023-08-05
300762.SZ,2021-12-03,29.25,5.8492,6.3848,1.06,68.5453,58.0135,4.6793,17.8892,16.5166,0.0872,0.1474,39194.9968,22206.593,20343.8509,1146453.6564,649542.8453,2023-08-05
000625.SZ,2021-12-03,17.35,1.4126,2.5514,0.88,39.7466,46.6796,2.3815,1.5624,1.2243,0.0,1.2598,761542.8202,584955.3939,323870.7701,13212767.9305,10148976.0842,2023-08-05
300273.SZ,2021-12-03,5.01,2.0106,2.0624,0.66,63.476,,1.5261,4.2674,4.3411,0.0,,79235.4216,62761.652,61185.8008,396969.4622,314435.8765,2023-08-05
002681.SZ,2021-12-03,3.7,1.2772,1.6219,1.16,6.3363,,3.207,1.9084,1.6854,0.0,,182466.762,112121.5007,88292.0721,675127.0194,414849.5526,2023-08-05
000922.SZ,2021-12-03,12.0,1.956,3.0899,0.76,17.6312,35.5033,2.7089,3.0356,2.5419,0.5548,1.3333,59921.2053,58236.3503,36864.5664,719054.4636,698836.2036,2023-08-05
000005.SZ,2021-12-03,2.22,0.8845,1.0765,0.86,,,1.6375,5.8908,4.9705,0.0,,105853.6842,105794.6242,86921.9742,234995.1789,234864.0657,2023-08-05
688585.SH,2021-12-03,11.14,1.4679,2.6287,0.68,37.7605,347.4108,4.3435,2.3082,2.1085,,,40320.0,8152.2878,4552.2878,449164.8,90816.4861,2023-08-05
688226.SH,2021-12-03,16.15,4.752,4.752,0.8,53.0572,39.3821,2.9713,2.6575,2.0271,,,15600.0,3175.5028,3175.5028,251940.0,51284.3702,2023-08-05
600256.SH,2021-12-03,6.13,2.0241,2.9693,1.33,30.1187,11.8797,2.1078,2.6595,1.8581,0.0,,656575.5139,656575.5139,447571.165,4024807.9002,4024807.9002,2023-08-05
000705.SZ,2021-12-03,7.44,0.4756,0.5348,0.66,27.8084,32.4679,1.3712,0.7227,0.6907,0.8065,0.9409,33412.3286,28197.2076,25074.6562,248587.7248,209787.2245,2023-08-05
601901.SH,2021-12-03,7.86,0.3391,0.686,1.48,59.0103,41.952,1.563,8.5794,7.8184,0.0,0.1272,823210.1395,823210.1395,406927.3217,6470431.6965,6470431.6965,2023-08-05
002026.SZ,2021-12-03,21.79,9.1932,15.0677,0.93,36.2512,24.813,3.2657,4.2595,2.968,0.3644,0.4589,42322.6219,42311.9119,25815.6243,922209.9312,921976.5603,2023-08-05
002412.SZ,2021-12-03,5.27,0.5159,0.9042,0.79,24.9831,19.6601,1.5454,3.5776,3.016,1.4231,,50320.0,49363.75,28163.1311,265186.4,260146.9625,2023-08-05
601777.SH,2021-12-03,7.18,0.7722,1.0649,0.8,556.0738,9.0941,3.1907,8.8834,8.9986,0.0,,450000.0,225045.0,163190.7344,3231000.0,1615823.1,2023-08-05
000333.SZ,2021-12-03,67.16,0.318,0.4661,1.22,17.2285,16.3647,3.9594,1.6502,1.4264,2.3734,2.3595,698347.1099,682693.2218,465775.3505,46900991.9009,45849676.7761,2023-08-05
000996.SZ,2021-12-03,7.82,1.6982,2.1081,1.1,443.5541,1254.8595,5.5752,54.0281,56.1424,0.0,,34500.0,34500.0,27792.24,269790.0,269790.0,2023-08-05
605228.SH,2021-12-03,9.33,6.0904,6.0904,1.13,33.2468,38.1665,2.7505,2.6364,2.658,,0.911,42000.0,8000.0,8000.0,391860.0,74640.0,2023-08-05
300511.SZ,2021-12-03,7.26,1.3036,1.457,0.51,12.9765,,1.7942,1.4569,1.5514,1.6055,1.6536,44191.8691,31598.0171,28270.8796,320832.9697,229401.6041,2023-08-05
000610.SZ,2021-12-03,7.93,0.6777,1.0036,0.65,49.9627,,2.196,6.2713,3.4855,0.0,0.1513,23674.7901,23539.4869,15894.2696,187741.0855,186668.1311,2023-08-05
300497.SZ,2021-12-03,17.64,4.2173,4.5475,0.7,30.3855,51.9355,3.1652,6.4986,6.6912,0.5851,1.1338,55000.4834,44551.5682,41316.0482,970208.5272,785889.663,2023-08-05
002570.SZ,2021-12-03,4.83,1.0707,1.5567,0.67,,,2.9774,1.9574,2.4629,0.0,,108004.3333,102246.0225,70324.1725,521660.9298,493848.2887,2023-08-05
600793.SH,2021-12-03,14.07,3.0909,8.035,0.76,,76.8683,3.9827,1.3335,0.9856,0.0,,17690.4002,17690.4002,6805.1482,248903.9308,248903.9308,2023-08-05
002229.SZ,2021-12-03,5.98,0.6576,0.9128,1.06,117.0582,464.9777,1.7648,6.2895,5.4344,0.0,,49834.4263,49827.0902,35897.4002,298009.8693,297965.9994,2023-08-05
000619.SZ,2021-12-03,4.99,0.5935,0.8917,0.99,55.5139,,0.7432,0.4597,0.3601,0.6012,1.002,36000.0,36000.0,23962.0607,179640.0,179640.0,2023-08-05
002790.SZ,2021-12-03,8.68,2.003,3.7291,0.7,31.6775,24.1992,2.09,2.8275,2.0095,2.3049,1.7281,41832.9,25551.04,13723.84,363109.572,221783.0272,2023-08-05
300097.SZ,2021-12-03,9.3,1.3169,1.7835,0.6,74.0537,,2.1417,2.2601,2.8829,0.0,,28854.9669,27001.8948,19937.9158,268351.1922,251117.6216,2023-08-05
601918.SH,2021-12-03,4.37,4.2496,7.7384,2.77,13.364,4.9838,1.3018,1.355,1.0524,0.4577,0.8009,259054.18,259054.18,142263.8996,1132066.7666,1132066.7666,2023-08-05
002985.SZ,2021-12-03,115.3,2.2898,2.2899,0.55,92.9953,62.9095,12.5187,42.8626,25.9536,0.5102,0.1531,25527.2,13112.2955,13111.29,2943286.16,1511847.6712,2023-08-05
002538.SZ,2021-12-03,10.53,4.6321,6.8515,0.86,30.4857,18.6973,1.8098,2.3705,2.3699,0.6392,1.9976,85355.5763,83395.8488,56381.6188,898794.2184,878158.2879,2023-08-05
603053.SH,2021-12-03,10.23,0.3388,1.1252,0.96,21.9586,18.6355,2.3428,2.1817,2.0384,2.39,2.4194,88889.0,56089.0,16889.0,909334.47,573790.47,2023-08-05
603679.SH,2021-12-03,13.89,1.0509,2.3088,1.06,29.8399,87.0386,2.6297,2.8084,3.1558,0.6727,0.5795,14201.1657,14157.0657,6443.8447,197254.1916,196641.6426,2023-08-05
600619.SH,2021-12-03,8.46,5.0003,13.5355,1.86,56.4869,41.2024,1.5218,0.8291,0.5891,1.5916,1.3264,108507.2406,58214.1047,21505.662,917971.2555,492491.3258,2023-08-05
300679.SZ,2021-12-03,58.32,2.7693,3.7511,1.91,91.4063,67.9016,6.5166,9.4752,7.7656,0.2029,0.4572,42120.0,31024.9662,22904.5145,2456438.4,1809376.0288,2023-08-05
603757.SH,2021-12-03,18.05,1.5197,4.1861,1.93,14.2355,19.5664,2.4691,2.1498,2.0784,2.7033,5.5164,16830.6,16554.4,6009.6,303792.33,298806.92,2023-08-05
603516.SH,2021-12-03,17.79,0.4081,0.7777,0.37,25.8693,34.9002,3.421,6.8769,6.6847,1.205,1.606,18655.4476,18431.5176,9671.8041,331880.4128,327896.6981,2023-08-05
600771.SH,2021-12-03,29.93,2.6596,3.1119,1.27,460.1303,,6.3967,13.2731,14.4759,0.0,,49199.9697,49199.9697,42049.0729,1472555.0931,1472555.0931,2023-08-05
000962.SZ,2021-12-03,11.47,1.561,2.8802,0.73,102.5351,42.3219,3.8693,7.4749,5.7274,0.0,,44083.2644,44083.106,23891.426,505635.0427,505633.2258,2023-08-05
002920.SZ,2021-12-03,141.13,1.0817,2.5603,0.81,149.8051,112.3033,15.6431,11.4165,8.8167,0.1417,0.2126,55000.0,54985.0,23230.12,7762150.0,7760033.05,2023-08-05
605500.SH,2021-12-03,17.58,2.9619,2.9619,0.8,15.9568,12.0061,1.601,1.6065,1.2481,,1.9909,20000.0,5000.0,5000.0,351600.0,87900.0,2023-08-05
688039.SH,2021-12-03,66.98,3.0642,3.5358,0.67,52.1083,56.0178,3.6708,14.6448,13.2856,,,8000.0,4831.626,4187.263,535840.0,323622.3095,2023-08-05
300852.SZ,2021-12-03,60.9,6.8506,6.8506,0.86,51.5288,35.9078,6.2307,9.547,6.6678,,0.3649,10193.076,3559.5419,3559.5419,620758.3284,216776.1017,2023-08-05
002652.SZ,2021-12-03,3.36,1.3124,2.64,1.72,,,5.2632,1.3569,4.1313,0.0,,51206.4,46372.7385,23052.5245,172053.504,155812.4014,2023-08-05
600575.SH,2021-12-03,2.29,1.1132,3.0311,1.63,18.7171,22.7876,0.9007,0.6888,0.4179,4.3668,,388626.1065,388626.1065,142729.1911,889953.7839,889953.7839,2023-08-05
000509.SZ,2021-12-03,3.04,0.6409,0.8448,1.24,431.5268,117.7508,22.3225,65.1362,64.5036,0.0,,107312.8052,82547.9873,62627.3953,326230.9278,250945.8814,2023-08-05
603081.SH,2021-12-03,11.8,0.4603,1.2625,0.48,15.3894,13.9763,2.0244,1.9239,1.7419,0.9989,1.2486,40908.5697,40181.3697,14650.2897,482721.1225,474140.1625,2023-08-05
688670.SH,2021-12-03,74.45,2.7104,2.7104,0.38,42.274,31.7061,4.4298,11.1214,9.6974,,,8800.0,1812.9291,1812.9291,655160.0,134972.5715,2023-08-05
002909.SZ,2021-12-03,7.31,1.6782,3.7004,0.88,24.3829,62.9922,3.2367,2.1648,1.6378,1.8387,1.462,37275.2452,34914.2267,15834.4897,272482.0424,255222.9972,2023-08-05
002043.SZ,2021-12-03,9.53,1.2775,2.1704,0.74,17.6045,9.6696,3.8543,1.0965,0.7928,2.638,2.0671,74392.1781,69336.1311,40812.2117,708957.4573,660773.3294,2023-08-05
000833.SZ,2021-12-03,6.6,3.3872,4.2365,0.94,70.3068,11.1947,1.4119,1.3828,1.5257,0.2273,0.2273,66840.1851,37808.5022,30228.5022,441145.2217,249536.1145,2023-08-05
600833.SH,2021-12-03,8.71,0.7951,1.4442,1.43,28.3492,41.4932,2.6032,1.2244,1.399,0.8611,1.0907,22308.6347,22308.6347,12281.1613,194308.2082,194308.2082,2023-08-05
603680.SH,2021-12-03,8.58,0.1864,1.5259,0.92,16.0228,18.5805,1.4496,1.7477,1.7074,1.8672,1.9816,78986.2437,78371.8767,9575.8767,677701.9709,672430.7021,2023-08-05
002188.SZ,2021-12-03,3.26,1.23,1.6382,0.63,,,,72.3244,5.6974,0.0,,29253.8575,24088.3257,18087.0255,95367.5755,78527.9418,2023-08-05
000778.SZ,2021-12-03,3.85,0.8265,1.3606,0.97,8.4776,6.7314,0.6554,0.3576,0.2873,3.8934,3.8934,399088.0176,388514.2256,235984.8517,1536488.8678,1495779.7686,2023-08-05
300593.SZ,2021-12-03,55.49,1.4418,1.5468,0.57,119.2289,58.8919,14.3774,17.4422,11.3844,0.0563,0.0732,26486.304,21224.813,19783.0834,1469725.009,1177764.8734,2023-08-05
603530.SH,2021-12-03,20.28,7.9002,7.9002,0.52,67.0721,102.7974,5.6631,13.2227,12.59,1.004,0.5932,43226.3327,4004.449,4004.449,876630.0272,81210.2257,2023-08-05
688357.SH,2021-12-03,228.4,2.4194,2.75,1.07,103.6823,56.3855,11.5907,29.2461,17.8799,,,5782.0,2626.7,2310.9963,1320608.8,599938.28,2023-08-05
002107.SZ,2021-12-03,6.45,0.2588,0.5335,0.73,20.8128,21.2753,4.6877,3.7005,3.8515,1.1628,4.031,57720.96,56350.3829,27335.7466,372300.192,363459.9697,2023-08-05
603833.SH,2021-12-03,119.8,0.2499,0.986,0.74,35.3803,26.7717,5.2755,4.951,3.7597,0.6276,0.9936,60915.1948,60915.1948,15437.3632,7297640.337,7297640.337,2023-08-05
600545.SH,2021-12-03,2.73,0.3297,0.6214,1.48,,,1.4656,1.067,0.9823,0.0,,189541.2995,189541.2995,100565.3318,517447.7476,517447.7476,2023-08-05
002676.SZ,2021-12-03,4.61,1.2328,1.8247,1.19,120.9658,64.8117,2.9661,1.9204,1.605,0.0,,72000.0,71996.4834,48640.5933,331920.0,331903.7885,2023-08-05
600758.SH,2021-12-03,3.73,1.2283,3.1925,1.59,,,0.979,0.9756,0.9782,0.1609,,132201.7394,132074.3394,50813.3552,493112.488,492637.286,2023-08-05
000524.SZ,2021-12-03,6.99,0.2007,0.7701,0.98,,,2.0882,2.4951,2.7828,1.7024,,67020.8597,67014.0121,17467.0915,468475.8093,468427.9446,2023-08-05
000566.SZ,2021-12-03,4.38,0.9232,1.2499,0.9,,,1.7337,2.5826,2.7882,0.0,,129736.5126,116521.7077,86068.7301,568245.9252,510365.0797,2023-08-05
002320.SZ,2021-12-03,5.94,0.8175,3.0321,1.98,53.086,42.2729,3.2951,12.3423,9.845,1.4964,1.5713,222893.3187,222893.3187,60093.3126,1323986.3131,1323986.3131,2023-08-05
600499.SH,2021-12-03,24.49,4.0504,5.9845,0.91,162.5648,52.0059,7.0536,6.2583,4.9383,0.0,0.4083,188841.9929,157720.5702,106748.5166,4624740.4061,3862576.7642,2023-08-05
002852.SZ,2021-12-03,15.17,1.4778,2.2915,0.57,,,2.0544,1.03,1.0781,0.5031,0.5031,35900.0,20951.3359,13511.4224,544603.0,317831.7656,2023-08-05
002503.SZ,2021-12-03,1.57,4.1613,4.7734,0.96,,,3.2154,0.5638,0.705,0.0,,309277.1219,254296.7569,221692.2634,485565.0814,399245.9083,2023-08-05
600871.SH,2021-12-03,2.07,0.3416,1.6311,0.83,497.5763,234.4501,5.2744,0.5773,0.5749,0.0,,1898434.0033,1356937.8551,284148.2187,3929758.3868,2808861.3601,2023-08-05
002067.SZ,2021-12-03,4.04,2.7585,2.88,0.91,15.4623,10.2712,0.9224,0.9895,0.8177,0.8063,,119392.3307,105629.8307,101174.8307,482345.016,426744.516,2023-08-05
601225.SH,2021-12-03,13.3,1.0595,3.0381,2.28,8.664,7.3009,1.6446,1.3593,0.8479,2.7068,6.015,969500.0,969500.0,338117.48,12894350.0,12894350.0,2023-08-05
600695.SH,2021-12-03,5.92,4.0779,6.6199,1.18,,,6.4746,164.2495,67.2294,0.0,,71113.21,36646.7152,22574.5378,420990.2032,216948.554,2023-08-05
688800.SH,2021-12-03,136.0,3.7339,3.7339,0.66,199.493,175.8021,15.3802,24.0634,19.4419,,,10800.0,2197.1083,2197.1083,1468800.0,298806.7288,2023-08-05
002398.SZ,2021-12-03,6.71,1.0324,1.0798,0.86,12.9802,15.0388,1.4455,1.249,0.9938,1.1459,1.1923,72049.0406,56093.1487,53632.0479,483449.0624,376385.0278,2023-08-05
003010.SZ,2021-12-03,19.92,0.5897,0.9175,0.65,27.3895,34.5182,2.2331,2.1344,1.9581,,0.4016,12169.984,7303.2792,4694.1523,242426.0813,145481.3217,2023-08-05
000958.SZ,2021-12-03,4.93,2.4546,4.0682,1.65,20.8834,20.9111,1.5365,2.5767,2.7588,0.2028,1.217,538341.852,110207.9201,66495.2005,2654025.3304,543325.0461,2023-08-05
000050.SZ,2021-12-03,12.72,0.3342,0.6824,0.85,21.2018,18.902,0.8993,1.0694,1.0246,0.5241,0.5503,245774.7661,230483.1108,112865.4293,3126255.0248,2931745.1694,2023-08-05
300837.SZ,2021-12-03,44.49,1.3359,1.5724,0.57,36.7274,30.1907,4.3171,9.6127,7.9982,,0.6743,10000.0,3325.0,2825.01,444900.0,147929.25,2023-08-05
601990.SH,2021-12-03,9.64,0.4001,0.7373,1.01,43.8942,36.3552,2.1771,15.0241,13.7904,0.6498,1.3485,368636.1034,361993.0567,196454.8943,3553652.0368,3489613.0666,2023-08-05
000048.SZ,2021-12-03,17.25,0.189,0.6975,0.99,10.4157,8.3799,3.574,2.2168,1.5671,3.3445,6.689,52323.925,52315.7273,14178.2324,902587.7063,902446.2959,2023-08-05
603327.SH,2021-12-03,15.52,2.3676,3.5417,1.13,19.5909,21.9143,3.9537,3.7623,3.495,1.6108,2.3196,40100.0,10247.065,6850.0,622352.0,159034.4488,2023-08-05
002858.SZ,2021-12-03,16.85,1.8851,2.422,0.72,,,3.69,13.4672,10.5143,0.0,,15992.5838,9723.3444,7567.6844,269475.037,163838.3531,2023-08-05
301017.SZ,2021-12-03,27.36,27.4241,27.4241,0.9,51.2588,54.5403,5.8843,2.3902,2.21,,0.402,40534.0,3425.5193,3425.5193,1109010.24,93722.208,2023-08-05
600073.SH,2021-12-03,7.83,0.5115,0.8222,0.69,18.1454,20.5024,1.6427,0.3076,0.3148,1.5326,1.6603,93772.9472,93772.9472,58336.4598,734242.1766,734242.1766,2023-08-05
603916.SH,2021-12-03,20.45,1.2341,2.4776,0.77,19.5006,17.0071,2.2989,2.3534,1.9385,1.0841,1.467,42030.8798,41854.4798,20848.4798,859531.4919,855924.1119,2023-08-05
688328.SH,2021-12-03,47.2,4.3926,4.3926,0.61,52.5583,45.5284,5.109,5.9027,3.7299,,,8104.0,1722.1,1722.1,382508.8,81283.12,2023-08-05
002579.SZ,2021-12-03,10.42,1.9345,3.1768,0.99,38.8582,31.6218,2.2874,2.6977,2.2161,0.6285,0.4773,60573.6071,56136.6627,34184.3112,631176.986,584944.0253,2023-08-05
605088.SH,2021-12-03,15.6,2.5588,2.5596,1.05,28.0625,24.5491,1.7129,1.4059,1.1085,1.8543,1.2821,16593.5,7460.0,7457.8,258858.6,116376.0,2023-08-05
002568.SZ,2021-12-03,57.29,1.3997,1.969,1.36,80.214,60.0409,12.2311,22.2954,17.0706,0.7246,0.6225,74978.5122,51209.2162,36402.8931,4295518.9639,2933775.9961,2023-08-05
300462.SZ,2021-12-03,13.16,8.5157,10.0057,1.84,19.4826,,1.487,1.9824,3.3491,1.1398,1.1398,18826.5025,13647.5741,11615.2561,247756.7729,179602.0752,2023-08-05
603536.SH,2021-12-03,10.0,2.4993,6.9687,0.67,74.4826,,2.8758,1.2196,1.0219,0.1955,0.9001,17187.3,16800.0,6025.4067,171873.0,168000.0,2023-08-05
600235.SH,2021-12-03,5.95,27.9264,42.8783,5.38,43.0545,35.6703,1.4991,1.5445,1.4312,0.084,0.2521,35130.0,35130.0,22880.0,209023.5,209023.5,2023-08-05
300820.SZ,2021-12-03,95.7,6.6778,7.8293,0.97,87.2991,57.5143,7.9436,21.6845,14.9983,0.3472,0.4166,9532.7,2964.2871,2528.3271,912279.39,283682.2755,2023-08-05
003000.SZ,2021-12-03,9.91,0.6426,1.1057,0.85,38.6868,48.3504,4.6554,4.3951,4.1389,1.0011,2.0022,40320.0,23937.3392,13911.4784,399571.2,237219.0315,2023-08-05
002179.SZ,2021-12-03,103.33,0.4958,1.027,0.91,78.979,57.9032,10.2234,11.0291,9.0813,0.1453,0.3871,109994.5053,106798.6559,51559.7162,11365732.2326,11035505.1141,2023-08-05
688222.SH,2021-12-03,23.49,0.4096,0.6865,0.51,147.0089,118.9794,7.3175,38.6369,27.2828,,,40068.0,27820.2572,16599.8381,941197.32,653497.8416,2023-08-05
601702.SH,2021-12-03,14.09,5.3524,5.3524,0.61,56.3964,30.539,4.6879,3.4595,2.3401,,0.2697,99853.06,27793.0,27793.0,1406929.6154,391603.37,2023-08-05
300421.SZ,2021-12-03,19.56,2.0388,2.3237,0.65,79.93,45.1312,3.9594,6.1519,4.8715,0.5006,0.5114,24763.5404,18575.2026,16297.5677,484374.8502,363330.9629,2023-08-05
600755.SH,2021-12-03,6.99,1.4886,2.2641,1.34,5.6671,4.2206,0.7998,0.0422,0.0307,2.8746,6.0664,211766.6057,202498.4623,133139.5341,1480248.5738,1415464.2515,2023-08-05
600415.SH,2021-12-03,4.71,0.3786,0.9127,1.04,27.9119,25.2027,1.7816,6.9421,5.5072,1.4732,1.1674,549127.4176,544321.4176,225756.8256,2586390.1369,2563753.8769,2023-08-05
600486.SH,2021-12-03,131.5,0.3106,0.5335,0.74,33.6872,33.9019,6.0367,4.1452,3.6659,0.4943,0.4943,30989.8907,30989.8907,18043.4534,4075170.6271,4075170.6271,2023-08-05
002513.SZ,2021-12-03,4.98,1.4178,2.6496,2.66,114.2526,,1.5166,1.262,1.2555,0.0,,34008.6278,31439.7369,16823.1327,169362.9664,156569.8898,2023-08-05
300682.SZ,2021-12-03,37.29,1.2002,2.4971,1.13,55.025,51.464,6.8988,11.4875,9.4123,0.1749,0.3125,104339.1523,73544.2407,35347.2587,3890806.9893,2742464.7357,2023-08-05
002714.SZ,2021-12-03,53.32,0.79,1.2337,0.76,10.2213,18.4989,5.3237,4.9858,3.823,0.4321,1.9574,526235.8594,355008.2854,227340.2268,28058896.0232,18929041.7775,2023-08-05
300225.SZ,2021-12-03,13.85,2.3466,2.7792,0.67,74.223,,6.9743,7.6563,7.1021,0.0694,0.1444,48920.53,47265.9871,39908.3271,677549.3405,654633.9213,2023-08-05
300988.SZ,2021-12-03,38.4,10.3442,10.3442,0.89,45.4833,37.724,3.3237,2.867,2.1773,,1.0417,7388.0,1847.68,1847.68,283699.2,70950.912,2023-08-05
002494.SZ,2021-12-03,4.0,1.4611,1.6584,0.85,,,0.9928,4.5613,3.7264,0.0,,38556.0818,29502.0537,25992.6444,154224.3272,118008.2148,2023-08-05
601512.SH,2021-12-03,9.59,0.2788,0.7806,0.82,10.994,9.8224,1.2213,4.2103,4.0926,2.2941,2.732,149889.0,79741.0,28479.0,1437435.51,764716.19,2023-08-05
688571.SH,2021-12-03,8.49,1.2107,1.2107,0.67,24.8643,22.3162,2.0114,2.7524,2.3993,,,32000.0,7600.0,7600.0,271680.0,64524.0,2023-08-05
002575.SZ,2021-12-03,4.68,0.979,1.0708,2.83,118.3376,55.6896,3.6268,31.7918,25.0199,0.0,,61872.0,58872.0,53825.0,289560.96,275520.96,2023-08-05
600650.SH,2021-12-03,9.22,0.1832,0.4145,0.61,21.0552,19.0862,1.4459,1.9105,1.8052,2.7115,1.4317,55161.0107,39056.0075,17261.2122,508584.5187,360096.3892,2023-08-05
000780.SZ,2021-12-03,10.15,0.637,1.651,2.34,,,3.7674,5.5902,4.7146,0.0,,101430.6324,101430.6324,39135.9037,1029520.9189,1029520.9189,2023-08-05
300157.SZ,2021-12-03,4.56,2.8986,4.2506,0.95,,,4.0712,4.666,5.3416,0.0,,71211.3257,70832.3276,48302.9917,324723.6452,322995.4139,2023-08-05
600651.SH,2021-12-03,3.03,0.4505,0.6177,0.9,17.6044,,3.3563,1.7134,1.6434,0.0,,250702.8015,114841.7174,83745.2284,759629.4885,347970.4037,2023-08-05
605033.SH,2021-12-03,15.66,4.196,4.196,0.89,26.8908,23.2236,2.3396,3.7241,3.0008,,,13520.0,3380.0,3380.0,211723.2,52930.8,2023-08-05
000166.SZ,2021-12-03,5.13,0.3443,0.7237,1.01,16.5403,14.8562,1.3774,4.3679,3.9138,1.5595,1.9493,2503994.456,2253550.7316,1072120.3457,12845491.5593,11560715.2531,2023-08-05
688566.SH,2021-12-03,21.75,0.4532,0.7967,1.12,31.3449,31.9792,2.6837,7.184,7.674,,,18694.16,7886.5984,4486.5984,406597.98,171533.5152,2023-08-05
600741.SH,2021-12-03,26.34,1.1123,2.6688,1.63,15.369,11.8585,1.7463,0.6217,0.584,3.227,2.8474,315272.3984,315272.3984,131406.0855,8304274.9739,8304274.9739,2023-08-05
001317.SZ,2021-12-03,30.66,0.7276,0.7276,,38.5697,36.0743,3.0245,2.8292,2.5124,,,8004.0,2001.0,2001.0,245402.64,61350.66,2023-08-05
605305.SH,2021-12-03,105.41,2.0185,2.0185,0.7,62.6364,52.3966,5.7659,17.0264,14.1053,,0.4791,11000.0,2750.0,2750.0,1159510.0,289877.5,2023-08-05
300558.SZ,2021-12-03,80.41,0.7277,1.2759,1.23,55.0818,76.0137,7.3852,17.8581,16.0038,0.2281,0.3835,41536.3803,41406.4925,23616.6333,3339940.3399,3329496.0619,2023-08-05
000707.SZ,2021-12-03,7.73,2.7602,3.6859,1.37,,,12.3873,2.0102,1.4592,0.0,,46414.5765,46414.4265,34758.1055,358784.6763,358783.5168,2023-08-05
300213.SZ,2021-12-03,6.79,1.8981,2.0648,0.47,34.3991,49.7859,1.8789,4.1928,4.1839,0.7379,0.7247,59371.8564,55035.5483,50591.7957,403134.905,373691.373,2023-08-05
002491.SZ,2021-12-03,6.33,3.8913,6.612,1.26,181.5942,187.8703,2.7823,2.207,2.6339,0.0,,125046.309,118712.6521,69865.2057,791543.136,751451.0878,2023-08-05
600213.SH,2021-12-03,7.76,1.3706,2.7971,0.9,,,,0.9083,1.4329,0.0,,22000.0,22000.0,10780.0,170720.0,170720.0,2023-08-05
002766.SZ,2021-12-03,6.8,1.8596,2.834,1.05,,,,2.794,3.0432,0.0,,42175.4014,29547.6352,19388.8884,286792.7295,200923.9194,2023-08-05
002115.SZ,2021-12-03,5.86,1.8045,2.1202,0.68,239.0617,69.7641,1.641,0.4808,0.4088,0.8559,,71696.2919,57715.4166,49119.732,420140.2705,338212.3413,2023-08-05
688700.SH,2021-12-03,79.88,6.5051,6.5051,1.25,133.9035,81.0188,16.3567,21.2058,15.4322,,,14720.0,3347.0072,3347.0072,1175833.6,267358.9351,2023-08-05
002408.SZ,2021-12-03,9.92,1.3838,2.6801,0.73,28.9005,11.9914,2.2572,1.1423,0.8267,0.496,1.7731,284260.7039,277276.0431,143159.1438,2819866.1827,2750578.3476,2023-08-05
603208.SH,2021-12-03,53.13,0.3062,0.8031,0.54,13.1094,13.8034,3.0392,1.8535,1.7035,1.4478,2.2963,10506.0879,10506.0879,4006.0879,558188.4501,558188.4501,2023-08-05
688122.SH,2021-12-03,93.01,1.2548,1.5511,0.63,110.6959,64.4478,12.9643,19.4254,15.2844,,,44127.2,31259.8,25287.572,4104270.872,2907473.998,2023-08-05
688681.SH,2021-12-03,22.33,7.9071,7.9071,0.57,42.2476,37.8805,4.1486,7.0225,6.0662,,,10467.0,2139.1352,2139.1352,233728.11,47766.889,2023-08-05
002935.SZ,2021-12-03,35.07,3.2065,5.8498,0.57,71.9043,63.1647,5.4396,7.9603,7.0579,0.4387,0.7129,20800.65,19932.227,10925.4344,729478.7955,699023.2009,2023-08-05
600496.SH,2021-12-03,4.18,1.6278,2.2202,1.13,12.982,11.6943,1.1437,0.7327,0.5959,0.4949,0.7177,201287.4349,201287.4349,147580.4745,841381.4779,841381.4779,2023-08-05
300966.SZ,2021-12-03,41.43,6.4964,6.4964,0.39,89.6239,62.7886,6.1012,10.2024,8.0325,,,11527.7,2900.0,2900.0,477592.611,120147.0,2023-08-05
300504.SZ,2021-12-03,18.37,1.4408,2.7275,0.64,45.3335,32.3214,2.523,2.6202,2.2524,1.0707,1.0707,27190.0,20873.9295,11026.8,499480.3,383454.0849,2023-08-05
002223.SZ,2021-12-03,34.59,0.8264,1.3558,0.95,19.7126,21.666,4.2594,5.1557,4.8243,1.1564,0.8566,100247.6929,94443.0874,57566.1427,3467567.6974,3266786.3932,2023-08-05
002036.SZ,2021-12-03,21.37,2.5541,3.071,0.66,138.1716,158.9316,5.8211,3.0155,2.5246,0.0314,0.0737,106282.4653,104594.4121,86990.0248,2271256.2835,2235182.5866,2023-08-05
002401.SZ,2021-12-03,10.21,0.9436,1.8967,0.73,19.7022,23.1733,3.0476,2.4985,2.2106,0.4072,0.8164,37209.888,36283.7468,18050.289,379912.9565,370457.0548,2023-08-05
600644.SH,2021-12-03,6.91,3.5856,9.7647,1.44,36.2836,37.0092,2.1087,1.6238,1.461,0.0,,53840.0659,53840.0659,19770.2085,372034.8554,372034.8554,2023-08-05
600160.SH,2021-12-03,12.71,1.0915,2.4203,0.9,359.7768,108.8065,2.7465,2.1374,1.9315,0.9441,0.7868,269974.6081,269974.6081,121747.8066,3431377.269,3431377.269,2023-08-05
002843.SZ,2021-12-03,11.07,1.0401,2.5548,0.41,55.9434,43.9213,4.1437,5.7659,4.6487,2.71,0.8582,21000.0,20999.6625,8549.6625,232470.0,232466.2639,2023-08-05
603803.SH,2021-12-03,6.7,0.7048,1.4931,0.6,20.4206,,1.4658,1.4451,1.3476,2.2388,1.6418,42105.5557,42105.5557,19873.8852,282107.2232,282107.2232,2023-08-05
600617.SH,2021-12-03,4.39,0.4243,1.1619,0.7,,,1.5213,0.5843,0.5611,0.0,,137799.4126,97491.4344,35602.9166,604939.4213,427987.397,2023-08-05
600382.SH,2021-12-03,6.18,1.472,2.7676,0.73,14.6084,41.3793,0.7721,8.5796,20.175,0.7468,1.594,78893.3815,78893.3815,41960.2446,487561.0977,487561.0977,2023-08-05
603725.SH,2021-12-03,8.2,1.2748,2.1177,0.59,44.8571,29.6236,2.0043,1.9758,1.1037,1.1957,1.2195,20944.2,20535.2,12361.9617,171742.44,168388.64,2023-08-05
300689.SZ,2021-12-03,22.37,0.6998,1.8611,0.67,109.6017,274.026,4.089,7.409,6.7938,0.0,,11560.0,9727.1861,3657.794,258597.2,217597.1531,2023-08-05
002046.SZ,2021-12-03,16.02,1.6219,3.2856,0.69,134.8907,46.3102,2.8647,3.5667,2.5716,0.0999,0.2809,52434.9078,52434.9078,25883.5327,840007.223,840007.223,2023-08-05
000598.SZ,2021-12-03,6.22,1.2552,2.7366,0.86,14.3055,12.4583,1.4061,3.4585,3.0258,1.4384,1.5982,298621.8602,298621.8602,136972.1928,1857427.9704,1857427.9704,2023-08-05
002706.SZ,2021-12-03,18.12,0.5992,0.7087,0.72,49.1828,45.761,8.6702,6.1217,4.9947,1.0409,1.2693,101912.3653,78282.2893,66183.0572,1846652.0592,1418475.0821,2023-08-05
603016.SH,2021-12-03,21.84,3.1412,7.7995,2.02,52.1246,58.0461,4.1787,7.2883,6.0676,2.4725,2.4725,14816.0,14816.0,5967.0,323581.44,323581.44,2023-08-05
831856.BJ,2021-12-03,8.88,2.0858,2.5271,1.66,26.0782,25.5189,1.6806,1.8916,1.9273,,,7747.1549,2369.4999,1955.7015,68794.7355,21041.1591,2023-08-05
002926.SZ,2021-12-03,9.45,0.442,0.8169,1.08,13.0537,13.7199,1.1049,5.2974,4.7421,0.8042,1.1746,262500.0,262500.0,142035.0126,2480625.0,2480625.0,2023-08-05
000776.SZ,2021-12-03,25.0,1.7224,3.7345,1.23,18.9803,18.0785,1.848,6.5353,5.5046,1.4,1.8,762108.7664,591929.1464,273008.5293,19052719.16,14798228.66,2023-08-05
600265.SH,2021-12-03,20.86,0.2862,0.8018,1.5,,,57.1978,53.4278,69.425,0.0,,12980.0,12980.0,4633.1947,270762.8,270762.8,2023-08-05
600702.SH,2021-12-03,246.4,2.9183,4.2022,1.0,140.7973,65.9899,18.1285,30.2634,17.9942,0.0814,0.1016,33207.0979,32957.8939,22888.3171,8182228.9226,8120825.057,2023-08-05
002201.SZ,2021-12-03,23.81,1.8447,3.5201,0.72,321.0945,198.3349,11.0232,6.6334,6.5545,0.045,0.033,46545.4458,46428.9454,24331.213,1108247.0645,1105473.19,2023-08-05
603722.SH,2021-12-03,53.86,1.1373,2.1393,0.78,91.4732,52.3587,7.6347,8.8028,5.7024,0.5554,0.7427,8793.75,8702.175,4626.265,473631.375,468699.1455,2023-08-05
600824.SH,2021-12-03,3.53,0.1405,0.2329,0.75,21.2074,15.5056,1.3944,3.68,3.6216,0.7082,1.4164,105402.7073,105402.7073,63593.0544,372071.5568,372071.5568,2023-08-05
600011.SH,2021-12-03,7.23,1.0842,2.7248,0.88,24.8625,,1.6487,0.6698,0.5892,1.8672,2.4896,1569809.3359,1099770.9919,437592.3252,11349721.4986,7951344.2714,2023-08-05
600305.SH,2021-12-03,15.14,1.1079,1.9975,1.05,48.2405,69.4128,6.9129,7.5384,7.8781,1.0682,1.037,100295.6032,100295.6032,55630.0139,1518475.4324,1518475.4324,2023-08-05
600292.SH,2021-12-03,8.17,1.1289,2.3675,1.13,242.2511,129.0459,1.2404,1.7343,1.4672,0.612,0.1346,78081.689,78081.689,37230.0764,637927.3991,637927.3991,2023-08-05
600406.SH,2021-12-03,42.17,0.397,0.9361,0.45,48.2014,42.5517,6.5786,6.0737,5.6165,0.5732,0.83,554543.6888,551182.7332,233782.8418,23385107.3567,23243375.859,2023-08-05
000055.SZ,2021-12-03,4.9,1.1046,1.38,0.72,13.773,15.3211,0.9384,1.7662,1.5852,1.0204,,107387.4227,67741.3379,54221.9924,526198.3712,331932.5557,2023-08-05
000997.SZ,2021-12-03,17.2,1.766,2.5267,0.35,39.0583,35.3765,2.932,2.7925,2.5623,0.7702,2.0083,103206.2937,102596.7726,71708.8286,1775148.2516,1764664.4887,2023-08-05
000049.SZ,2021-12-03,47.05,4.3951,8.0049,0.71,21.0979,17.8225,4.5217,0.7284,0.7339,1.0265,1.4665,30029.897,29848.3784,16388.4577,1412906.6539,1404366.2037,2023-08-05
002440.SZ,2021-12-03,9.2,0.5652,0.8367,0.95,13.4292,11.7595,1.1432,2.0245,1.8171,3.8043,3.7282,115050.0,95875.3637,64769.9612,1058460.0,882053.346,2023-08-05
836892.BJ,2021-12-03,17.45,2.0549,2.108,1.29,21.7972,20.2293,4.1895,3.3814,3.1169,,,7636.3347,1011.286,985.806,133254.0405,17646.9407,2023-08-05
605196.SH,2021-12-03,11.6,15.1185,15.1185,0.59,38.1017,52.063,2.7436,1.7416,1.4256,,,50682.2098,7600.0,7600.0,587913.6337,88160.0,2023-08-05
002534.SZ,2021-12-03,25.63,0.7943,3.3643,0.78,36.7533,41.8157,5.4852,3.5375,3.2104,1.5172,1.5172,73920.105,72564.5705,17131.4731,1894572.2912,1859829.9419,2023-08-05
600881.SH,2021-12-03,3.42,0.7263,0.88,1.19,80.9892,739.5231,0.7579,0.5699,0.4963,0.0,0.5848,324891.3588,324891.3588,268165.6347,1111128.4471,1111128.4471,2023-08-05
003037.SZ,2021-12-03,10.94,4.4107,4.4107,0.79,16.6714,35.9149,3.2861,0.7707,0.6463,,1.1974,50383.6583,6800.0,6800.0,551197.2218,74392.0,2023-08-05
688386.SH,2021-12-03,69.79,1.8804,2.9741,0.44,88.3876,74.7252,8.6738,17.5898,16.1033,,,7000.0,4648.6488,2939.1734,488530.0,324429.1998,2023-08-05
603111.SH,2021-12-03,5.26,0.2215,0.2466,0.68,12.2497,14.3133,1.5846,1.571,1.5445,0.0,,99327.5484,83598.325,75088.8655,522462.9046,439727.1895,2023-08-05
002984.SZ,2021-12-03,33.99,1.0481,1.2675,0.58,22.5202,26.3711,3.6131,4.693,4.3921,,0.4884,64966.894,28939.8638,23929.2383,2208224.7271,983665.9706,2023-08-05
600372.SH,2021-12-03,21.0,1.0546,3.1182,0.95,64.1946,51.1854,3.6802,4.6295,4.1026,0.2614,0.4736,192821.4265,192821.4265,65215.3553,4049249.9565,4049249.9565,2023-08-05
301098.SZ,2021-12-03,30.5,13.331,13.331,0.7,42.4091,37.0854,3.128,3.4544,3.2362,,,10560.0,2298.6876,2298.6876,322080.0,70109.9718,2023-08-05
688012.SH,2021-12-03,156.9,2.7302,2.7302,1.28,196.4423,127.706,7.2265,42.5325,33.6923,,,61624.448,24862.3695,24862.3695,9668875.8912,3900905.7746,2023-08-05
600971.SH,2021-12-03,6.52,1.8155,4.0311,2.21,10.124,6.6485,0.8154,1.5018,1.2073,5.3681,5.0613,120000.4884,120000.4884,54046.5995,782403.1844,782403.1844,2023-08-05
300992.SZ,2021-12-03,26.36,5.2897,5.2897,0.7,34.2794,37.5802,3.5735,5.6506,4.6749,,,9080.0,2270.0,2270.0,239348.8,59837.2,2023-08-05
002192.SZ,2021-12-03,140.79,2.9326,3.9692,0.67,1737.093,823.4203,61.5122,93.7512,49.0449,0.0,,25965.5203,25912.0228,19145.2236,3655685.603,3648153.69,2023-08-05
300736.SZ,2021-12-03,11.88,1.1321,2.3033,0.98,,,9.281,3.1655,3.8513,0.0,,13027.336,10444.4449,5133.5709,154764.7517,124080.0054,2023-08-05
688212.SH,2021-12-03,35.07,7.5247,7.5247,0.53,252.6475,69.7081,3.8872,17.7615,13.7244,,,13334.0,2750.7832,2750.7832,467623.38,96469.9668,2023-08-05
002022.SZ,2021-12-03,15.14,2.3886,2.9361,0.6,11.539,7.7726,2.1573,1.8754,1.466,0.4294,1.3209,51472.6832,51408.2283,41821.9245,779296.4236,778320.5765,2023-08-05
300236.SZ,2021-12-03,47.54,3.3169,5.2345,1.99,54.3063,81.6849,2.8375,21.4706,16.207,0.2341,0.4207,31338.1402,30967.4198,19623.0036,1489815.1851,1472191.1373,2023-08-05
603655.SH,2021-12-03,25.35,1.5719,4.8577,1.11,119.2541,98.3267,5.1836,15.9293,13.8571,0.2761,0.3945,10600.0,10600.0,3430.0,268710.0,268710.0,2023-08-05
603267.SH,2021-12-03,176.8,1.1468,1.2746,0.53,84.5334,49.9349,13.119,24.1695,16.8437,0.004,0.2084,23240.4,15751.2356,14171.2356,4108902.72,2784818.4541,2023-08-05
603008.SH,2021-12-03,27.24,0.6097,0.8886,0.74,33.6729,20.8145,3.4798,1.8767,1.4631,0.1836,0.9178,38741.7787,38741.7787,26581.0178,1055326.0518,1055326.0518,2023-08-05
000732.SZ,2021-12-03,2.1,0.9354,2.3138,0.77,,,0.39,1.446,2.1876,0.0,,248890.144,248567.1946,100481.8289,522669.3024,521991.1087,2023-08-05
002555.SZ,2021-12-03,23.67,2.1155,2.4787,1.03,19.014,23.6269,5.6462,3.6457,3.449,2.4141,1.4678,221786.4281,154011.8203,131448.5976,5249684.7531,3645459.7865,2023-08-05
300830.SZ,2021-12-03,13.9,12.8394,13.3978,0.82,88.2841,95.6143,5.3163,12.1044,11.4264,0.0,0.1655,43012.5,19286.04,18482.135,597873.75,268075.956,2023-08-05
002811.SZ,2021-12-03,8.88,1.3422,3.8067,2.4,87.4268,79.4439,1.7232,1.2666,1.1847,2.2521,4.5045,27002.3367,23907.8674,8429.3788,239780.7499,212301.8625,2023-08-05
002667.SZ,2021-12-03,29.79,10.8313,20.3073,0.91,1363.0479,,9.0316,23.7303,19.8029,0.0201,0.0101,23113.2,23101.3,12321.6,688542.228,688187.727,2023-08-05
002523.SZ,2021-12-03,2.65,0.541,0.7684,0.62,64.6175,60.1999,1.6403,2.5002,2.2581,1.1321,0.7547,141664.08,139223.9376,98033.541,375409.812,368943.4346,2023-08-05
600272.SH,2021-12-03,6.89,0.3034,0.5472,0.5,122.4347,109.168,3.2504,2.1977,2.5323,0.4064,0.2467,24300.0,16000.0,8871.0217,167427.0,110240.0,2023-08-05
600969.SH,2021-12-03,7.44,2.351,3.946,1.18,89.3707,228.8254,0.7654,0.9035,0.8384,0.5497,0.371,37005.0484,37005.0484,22046.8787,275317.5601,275317.5601,2023-08-05
300439.SZ,2021-12-03,21.63,1.8053,2.4742,0.52,27.6622,47.9759,3.5408,3.5987,3.6435,0.0,0.7246,38299.9815,27735.2933,20237.5642,828428.5998,599914.3941,2023-08-05
600022.SH,2021-12-03,1.78,1.0824,2.2035,1.02,26.9626,6.5191,0.8266,0.2232,0.176,0.0,2.1963,1094654.9616,1094654.9616,537723.0242,1948485.8316,1948485.8316,2023-08-05
688698.SH,2021-12-03,26.73,4.722,4.722,0.45,54.9526,42.1296,5.7161,8.4082,6.2579,,,18000.0,3825.0,3825.0,481140.0,102242.25,2023-08-05
603363.SH,2021-12-03,10.87,2.0346,4.1224,1.45,13.0002,,3.4204,0.6468,0.4256,0.6952,1.3803,68527.8849,65638.5754,32396.8797,744898.1089,713491.3146,2023-08-05
300007.SZ,2021-12-03,27.98,9.1518,10.4751,1.54,44.1597,37.946,3.8761,4.6757,4.1587,0.071,0.1937,32438.7155,24912.4953,21765.3442,907635.2597,697051.6185,2023-08-05
000595.SZ,2021-12-03,2.61,0.4448,1.2518,0.51,275.0831,764.1166,3.3991,14.5035,16.0239,0.0,,113865.6366,113605.2586,40363.6662,297189.3115,296509.7249,2023-08-05
300856.SZ,2021-12-03,51.05,2.3777,3.2708,0.68,35.2538,36.8202,3.6717,5.7141,5.8187,0.2938,0.2938,11288.0,3882.0,2822.0,576252.4,198176.1,2023-08-05
603283.SH,2021-12-03,30.62,2.3808,5.6823,0.64,31.8477,30.6892,4.2021,2.7464,2.262,1.7698,2.1228,18193.1098,18036.6673,7557.016,557073.0221,552282.7527,2023-08-05
002340.SZ,2021-12-03,10.99,2.4626,2.7224,0.59,127.4432,65.434,3.7611,4.217,3.1453,0.273,0.1365,478352.2257,476170.1956,430734.9036,5257090.9604,5233110.4496,2023-08-05
688330.SH,2021-12-03,138.1,3.4103,3.9352,0.99,43.4006,35.285,4.2445,15.2005,13.6298,,,10000.0,4510.488,3908.8755,1381000.0,622898.3928,2023-08-05
002927.SZ,2021-12-03,12.83,2.6641,8.2145,0.66,34.0192,29.4532,3.1682,3.6781,3.1565,1.291,0.9366,22335.56,22235.824,7211.5581,286565.2348,285285.6219,2023-08-05
002014.SZ,2021-12-03,8.57,0.1416,0.3847,0.51,14.5368,14.6631,2.1846,1.6092,1.5041,4.4749,5.7934,51401.6724,50419.4512,18553.4265,440512.3325,432094.6968,2023-08-05
300902.SZ,2021-12-03,35.96,5.8425,5.8425,0.56,74.0841,130.2651,5.7633,16.6872,18.116,,1.1123,12798.0,5181.3,5181.3,460216.08,186319.548,2023-08-05
001213.SZ,2021-12-03,5.92,28.6096,28.6096,5.45,74.5431,87.9263,1.4666,3.1108,2.8575,,,444444.4444,44444.4444,44444.4444,2631111.1108,263111.1108,2023-08-05
002247.SZ,2021-12-03,2.75,1.0647,1.2931,0.62,14.1139,34.6013,3.4686,2.3461,2.0105,0.0,,85087.0049,64378.8247,53009.3097,233989.2635,177041.7679,2023-08-05
688232.SH,2021-12-03,42.38,5.3909,5.3909,0.64,34.0867,34.546,2.9158,6.5842,5.3341,,,33000.0,6715.069,6715.069,1398540.0,284584.6242,2023-08-05
601689.SH,2021-12-03,57.2,3.0587,8.5177,2.15,100.3454,63.4115,6.1025,9.6815,6.294,0.318,0.3007,110204.6572,110204.6572,39574.8634,6303706.3918,6303706.3918,2023-08-05
300705.SZ,2021-12-03,27.15,1.6269,2.0653,0.69,77.4566,32.4607,6.4048,6.5138,4.3913,0.1326,0.1584,23468.0,14161.2758,11155.3828,637156.2,384478.638,2023-08-05
002624.SZ,2021-12-03,19.23,1.7161,2.7122,0.92,24.0914,68.8485,3.4429,3.6486,4.1906,0.8316,0.8308,193996.8404,182723.6841,115615.7941,3730559.2409,3513776.4452,2023-08-05
000987.SZ,2021-12-03,9.1,0.4827,2.2556,1.14,7.3284,16.0136,1.3723,8.8805,5.8092,1.3838,2.035,371639.4417,371601.4123,79524.4017,3381918.9195,3381572.8519,2023-08-05
603901.SH,2021-12-03,17.05,1.444,2.9288,1.03,48.8084,32.9881,3.9469,4.1227,3.1602,0.3623,0.695,48845.0811,48035.2117,23683.8417,832808.6328,819000.3595,2023-08-05
601608.SH,2021-12-03,4.76,1.7588,5.3745,1.4,105.8571,89.811,2.7721,3.2692,2.756,0.1492,0.2983,433941.9293,433941.9293,142009.7299,2065563.5835,2065563.5835,2023-08-05
000886.SZ,2021-12-03,3.89,0.2799,0.3798,0.79,41.47,54.7527,1.3559,31.991,33.0572,1.2853,1.2853,98882.83,97395.8198,71774.8038,384654.2087,378869.739,2023-08-05
000998.SZ,2021-12-03,23.29,2.6248,2.9343,0.88,264.6374,194.9336,5.8305,9.3214,9.6652,0.0,,131697.0298,106187.1877,94989.424,3067223.824,2473099.6015,2023-08-05
300135.SZ,2021-12-03,2.72,1.9662,2.3939,0.77,634.8208,,2.0384,1.242,1.1218,0.3676,0.3676,92160.0,63915.9072,52498.164,250675.2,173851.2676,2023-08-05
600410.SH,2021-12-03,6.93,3.1988,3.4401,0.89,57.9067,,1.6104,1.9518,2.0074,0.432,0.3575,109874.3383,109874.3383,102167.4025,761429.1644,761429.1644,2023-08-05
600654.SH,2021-12-03,1.88,0.5096,0.5136,0.7,,,,0.8002,0.8592,0.0,,128302.0992,75504.3154,74914.3769,241207.9465,141948.113,2023-08-05
601566.SH,2021-12-03,12.8,0.0956,0.3281,0.86,19.9391,50.4402,1.8613,2.7525,2.3853,5.0781,3.9063,57463.715,57463.715,16736.901,735535.552,735535.552,2023-08-05
688023.SH,2021-12-03,275.0,1.2123,1.4295,0.9,160.9716,,7.7591,16.3184,14.1256,,,7850.4696,5270.7405,4469.9068,2158879.14,1449453.6375,2023-08-05
603496.SH,2021-12-03,14.78,1.497,2.4178,1.13,92.5816,45.0448,2.824,6.3203,4.6475,0.6263,0.3342,22797.8929,19886.7502,12312.6102,336952.8571,293926.168,2023-08-05
300177.SZ,2021-12-03,8.95,3.4928,3.7242,0.94,77.5368,141.3998,2.8724,3.7564,3.3854,0.0,0.1788,74416.9066,58906.1748,55245.5866,666031.3141,527210.2645,2023-08-05
603966.SH,2021-12-03,9.12,0.5708,1.1344,0.61,17.6963,14.311,2.1884,2.1723,1.8153,0.7703,2.3385,30031.9646,30031.9646,15111.8992,273891.5172,273891.5172,2023-08-05
002739.SZ,2021-12-03,14.0,0.409,0.8156,0.42,,,3.3685,4.9607,2.5281,0.0,,223072.512,215089.8143,107875.7048,3123015.168,3011257.4002,2023-08-05
300572.SZ,2021-12-03,19.98,2.681,2.9255,0.74,24.2186,78.3988,2.1117,5.0019,7.5029,0.4232,0.4232,22898.8812,17616.9271,16144.6849,457519.6464,351986.2035,2023-08-05
002125.SZ,2021-12-03,12.22,4.2487,6.8191,0.66,304.0598,68.4275,4.1299,6.2328,4.7991,0.0,0.1637,62948.1713,59324.983,36962.487,769226.6533,724951.2923,2023-08-05
003017.SZ,2021-12-03,35.62,2.4256,2.486,0.45,23.3303,25.5877,2.1569,3.1507,2.8481,,1.6844,6000.0,3837.6789,3744.4175,213720.0,136698.1224,2023-08-05
600748.SH,2021-12-03,3.88,0.1818,0.432,0.79,8.7499,9.1891,0.6368,0.8892,0.9103,2.5773,4.0206,184456.2892,184456.2892,77616.8391,715690.4021,715690.4021,2023-08-05
000965.SZ,2021-12-03,2.39,0.2333,0.4805,0.88,27.835,,0.5001,3.2358,4.0783,0.8368,,110983.0895,110983.0895,53883.4999,265249.5839,265249.5839,2023-08-05
300838.SZ,2021-12-03,17.54,2.7365,2.7365,0.93,38.5192,27.796,2.9135,5.0906,3.6107,,0.8552,13634.0,5268.4,5268.4,239140.36,92407.736,2023-08-05
600323.SH,2021-12-03,21.39,0.7117,1.1842,0.83,16.4923,14.3248,1.8886,2.3311,1.8439,0.9666,1.0285,81534.7146,81534.7146,49000.3383,1744027.5453,1744027.5453,2023-08-05
002088.SZ,2021-12-03,23.9,0.6668,1.0532,0.6,32.6822,21.9031,5.1656,5.2033,3.9006,1.9428,2.5405,50633.2586,44902.0597,28427.9092,1210134.8805,1073159.2268,2023-08-05
600103.SH,2021-12-03,2.81,2.3703,3.5808,0.75,84.6587,27.3259,1.7898,2.5965,2.34,0.0,,230581.7807,230581.7807,152633.3212,647934.8038,647934.8038,2023-08-05
600192.SH,2021-12-03,4.7,0.6772,1.1061,0.75,,,1.2013,1.0056,0.9971,0.1277,,44174.8,44174.8,27047.5247,207621.56,207621.56,2023-08-05
300815.SZ,2021-12-03,32.0,1.6015,2.4382,0.66,14.0365,16.8283,3.1335,2.0526,1.8711,0.3547,1.75,27680.0,11656.9816,7656.9816,885760.0,373023.4112,2023-08-05
600363.SH,2021-12-03,32.7,1.5382,1.9507,0.71,55.1371,48.7578,4.7956,3.8922,3.6034,0.134,0.1774,45547.675,44347.675,34971.4658,1489408.9725,1450168.9725,2023-08-05
600743.SH,2021-12-03,1.85,0.2452,0.6232,1.09,10.4822,30.8031,0.5233,0.5614,0.4156,6.4865,3.2432,234610.0874,234610.0874,92329.6035,434028.6617,434028.6617,2023-08-05
002684.SZ,2021-12-03,5.28,3.841,6.4059,0.66,,,,2.7401,3.2711,0.0,,56737.4389,47574.0759,28526.076,299573.6774,251191.1208,2023-08-05
688339.SH,2021-12-03,302.05,2.7442,3.1161,0.79,,,8.9966,37.6583,26.3803,,,7135.0991,5021.7846,4422.4646,2155156.6832,1516830.0384,2023-08-05
002561.SZ,2021-12-03,7.04,0.2317,0.3779,0.69,38.8218,36.6787,1.3073,4.9696,4.7562,5.1136,1.7045,41576.3,41228.4522,25277.9821,292697.152,290248.3035,2023-08-05
002590.SZ,2021-12-03,8.43,3.5369,8.211,1.29,63.0315,70.1635,2.0984,1.6032,1.494,1.1862,0.5931,47964.6926,45555.3639,19622.9978,404342.3586,384031.7177,2023-08-05
000513.SZ,2021-12-03,35.45,0.552,0.9109,0.43,19.3814,19.0353,2.6522,3.1593,2.7781,3.1948,3.5101,93758.605,60453.5488,36632.7864,3323742.5473,2143078.305,2023-08-05
603136.SH,2021-12-03,15.25,0.3965,0.7405,0.62,51.7626,39.9915,2.4613,7.5913,6.0698,2.8717,1.3567,18629.4283,18629.4283,9975.5383,284098.7816,284098.7816,2023-08-05
688117.SH,2021-12-03,36.25,3.7127,3.7127,1.13,48.3351,47.2505,3.7827,7.6563,7.4938,,,8000.0,1900.0,1900.0,290000.0,68875.0,2023-08-05
300496.SZ,2021-12-03,156.02,1.0674,1.1608,0.66,149.5442,110.1909,14.0382,25.2359,18.8785,0.0789,0.1404,42505.4882,31995.3211,29421.2774,6631706.269,4991909.998,2023-08-05
600085.SH,2021-12-03,36.8,1.1628,2.4454,0.7,48.9316,40.82,4.8737,3.935,3.4913,0.7065,0.7337,137147.0262,137147.0262,65216.1722,5047010.5642,5047010.5642,2023-08-05
002953.SZ,2021-12-03,19.59,8.5041,8.5041,0.51,45.4512,32.9564,4.3797,2.9269,1.6255,0.4331,0.4375,24337.5972,7477.4663,7477.4663,476773.5291,146483.5648,2023-08-05
830839.BJ,2021-12-03,8.69,1.2865,1.2865,0.93,17.0669,19.3456,2.5449,3.2435,3.1225,,,11865.0,2976.6,2976.6,103106.85,25866.654,2023-08-05
002138.SZ,2021-12-03,37.9,1.4245,1.6208,1.01,51.929,38.9604,5.5125,8.79,6.7935,0.5221,0.5221,80631.8354,71082.883,62473.526,3055946.5617,2694041.2657,2023-08-05
603439.SH,2021-12-03,13.83,1.775,2.2343,0.54,60.4795,36.1401,5.5788,9.0162,6.4496,0.0,1.7921,41086.2216,16228.3576,12892.4536,568222.4447,224438.1856,2023-08-05
300204.SZ,2021-12-03,17.95,3.3551,7.1797,0.41,,,5.9131,20.0954,15.3872,0.0,,47603.4544,46587.1199,21770.0133,854482.0065,836238.8022,2023-08-05
300328.SZ,2021-12-03,8.81,2.5644,5.097,1.01,375.1877,,4.7351,6.4336,5.9406,0.6054,0.1135,69042.36,68141.61,34283.11,608263.1916,600327.5841,2023-08-05
603768.SH,2021-12-03,17.14,0.4064,1.4093,1.05,46.5159,44.7092,1.9224,1.5222,1.19,0.2159,0.6534,20400.0,20400.0,5882.5,349656.0,349656.0,2023-08-05
002155.SZ,2021-12-03,10.32,1.7348,2.8874,0.57,55.0686,41.6627,2.2981,0.8263,0.6952,0.2907,,120203.9474,120184.4192,72210.3226,1240504.7372,1240303.2061,2023-08-05
300027.SZ,2021-12-03,3.4,0.7887,1.0835,0.76,,,2.6556,6.2996,7.0081,0.0,,277925.4919,224456.7944,163387.4603,944946.6725,763153.101,2023-08-05
688215.SH,2021-12-03,36.18,0.8054,0.8054,0.58,90.7765,301.1065,3.3472,10.8596,9.9615,,,4004.0,1543.0982,1543.0982,144864.72,55829.2929,2023-08-05
600800.SH,2021-12-03,4.39,0.5819,0.898,1.01,27.9837,19.5691,1.8007,1.9035,1.2959,0.0,,118578.758,79433.7361,51473.0389,520560.7476,348714.1015,2023-08-05
600716.SH,2021-12-03,3.94,0.2954,0.617,0.83,64.124,44.5905,0.6329,4.1249,3.6229,2.5381,0.7614,93606.059,93606.059,44817.7047,368807.8725,368807.8725,2023-08-05
002701.SZ,2021-12-03,6.95,0.965,1.5421,0.74,23.9871,16.1685,2.4231,1.6068,1.3376,2.4949,0.5699,244161.5804,243940.1928,152655.0757,1696922.9838,1695384.34,2023-08-05
300979.SZ,2021-12-03,86.54,0.9733,0.9733,0.95,53.7596,39.4794,9.8994,7.2494,6.2121,,1.1555,116700.0,8359.11,8359.11,10099218.0,723397.3794,2023-08-05
600489.SH,2021-12-03,8.3,0.4748,0.789,0.72,25.8791,21.1247,1.6296,0.8383,0.7098,0.2227,1.9325,484731.2564,436266.121,262549.579,4023269.4281,3621008.8043,2023-08-05
003027.SZ,2021-12-03,24.49,3.0573,3.0573,0.48,20.994,20.1794,2.0691,4.2139,3.8782,,1.3398,13206.8,3250.5,3250.5,323434.532,79604.745,2023-08-05
600377.SH,2021-12-03,8.52,0.1906,1.54,1.31,17.418,9.8508,1.4314,5.3435,4.1514,5.3991,5.3991,503774.75,380218.3001,47054.5099,4292160.87,3239459.9169,2023-08-05
000739.SZ,2021-12-03,39.07,0.5621,1.1292,0.69,56.3771,48.5324,9.4617,5.8435,5.4374,0.4223,0.622,117852.3492,117839.8671,58659.3373,4604491.2832,4604003.6076,2023-08-05
002314.SZ,2021-12-03,2.95,0.4945,0.9602,0.95,6.1413,4.3728,0.785,0.7112,0.6244,1.9661,3.3898,270778.2513,133814.9289,68914.3044,798795.8413,394754.0403,2023-08-05
600744.SH,2021-12-03,5.98,5.4619,7.1463,1.93,307.4586,,4.9502,1.2902,1.1392,0.0,,178112.4274,82763.4402,63255.4718,1065112.3159,494925.3724,2023-08-05
002276.SZ,2021-12-03,9.18,3.4007,5.3594,0.94,42.6168,39.8829,2.1304,1.0197,0.7934,0.3813,0.3701,103548.9098,103527.5348,65690.8794,950578.992,950382.7695,2023-08-05
605077.SH,2021-12-03,42.19,0.6357,0.6357,0.54,22.4136,26.7926,2.891,5.2171,4.5316,,1.693,16318.4,4079.6,4079.6,688473.296,172118.324,2023-08-05
002517.SZ,2021-12-03,4.83,1.7191,1.9142,0.86,58.4325,20.1926,3.1309,6.7371,5.0177,0.0,,215251.7634,164821.2114,148015.0726,1039666.0172,796086.4511,2023-08-05
300042.SZ,2021-12-03,15.24,7.3943,10.7118,1.35,43.2272,38.3554,2.7337,2.0485,1.6141,0.1312,0.3281,20040.0,17437.3818,12036.9126,305409.6,265745.6986,2023-08-05
002773.SZ,2021-12-03,18.45,0.606,1.2971,0.66,,,2.6844,5.1478,4.4734,1.4452,0.542,91946.3954,69092.3044,32279.1522,1696410.9951,1274753.0162,2023-08-05
600329.SH,2021-12-03,24.46,0.4816,1.161,0.57,28.5904,22.3513,3.0338,2.8648,2.7031,1.2251,1.2269,77344.3076,56586.8076,23474.7548,1891841.7639,1384113.3139,2023-08-05
600336.SH,2021-12-03,9.73,5.9903,11.0061,1.64,25.0361,22.3819,3.3181,1.1003,0.9153,0.8231,1.2333,79826.3269,78385.1569,42663.0083,776710.1607,762687.5766,2023-08-05
601199.SH,2021-12-03,5.34,2.5571,6.2176,0.64,20.4685,16.8333,1.5553,5.2395,4.4259,1.4981,1.4981,93521.0292,93521.0292,38461.254,499402.2959,499402.2959,2023-08-05
600936.SH,2021-12-03,2.63,0.1486,0.245,0.99,,,1.3045,2.0287,2.0439,0.7605,,167102.6239,167102.6239,101315.7748,439479.9009,439479.9009,2023-08-05
003004.SZ,2021-12-03,26.27,1.0452,1.2874,0.58,32.5006,33.8855,3.0969,6.9806,6.7923,,1.142,8184.0,3374.855,2739.995,214993.68,88657.4409,2023-08-05
600161.SH,2021-12-03,29.46,0.6219,1.3606,0.86,63.3072,57.7712,5.1533,11.7407,11.1514,0.155,0.3394,137317.4615,137317.4615,62770.3718,4045372.4158,4045372.4158,2023-08-05
002185.SZ,2021-12-03,13.56,2.3262,3.1118,1.0,61.9242,33.8862,2.9658,5.184,3.8346,0.0946,0.1387,320448.4648,273919.3393,204762.0938,4345281.1827,3714346.2409,2023-08-05
002142.SZ,2021-12-03,38.97,0.7119,1.1445,1.19,17.0991,14.2286,2.188,6.2597,5.175,1.1673,1.1673,660359.0792,592825.7444,368764.9827,25734193.3164,23102419.2593,2023-08-05
002098.SZ,2021-12-03,6.46,0.6289,1.5718,0.88,11.5286,8.8819,2.4605,1.4546,1.1297,0.0,,35800.0,35800.0,14323.6721,231268.0,231268.0,2023-08-05
002337.SZ,2021-12-03,3.76,0.979,1.5513,0.67,,,1.9843,6.1825,3.6912,0.5319,,58861.575,58764.2157,37086.2157,221319.522,220953.451,2023-08-05
002295.SZ,2021-12-03,6.78,0.6025,1.0907,0.71,38.7767,25.2886,1.3314,0.3128,0.2484,0.885,,25061.6,25015.2688,13816.7988,169917.648,169603.5225,2023-08-05
600080.SH,2021-12-03,7.38,0.7088,1.4929,1.03,72.9963,106.1322,1.6099,4.1227,4.5628,0.4065,1.2195,37327.0285,37327.0285,17721.4477,275473.4703,275473.4703,2023-08-05
601908.SH,2021-12-03,10.52,2.8426,5.2611,0.97,57.715,34.7586,2.3837,6.2624,5.2492,0.0,,241460.2861,241460.2861,130460.4193,2540162.2098,2540162.2098,2023-08-05
600200.SH,2021-12-03,7.11,1.2779,1.544,0.75,,,2.6912,2.7061,2.7252,0.0,,71238.8832,71238.8832,58959.307,506508.4596,506508.4596,2023-08-05
601698.SH,2021-12-03,15.05,2.0779,2.0779,1.15,123.1615,114.2937,5.1043,22.2116,22.7044,0.1528,0.2392,400000.0,40763.7548,40763.7548,6020000.0,613494.5097,2023-08-05
002847.SZ,2021-12-03,87.19,1.3585,3.7889,0.75,46.6507,86.3942,14.0108,5.7579,5.2406,0.5692,1.1271,12936.0,11329.5042,4062.1549,1127889.84,987819.4712,2023-08-05
300977.SZ,2021-12-03,53.95,7.2913,7.2913,2.49,30.6328,25.2835,2.7192,6.4418,4.9832,,1.0833,6837.89,1680.0,1680.0,368904.1655,90636.0,2023-08-05
300185.SZ,2021-12-03,3.57,3.6032,3.8754,0.79,36.4823,43.9265,2.1437,2.4459,2.3343,0.9396,1.4006,389678.3221,306572.2463,285046.0943,1391151.6099,1094462.9193,2023-08-05
002746.SZ,2021-12-03,6.78,0.9019,1.3453,1.17,16.5487,39.1951,1.3127,1.8299,1.8355,3.179,2.9499,86053.8727,70967.6227,47578.8727,583445.2569,481160.4819,2023-08-05
301003.SZ,2021-12-03,64.54,37.0679,37.0679,6.87,33.9207,28.1495,3.6297,8.265,5.7109,,1.5494,5826.6667,1456.6667,1456.6667,376053.0688,94013.2688,2023-08-05
600066.SH,2021-12-03,11.27,0.5824,0.9894,0.79,49.4258,41.0613,1.7481,1.175,1.0737,8.681,4.4366,226293.1223,221393.9223,130319.6908,2550323.4883,2495109.5043,2023-08-05
301068.SZ,2021-12-03,28.88,9.4286,9.4286,0.54,30.6431,47.1417,3.3677,5.0738,5.0697,,,8400.0,1791.9706,1791.9706,242592.0,51752.1109,2023-08-05
300870.SZ,2021-12-03,77.91,1.877,1.877,0.53,40.6513,47.4977,5.0183,3.7843,3.1344,,0.4236,10120.0,3909.6723,3909.6723,788449.2,304602.5689,2023-08-05
600782.SH,2021-12-03,5.56,2.496,4.0303,0.63,6.566,4.1782,0.6822,0.2448,0.1674,3.5971,5.2929,318872.2696,318872.2696,197477.4222,1772929.819,1772929.819,2023-08-05
301018.SZ,2021-12-03,31.66,10.0098,10.0098,0.66,60.9803,49.0921,5.5017,5.1789,4.5318,,0.4738,24001.0,5121.4073,5121.4073,759871.66,162143.7551,2023-08-05
300259.SZ,2021-12-03,4.94,1.1029,1.4651,0.66,15.3146,13.6212,2.1351,4.8621,4.664,1.0071,1.8128,117565.7958,81722.2139,61522.1229,580775.0313,403707.7367,2023-08-05
603676.SH,2021-12-03,8.52,0.4868,2.7877,0.82,63.5854,38.8633,3.5585,5.1909,3.7095,0.5124,1.0817,43602.9,42300.0,7386.048,371496.708,360396.0,2023-08-05
605303.SH,2021-12-03,14.71,2.5236,2.528,1.04,21.6124,45.624,1.4548,1.6645,2.0293,,0.6798,16123.7408,4030.9352,4024.0352,237180.2272,59295.0568,2023-08-05
000552.SZ,2021-12-03,3.02,2.2882,4.49,2.14,15.9518,13.4571,0.8979,1.9254,1.5872,3.2213,6.301,235081.1491,234758.1703,119637.6123,709945.0703,708969.6743,2023-08-05
002709.SZ,2021-12-03,133.88,1.6402,1.9781,0.75,239.9999,81.5522,19.5711,31.0482,15.8937,0.0214,0.0854,95525.1627,66197.3536,54887.8853,12788908.7823,8862501.7,2023-08-05
000068.SZ,2021-12-03,3.37,2.6979,4.9269,1.17,,,10.671,14.8351,5.0842,0.0,,100667.1464,100667.1464,55123.7969,339248.2834,339248.2834,2023-08-05
603026.SH,2021-12-03,203.87,3.4926,5.0843,0.81,159.0518,43.7921,15.4499,9.233,6.248,0.0,0.2943,20268.0,20268.0,13922.7276,4132037.16,4132037.16,2023-08-05
002079.SZ,2021-12-03,14.9,3.6109,5.015,1.08,133.1928,59.9657,5.0922,6.6702,4.7512,0.2419,0.2555,80788.6616,72686.5098,52336.3146,1203751.0578,1083028.996,2023-08-05
688335.SH,2021-12-03,33.25,0.4364,0.8034,0.81,36.134,39.6243,2.2088,6.4172,8.0233,,,7252.1508,4731.3312,2569.8698,241134.0141,157316.7624,2023-08-05
002558.SZ,2021-12-03,9.97,0.666,1.4091,0.68,19.6141,18.9389,1.9081,9.1026,9.9178,1.2364,1.5499,202437.9932,202437.9932,95685.3241,2018306.7922,2018306.7922,2023-08-05
600458.SH,2021-12-03,12.0,2.4197,4.94,0.87,29.4969,29.8108,2.0092,0.6388,0.6089,0.2083,1.0417,80279.8152,80279.8152,39322.1524,963357.7824,963357.7824,2023-08-05
002584.SZ,2021-12-03,8.39,36.8628,41.8911,2.01,86.3314,28.8413,2.2288,0.7865,0.7441,0.0,,58521.6422,39398.7482,34669.5988,490996.5781,330555.4974,2023-08-05
002318.SZ,2021-12-03,15.59,1.081,1.7045,0.91,19.7454,18.2516,3.1023,3.0743,2.5971,1.6572,2.3956,97717.072,95334.814,60458.1967,1523409.1525,1486269.7503,2023-08-05
000823.SZ,2021-12-03,13.44,2.9219,4.1927,1.01,23.2821,18.2691,1.8131,1.3963,1.105,0.744,0.9672,53698.111,53693.5622,37419.3822,721702.6118,721641.476,2023-08-05
000551.SZ,2021-12-03,10.9,3.1888,4.965,1.41,37.3767,36.1904,2.1938,1.3571,1.2084,0.0,0.9174,40008.0405,40008.0405,25695.5351,436087.6415,436087.6415,2023-08-05
600792.SH,2021-12-03,4.11,1.6097,5.457,1.77,68.9206,23.6137,1.1522,0.8619,0.7165,0.0,,98992.36,98992.36,29199.9171,406858.5996,406858.5996,2023-08-05
300176.SZ,2021-12-03,6.58,1.8789,2.7538,1.02,163.9618,,2.7548,2.172,2.0524,0.0,,38728.08,37518.9764,25599.1728,254830.7664,246874.8647,2023-08-05
000016.SZ,2021-12-03,6.51,1.0928,1.6263,0.78,32.8196,,1.9435,0.3113,0.3004,0.768,1.5361,240794.5408,159657.43,107282.7368,1567572.4606,1039369.8693,2023-08-05
300339.SZ,2021-12-03,27.64,4.4595,4.8047,0.44,131.7608,130.2983,7.3132,8.8747,8.0233,0.0,,79641.0841,77146.3242,71602.1706,2201279.5645,2132324.4009,2023-08-05
600287.SH,2021-12-03,4.31,0.3998,0.7991,0.89,11.7232,,0.8205,0.4364,0.3629,2.0576,2.7842,44328.2774,43679.6074,21851.7719,191054.8756,188259.1079,2023-08-05
600151.SH,2021-12-03,12.33,0.9151,1.4695,0.67,103.1153,70.7278,3.3003,2.9023,2.8889,0.0,,143425.2287,143425.2287,89318.9076,1768433.0699,1768433.0699,2023-08-05
000536.SZ,2021-12-03,2.52,0.5865,0.9692,0.7,11.4015,532.5887,1.2752,3.1772,2.2817,0.0,,276603.2803,276308.2516,167209.2221,697040.2664,696296.794,2023-08-05
688269.SH,2021-12-03,116.55,1.4239,1.4239,0.57,103.3113,69.8817,13.5193,10.3415,7.15,,,9336.0,2125.3911,2125.3911,1088110.8,247714.3327,2023-08-05
601311.SH,2021-12-03,17.36,2.9669,5.098,1.12,28.0469,21.4409,2.4459,2.1127,1.6981,0.8863,1.0974,117314.6118,117314.6118,68273.1543,2036581.6608,2036581.6608,2023-08-05
002512.SZ,2021-12-03,3.22,5.2631,6.7644,0.99,183.6133,,3.3064,1.7465,1.6171,0.0,,114709.4532,88191.3261,68617.9371,369364.4393,283976.07,2023-08-05
600966.SH,2021-12-03,10.53,1.2789,2.4996,0.82,16.8774,6.3315,1.87,1.0068,0.8485,0.1614,1.1871,133684.4288,133684.4288,68397.8451,1407697.0353,1407697.0353,2023-08-05
600358.SH,2021-12-03,3.81,0.697,1.0562,0.86,132.7268,,10.9311,3.6833,2.6196,0.0,,50493.666,50493.666,33319.7,192380.8675,192380.8675,2023-08-05
002893.SZ,2021-12-03,8.75,1.5632,2.6647,0.8,62.1569,87.5218,2.8468,1.8648,1.841,0.8889,,20280.0,20176.9119,11836.8398,177450.0,176547.9791,2023-08-05
300648.SZ,2021-12-03,61.22,2.8764,3.4134,0.52,158.7352,116.1251,8.6714,15.7384,12.0793,0.015,0.0653,14778.3896,9227.6121,7775.9162,904733.0113,564914.4128,2023-08-05
002382.SZ,2021-12-03,16.09,1.1894,1.8494,0.37,9.2144,4.9264,1.2731,2.059,1.6556,0.595,2.4852,100704.6047,100198.9295,64438.1232,1620337.0896,1612200.7757,2023-08-05
002243.SZ,2021-12-03,12.55,9.6097,17.0866,1.26,25.8302,22.7802,2.4767,6.9574,6.2551,0.5366,0.6375,121060.4219,54841.0794,30843.1642,1519308.2948,688255.5465,2023-08-05
002898.SZ,2021-12-03,9.87,0.5825,1.0524,0.75,,,2.901,14.3939,9.6902,0.2763,,17600.0,10098.5061,5589.3923,173712.0,99672.2552,2023-08-05
002760.SZ,2021-12-03,25.03,11.0431,18.4655,4.13,44.3362,30.4138,3.0172,3.8371,2.8304,0.0,0.3907,10798.8706,8798.093,5261.5842,270295.7311,220216.2678,2023-08-05
002963.SZ,2021-12-03,16.36,0.748,0.748,0.78,57.5404,40.6887,1.4419,4.1127,2.8624,0.9169,0.1834,15035.993,6899.453,6899.453,245988.8455,112875.0511,2023-08-05
688728.SH,2021-12-03,34.29,6.6779,6.6779,1.28,110.8167,79.2075,11.8799,13.2726,12.1317,,,249888.7173,16468.4394,16468.4394,8568684.1162,564702.787,2023-08-05
300059.SZ,2021-12-03,34.87,1.5598,1.7479,1.43,75.4291,47.3313,9.2471,110.8168,72.2121,0.0559,0.1434,1033576.3789,853356.1416,761550.1714,36040808.3322,29756528.6576,2023-08-05
600616.SH,2021-12-03,7.03,2.0986,3.3057,2.04,384.2512,,2.4582,7.7368,7.6878,0.3283,0.4267,66900.495,66900.495,42471.3015,470310.4799,470310.4799,2023-08-05
300831.SZ,2021-12-03,22.56,6.8243,9.1627,0.53,247.0396,169.8649,9.0832,59.4003,48.2042,0.1551,0.0754,32000.0,18448.424,13740.3917,721920.0,416196.4454,2023-08-05
688126.SH,2021-12-03,28.58,0.9088,1.5253,0.82,814.1167,374.1323,7.1579,39.1358,31.2051,,,248026.0,108746.6154,64789.5501,7088583.08,3107978.2681,2023-08-05
301011.SZ,2021-12-03,54.36,7.3206,7.3206,0.68,102.4451,67.1629,6.556,11.1036,8.1427,,,8680.0,1851.9044,1851.9044,471844.8,100669.5232,2023-08-05
000661.SZ,2021-12-03,289.99,1.4094,1.8091,1.32,38.5234,29.8361,8.2559,13.6843,11.2673,0.1724,0.2759,40472.029,37010.7863,28834.6945,11736483.6897,10732757.9191,2023-08-05
000889.SZ,2021-12-03,3.19,1.1529,1.6835,0.52,148.1068,,1.2994,1.1607,1.2218,0.0,,93629.1116,86984.9676,59569.4037,298676.866,277482.0466,2023-08-05
688679.SH,2021-12-03,12.63,1.8295,1.8295,0.88,18.3943,25.3912,1.5627,1.9487,1.6894,,,13168.9675,3127.6299,3127.6299,166324.0595,39501.9656,2023-08-05
603177.SH,2021-12-03,15.91,0.1948,0.5634,0.41,,,8.058,7.5793,5.5865,0.0,,20200.0,20200.0,6983.0,321382.0,321382.0,2023-08-05
002967.SZ,2021-12-03,25.86,1.1793,1.1793,0.61,63.2032,74.5945,4.5532,8.0826,6.7632,0.2668,,57522.5846,18948.0945,18948.0945,1487534.0378,489997.7238,2023-08-05
688367.SH,2021-12-03,25.38,15.2636,15.2636,1.91,45.3652,40.6836,4.5009,10.4383,10.0599,,,8675.3,1973.8811,1973.8811,220179.114,50097.1023,2023-08-05
600017.SH,2021-12-03,2.75,1.4892,3.0876,5.32,13.2244,13.9077,0.6543,1.4667,1.3952,0.9091,1.2727,307565.3888,307565.3888,148343.1315,845804.8192,845804.8192,2023-08-05
300570.SZ,2021-12-03,17.33,1.5939,2.5492,0.48,52.7114,47.2894,3.406,6.9484,5.9437,2.5967,1.6795,22999.68,19383.111,12119.045,398584.4544,335909.3136,2023-08-05
601038.SH,2021-12-03,13.23,3.3422,10.8338,1.48,53.0637,31.5201,2.638,1.9872,1.6111,0.0,0.5669,112364.5275,59391.0,18321.9422,1486582.6988,785742.93,2023-08-05
600313.SH,2021-12-03,4.97,2.1332,3.5565,0.68,198.5097,194.8144,3.677,1.4685,1.2849,0.0,,108219.8663,101939.7107,61142.8987,537852.7355,506640.3622,2023-08-05
301081.SZ,2021-12-03,23.96,13.2717,13.2717,0.45,49.8141,51.9084,4.253,7.1457,6.0628,,,17067.0,3732.025,3732.025,408925.32,89419.319,2023-08-05
688608.SH,2021-12-03,259.55,2.393,2.393,0.83,156.9934,82.9624,5.3852,29.3506,19.1886,,,12000.0,2400.0,2400.0,3114600.0,622920.0,2023-08-05
601519.SH,2021-12-03,7.12,0.3428,0.803,0.74,199.2403,227.3107,9.3053,20.4037,18.113,0.0,,202822.4,198770.0,84848.8341,1444095.488,1415242.4,2023-08-05
002094.SZ,2021-12-03,4.63,2.6419,3.687,1.04,,,1.2829,0.7994,0.897,0.0,,69089.7549,69045.3549,49473.7327,319885.5652,319679.9932,2023-08-05
603067.SH,2021-12-03,13.2,1.7293,3.2015,0.89,44.7892,24.8018,3.21,5.2495,2.503,0.6425,0.6841,50841.6166,43120.0,23291.6681,671109.3391,569184.0,2023-08-05
601677.SH,2021-12-03,36.78,1.3378,1.6799,1.08,23.4615,14.3189,2.4959,1.537,1.1485,0.2455,0.5435,68257.006,68242.396,54346.4126,2510492.6807,2509955.3249,2023-08-05
300379.SZ,2021-12-03,32.75,2.8116,2.8724,0.7,61.0486,54.8665,7.232,23.2973,17.9436,0.1886,0.2283,45551.5332,42795.8393,41891.0687,1491812.7123,1401563.7371,2023-08-05
000836.SZ,2021-12-03,2.62,2.5119,3.1065,0.61,268.3374,,2.4989,3.0094,2.5131,0.0,,120845.5224,120831.5049,97705.521,316615.2687,316578.5428,2023-08-05
000816.SZ,2021-12-03,3.97,2.695,3.4295,0.59,102.8836,138.0715,2.6625,3.2571,2.2926,0.0,,142779.4818,134106.8972,105386.4272,566834.5427,532404.3819,2023-08-05
300538.SZ,2021-12-03,25.08,1.1362,1.7587,0.57,204.1455,137.0096,4.1982,2.0584,1.7945,0.3323,0.2658,18191.8573,7988.5422,5161.0335,456251.7811,200352.6384,2023-08-05
300766.SZ,2021-12-03,17.37,9.7894,12.7176,0.79,96.5504,72.4292,4.1999,13.8595,11.9698,0.2879,0.2819,40010.0,30950.3134,23824.0447,694973.7,537606.9438,2023-08-05
688021.SH,2021-12-03,51.48,0.7281,0.7281,0.51,49.719,51.426,4.2694,12.6647,10.8512,,,7728.3584,4636.9711,4636.9711,397855.8904,238711.2722,2023-08-05
001210.SZ,2021-12-03,35.35,3.9746,3.9746,0.9,25.1896,25.4549,2.7699,4.2287,4.1821,,,9074.8077,2269.0,2269.0,320794.4522,80209.15,2023-08-05
688468.SH,2021-12-03,18.93,9.4182,9.9044,0.58,64.8686,51.2112,6.1034,18.1514,15.8804,,,40100.0,3485.0,3313.9075,759093.0,65971.05,2023-08-05
600663.SH,2021-12-03,10.66,0.1398,0.6238,1.08,10.7192,9.976,2.0632,2.971,3.1421,4.2777,4.6717,403419.744,293346.144,65745.5777,4300454.471,3127069.895,2023-08-05
002552.SZ,2021-12-03,14.87,1.0891,2.8295,1.39,600.5434,582.2915,6.7179,12.4189,12.7983,0.0,,30623.2338,23134.4046,8904.4168,455367.4866,344008.5964,2023-08-05
300344.SZ,2021-12-03,5.96,5.2861,6.4491,1.22,,,5.9188,19.3446,9.1666,0.0,,64170.6416,34518.0673,28293.3108,382457.0239,205727.6811,2023-08-05
300226.SZ,2021-12-03,42.0,1.3922,2.0501,0.68,37.0098,35.7255,5.2386,0.137,0.1255,0.2381,0.3095,19093.062,18385.2425,12484.6733,801908.604,772180.185,2023-08-05
300627.SZ,2021-12-03,44.29,0.9375,2.9553,0.87,85.1156,63.3285,8.2181,11.8925,9.1237,0.4364,0.5157,37847.6908,27180.6041,8622.59,1676274.2255,1203828.9556,2023-08-05
600082.SH,2021-12-03,2.82,0.4173,0.594,0.81,55.185,65.4788,1.0759,3.9774,2.4838,0.0,0.3546,64611.5826,63433.5412,44566.648,182204.6629,178882.5862,2023-08-05
603958.SH,2021-12-03,6.55,0.3988,1.3135,0.81,,,1.483,1.5958,1.4621,0.458,,21736.0,21736.0,6599.8996,142370.8,142370.8,2023-08-05
605180.SH,2021-12-03,38.14,3.5932,3.5932,0.73,35.4687,20.3337,3.4238,10.3403,6.0764,,,10000.0,2500.0,2500.0,381400.0,95350.0,2023-08-05
002103.SZ,2021-12-03,4.45,0.9251,1.5405,0.57,,,2.9323,0.9168,0.7916,0.0,,53427.2953,42147.6412,25310.4031,237751.4641,187557.0033,2023-08-05
300609.SZ,2021-12-03,16.95,5.4374,6.2807,0.99,,66.1923,1.8891,9.4472,7.5343,1.4703,,12192.239,9079.37,7860.3338,206658.4511,153895.3215,2023-08-05
002479.SZ,2021-12-03,5.66,0.9387,1.4472,0.76,16.413,12.9574,1.2341,1.0515,1.1105,2.7152,2.6502,86500.0,86130.6351,55867.0993,489590.0,487499.3947,2023-08-05
601921.SH,2021-12-03,9.15,2.2623,2.2623,1.38,17.7015,15.88,1.7866,2.0732,1.8155,,,222222.2223,22222.2223,22222.2223,2033333.334,203333.334,2023-08-05
002925.SZ,2021-12-03,32.41,0.4435,1.3344,0.79,24.732,20.6963,4.839,4.7736,3.3499,1.7964,1.8135,78214.3075,73122.2562,24305.3259,2534925.7061,2369892.3234,2023-08-05
002123.SZ,2021-12-03,17.63,1.2015,1.2808,0.6,139.7956,96.4476,3.2737,5.1698,5.0958,0.0,,80219.628,66699.7063,62568.2719,1414272.0416,1175915.8221,2023-08-05
603799.SH,2021-12-03,138.9,2.4544,3.2021,1.22,145.6236,59.5841,9.4185,8.0063,5.8203,0.0,0.143,122122.8483,121076.1526,92804.2515,16962863.6289,16817477.5961,2023-08-05
002049.SZ,2021-12-03,230.3,1.085,1.6049,0.59,173.2964,88.4907,21.2648,42.7337,29.4858,0.0295,0.0586,60681.7968,60681.7968,41025.5368,13975017.803,13975017.803,2023-08-05
000565.SZ,2021-12-03,6.18,1.5526,2.6115,0.69,48.6537,30.5437,2.123,6.1901,5.5613,0.2427,0.4045,43359.222,43359.222,25778.3238,267959.992,267959.992,2023-08-05
605138.SH,2021-12-03,11.21,9.2487,9.2487,0.7,21.2545,18.2497,2.9806,1.3244,1.3303,,,55556.0,5556.0,5556.0,622782.76,62282.76,2023-08-05
605365.SH,2021-12-03,18.8,1.6808,1.6808,0.83,21.0528,26.8441,3.2503,1.735,1.5267,,,50000.0,5000.0,5000.0,940000.0,94000.0,2023-08-05
002434.SZ,2021-12-03,15.63,2.3835,5.9024,0.79,33.9296,33.8637,3.1876,3.4534,3.3475,0.6267,2.8202,134000.0,133906.43,54074.93,2094420.0,2092957.5009,2023-08-05
000523.SZ,2021-12-03,3.63,1.1851,2.1651,1.83,,,,0.6803,41.8714,0.551,,62753.3125,62753.3125,34349.3443,227794.5244,227794.5244,2023-08-05
002530.SZ,2021-12-03,6.03,0.8157,1.5195,0.44,,,2.4161,4.6452,4.6779,0.0,,77919.8175,64855.8722,34815.7025,469856.4995,391080.9094,2023-08-05
688219.SH,2021-12-03,12.5,1.1113,1.6927,0.97,31.5076,68.916,3.4046,1.3922,1.2478,,,45928.3632,25387.5121,16667.2387,574104.54,317343.9013,2023-08-05
688575.SH,2021-12-03,29.8,3.7368,3.7368,0.49,57.3261,55.7758,8.2439,12.081,10.5206,,,40500.0,3485.0,3485.0,1206900.0,103853.0,2023-08-05
688186.SH,2021-12-03,50.2,3.6555,3.9881,0.84,62.1096,47.8346,3.4228,5.9408,4.3592,,,21424.0,9906.0,9079.9144,1075484.8,497281.2,2023-08-05
603226.SH,2021-12-03,7.44,0.6773,2.471,1.05,33.4199,27.0817,1.9862,3.3818,2.7659,,1.0339,27345.5208,27345.5208,7495.626,203450.6748,203450.6748,2023-08-05
300986.SZ,2021-12-03,63.7,7.1573,7.5472,1.76,44.2683,47.2872,6.3627,6.6607,5.4502,,,11706.6667,2926.6667,2775.4571,745714.6688,186428.6688,2023-08-05
000430.SZ,2021-12-03,5.16,2.1061,2.6675,1.67,,,1.4374,12.3457,8.9154,0.0,,40481.7686,33173.88,26192.4635,208885.926,171177.2208,2023-08-05
601238.SH,2021-12-03,16.24,0.4195,1.8111,0.77,28.1951,26.9237,1.9226,2.682,2.2431,1.0901,1.2306,1035757.8751,715685.7116,165771.7047,16820707.8916,11622735.9564,2023-08-05
600929.SH,2021-12-03,7.39,1.2139,3.3968,0.94,47.38,48.1736,2.6422,3.1817,2.8379,0.2265,1.0661,93189.7376,91777.7376,32798.464,688672.1609,678237.4809,2023-08-05
000488.SZ,2021-12-03,7.41,2.953,4.0976,0.87,12.9162,7.8476,1.1052,0.7194,0.6424,1.9322,2.4966,298420.82,166496.3401,119987.0471,2211298.2762,1233737.8801,2023-08-05
603608.SH,2021-12-03,5.85,0.606,1.3129,0.7,,,1.5917,1.336,1.2607,3.345,2.5089,42892.409,42892.409,19798.6832,250920.5927,250920.5927,2023-08-05
002064.SZ,2021-12-03,10.72,0.9416,1.398,0.83,21.794,6.9329,2.8831,3.3735,1.9255,0.4664,0.9328,463351.9221,195437.1821,131631.1394,4967132.6049,2095086.5921,2023-08-05
002045.SZ,2021-12-03,13.05,3.8206,5.461,0.57,32.7457,38.6656,2.9383,1.4369,1.3113,0.6038,,46838.3913,46773.5913,32723.1168,611241.0065,610395.3665,2023-08-05
603223.SH,2021-12-03,35.01,0.7706,1.6147,0.96,80.5518,76.7746,8.3527,1.7656,1.4334,0.0086,0.4284,28224.0,28224.0,13470.3109,988122.24,988122.24,2023-08-05
600267.SH,2021-12-03,13.52,1.3928,2.4059,0.54,38.7654,28.168,2.3349,1.4244,1.314,0.2985,0.3585,119620.4562,96553.1842,55894.9045,1617268.5678,1305399.0504,2023-08-05
001914.SZ,2021-12-03,14.6,2.827,4.7396,1.49,35.577,31.5876,1.813,1.7928,1.51,0.6849,0.8904,106034.606,66683.2366,39773.8757,1548105.2476,973575.2544,2023-08-05
603171.SH,2021-12-03,32.13,4.232,4.232,0.39,43.1496,51.0788,5.6267,8.4627,8.337,,,40589.0,4059.0,4059.0,1304124.57,130415.67,2023-08-05
000735.SZ,2021-12-03,6.93,0.5579,0.7101,0.76,78.1735,,1.9616,3.42,4.2268,0.2886,,115151.3578,115088.6809,90415.4287,797998.9096,797564.5586,2023-08-05
603303.SH,2021-12-03,17.33,0.4368,1.8154,0.55,24.1639,24.5006,2.7068,1.8337,1.664,1.3156,1.4484,47694.4575,47694.4575,11474.5139,826544.9485,826544.9485,2023-08-05
002099.SZ,2021-12-03,7.76,0.442,0.7361,1.14,39.2888,364.64,2.0711,5.0827,5.4367,3.7155,0.2577,161871.5253,160895.7041,96617.4454,1256123.0363,1248550.6638,2023-08-05
831726.BJ,2021-12-03,14.1,2.2378,2.2382,1.28,29.0454,24.8792,3.3054,5.625,5.1435,,,10218.0,2057.4825,2057.1425,144073.8,29010.5033,2023-08-05
300997.SZ,2021-12-03,18.29,17.3148,17.3148,1.38,46.0646,42.8846,6.8392,6.6007,6.0065,,0.5467,45000.0,9000.0,9000.0,823050.0,164610.0,2023-08-05
600548.SH,2021-12-03,9.74,0.3815,1.4897,1.19,10.3385,6.3361,1.0654,2.6462,1.892,5.3388,4.4148,218077.0326,143327.0326,36703.0439,2124070.2975,1396005.2975,2023-08-05
600381.SH,2021-12-03,7.39,9.3367,18.632,4.97,,,2.1594,34.912,30.2668,0.0,,58706.0741,58706.0741,29418.2701,433837.8876,433837.8876,2023-08-05
600602.SH,2021-12-03,6.08,0.6238,1.1131,0.75,33.4417,31.6011,1.8969,1.812,1.6453,0.8882,0.9046,136767.3455,107430.299,60201.6978,831545.4606,653176.2179,2023-08-05
002707.SZ,2021-12-03,5.24,2.0746,2.4599,0.79,,,9.1883,3.0418,6.865,0.0,,90632.9996,63998.3104,53973.9086,474916.9179,335351.1465,2023-08-05
000603.SZ,2021-12-03,12.28,0.7905,1.3415,0.86,29.1541,23.9589,3.4392,5.1734,5.4696,0.8143,,68996.9346,58880.9719,34695.7677,847282.3569,723058.3349,2023-08-05
301002.SZ,2021-12-03,57.16,8.5402,8.5402,1.54,54.3043,38.588,7.5248,7.9873,5.0868,,2.1868,9452.0,2240.6254,2240.6254,540276.32,128074.1479,2023-08-05
000042.SZ,2021-12-03,7.09,0.1201,0.3927,0.89,16.7537,9.1398,0.5767,0.4407,0.4288,1.6925,0.7052,66483.1139,66396.9764,20312.6221,471365.2776,470754.5627,2023-08-05
601069.SH,2021-12-03,12.51,0.9064,2.7105,0.58,103.7551,309.9888,4.6524,1.4472,1.5241,0.1582,0.2927,64266.31,63600.0,21268.8372,803971.5381,795636.0,2023-08-05
002205.SZ,2021-12-03,7.1,0.9735,1.3948,0.48,80.2606,70.1001,1.5764,1.514,1.2933,0.1761,0.1408,18584.3228,18584.3228,12970.4108,131948.6919,131948.6919,2023-08-05
002113.SZ,2021-12-03,1.74,6.8891,8.5562,1.51,9.4524,,5.5927,4.163,5.3542,0.0,,151054.7023,96367.3247,77591.6667,262835.182,167679.145,2023-08-05
301066.SZ,2021-12-03,26.16,10.4266,13.8598,0.65,55.5101,51.7441,5.3725,4.7839,4.9664,,,13453.728,2870.3706,2159.3669,351949.5245,75088.8949,2023-08-05
600980.SH,2021-12-03,19.1,3.7191,6.1985,0.44,69.3682,47.0342,3.6591,6.081,5.1909,0.1402,0.1625,17384.5794,15220.988,9132.5928,332045.4665,290720.8708,2023-08-05
300495.SZ,2021-12-03,3.08,3.5031,4.0258,2.47,,,0.9093,1.7609,5.2416,1.7208,,67427.9488,50546.6572,43983.3897,207678.0823,155683.7042,2023-08-05
600252.SH,2021-12-03,3.14,0.6247,0.8644,1.07,19.3878,16.6444,1.5904,2.9681,3.1914,1.8834,2.6995,347510.7147,347510.7147,251151.0345,1091183.6442,1091183.6442,2023-08-05
002136.SZ,2021-12-03,17.7,5.3419,7.9389,0.76,58.4523,26.618,4.394,3.3929,2.1127,0.2825,0.565,21502.0,21426.616,14417.3711,380585.4,379251.1032,2023-08-05
300199.SZ,2021-12-03,8.02,5.1564,7.1394,0.48,,,4.812,10.1892,13.5685,0.0,,91692.704,62940.4372,45458.9066,735375.4861,504782.3063,2023-08-05
603080.SH,2021-12-03,17.15,6.3511,10.5263,0.97,32.7293,19.8701,1.925,3.5828,2.7787,0.3615,1.2245,14150.0,14150.0,8537.5,242672.5,242672.5,2023-08-05
002827.SZ,2021-12-03,10.13,0.8013,2.0748,1.17,75.9461,68.5703,3.737,3.6999,2.9886,1.4808,1.4808,27600.0,27600.0,10659.0912,279588.0,279588.0,2023-08-05
603868.SH,2021-12-03,40.43,0.1863,1.8615,1.29,27.592,26.2825,6.0653,4.9361,4.4854,2.4734,2.4734,43560.0,43560.0,4360.0,1761130.8,1761130.8,2023-08-05
603506.SH,2021-12-03,14.99,0.4048,1.0334,0.82,20.4159,16.7687,3.0617,1.9914,1.7969,1.2151,1.47,18777.7779,18777.7779,7356.4453,281478.8907,281478.8907,2023-08-05
688358.SH,2021-12-03,45.3,0.8665,0.8665,0.72,36.3724,32.4759,2.9873,10.8799,8.9927,,,8000.0,2000.0,2000.0,362400.0,90600.0,2023-08-05
605277.SH,2021-12-03,35.91,9.2812,9.2812,0.87,41.1418,28.5393,4.2759,4.8949,3.4993,,0.8171,13642.44,3336.0,3336.0,489900.0204,119795.76,2023-08-05
300909.SZ,2021-12-03,43.51,3.0408,3.0408,0.56,46.3965,34.2286,3.5616,7.2128,5.5213,,,10090.6663,3371.5624,3371.5624,439044.8907,146696.68,2023-08-05
600622.SH,2021-12-03,2.66,0.3998,0.7438,1.33,9.6718,13.8798,0.5819,1.0132,1.2052,2.2556,,149968.5402,149968.5402,80605.9747,398916.3169,398916.3169,2023-08-05
603588.SH,2021-12-03,15.64,0.666,0.8607,0.76,30.2029,23.0656,3.1039,2.4336,2.0782,0.3153,0.3423,106226.0625,101881.2408,78834.5368,1661375.6175,1593422.6061,2023-08-05
002432.SZ,2021-12-03,19.56,20.691,27.7044,0.99,38.6312,,4.666,4.6613,7.8574,0.0,0.2991,47860.3022,46672.9392,34857.659,936147.511,912922.6908,2023-08-05
688050.SH,2021-12-03,217.63,0.9342,1.0119,0.71,236.9705,136.0285,13.9749,83.7999,54.947,,,10513.9272,6842.705,6317.0087,2288145.9765,1489177.8892,2023-08-05
300592.SZ,2021-12-03,20.25,1.0406,1.0861,0.75,,,2.6836,43.3241,5.4411,0.0,,28917.5621,9540.3825,9140.3825,585580.6325,193192.7456,2023-08-05
600684.SH,2021-12-03,3.23,0.7722,1.1993,0.38,,,1.1643,1.1138,0.9882,0.9288,,85346.0723,85346.0723,54948.1812,275667.8135,275667.8135,2023-08-05
002815.SZ,2021-12-03,16.09,1.5272,2.2962,0.65,31.9755,26.9166,3.2758,3.2257,2.5359,1.8824,1.566,87563.8601,42969.605,28579.0595,1408902.509,691380.9445,2023-08-05
688068.SH,2021-12-03,114.21,3.6455,4.1445,0.42,63.3859,4.4864,3.3197,13.8325,1.7061,,,6219.6341,4380.5771,3853.1022,710344.4106,500305.7106,2023-08-05
002862.SZ,2021-12-03,14.62,1.9633,2.9337,0.51,,,3.3114,6.9881,5.2006,0.0912,,12000.0,8342.7083,5582.9761,175440.0,121970.3953,2023-08-05
300408.SZ,2021-12-03,44.13,1.7453,2.7981,2.24,55.6975,37.3912,6.6684,20.0753,13.7463,0.4335,0.5665,181690.5952,175080.1261,109204.5405,8018005.9662,7726285.9648,2023-08-05
600819.SH,2021-12-03,5.34,0.5654,1.7606,0.97,27.847,21.4094,1.4044,1.2222,1.0862,1.2547,1.0861,93491.6069,74741.6067,24001.0914,499245.1808,399120.1798,2023-08-05
300580.SZ,2021-12-03,26.74,11.012,33.8919,2.6,30.2808,25.2832,3.0205,5.7436,5.1661,0.6357,0.9349,20000.3168,18652.0043,6060.3168,534808.4712,498754.595,2023-08-05
603086.SH,2021-12-03,10.26,1.9666,3.7817,0.3,12.9324,16.5657,1.3074,1.201,1.0973,1.4759,2.4366,22188.6,22022.98,11452.9279,227655.036,225955.7748,2023-08-05
300103.SZ,2021-12-03,10.76,1.9198,3.6043,1.01,53.0985,117.8815,3.2015,2.6717,3.4125,0.0,0.3717,31760.1,24335.7634,12962.5783,341738.676,261852.8142,2023-08-05
603982.SH,2021-12-03,45.01,6.6673,7.6044,0.5,74.955,53.6448,5.4548,6.5421,5.4458,0.3309,0.1666,20141.57,8172.314,7165.2341,906572.0657,367835.8531,2023-08-05
603022.SH,2021-12-03,11.24,0.2523,0.7082,0.78,62.4958,75.7739,3.2487,3.2988,3.0349,0.0,,20000.0,20000.0,7123.34,224800.0,224800.0,2023-08-05
300009.SZ,2021-12-03,12.82,1.9404,2.2012,0.48,58.5174,42.9306,7.0365,12.3457,10.0196,0.75,1.3001,163846.5558,115908.93,102172.2268,2100512.8454,1485952.4826,2023-08-05
603079.SH,2021-12-03,16.7,1.0811,2.4057,1.44,14.4797,46.864,2.1845,3.2962,3.6645,0.5133,2.0958,17118.8958,17118.8958,7692.9742,285885.5599,285885.5599,2023-08-05
300681.SZ,2021-12-03,113.1,3.673,5.3051,0.98,649.8687,299.8965,14.0623,20.3112,13.5541,0.0,0.0442,7560.0,4333.5,3000.34,855036.0,490118.85,2023-08-05
002560.SZ,2021-12-03,5.96,1.5935,1.7077,0.76,25.2128,95.6028,1.3262,1.6283,1.4605,1.414,,52669.147,36040.2334,33630.314,313908.1161,214799.7911,2023-08-05
300299.SZ,2021-12-03,5.06,2.6764,3.5501,0.85,95.2726,120.3024,6.8559,7.1987,5.9943,0.0,,69122.9485,64704.969,48780.5933,349762.1194,327407.1431,2023-08-05
002879.SZ,2021-12-03,24.22,1.6253,1.8521,0.34,28.9428,27.742,2.9091,4.9725,4.6087,0.8068,0.8837,19310.764,13394.1071,11754.0062,467706.7041,324405.274,2023-08-05
300399.SZ,2021-12-03,11.35,1.1238,2.7615,0.74,83.2761,309.6338,4.7905,4.609,5.007,0.1498,0.2203,19760.0,19465.5168,7921.697,224276.0,220933.6157,2023-08-05
688201.SH,2021-12-03,56.82,4.0617,4.0617,0.6,49.3119,39.8101,5.2936,12.7108,11.115,,,9312.7756,1978.965,1978.965,529151.9096,112444.7913,2023-08-05
603387.SH,2021-12-03,19.0,2.2459,4.0754,0.47,22.6836,19.1626,3.5321,6.1535,5.3895,1.5067,1.3477,36381.3302,36381.3302,20049.363,691245.2738,691245.2738,2023-08-05
300767.SZ,2021-12-03,90.33,1.4929,1.5958,0.95,113.4508,186.3045,15.5727,31.4104,30.8374,0.1009,0.1769,20185.3549,11796.5456,11036.0454,1823343.1081,1065581.964,2023-08-05
300758.SZ,2021-12-03,15.31,1.6759,1.7204,0.86,35.804,32.7016,3.9674,6.2303,5.0347,1.1887,1.9207,41032.287,19707.3621,19197.9621,628204.314,301719.7138,2023-08-05
300133.SZ,2021-12-03,5.79,0.9926,1.339,0.76,27.5741,21.1528,1.6666,2.9492,2.29,0.2393,0.3627,190107.3701,159349.9246,118118.169,1100721.6729,922636.0634,2023-08-05
300956.SZ,2021-12-03,23.46,6.9738,6.9738,0.58,31.1099,45.4607,2.8728,2.0479,1.8681,,1.2788,13200.0,3300.0,3300.0,309672.0,77418.0,2023-08-05
600348.SH,2021-12-03,10.88,2.9923,6.7278,1.55,17.3863,9.6853,1.3902,0.8392,0.7232,2.5735,2.2978,240500.0,240500.0,106965.2422,2616640.0,2616640.0,2023-08-05
002471.SZ,2021-12-03,2.7,3.0319,3.7023,0.56,310.0438,452.9538,2.4178,0.6299,0.5562,0.0,,126800.0,126506.1719,103600.894,342360.0,341566.6641,2023-08-05
300193.SZ,2021-12-03,14.27,3.3951,4.7451,1.06,42.3954,33.2293,3.093,6.7544,5.3828,3.4443,3.4714,48291.9541,42968.2286,30743.6669,689126.185,613156.6221,2023-08-05
300783.SZ,2021-12-03,38.24,2.1957,5.2093,1.26,50.8898,31.9924,6.7297,1.5657,1.5919,0.6538,0.6527,40100.0,22697.6,9566.9311,1533424.0,867956.224,2023-08-05
601968.SH,2021-12-03,9.63,0.2961,0.7328,0.74,68.7563,50.5798,3.0767,1.8856,1.6501,0.5882,0.7373,113280.744,83752.33,33835.663,1090893.5647,806534.9379,2023-08-05
000801.SZ,2021-12-03,8.06,1.5875,3.1236,1.51,107.3534,58.1047,3.0872,2.4982,2.4424,0.0,0.3226,102280.6646,102280.6646,51980.4538,824382.1567,824382.1567,2023-08-05
601021.SH,2021-12-03,56.49,0.3579,0.9317,0.81,,,3.7626,5.5235,4.629,0.3542,,91646.2713,91646.2713,35200.8254,5177097.8657,5177097.8657,2023-08-05
000665.SZ,2021-12-03,3.57,0.4028,0.8779,0.78,,,0.6178,1.4706,1.544,0.8403,,98189.4666,98183.9961,45047.7312,350536.3958,350516.8661,2023-08-05
688626.SH,2021-12-03,55.83,3.2275,3.2275,0.56,45.5144,42.1912,4.7887,18.0274,16.7468,,,16000.0,3840.0,3840.0,893280.0,214387.2,2023-08-05
300900.SZ,2021-12-03,36.1,4.2531,4.6021,0.66,75.4888,66.3985,4.9389,24.1171,20.5906,,0.277,21024.0,13865.0,12813.8,758966.4,500526.5,2023-08-05
603798.SH,2021-12-03,11.44,0.9404,2.0488,0.73,21.777,20.6066,2.1199,2.4871,2.1827,0.4311,1.0346,20000.0,20000.0,9180.0,228800.0,228800.0,2023-08-05
600862.SH,2021-12-03,35.2,0.8604,1.5705,0.82,113.7986,81.9182,10.173,16.8405,14.3176,0.4545,0.2642,139304.9107,139304.9107,76317.3878,4903532.8566,4903532.8566,2023-08-05
300159.SZ,2021-12-03,4.63,3.9037,4.4594,0.85,,,6.7054,6.2461,5.0467,0.0,,149036.0202,142046.8655,124346.8765,690036.7735,657676.9873,2023-08-05
000034.SZ,2021-12-03,15.83,0.7254,0.9237,0.66,16.7563,37.8583,2.0456,0.1136,0.0914,1.3124,1.1703,66060.8991,53922.1698,42349.1501,1045744.0328,853587.9479,2023-08-05
600721.SH,2021-12-03,8.88,2.8651,4.3337,0.94,,,4.9413,39.4082,17.7863,0.0,,37513.4355,37513.4355,24800.2779,333119.3072,333119.3072,2023-08-05
000616.SZ,2021-12-03,2.02,1.7346,2.1678,1.63,10.2231,7.625,0.6027,2.3025,2.3313,0.0,,143023.4425,143023.4425,114445.8002,288907.3539,288907.3539,2023-08-05
002608.SZ,2021-12-03,6.34,0.118,0.7458,1.52,10.5348,14.154,0.7969,1.1619,0.9387,0.0,3.1546,377807.9704,377807.9704,59760.8727,2395302.5323,2395302.5323,2023-08-05
833509.BJ,2021-12-03,15.24,0.7986,0.7986,0.75,50.92,37.9674,5.6455,16.1276,11.9835,,,10620.3114,3539.0214,3539.0214,161853.5457,53934.6861,2023-08-05
600641.SH,2021-12-03,35.65,1.2689,2.3796,0.67,108.3159,85.7699,4.8056,36.6619,33.6842,0.0,0.28,95793.0404,95793.0404,51079.968,3415021.8903,3415021.8903,2023-08-05
600993.SH,2021-12-03,23.86,0.8653,1.3376,0.51,24.543,22.4911,3.3537,3.6843,2.8677,1.0897,1.2573,43105.3891,43030.7016,27837.0112,1028494.5839,1026712.5402,2023-08-05
601139.SH,2021-12-03,8.85,0.4528,2.6008,0.57,19.267,17.7623,2.061,1.6956,1.3047,2.0339,2.3729,287676.7544,287673.0494,50079.9939,2545939.2764,2545906.4872,2023-08-05
002288.SZ,2021-12-03,9.21,3.1264,3.9637,0.63,399.6679,58.4525,5.0928,6.7151,3.8907,0.0,,93164.3744,80033.9013,63127.9125,858043.8882,737112.231,2023-08-05
300410.SZ,2021-12-03,12.83,2.0029,3.5798,0.66,,,6.0115,3.9561,3.4623,0.0,,36917.2062,36439.6226,20387.6252,473647.7555,467520.358,2023-08-05
300301.SZ,2021-12-03,3.82,4.5118,6.9667,0.74,,,2.5803,2.3166,1.8891,0.0,,79010.8769,79010.8769,51169.0115,301821.5498,301821.5498,2023-08-05
300285.SZ,2021-12-03,44.76,0.2871,0.31,0.54,78.298,59.1496,8.1747,17.6735,15.0383,0.1286,0.2234,100381.0338,78829.6561,73011.2551,4493055.0729,3528415.407,2023-08-05
300458.SZ,2021-12-03,76.1,12.7726,15.0108,1.98,123.0215,60.273,9.5763,16.7316,12.4874,0.3938,0.5256,33100.0757,26045.7671,22162.1699,2518915.7608,1982082.8763,2023-08-05
605090.SH,2021-12-03,38.85,8.5705,8.5705,0.94,22.4185,23.1654,3.0024,1.9307,1.1833,,0.4615,44296.9866,8296.9866,8296.9866,1720937.9294,322337.9294,2023-08-05
688686.SH,2021-12-03,304.95,2.3425,2.3425,0.87,103.0078,89.6003,10.3591,39.1499,30.5631,,,8247.567,1779.3572,1779.3572,2515095.5567,542614.9781,2023-08-05
002057.SZ,2021-12-03,8.93,3.6408,5.3698,0.52,38.5297,32.2911,2.3262,3.985,2.8214,0.6043,1.1198,74618.7776,74614.7251,50590.1185,666345.684,666309.4951,2023-08-05
002233.SZ,2021-12-03,10.49,1.9203,3.1988,1.29,7.0179,7.2851,1.1153,1.7749,1.6429,8.2229,4.0891,119227.5016,119186.036,71550.9466,1250696.4918,1250261.5176,2023-08-05
300488.SZ,2021-12-03,33.8,2.2649,6.8547,0.67,67.7107,43.9946,4.8435,14.4615,11.1572,0.3826,0.4438,16567.9281,13669.6623,4516.7254,559995.9698,462034.5857,2023-08-05
301185.SZ,2021-12-03,27.4,16.2346,16.2346,0.78,69.51,52.8774,4.5882,27.2634,21.8756,,,15341.76,3638.11,3638.11,420364.224,99684.214,2023-08-05
600029.SH,2021-12-03,6.27,0.2695,0.6762,0.92,,,1.4433,1.1481,1.0053,0.0,,1694842.1048,1021984.1742,407237.8691,10626659.9971,6407840.7722,2023-08-05
000519.SZ,2021-12-03,28.45,1.9742,3.29,0.55,144.2975,71.7901,4.3298,6.13,5.3465,0.1582,,139255.8982,139149.2468,83498.471,3961830.3038,3958796.0715,2023-08-05
002379.SZ,2021-12-03,3.33,1.0201,1.4205,0.91,,,2.2231,1.3033,1.0415,0.0,,92640.0,92640.0,66530.3395,308491.2,308491.2,2023-08-05
300649.SZ,2021-12-03,15.81,1.2206,1.9037,0.74,41.6173,41.0012,3.9171,2.5963,2.5808,0.642,0.4891,13241.6609,10327.145,6621.242,209350.6588,163272.1625,2023-08-05
688418.SH,2021-12-03,14.36,0.7607,0.9643,0.77,64.4909,,2.3681,5.5617,5.5875,,,19361.0,13018.7038,10269.5997,278023.96,186948.5866,2023-08-05
605008.SH,2021-12-03,16.17,2.2122,3.9724,1.71,34.4376,34.032,5.7686,8.007,6.0381,,1.1043,64238.0414,20289.032,11298.8249,1038729.1294,328073.6474,2023-08-05
603777.SH,2021-12-03,12.62,1.1484,3.2994,1.05,,,2.5339,1.0557,1.0424,0.7927,,33679.6988,33655.9908,11713.9908,425037.7989,424738.6039,2023-08-05
002840.SZ,2021-12-03,11.6,1.5876,3.6425,1.64,38.4357,57.3446,3.0737,0.5876,0.5809,0.2473,0.2759,44763.5792,43617.3392,19011.3235,519257.5187,505961.1347,2023-08-05
300370.SZ,2021-12-03,2.61,1.1438,1.3215,0.81,,,12.0525,3.9464,3.7787,0.0,,95714.6344,94145.6581,81488.6168,249815.1958,245720.1676,2023-08-05
600088.SH,2021-12-03,9.72,0.3233,0.7498,0.62,,,3.5356,4.9666,4.0129,0.7202,,39770.64,39770.64,17146.9217,386570.6208,386570.6208,2023-08-05
300380.SZ,2021-12-03,16.38,0.6281,1.1932,0.51,37.7264,68.2081,4.9777,3.4946,3.3375,0.595,1.221,14100.975,12535.6257,6598.8736,230973.9705,205333.549,2023-08-05
002409.SZ,2021-12-03,77.87,0.8147,1.0469,0.64,89.6952,80.773,6.0916,16.3044,11.2996,0.0812,0.2248,47592.7678,29535.9723,22985.277,3706048.8286,2299966.163,2023-08-05
600558.SH,2021-12-03,3.38,0.7715,1.158,1.02,28.6465,23.5943,1.4128,1.0074,0.8745,0.8876,1.1834,89760.4831,89760.4831,59805.0432,303390.4329,303390.4329,2023-08-05
002208.SZ,2021-12-03,7.4,0.8832,1.6874,1.09,7.7441,6.0411,0.9952,1.1092,0.8356,0.4308,1.3514,80329.1894,62225.718,32570.0124,594436.0016,460470.3132,2023-08-05
002254.SZ,2021-12-03,21.66,2.7685,2.7781,0.65,56.8677,18.311,3.9844,6.0725,3.6711,0.0,3.2318,68439.4502,42669.6066,42522.7485,1482398.4913,924223.679,2023-08-05
601068.SH,2021-12-03,3.98,0.4686,4.0538,0.99,,,1.8928,0.5115,0.5209,0.0905,,295906.6667,255959.0667,29590.6667,1177708.5335,1018717.0855,2023-08-05
301057.SZ,2021-12-03,20.92,6.7569,6.7569,0.48,34.1709,27.0318,3.9022,4.2222,3.7011,,,10920.0,2589.0054,2589.0054,228446.4,54161.993,2023-08-05
300120.SZ,2021-12-03,8.64,1.775,2.0114,0.61,50.4283,79.313,1.5995,1.2883,1.2135,1.1581,0.9259,46447.8294,38224.4914,33731.5413,401309.246,330259.6057,2023-08-05
603880.SH,2021-12-03,6.58,1.3153,3.6571,0.61,19.624,92.0299,2.8,1.7946,3.3935,0.4391,1.7551,29247.4,28561.0,10272.2321,192447.892,187931.38,2023-08-05
603595.SH,2021-12-03,44.9,2.4107,4.5036,0.61,218.1884,269.9938,6.5516,11.2451,8.108,0.0,0.0458,23244.2326,16131.9108,8634.9108,1043666.0437,724322.7949,2023-08-05
300218.SZ,2021-12-03,16.7,0.83,1.7936,0.68,71.8198,27.4436,3.162,2.343,1.8248,0.7186,0.6587,21698.7,21627.6394,10008.6394,362368.29,361181.578,2023-08-05
000560.SZ,2021-12-03,2.94,0.3636,0.5695,0.92,22.1969,12.7105,0.6378,0.7233,0.5884,2.3457,0.4356,235550.0851,224995.5394,143635.3503,692517.2502,661486.8858,2023-08-05
688619.SH,2021-12-03,21.41,0.9782,0.9782,0.6,25.3017,25.7168,2.7323,6.495,6.1903,,,18728.8015,4475.8535,4475.8535,400983.6401,95828.0234,2023-08-05
300182.SZ,2021-12-03,4.75,2.8836,3.1092,0.6,,,1.8353,3.8416,3.2032,0.0,,257496.0807,209246.5398,194066.417,1223106.3833,993921.0641,2023-08-05
603956.SH,2021-12-03,17.21,1.9368,3.0607,1.22,42.914,32.0967,6.196,7.3144,6.0349,0.8716,0.9355,42596.0669,8786.0669,5559.6766,733078.3113,151208.2113,2023-08-05
300603.SZ,2021-12-03,8.77,1.1615,1.4337,0.58,,,2.2669,3.225,3.8765,1.2989,,37009.8349,24084.5076,19511.8575,324576.2521,211221.1317,2023-08-05
600885.SH,2021-12-03,72.1,0.9255,1.4035,1.34,64.5289,50.8622,8.8326,6.8675,5.3988,0.4022,0.4716,74476.1552,74476.1552,49111.0757,5369730.7899,5369730.7899,2023-08-05
600071.SH,2021-12-03,52.27,2.6721,4.4445,0.75,1027.8607,624.8642,28.3033,11.5645,9.3973,0.0,,28157.3889,23747.2456,14277.0761,1471786.7178,1241268.5275,2023-08-05
601599.SH,2021-12-03,2.73,0.4886,0.6005,0.78,,68.8386,2.6467,1.8717,1.2679,0.0,,116054.2453,89272.4964,72630.1838,316828.0897,243713.9152,2023-08-05
603043.SH,2021-12-03,22.22,0.4242,1.3132,0.91,27.1086,22.944,4.2988,3.8228,3.3596,0.9644,1.2858,56559.4658,56559.4658,18271.0114,1256751.3301,1256751.3301,2023-08-05
603188.SH,2021-12-03,5.15,0.2774,0.4119,0.53,,,1.3389,4.5453,4.6107,0.0,,57600.0,57600.0,38798.8,296640.0,296640.0,2023-08-05
300032.SZ,2021-12-03,5.88,1.7795,2.2099,0.73,,,3.256,2.7107,2.4822,0.0,,80316.9608,80316.8108,64673.6395,472263.7295,472262.8475,2023-08-05
603978.SH,2021-12-03,29.7,2.1479,4.6211,0.57,172.4998,158.9262,3.0322,4.9204,3.8001,0.2061,,16336.6041,16336.6041,7593.2401,485197.1418,485197.1418,2023-08-05
002272.SZ,2021-12-03,6.81,6.677,7.7139,0.92,45.7111,43.7493,2.0423,2.3346,1.9912,0.0,,43648.0,33002.4063,28566.2525,297242.88,224746.3869,2023-08-05
601668.SH,2021-12-03,4.78,0.3701,0.8841,1.5,4.4614,3.8831,0.6288,0.1242,0.1069,3.8719,4.4916,4194816.7844,4064458.2844,1701388.6847,20051224.2294,19428110.5994,2023-08-05
002297.SZ,2021-12-03,12.05,16.3757,21.5132,1.21,306.9815,223.9481,3.4014,20.0102,15.4075,0.0,,57310.4819,47131.5045,35876.2714,690591.3069,567934.6292,2023-08-05
601163.SH,2021-12-03,13.55,0.5457,1.7243,1.62,10.2274,14.8887,0.9827,1.27,1.2077,2.583,2.952,80000.0,80000.0,25318.3053,1084000.0,1084000.0,2023-08-05
000417.SZ,2021-12-03,4.21,0.4172,0.6735,0.83,23.9557,19.46,0.7906,0.5187,0.5218,1.9002,1.4252,77988.42,77902.7451,48263.6984,328331.2482,327970.5569,2023-08-05
003032.SZ,2021-12-03,22.4,14.8333,14.8399,0.78,138.5447,78.4908,7.5117,14.094,13.0905,,0.0759,40244.75,4024.475,4022.685,901482.4,90148.24,2023-08-05
600020.SH,2021-12-03,3.18,0.3574,0.9051,1.91,29.4829,8.0482,0.6676,1.4077,1.251,1.8239,1.1006,224737.1832,224737.1832,88735.3659,714664.2426,714664.2426,2023-08-05
300782.SZ,2021-12-03,372.62,2.1101,2.1562,0.9,115.8578,66.0278,17.8237,44.5146,28.8831,0.0805,0.1491,33356.0779,20066.5341,19637.9129,12429141.7471,7477191.9363,2023-08-05
000636.SZ,2021-12-03,29.67,2.5103,3.139,1.1,74.0476,29.7948,3.8955,6.1315,4.9485,0.0,0.1685,89523.3111,89523.3111,71593.076,2656156.6403,2656156.6403,2023-08-05
300074.SZ,2021-12-03,3.95,0.7535,0.9682,0.55,93.046,612.5282,1.8334,4.7355,5.1503,0.0,,53389.29,53090.7925,41318.9177,210887.6955,209708.6304,2023-08-05
600179.SH,2021-12-03,3.85,0.2988,0.3456,1.35,12.9931,6.5221,2.4954,3.4754,2.5386,0.0,,436428.6051,356494.5567,308280.2709,1680250.1296,1372504.0433,2023-08-05
300937.SZ,2021-12-03,47.15,6.9146,6.9146,0.43,83.5038,138.4398,5.9402,1.6167,1.4218,,0.4242,9566.6682,2391.6671,2391.6671,451068.4056,112767.1038,2023-08-05
603960.SH,2021-12-03,42.71,1.6192,2.6125,0.75,86.2675,134.9361,11.5192,14.5468,17.6646,0.2697,0.3489,26094.45,26016.9835,16124.6426,1114493.9595,1111185.3653,2023-08-05
603689.SH,2021-12-03,10.43,0.9415,2.9901,1.39,16.761,15.6072,1.4254,0.7357,0.6606,2.0134,1.8217,33600.0,33600.0,10580.3566,350448.0,350448.0,2023-08-05
603002.SH,2021-12-03,8.16,1.5402,3.0042,0.7,32.9178,16.4955,3.6738,2.9453,1.5851,0.5248,3.0331,90387.5195,61441.17,31498.6205,737562.1591,501359.9472,2023-08-05
600584.SH,2021-12-03,33.65,3.298,4.3609,1.25,45.908,22.5478,2.9545,2.2628,2.0218,0.0,0.1486,177955.3,177955.3,134582.1098,5988195.845,5988195.845,2023-08-05
688606.SH,2021-12-03,114.2,1.9183,1.9183,0.53,9.063,7.8529,2.0585,5.421,4.044,,,5390.4145,1305.1134,1305.1134,615585.3359,149043.9503,2023-08-05
688621.SH,2021-12-03,127.5,6.5999,6.5999,1.31,140.7578,95.665,13.7574,29.3647,22.4707,,,8000.0,1625.5307,1625.5307,1020000.0,207255.1643,2023-08-05
600535.SH,2021-12-03,13.72,0.4858,0.9331,0.67,18.4332,13.7717,1.6063,1.5287,2.6089,2.3977,2.3886,151266.6229,151266.6229,78750.5633,2075378.0662,2075378.0662,2023-08-05
835305.BJ,2021-12-03,19.92,0.801,0.801,0.82,36.7579,39.2653,3.1151,7.2577,6.6777,,,13237.6125,4307.4218,4307.4218,263693.241,85803.8423,2023-08-05
002779.SZ,2021-12-03,18.21,3.323,9.7356,0.98,,,3.8056,6.0872,4.8986,0.0659,,13200.0,11843.4525,4042.5,240372.0,215669.27,2023-08-05
002962.SZ,2021-12-03,12.57,0.7088,0.8699,0.71,26.6142,36.1042,2.0928,6.2803,5.5233,1.0908,1.324,29405.376,16519.3128,13459.872,369625.5763,207647.7619,2023-08-05
300770.SZ,2021-12-03,55.39,4.5135,5.8596,0.78,22.2605,19.26,4.3918,10.4845,9.6382,0.9027,1.4374,23105.8146,14153.2002,10901.7985,1279831.0707,783945.7591,2023-08-05
002564.SZ,2021-12-03,4.4,3.0609,4.3959,1.12,,,1.6036,0.496,0.5111,0.0,,86937.5282,86847.7204,60472.8316,382525.1241,382129.9698,2023-08-05
688159.SH,2021-12-03,27.48,2.1312,2.9389,0.84,,,3.0257,4.3921,3.0486,,,9167.9495,6195.6041,4492.7391,251935.2523,170255.2007,2023-08-05
600889.SH,2021-12-03,6.3,1.6543,3.2057,0.42,209.2372,14.8754,1.5223,6.3065,4.8977,0.0,0.3175,36634.601,36634.601,18905.1337,230797.9863,230797.9863,2023-08-05
000593.SZ,2021-12-03,5.87,1.473,2.5871,0.64,60.2807,38.67,2.027,1.6505,1.3639,0.0,,35863.1009,35845.6319,20408.3063,210516.4023,210413.8593,2023-08-05
688183.SH,2021-12-03,14.92,19.4912,19.4912,9.79,28.2555,54.2308,3.2471,3.4157,3.5562,,,83182.1175,11645.48,11645.48,1241077.1931,173750.5616,2023-08-05
300533.SZ,2021-12-03,18.37,0.8895,1.0359,0.51,32.3252,,1.6159,7.1747,6.8441,2.5432,1.3609,15083.34,10042.0154,8622.7494,277080.9558,184471.8229,2023-08-05
603256.SH,2021-12-03,8.82,1.3622,1.3622,0.74,66.1281,58.618,5.1307,12.4759,10.1372,0.8163,0.9184,87780.0,13597.3021,13597.3021,774219.6,119928.2045,2023-08-05
600316.SH,2021-12-03,42.09,2.9936,5.7127,1.62,227.6082,161.3498,5.863,5.955,4.7489,0.0356,0.1354,71711.4512,71711.4512,37578.5392,3018334.981,3018334.981,2023-08-05
300502.SZ,2021-12-03,33.65,1.9086,2.0842,0.5,34.6989,27.7555,4.4889,8.5405,6.6143,0.2494,0.5764,50708.6219,43911.5229,40211.3374,1706345.1269,1477622.7456,2023-08-05
601888.SH,2021-12-03,204.06,0.6453,1.3818,1.11,64.8902,34.7457,13.841,7.575,5.9504,0.3528,0.4901,195247.5544,195247.5544,91183.2854,39842215.9509,39842215.9509,2023-08-05
002402.SZ,2021-12-03,26.85,1.62,1.6986,0.73,61.9704,44.0331,7.2648,5.26,4.1937,0.2235,0.3724,91401.6928,80174.9054,76463.0304,2454135.4517,2152696.21,2023-08-05
832089.BJ,2021-12-03,14.42,0.7452,0.7452,0.58,21.8964,17.8057,1.8207,1.8829,1.5518,,,10462.0,4471.225,4471.225,150862.04,64475.0645,2023-08-05
000790.SZ,2021-12-03,5.48,1.8882,2.305,0.95,90.0623,74.1354,3.575,4.4483,4.3769,0.1825,0.1825,61636.0564,61636.0564,50492.9283,337765.5891,337765.5891,2023-08-05
603229.SH,2021-12-03,39.32,2.0325,5.1885,1.17,129.9773,86.1841,9.258,27.5791,21.0156,0.1063,0.159,28704.7646,28357.1904,11108.2944,1128671.3441,1115004.7265,2023-08-05
600818.SH,2021-12-03,9.07,0.9217,1.6135,0.62,30.3279,29.9792,4.3603,3.97,4.1231,0.0,,32144.791,23795.791,13593.4776,291553.2544,215827.8244,2023-08-05
002317.SZ,2021-12-03,10.47,5.1275,6.1217,0.45,,,2.2692,4.498,3.5397,1.8842,1.8779,81446.1076,71299.5405,59719.478,852740.7466,746506.189,2023-08-05
601137.SH,2021-12-03,21.68,2.5941,5.6119,1.13,39.9349,50.6224,3.161,2.2571,1.8354,0.7837,0.7828,79004.4972,72003.083,33284.205,1712817.4993,1561026.8394,2023-08-05
603898.SH,2021-12-03,11.18,0.3106,0.935,0.66,12.6027,10.5405,1.2829,1.594,1.0855,3.1375,1.1903,31127.7023,31127.7023,10338.9723,348007.7117,348007.7117,2023-08-05
600666.SH,2021-12-03,1.79,2.2987,2.786,1.38,,,163.6741,4.2284,3.5692,0.0,,122732.624,80365.5532,66309.4652,219691.397,143854.3402,2023-08-05
603909.SH,2021-12-03,15.15,0.2472,0.3933,0.48,64.3658,81.5236,3.521,3.8128,3.6041,0.0,0.3112,20051.78,20051.78,12603.7658,303784.467,303784.467,2023-08-05
601066.SH,2021-12-03,28.73,0.4383,1.6026,1.16,23.4346,24.0237,3.6009,9.5435,7.9299,0.8041,1.3053,775669.4797,381136.2018,104246.0291,22284984.1518,10950043.0777,2023-08-05
002885.SZ,2021-12-03,32.6,11.8857,18.1998,0.81,178.9146,1060.9493,7.2161,4.4666,3.4116,0.1534,0.1073,18000.0,11841.3013,7733.2075,586800.0,386026.4224,2023-08-05
002289.SZ,2021-12-03,7.49,1.2676,1.9994,1.26,,,7.4456,15.0559,11.91,0.0,,28025.3733,26442.4233,16764.668,209910.046,198053.7505,2023-08-05
600901.SH,2021-12-03,5.12,0.3048,0.8937,1.22,8.1462,7.4948,1.1153,4.0744,3.9624,4.6875,5.8594,298664.9968,295749.0012,100875.7744,1529164.7836,1514234.8861,2023-08-05
002353.SZ,2021-12-03,39.22,0.8522,1.0325,0.68,22.2241,21.8196,3.1221,4.5289,4.4727,0.4066,0.4575,95785.3992,61928.848,51112.2658,3756703.3566,2428849.4186,2023-08-05
300435.SZ,2021-12-03,26.05,12.5185,23.2717,0.73,50.2366,42.1144,4.0192,4.982,4.2254,0.192,0.3071,37819.03,31262.9101,16817.2303,985185.7315,814398.8081,2023-08-05
300084.SZ,2021-12-03,5.6,3.4641,3.6941,0.68,,,1.7252,4.2781,3.6494,0.2679,,38476.5738,32975.2181,30921.5882,215468.8133,184661.2214,2023-08-05
002365.SZ,2021-12-03,10.57,6.079,6.8185,2.51,29.5074,42.4793,1.7021,2.6557,2.2141,1.3831,0.9448,29468.25,24339.2518,21699.6286,311479.4025,257265.8915,2023-08-05
300653.SZ,2021-12-03,68.5,2.1008,4.0536,1.07,69.4644,55.0024,11.0608,28.0277,21.7377,0.7299,0.365,12000.0,12000.0,6219.1017,822000.0,822000.0,2023-08-05
002206.SZ,2021-12-03,9.87,4.6434,5.5519,0.62,47.9787,22.0045,3.8377,3.4366,2.6088,0.9597,1.9194,122302.8645,95391.0213,79782.2927,1207129.2726,941509.3802,2023-08-05
603045.SH,2021-12-03,17.4,3.232,4.5762,0.78,54.1715,41.5001,2.8021,1.0391,0.7816,0.8484,0.4525,13762.0,13762.0,9719.5094,239458.8,239458.8,2023-08-05
002363.SZ,2021-12-03,6.03,8.2157,14.233,1.86,53.3399,122.3635,1.1577,1.5717,1.3817,7.3798,3.3167,41610.0301,41575.8167,23998.6727,250908.4815,250702.1747,2023-08-05
600640.SH,2021-12-03,12.93,1.052,3.4357,0.62,997.6396,,2.3913,2.3124,2.1124,0.4176,0.0309,79569.594,79569.594,24363.2395,1028834.8504,1028834.8504,2023-08-05
300297.SZ,2021-12-03,3.6,3.2676,4.0672,0.59,,,2.1483,4.3035,7.4178,0.0,,124985.2241,95780.2713,76949.3471,449946.8068,344808.9767,2023-08-05
002695.SZ,2021-12-03,14.08,0.3397,0.8549,0.43,25.5695,31.0385,3.1583,2.9614,2.9626,0.7115,0.9043,51243.0404,46435.7707,18452.891,721502.0088,653815.6515,2023-08-05
000628.SZ,2021-12-03,9.84,3.0599,3.5588,0.87,14.3932,13.3198,2.2745,0.6265,0.5129,0.0,1.189,35228.0,19207.404,16515.174,346643.52,189000.8554,2023-08-05
003029.SZ,2021-12-03,21.82,2.356,2.3562,0.62,37.696,36.9682,3.2069,6.6278,5.5942,,0.7447,18540.0,4510.0,4509.69,404542.8,98408.2,2023-08-05
300571.SZ,2021-12-03,43.19,1.5996,2.2287,0.5,25.5582,19.1344,5.7738,2.2346,1.6543,1.0652,0.2315,12458.165,9636.7036,6916.4536,538068.1464,416209.2285,2023-08-05
000338.SZ,2021-12-03,17.55,4.0213,4.0956,1.32,16.634,15.3126,2.2471,0.7755,0.7073,1.4392,2.3818,872655.6821,503767.2485,494631.6816,15315107.2209,8841115.2112,2023-08-05
002735.SZ,2021-12-03,21.4,1.3983,1.8577,0.63,52.6811,49.8796,5.5645,2.9635,2.6341,0.0,0.4339,21348.6406,13218.1489,9949.119,456860.9088,282868.3865,2023-08-05
603096.SH,2021-12-03,25.75,0.2468,0.5672,0.6,19.0472,23.5024,2.1627,4.7772,4.6433,2.4252,2.3855,16250.3585,16250.3585,7072.1651,418446.7314,418446.7314,2023-08-05
688596.SH,2021-12-03,26.83,4.2369,6.4597,1.98,55.3839,37.0933,3.8291,6.2056,4.1232,,,25650.0,17329.9035,11366.7434,688189.5,464961.3109,2023-08-05
600220.SH,2021-12-03,2.38,0.6416,0.9755,0.98,266.6885,44.9679,2.0778,2.1519,2.0726,1.0504,0.4202,178334.0326,178334.0326,117289.8872,424434.9976,424434.9976,2023-08-05
300547.SZ,2021-12-03,13.72,11.7634,14.343,1.18,26.3861,27.0432,3.3131,4.3928,3.8719,2.019,2.019,21690.6174,17663.3031,14486.5024,297595.2707,242340.5185,2023-08-05
003043.SZ,2021-12-03,91.62,6.2825,6.2825,0.48,102.0577,76.6315,8.8171,19.8999,15.4913,,,8000.0,2000.0,2000.0,732960.0,183240.0,2023-08-05
300062.SZ,2021-12-03,12.05,8.3853,10.224,1.12,271.3323,105.8489,4.6074,3.9068,3.7326,0.166,0.166,30800.0,19396.2425,15907.99,371140.0,233724.7221,2023-08-05
600761.SH,2021-12-03,13.03,2.7335,4.7928,1.02,13.1755,14.747,1.6951,0.7537,0.6204,2.6861,2.6861,74018.0802,74018.0802,42214.5293,964455.585,964455.585,2023-08-05
300070.SZ,2021-12-03,7.26,0.9643,1.2257,0.62,20.0967,20.2811,1.085,2.3889,2.0741,0.9091,0.7576,316459.6594,246189.0085,193687.7984,2297497.1272,1787332.2017,2023-08-05
300981.SZ,2021-12-03,78.62,2.7291,2.8775,0.43,4.9197,3.8723,2.008,2.7423,2.1229,,1.9079,16667.0,4167.0,3952.0703,1310359.54,327609.54,2023-08-05
300407.SZ,2021-12-03,8.58,1.0893,1.4808,0.71,30.7367,29.5562,1.8919,1.3437,1.419,0.2866,0.764,30509.6381,21089.1547,15513.1975,261772.6949,180944.9473,2023-08-05
601727.SH,2021-12-03,4.83,0.4676,1.3365,1.18,20.1853,,1.1816,0.5556,0.5139,0.0,1.4861,1570597.1092,1265532.7092,442792.6624,7585984.0374,6112522.9854,2023-08-05
603133.SH,2021-12-03,11.2,1.6194,2.8065,1.03,,,5.2302,4.1645,5.9959,0.0,,20918.52,20918.52,12070.3195,234287.424,234287.424,2023-08-05
600897.SH,2021-12-03,16.27,0.3003,0.9384,0.79,28.2702,20.4017,1.2549,3.9548,3.4419,3.2145,1.0633,29781.0,29781.0,9531.0,484536.87,484536.87,2023-08-05
002131.SZ,2021-12-03,2.41,1.9813,2.0838,0.63,3.411,10.1928,1.2767,1.047,0.8416,0.249,0.4121,675480.4205,580272.02,551739.7487,1627907.8134,1398455.5682,2023-08-05
002008.SZ,2021-12-03,47.52,3.6012,4.4297,1.53,51.799,34.7522,4.7794,4.246,3.3774,0.4148,0.4148,106707.268,99404.4655,80811.8321,5070729.3754,4723700.2006,2023-08-05
002717.SZ,2021-12-03,3.16,2.9481,3.3293,0.49,,,1.1247,0.8003,1.0027,0.6346,,168441.3311,112547.5545,99661.0828,532274.6063,355650.2722,2023-08-05
300699.SZ,2021-12-03,81.66,1.1069,2.0977,0.59,65.9617,57.5494,10.5917,20.0085,17.1023,0.6123,0.6123,51835.0,50811.6843,26811.7563,4232846.1,4149282.1399,2023-08-05
600460.SH,2021-12-03,62.64,2.3905,4.044,0.72,1312.2245,118.1277,15.5323,20.7222,13.5661,0.0074,0.0237,141607.1845,131206.1614,77559.4618,8870274.0371,8218753.9501,2023-08-05
002389.SZ,2021-12-03,28.01,5.4609,9.4857,1.33,101.0532,102.5669,3.6546,9.2635,10.1176,0.1025,0.1367,98830.2944,89486.78,51517.5362,2768236.5461,2506524.7078,2023-08-05
688625.SH,2021-12-03,58.49,1.1432,1.1432,0.38,66.925,53.1741,8.9866,16.944,14.4604,,,13333.34,2713.5202,2713.5202,779867.0566,158713.7965,2023-08-05
000650.SZ,2021-12-03,8.4,1.0223,1.3753,1.03,20.6774,16.2598,2.349,2.8639,2.446,1.0531,2.381,139993.8234,134199.1303,99749.1292,1175948.1166,1127272.6945,2023-08-05
605058.SH,2021-12-03,25.69,3.1958,3.1958,0.64,29.4281,23.2353,2.6099,4.1619,3.5105,,0.3893,14292.395,3573.1,3573.1,367171.6276,91792.939,2023-08-05
300809.SZ,2021-12-03,49.38,9.8004,9.8004,0.62,231.0046,76.1397,5.4062,33.5966,17.4,0.3706,0.405,15692.0,4549.5,4549.5,774870.96,224654.31,2023-08-05
002279.SZ,2021-12-03,4.52,0.5564,0.7771,0.48,44.8392,36.718,4.0112,1.1383,1.2628,0.0,,71054.7746,64148.7003,45928.1254,321167.5812,289952.1254,2023-08-05
002957.SZ,2021-12-03,26.16,1.7702,2.5395,0.48,36.7487,48.7174,4.1226,5.3482,4.8768,0.7611,0.8792,41181.91,15464.9373,10780.0461,1077318.7656,404562.7598,2023-08-05
301067.SZ,2021-12-03,52.54,5.8884,5.8884,0.63,42.7399,47.0554,3.5084,5.3499,5.2301,,,5402.0,1351.0,1351.0,283821.08,70981.54,2023-08-05
000917.SZ,2021-12-03,5.93,0.8292,0.995,1.01,,,0.809,1.4152,1.5691,0.253,,141755.6338,141729.6852,118115.4872,840610.9084,840457.0332,2023-08-05
600604.SH,2021-12-03,5.17,0.3868,0.7636,1.31,55.0826,5835.7968,1.5378,8.0551,12.6632,0.2321,0.2321,187330.4804,140745.4804,71298.9292,968498.5837,727654.1337,2023-08-05
600685.SH,2021-12-03,20.06,1.0597,2.5596,1.21,7.7423,80.9925,1.8294,2.4426,2.3979,0.0,0.8275,141350.6378,82143.5181,34009.7481,2835493.7943,1647798.9731,2023-08-05
600099.SH,2021-12-03,7.36,1.0746,1.8561,0.81,208.8266,130.3638,3.2944,2.6897,2.1967,0.5435,,21912.0,21912.0,12686.308,161272.32,161272.32,2023-08-05
833819.BJ,2021-12-03,5.69,0.148,0.2922,0.47,21.4414,19.3504,1.4822,1.1205,1.0571,,,122580.0,113810.25,57641.9346,697480.2,647580.3225,2023-08-05
688466.SH,2021-12-03,21.37,1.0086,1.6616,0.77,30.6595,30.3494,2.215,3.941,3.595,,,10276.0,4485.05,2722.55,219598.12,95845.5185,2023-08-05
603815.SH,2021-12-03,8.24,3.1571,3.3593,1.74,52.5142,36.6733,2.5578,1.6042,1.1485,0.9784,0.5871,61892.4235,16328.754,15345.864,509993.5696,134548.933,2023-08-05
300443.SZ,2021-12-03,63.52,5.985,7.1096,1.35,31.8376,27.986,5.2581,11.2604,9.8661,0.2577,0.9446,26175.3484,18277.2843,15386.2427,1662658.1304,1160973.0987,2023-08-05
300108.SZ,2021-12-03,3.48,1.9332,2.3377,0.59,,,,3.5737,3.6902,0.0,,66601.4674,44431.6089,36743.7454,231773.1066,154621.999,2023-08-05
002502.SZ,2021-12-03,4.67,0.8369,1.3252,0.72,128.0775,,3.2653,9.6629,8.7463,0.0,,91999.4639,83291.2764,52601.3512,429637.4964,388970.2608,2023-08-05
689009.SH,2021-12-03,58.6,0.3858,29.64,0.81,562.0387,109.6062,9.8737,6.8793,4.6465,,,70468.842,44299.482,5766.414,4129474.1412,2595949.6452,2023-08-05
