security_code,trade_date,open,high,low,close,pre_close,change,pct_chg,vol,amount,data_date
600825.SH,2003-01-08,12.1,12.5,11.8,12.48,11.98,0.5,4.17,953.75,1171.56,2023-08-01
000818.SZ,2003-01-08,4.98,5.22,4.98,5.19,5.04,0.15,2.98,4808.62,2455.4773,2023-08-01
000530.SZ,2003-01-08,6.85,7.1,6.85,7.1,6.91,0.19,2.75,3069.07,2145.288,2023-08-01
600655.SH,2003-01-08,7.92,8.22,7.92,8.21,8.01,0.2,2.5,2105.31,1709.026,2023-08-01
000859.SZ,2003-01-08,7.86,8.18,7.6,8.18,7.92,0.26,3.28,224045.91,170707.5473,2023-08-01
600809.SH,2003-01-08,6.16,6.4,6.16,6.38,6.2,0.18,2.9,3432.73,2163.318,2023-08-01
600259.SH,2003-01-08,6.65,7.0,6.65,6.97,6.68,0.29,4.34,3197.5,2182.698,2023-08-01
000862.SZ,2003-01-08,7.35,7.55,7.29,7.52,7.37,0.15,2.04,4417.5,3276.5948,2023-08-01
600006.SH,2003-01-08,13.52,13.65,13.43,13.6,13.57,0.03,0.22,2764.01,3748.404,2023-08-01
600360.SH,2003-01-08,11.35,11.61,11.26,11.59,11.35,0.24,2.11,1693.44,1937.712,2023-08-01
600286.SH,2003-01-08,8.75,9.35,8.7,9.31,8.78,0.53,6.04,20344.36,18407.519,2023-08-01
600726.SH,2003-01-08,5.78,5.93,5.65,5.91,5.78,0.13,2.25,6211.39,3602.29,2023-08-01
600565.SH,2003-01-08,17.9,18.37,17.71,18.34,17.95,0.39,2.17,1022.5,1855.69,2023-08-01
600723.SH,2003-01-08,5.63,5.78,5.58,5.74,5.63,0.11,1.95,3238.86,1841.026,2023-08-01
600821.SH,2003-01-08,5.49,5.68,5.45,5.68,5.49,0.19,3.46,7923.38,4415.546,2023-08-01
600624.SH,2003-01-08,8.55,8.68,8.41,8.67,8.53,0.14,1.64,5989.54,5128.642,2023-08-01
600357.SH,2003-01-08,7.09,7.38,7.02,7.37,7.06,0.31,4.39,23908.42,17331.05,2023-08-01
000962.SZ,2003-01-08,8.73,9.04,8.67,8.99,8.73,0.26,2.98,20134.19,17917.9742,2023-08-01
600707.SH,2003-01-08,7.27,7.39,7.2,7.39,7.26,0.13,1.79,2374.85,1735.956,2023-08-01
600661.SH,2003-01-08,13.56,14.22,13.56,14.18,13.58,0.6,4.42,637.59,884.799,2023-08-01
600551.SH,2003-01-08,17.96,18.26,17.78,18.17,17.79,0.38,2.14,1797.51,3223.422,2023-08-01
600877.SH,2003-01-08,4.97,5.11,4.91,5.08,4.94,0.14,2.83,2745.18,1376.943,2023-08-01
600213.SH,2003-01-08,7.77,8.0,7.77,8.0,7.77,0.23,2.96,1720.99,1361.781,2023-08-01
600365.SH,2003-01-08,7.89,8.15,7.89,8.15,7.93,0.22,2.77,1724.14,1385.245,2023-08-01
600596.SH,2003-01-08,9.7,10.0,9.54,9.99,9.68,0.31,3.2,4406.69,4308.32,2023-08-01
600090.SH,2003-01-08,15.69,15.79,15.68,15.77,15.69,0.08,0.51,7995.54,12588.463,2023-08-01
600612.SH,2003-01-08,10.24,10.63,10.24,10.57,10.26,0.31,3.02,2112.72,2220.106,2023-08-01
000863.SZ,2003-01-08,10.7,10.85,10.6,10.83,10.64,0.19,1.79,6500.24,6997.2082,2023-08-01
600248.SH,2003-01-08,10.45,10.8,10.45,10.8,10.47,0.33,3.15,2083.01,2228.411,2023-08-01
600814.SH,2003-01-08,5.7,5.85,5.69,5.83,5.67,0.16,2.82,4920.31,2841.071,2023-08-01
600811.SH,2003-01-08,5.4,5.63,5.39,5.59,5.41,0.18,3.33,8961.4,4937.952,2023-08-01
600363.SH,2003-01-08,7.48,7.76,7.41,7.76,7.48,0.28,3.74,7691.34,5841.98,2023-08-01
600030.SH,2003-01-08,4.83,5.34,4.81,5.34,4.85,0.49,10.1,720640.78,368411.113,2023-08-01
000806.SZ,2003-01-08,7.46,7.8,7.4,7.78,7.45,0.33,4.43,18711.3,14274.5384,2023-08-01
600801.SH,2003-01-08,7.73,7.98,7.73,7.97,7.74,0.23,2.97,1961.81,1543.487,2023-08-01
000950.SZ,2003-01-08,13.2,13.4,13.1,13.36,13.29,0.07,0.53,1675.0,2222.1499,2023-08-01
600703.SH,2003-01-08,7.26,7.6,7.26,7.55,7.27,0.28,3.85,3474.86,2577.786,2023-08-01
000918.SZ,2003-01-08,8.39,8.56,8.35,8.56,8.39,0.17,2.03,877.81,743.9796,2023-08-01
000736.SZ,2003-01-08,13.75,14.02,13.7,14.0,13.63,0.37,2.71,1088.79,1515.1059,2023-08-01
600300.SH,2003-01-08,10.17,10.49,10.0,10.35,10.09,0.26,2.58,908.0,927.977,2023-08-01
600383.SH,2003-01-08,16.78,17.1,16.58,16.66,16.78,-0.12,-0.72,9040.5,15084.254,2023-08-01
600076.SH,2003-01-08,9.15,9.57,9.15,9.56,9.19,0.37,4.03,13826.26,12990.956,2023-08-01
600549.SH,2003-01-08,14.58,15.2,14.52,15.09,14.65,0.44,3.0,3367.7,5002.839,2023-08-01
600526.SH,2003-01-08,13.02,13.4,13.0,13.4,13.05,0.35,2.68,798.61,1056.611,2023-08-01
000406.SZ,2003-01-08,7.87,8.09,7.87,8.04,7.89,0.15,1.9,9514.04,7594.2481,2023-08-01
600880.SH,2003-01-08,14.34,14.5,14.2,14.46,14.32,0.14,0.98,2013.46,2889.153,2023-08-01
000832.SZ,2003-01-08,5.1,5.26,5.08,5.25,5.13,0.12,2.34,4910.0,2541.203,2023-08-01
600329.SH,2003-01-08,12.15,12.55,12.15,12.55,12.0,0.55,4.58,2436.24,3020.057,2023-08-01
000568.SZ,2003-01-08,7.56,7.78,7.56,7.74,7.63,0.11,1.44,2260.93,1737.2644,2023-08-01
600163.SH,2003-01-08,6.76,6.95,6.73,6.9,6.74,0.16,2.37,1369.53,934.405,2023-08-01
600870.SH,2003-01-08,6.48,6.57,6.4,6.56,6.36,0.2,3.14,11233.71,7277.991,2023-08-01
000561.SZ,2003-01-08,4.11,4.27,4.1,4.26,4.13,0.13,3.15,6942.77,2908.3389,2023-08-01
600069.SH,2003-01-08,4.95,5.11,4.92,5.09,4.95,0.14,2.83,7849.96,3959.497,2023-08-01
600697.SH,2003-01-08,7.55,7.68,7.48,7.63,7.47,0.16,2.14,886.2,670.477,2023-08-01
000815.SZ,2003-01-08,7.71,7.99,7.71,7.96,7.79,0.17,2.18,1748.43,1379.6265,2023-08-01
000158.SZ,2003-01-08,6.33,6.5,6.28,6.49,6.3,0.19,3.02,1746.89,1117.8375,2023-08-01
600767.SH,2003-01-08,7.36,7.6,7.35,7.59,7.36,0.23,3.13,3039.49,2277.254,2023-08-01
000539.SZ,2003-01-08,9.85,9.95,9.79,9.95,9.85,0.1,1.02,4460.27,4382.066,2023-08-01
000639.SZ,2003-01-08,17.4,17.48,17.33,17.37,17.4,-0.03,-0.17,554.0,963.3993,2023-08-01
600597.SH,2003-01-08,10.7,11.53,10.7,11.42,11.0,0.42,3.82,8956.55,10041.258,2023-08-01
000908.SZ,2003-01-08,6.85,6.95,6.71,6.94,6.77,0.17,2.51,3031.23,2076.6637,2023-08-01
600167.SH,2003-01-08,7.48,7.82,7.48,7.76,7.45,0.31,4.16,14162.6,10959.095,2023-08-01
600229.SH,2003-01-08,6.65,6.8,6.57,6.77,6.57,0.2,3.04,1335.07,890.298,2023-08-01
600715.SH,2003-01-08,4.41,4.56,4.41,4.54,4.52,0.02,0.44,12459.56,5601.409,2023-08-01
600313.SH,2003-01-08,6.43,6.69,6.4,6.69,6.43,0.26,4.04,5522.26,3620.082,2023-08-01
600682.SH,2003-01-08,6.15,6.34,6.13,6.33,6.17,0.16,2.59,2453.9,1531.018,2023-08-01
600879.SH,2003-01-08,10.14,10.73,10.13,10.62,10.25,0.37,3.61,2111.59,2194.349,2023-08-01
600737.SH,2003-01-08,18.95,19.2,18.85,19.13,18.94,0.19,1.0,11377.69,21600.012,2023-08-01
000739.SZ,2003-01-08,8.12,8.4,8.1,8.32,8.11,0.21,2.59,1153.81,949.9798,2023-08-01
600180.SH,2003-01-08,10.15,10.4,10.1,10.39,10.15,0.24,2.36,9606.39,9825.839,2023-08-01
600688.SH,2003-01-08,3.14,3.29,3.13,3.25,3.14,0.11,3.5,21994.68,7106.997,2023-08-01
600257.SH,2003-01-08,14.17,14.2,13.76,14.17,14.07,0.1,0.71,2143.5,3011.736,2023-08-01
600272.SH,2003-01-08,9.8,10.55,9.69,10.33,9.85,0.48,4.87,15163.31,15380.22,2023-08-01
000030.SZ,2003-01-08,5.48,5.65,5.42,5.65,5.48,0.17,3.1,3986.92,2214.3079,2023-08-01
000526.SZ,2003-01-08,9.79,10.23,9.65,10.2,9.68,0.52,5.37,2450.98,2470.5639,2023-08-01
000417.SZ,2003-01-08,8.15,8.34,8.06,8.34,8.13,0.21,2.58,2096.91,1722.5791,2023-08-01
600867.SH,2003-01-08,8.16,8.29,8.08,8.29,8.09,0.2,2.47,3122.48,2565.356,2023-08-01
000752.SZ,2003-01-08,14.5,14.55,14.4,14.53,14.54,-0.01,-0.07,492.99,714.2775,2023-08-01
600855.SH,2003-01-08,8.76,9.15,8.76,9.08,8.8,0.28,3.18,7132.66,6399.745,2023-08-01
000587.SZ,2003-01-08,6.1,6.26,6.0,6.26,6.11,0.15,2.46,4998.2,3074.1649,2023-08-01
600162.SH,2003-01-08,7.66,7.9,7.58,7.89,7.67,0.22,2.87,5032.23,3897.634,2023-08-01
000038.SZ,2003-01-08,12.85,13.34,12.8,13.33,12.91,0.42,3.25,2010.41,2651.4676,2023-08-01
600345.SH,2003-01-08,12.5,12.96,12.38,12.95,12.47,0.48,3.85,5605.82,7142.254,2023-08-01
600156.SH,2003-01-08,6.11,6.35,6.11,6.35,6.19,0.16,2.58,5246.22,3285.18,2023-08-01
600830.SH,2003-01-08,11.02,11.21,11.01,11.13,11.07,0.06,0.54,1565.44,1744.176,2023-08-01
000058.SZ,2003-01-08,8.25,8.55,8.15,8.53,8.2,0.33,4.02,9140.87,7616.9366,2023-08-01
600350.SH,2003-01-08,4.09,4.48,4.05,4.37,4.09,0.28,6.85,124487.44,53443.44,2023-08-01
600055.SH,2003-01-08,10.21,10.66,10.21,10.6,10.29,0.31,3.01,2719.0,2858.446,2023-08-01
000827.SZ,2003-01-08,12.14,12.21,12.0,12.16,12.06,0.1,0.83,642.9,780.3363,2023-08-01
600217.SH,2003-01-08,14.54,14.58,14.5,14.5,14.54,-0.04,-0.28,198.8,289.032,2023-08-01
000809.SZ,2003-01-08,7.7,8.18,7.7,8.16,7.83,0.33,4.21,5213.08,4150.8532,2023-08-01
000906.SZ,2003-01-08,9.98,10.3,9.87,10.2,9.92,0.28,2.82,8713.6,8838.8741,2023-08-01
600531.SH,2003-01-08,10.7,11.05,10.63,11.04,10.66,0.38,3.56,3270.9,3567.124,2023-08-01
000825.SZ,2003-01-08,4.32,4.47,4.3,4.44,4.32,0.12,2.78,60420.02,26475.9755,2023-08-01
000554.SZ,2003-01-08,9.65,9.87,9.59,9.86,9.6,0.26,2.71,5797.16,5637.9942,2023-08-01
600157.SH,2003-01-08,7.2,7.44,7.15,7.44,7.22,0.22,3.05,1449.81,1060.647,2023-08-01
600828.SH,2003-01-08,7.6,7.79,7.49,7.78,7.47,0.31,4.15,8862.1,6793.265,2023-08-01
000069.SZ,2003-01-08,13.0,13.25,12.9,13.24,13.0,0.24,1.85,2549.38,3339.3036,2023-08-01
600558.SH,2003-01-08,9.72,10.18,9.71,10.18,9.82,0.36,3.67,1827.43,1822.661,2023-08-01
000009.SZ,2003-01-08,4.92,5.15,4.89,5.11,4.92,0.19,3.86,33050.36,16648.3667,2023-08-01
600220.SH,2003-01-08,8.0,8.29,8.0,8.27,8.05,0.22,2.73,3309.42,2714.376,2023-08-01
000652.SZ,2003-01-08,9.0,9.28,8.99,9.26,9.02,0.24,2.66,1278.17,1166.1201,2023-08-01
000004.SZ,2003-01-08,13.95,14.5,13.95,14.48,14.11,0.37,2.62,1292.34,1860.9744,2023-08-01
600315.SH,2003-01-08,10.69,11.0,10.56,10.99,10.7,0.29,2.71,1305.05,1411.172,2023-08-01
600211.SH,2003-01-08,10.6,11.08,10.6,10.99,10.6,0.39,3.68,1464.4,1588.585,2023-08-01
600078.SH,2003-01-08,9.76,9.95,9.76,9.94,9.75,0.19,1.95,544.7,534.928,2023-08-01
600797.SH,2003-01-08,10.31,10.55,10.28,10.5,10.31,0.19,1.84,9136.8,9487.257,2023-08-01
600036.SH,2003-01-08,8.08,8.55,8.05,8.42,8.08,0.34,4.21,114910.32,95917.021,2023-08-01
600525.SH,2003-01-08,16.29,16.82,16.16,16.8,16.32,0.48,2.94,8029.69,13286.106,2023-08-01
600339.SH,2003-01-08,12.56,12.8,12.4,12.68,12.5,0.18,1.44,7924.46,10019.317,2023-08-01
000029.SZ,2003-01-08,7.71,8.25,7.7,8.13,7.77,0.36,4.63,34897.72,27896.1538,2023-08-01
000569.SZ,2003-01-08,4.25,4.38,4.22,4.38,4.27,0.11,2.58,5974.21,2578.357,2023-08-01
000898.SZ,2003-01-08,3.14,3.26,3.13,3.24,3.15,0.09,2.86,26155.9,8378.6826,2023-08-01
600262.SH,2003-01-08,8.58,9.1,8.58,9.09,8.77,0.32,3.65,1542.99,1381.1,2023-08-01
600005.SH,2003-01-08,4.9,5.1,4.88,5.05,4.88,0.17,3.48,22308.8,11100.216,2023-08-01
600742.SH,2003-01-08,11.5,11.89,11.48,11.84,11.57,0.27,2.33,4002.36,4657.996,2023-08-01
600593.SH,2003-01-08,12.88,13.35,12.85,13.27,12.94,0.33,2.55,2915.99,3815.832,2023-08-01
000759.SZ,2003-01-08,5.78,5.98,5.78,5.94,5.82,0.12,2.06,4838.08,2853.8672,2023-08-01
000576.SZ,2003-01-08,5.67,5.9,5.63,5.9,5.72,0.18,3.15,11998.78,6934.6709,2023-08-01
600621.SH,2003-01-08,7.67,7.88,7.65,7.85,7.67,0.18,2.35,2318.72,1803.401,2023-08-01
600583.SH,2003-01-08,13.0,13.46,13.0,13.4,12.98,0.42,3.24,1413.89,1872.499,2023-08-01
600739.SH,2003-01-08,16.3,16.4,16.3,16.4,16.35,0.05,0.31,1021.21,1669.38,2023-08-01
000596.SZ,2003-01-08,12.02,12.38,12.02,12.36,12.12,0.24,1.98,528.44,647.6803,2023-08-01
000982.SZ,2003-01-08,13.18,13.46,13.01,13.46,13.26,0.2,1.51,547.0,728.472,2023-08-01
600283.SH,2003-01-08,7.81,8.21,7.77,8.21,7.95,0.26,3.27,1036.3,832.912,2023-08-01
600009.SH,2003-01-08,8.73,9.11,8.7,9.04,8.74,0.3,3.43,6308.89,5602.553,2023-08-01
600651.SH,2003-01-08,9.15,9.4,9.05,9.34,9.15,0.19,2.08,15065.48,13880.273,2023-08-01
600818.SH,2003-01-08,11.98,12.48,11.8,12.41,12.03,0.38,3.16,2888.88,3502.117,2023-08-01
600126.SH,2003-01-08,6.5,6.78,6.5,6.71,6.46,0.25,3.87,5465.86,3613.577,2023-08-01
600740.SH,2003-01-08,7.49,7.7,7.49,7.7,7.5,0.2,2.67,1614.15,1226.575,2023-08-01
600708.SH,2003-01-08,9.3,9.73,9.25,9.69,9.25,0.44,4.76,2107.76,1989.987,2023-08-01
000665.SZ,2003-01-08,7.85,8.07,7.75,8.05,7.85,0.2,2.55,929.6,738.5095,2023-08-01
600865.SH,2003-01-08,6.1,6.31,6.1,6.27,6.14,0.13,2.12,1293.71,803.66,2023-08-01
600757.SH,2003-01-08,7.71,8.08,7.71,8.0,7.75,0.25,3.23,3549.96,2800.678,2023-08-01
600802.SH,2003-01-08,4.8,4.95,4.78,4.95,4.82,0.13,2.7,5355.49,2605.651,2023-08-01
600783.SH,2003-01-08,6.65,6.8,6.53,6.77,6.7,0.07,1.04,9767.06,6489.887,2023-08-01
600695.SH,2003-01-08,8.78,9.05,8.72,9.03,8.81,0.22,2.5,2039.24,1827.589,2023-08-01
600207.SH,2003-01-08,8.42,8.69,8.37,8.68,8.42,0.26,3.09,9200.29,7845.112,2023-08-01
000546.SZ,2003-01-08,5.06,5.15,5.02,5.12,5.07,0.05,0.99,8856.77,4504.2,2023-08-01
600320.SH,2003-01-08,10.0,10.18,9.9,10.15,9.96,0.19,1.91,1667.89,1671.629,2023-08-01
600753.SH,2003-01-08,7.64,7.8,7.58,7.8,7.65,0.15,1.96,1048.12,805.31,2023-08-01
000667.SZ,2003-01-08,7.72,7.85,7.6,7.83,7.64,0.19,2.49,2495.22,1919.1681,2023-08-01
000797.SZ,2003-01-08,5.9,6.07,5.88,6.04,5.88,0.16,2.72,2380.76,1422.0852,2023-08-01
600291.SH,2003-01-08,9.0,9.3,8.95,9.2,8.93,0.27,3.02,2136.27,1942.764,2023-08-01
600786.SH,2003-01-08,7.79,8.05,7.72,8.04,7.83,0.21,2.68,3803.05,3007.498,2023-08-01
600166.SH,2003-01-08,9.32,9.8,9.32,9.77,9.36,0.41,4.38,5843.19,5616.686,2023-08-01
000936.SZ,2003-01-08,11.68,12.0,11.66,11.96,11.66,0.3,2.57,1972.44,2348.5048,2023-08-01
600672.SH,2003-01-08,5.0,5.17,4.99,5.17,5.0,0.17,3.4,5074.93,2580.398,2023-08-01
600371.SH,2003-01-08,14.75,15.17,14.66,15.17,14.78,0.39,2.64,5556.29,8269.758,2023-08-01
600555.SH,2003-01-08,10.3,10.58,10.2,10.5,10.27,0.23,2.24,7044.55,7342.472,2023-08-01
000532.SZ,2003-01-08,8.05,8.1,7.93,8.1,7.95,0.15,1.89,2073.14,1660.8521,2023-08-01
600776.SH,2003-01-08,9.6,9.95,9.5,9.92,9.53,0.39,4.09,11309.62,11105.623,2023-08-01
600766.SH,2003-01-08,6.34,6.58,6.34,6.58,6.4,0.18,2.81,7621.59,4922.337,2023-08-01
600052.SH,2003-01-08,5.46,5.78,5.43,5.66,5.45,0.21,3.85,8180.46,4559.778,2023-08-01
000049.SZ,2003-01-08,8.78,9.1,8.75,9.1,8.81,0.29,3.29,4840.78,4344.0851,2023-08-01
600512.SH,2003-01-08,9.18,10.05,9.17,9.85,9.2,0.65,7.07,80922.99,78184.274,2023-08-01
000990.SZ,2003-01-08,10.01,10.35,10.01,10.32,10.08,0.24,2.38,10835.04,11054.3059,2023-08-01
600674.SH,2003-01-08,6.83,7.0,6.78,6.98,6.88,0.1,1.45,4773.58,3282.45,2023-08-01
000032.SZ,2003-01-08,12.42,12.95,12.41,12.89,12.5,0.39,3.12,4020.81,5114.1856,2023-08-01
000977.SZ,2003-01-08,11.3,11.68,11.3,11.67,11.39,0.28,2.46,1872.34,2156.0143,2023-08-01
000628.SZ,2003-01-08,6.83,7.13,6.83,7.12,6.93,0.19,2.74,3803.97,2676.7809,2023-08-01
600061.SH,2003-01-08,4.88,5.09,4.83,5.04,4.88,0.16,3.28,8856.02,4421.343,2023-08-01
600092.SH,2003-01-08,5.98,6.24,5.91,6.18,5.98,0.2,3.34,3173.17,1924.23,2023-08-01
600592.SH,2003-01-08,9.41,9.76,9.36,9.71,9.41,0.3,3.19,5992.9,5749.888,2023-08-01
000005.SZ,2003-01-08,4.54,4.7,4.5,4.7,4.54,0.16,3.52,10583.94,4889.1813,2023-08-01
600240.SH,2003-01-08,7.9,8.15,7.8,8.14,7.94,0.2,2.52,4647.99,3697.869,2023-08-01
600012.SH,2003-01-08,4.27,4.76,4.22,4.76,4.33,0.43,9.93,690015.5,306829.5,2023-08-01
600816.SH,2003-01-08,5.82,6.35,5.8,6.28,5.83,0.45,7.72,40562.79,24794.698,2023-08-01
600299.SH,2003-01-08,9.88,10.0,9.68,10.0,9.69,0.31,3.2,3663.35,3622.952,2023-08-01
600839.SH,2003-01-08,6.65,6.95,6.62,6.88,6.64,0.24,3.61,13910.76,9433.367,2023-08-01
600787.SH,2003-01-08,6.24,6.4,6.21,6.38,6.21,0.17,2.74,1462.82,920.287,2023-08-01
600837.SH,2003-01-08,16.74,16.97,16.63,16.97,16.74,0.23,1.37,1758.42,2958.699,2023-08-01
000418.SZ,2003-01-08,11.9,12.2,11.6,12.16,11.79,0.37,3.14,1105.24,1314.4232,2023-08-01
600362.SH,2003-01-08,4.24,4.68,4.21,4.56,4.26,0.3,7.04,55617.33,24816.356,2023-08-01
000601.SZ,2003-01-08,6.3,6.55,6.26,6.52,6.29,0.23,3.66,2615.6,1676.3684,2023-08-01
600468.SH,2003-01-08,13.86,14.2,13.86,14.19,14.0,0.19,1.36,788.5,1106.916,2023-08-01
600253.SH,2003-01-08,5.71,5.98,5.71,5.96,5.77,0.19,3.29,10382.76,6107.948,2023-08-01
000981.SZ,2003-01-08,11.02,11.38,11.02,11.38,11.15,0.23,2.06,983.93,1106.9452,2023-08-01
000565.SZ,2003-01-08,7.49,7.62,7.35,7.6,7.41,0.19,2.56,1548.43,1162.6532,2023-08-01
600152.SH,2003-01-08,5.92,6.18,5.92,6.17,6.02,0.15,2.49,2713.72,1644.616,2023-08-01
000659.SZ,2003-01-08,7.42,7.71,7.41,7.68,7.42,0.26,3.5,1139.77,861.0957,2023-08-01
600086.SH,2003-01-08,8.41,8.46,8.29,8.45,8.48,-0.03,-0.35,5687.6,4766.127,2023-08-01
600346.SH,2003-01-08,10.05,10.37,10.05,10.36,10.06,0.3,2.98,1948.4,1991.177,2023-08-01
600222.SH,2003-01-08,14.0,14.88,13.92,14.18,13.85,0.33,2.38,443.07,639.703,2023-08-01
600188.SH,2003-01-08,7.95,8.5,7.81,8.31,7.9,0.41,5.19,6279.52,5149.942,2023-08-01
600741.SH,2003-01-08,5.16,5.29,5.15,5.27,5.15,0.12,2.33,5638.09,2944.858,2023-08-01
000408.SZ,2003-01-08,8.98,9.2,8.85,9.18,8.85,0.33,3.73,3686.77,3332.425,2023-08-01
600686.SH,2003-01-08,9.8,10.1,9.8,10.03,9.82,0.21,2.14,1894.81,1879.784,2023-08-01
000600.SZ,2003-01-08,10.2,10.27,10.11,10.27,10.12,0.15,1.48,177.3,180.6226,2023-08-01
000023.SZ,2003-01-08,9.83,10.2,9.8,10.19,9.81,0.38,3.87,4267.96,4263.0397,2023-08-01
600377.SH,2003-01-08,11.67,11.72,11.5,11.64,11.58,0.06,0.52,811.8,942.76,2023-08-01
600133.SH,2003-01-08,8.2,8.39,8.05,8.36,8.19,0.17,2.08,3648.96,3004.935,2023-08-01
600011.SH,2003-01-08,10.8,11.19,10.71,11.17,10.76,0.41,3.81,9854.27,10775.75,2023-08-01
600716.SH,2003-01-08,5.53,5.75,5.45,5.74,5.51,0.23,4.17,5052.88,2832.217,2023-08-01
600139.SH,2003-01-08,11.5,11.69,11.1,11.63,11.5,0.13,1.13,1283.02,1462.335,2023-08-01
600252.SH,2003-01-08,10.35,10.59,10.25,10.55,10.35,0.2,1.93,2363.1,2461.782,2023-08-01
000915.SZ,2003-01-08,6.91,7.14,6.83,7.12,6.89,0.23,3.34,14443.93,10137.8019,2023-08-01
600671.SH,2003-01-08,7.88,8.05,7.82,7.99,7.81,0.18,2.3,884.0,700.744,2023-08-01
600808.SH,2003-01-08,3.0,3.18,2.99,3.14,3.0,0.14,4.67,50386.67,15582.494,2023-08-01
600628.SH,2003-01-08,6.82,7.06,6.8,7.05,6.82,0.23,3.37,4022.18,2787.372,2023-08-01
000595.SZ,2003-01-08,7.15,7.33,7.03,7.3,7.17,0.13,1.81,13006.65,9358.0146,2023-08-01
600815.SH,2003-01-08,7.68,7.87,7.62,7.87,7.75,0.12,1.55,10119.99,7869.888,2023-08-01
000838.SZ,2003-01-08,13.6,13.75,13.46,13.7,13.57,0.13,0.96,344.0,467.315,2023-08-01
000800.SZ,2003-01-08,5.88,6.08,5.88,6.07,5.9,0.17,2.88,12959.04,7733.9,2023-08-01
000430.SZ,2003-01-08,6.78,7.4,6.78,7.14,6.74,0.4,5.93,23815.77,17116.5174,2023-08-01
000090.SZ,2003-01-08,9.9,10.2,9.85,10.17,9.84,0.33,3.35,3328.43,3335.1731,2023-08-01
600750.SH,2003-01-08,11.38,11.7,11.38,11.69,11.44,0.25,2.19,1761.03,2034.087,2023-08-01
600730.SH,2003-01-08,9.42,9.87,9.41,9.79,9.48,0.31,3.27,2064.62,1993.122,2023-08-01
600548.SH,2003-01-08,7.9,8.28,7.9,8.19,7.95,0.24,3.02,8685.73,7042.013,2023-08-01
600751.SH,2003-01-08,6.17,6.45,6.16,6.39,6.19,0.2,3.23,1551.26,973.646,2023-08-01
600038.SH,2003-01-08,22.28,22.58,22.0,22.5,22.31,0.19,0.85,5581.51,12396.344,2023-08-01
000159.SZ,2003-01-08,8.47,8.6,8.22,8.56,8.53,0.03,0.35,22488.95,18872.1999,2023-08-01
600626.SH,2003-01-08,7.8,8.0,7.8,7.99,7.79,0.2,2.57,2988.02,2365.221,2023-08-01
000050.SZ,2003-01-08,11.21,11.6,11.21,11.59,11.26,0.33,2.93,2558.98,2925.8696,2023-08-01
600667.SH,2003-01-08,4.9,5.13,4.86,5.12,4.9,0.22,4.49,37069.75,18556.94,2023-08-01
600506.SH,2003-01-08,9.59,9.59,9.32,9.58,8.72,0.86,9.86,58421.18,55470.95,2023-08-01
000571.SZ,2003-01-08,3.93,4.02,3.89,4.0,3.95,0.05,1.27,18233.56,7213.0338,2023-08-01
600111.SH,2003-01-08,8.78,8.98,8.7,8.97,8.79,0.18,2.05,3819.25,3373.887,2023-08-01
000900.SZ,2003-01-08,7.25,7.52,7.17,7.42,7.25,0.17,2.34,8498.15,6233.1414,2023-08-01
600824.SH,2003-01-08,8.88,9.18,8.86,9.17,8.93,0.24,2.69,1906.18,1724.416,2023-08-01
600361.SH,2003-01-08,14.05,14.3,14.0,14.28,14.09,0.19,1.35,1248.7,1770.531,2023-08-01
000603.SZ,2003-01-08,11.2,11.85,11.2,11.61,11.7,-0.09,-0.77,520.06,602.895,2023-08-01
000930.SZ,2003-01-08,7.49,7.6,7.31,7.6,7.42,0.18,2.43,26684.31,19970.8439,2023-08-01
600141.SH,2003-01-08,8.83,9.0,8.8,8.99,8.78,0.21,2.39,1744.98,1555.692,2023-08-01
600761.SH,2003-01-08,8.9,9.15,8.89,9.15,8.88,0.27,3.04,2315.49,2104.1,2023-08-01
600389.SH,2003-01-08,11.01,11.4,11.01,11.39,11.11,0.28,2.52,2688.59,3020.332,2023-08-01
000975.SZ,2003-01-08,8.54,9.25,8.41,9.08,8.65,0.43,4.97,13004.96,11609.3483,2023-08-01
000725.SZ,2003-01-08,9.7,10.15,9.63,10.11,9.65,0.46,4.77,5376.13,5322.5097,2023-08-01
600359.SH,2003-01-08,6.25,6.65,6.25,6.63,6.28,0.35,5.57,15042.59,9830.311,2023-08-01
600122.SH,2003-01-08,7.1,7.35,7.07,7.34,7.18,0.16,2.23,4654.5,3360.126,2023-08-01
600008.SH,2003-01-08,9.62,10.17,9.62,10.02,9.78,0.24,2.45,7973.21,7896.914,2023-08-01
600332.SH,2003-01-08,8.5,8.69,8.44,8.65,8.45,0.2,2.37,2004.82,1718.527,2023-08-01
000429.SZ,2003-01-08,4.6,4.79,4.56,4.75,4.58,0.17,3.71,5766.61,2688.1528,2023-08-01
600857.SH,2003-01-08,7.79,8.08,7.76,8.05,7.85,0.2,2.55,2720.3,2158.775,2023-08-01
600793.SH,2003-01-08,9.3,9.51,9.21,9.51,9.39,0.12,1.28,6940.96,6496.568,2023-08-01
000680.SZ,2003-01-08,7.76,8.02,7.76,7.96,7.82,0.14,1.79,19242.05,15238.6511,2023-08-01
000520.SZ,2003-01-08,4.92,5.1,4.84,5.08,4.92,0.16,3.25,10248.47,5105.9565,2023-08-01
000584.SZ,2003-01-08,13.54,13.65,13.5,13.62,13.54,0.08,0.59,894.0,1213.166,2023-08-01
000598.SZ,2003-01-08,6.91,7.22,6.9,7.21,7.03,0.18,2.56,4344.04,3070.734,2023-08-01
600888.SH,2003-01-08,12.88,13.3,12.76,13.3,12.93,0.37,2.86,1003.35,1308.979,2023-08-01
600853.SH,2003-01-08,4.88,5.05,4.88,5.05,4.9,0.15,3.06,11541.0,5772.454,2023-08-01
600659.SH,2003-01-08,10.08,10.52,10.08,10.52,10.13,0.39,3.85,10203.01,10620.496,2023-08-01
000788.SZ,2003-01-08,5.8,5.95,5.77,5.93,5.82,0.11,1.89,4489.42,2636.6296,2023-08-01
600678.SH,2003-01-08,6.18,6.35,6.11,6.34,6.18,0.16,2.59,4026.98,2514.309,2023-08-01
600312.SH,2003-01-08,14.75,15.13,14.75,15.1,14.87,0.23,1.55,1728.22,2581.205,2023-08-01
600181.SH,2003-01-08,7.2,7.4,7.01,7.38,7.2,0.18,2.5,9110.71,6558.812,2023-08-01
000502.SZ,2003-01-08,13.08,14.34,13.08,14.11,13.04,1.07,8.21,20941.87,29323.1142,2023-08-01
600337.SH,2003-01-08,13.16,13.44,13.0,13.4,13.16,0.24,1.82,2901.69,3829.067,2023-08-01
600106.SH,2003-01-08,7.5,7.68,7.43,7.66,7.46,0.2,2.68,1708.55,1291.447,2023-08-01
000012.SZ,2003-01-08,9.3,9.86,9.3,9.78,9.52,0.26,2.73,40498.21,39263.2236,2023-08-01
000550.SZ,2003-01-08,7.32,7.6,7.28,7.59,7.35,0.24,3.27,8574.42,6410.7222,2023-08-01
000705.SZ,2003-01-08,7.1,7.35,7.1,7.33,7.13,0.2,2.81,2448.94,1771.3381,2023-08-01
000836.SZ,2003-01-08,13.92,14.44,13.8,14.35,13.92,0.43,3.09,2072.84,2938.3033,2023-08-01
600095.SH,2003-01-08,6.23,6.45,6.22,6.45,6.29,0.16,2.54,7364.07,4689.348,2023-08-01
600018.SH,2003-01-08,15.41,15.92,15.41,15.83,15.47,0.36,2.33,3257.3,5075.39,2023-08-01
000819.SZ,2003-01-08,10.68,10.87,10.62,10.85,10.71,0.14,1.31,1102.7,1178.9961,2023-08-01
000043.SZ,2003-01-08,10.28,10.58,10.28,10.55,10.24,0.31,3.03,1554.56,1623.8603,2023-08-01
600894.SH,2003-01-08,5.32,5.57,5.32,5.55,5.36,0.19,3.54,4461.99,2451.045,2023-08-01
600832.SH,2003-01-08,15.28,15.85,15.18,15.8,15.31,0.49,3.2,2475.29,3859.167,2023-08-01
600064.SH,2003-01-08,8.0,8.19,7.95,8.18,7.94,0.24,3.02,2357.39,1901.932,2023-08-01
600871.SH,2003-01-08,4.18,4.35,4.15,4.31,4.14,0.17,4.11,12757.92,5434.198,2023-08-01
600846.SH,2003-01-08,7.63,7.9,7.63,7.9,7.74,0.16,2.07,2955.73,2303.208,2023-08-01
600175.SH,2003-01-08,9.15,9.53,9.15,9.47,9.18,0.29,3.16,1960.42,1830.291,2023-08-01
001896.SZ,2003-01-08,6.6,6.8,6.57,6.8,6.63,0.17,2.56,1826.35,1223.9322,2023-08-01
600560.SH,2003-01-08,15.25,15.75,15.25,15.75,15.39,0.36,2.34,3011.72,4690.225,2023-08-01
600615.SH,2003-01-08,8.3,8.7,8.27,8.65,8.38,0.27,3.22,2666.13,2267.077,2023-08-01
600428.SH,2003-01-08,8.7,9.06,8.7,9.03,8.75,0.28,3.2,8074.76,7219.792,2023-08-01
000592.SZ,2003-01-08,4.89,4.9,4.75,4.81,4.67,0.14,3.0,24571.14,11844.4949,2023-08-01
600266.SH,2003-01-08,9.21,9.45,9.1,9.37,9.21,0.16,1.74,2321.3,2150.864,2023-08-01
600799.SH,2003-01-08,5.2,5.3,5.13,5.28,5.21,0.07,1.34,17341.43,9023.796,2023-08-01
600585.SH,2003-01-08,6.06,6.35,6.04,6.26,6.06,0.2,3.3,10008.4,6193.82,2023-08-01
600169.SH,2003-01-08,5.06,5.3,5.05,5.25,5.08,0.17,3.35,2465.76,1276.879,2023-08-01
000895.SZ,2003-01-08,9.85,10.14,9.82,10.14,9.85,0.29,2.94,1106.02,1107.6443,2023-08-01
600356.SH,2003-01-08,12.06,12.4,12.0,12.31,12.06,0.25,2.07,656.0,800.771,2023-08-01
600654.SH,2003-01-08,5.65,5.83,5.6,5.82,5.65,0.17,3.01,6984.03,3992.209,2023-08-01
000612.SZ,2003-01-08,6.92,7.3,6.92,7.29,6.96,0.33,4.74,11779.34,8403.9429,2023-08-01
600670.SH,2003-01-08,4.91,5.01,4.85,5.01,4.92,0.09,1.83,7102.86,3510.966,2023-08-01
600780.SH,2003-01-08,8.72,8.95,8.7,8.95,8.79,0.16,1.82,8433.46,7466.648,2023-08-01
600791.SH,2003-01-08,12.05,12.4,12.05,12.32,12.06,0.26,2.16,5271.37,6452.711,2023-08-01
600319.SH,2003-01-08,9.55,9.98,9.5,9.92,9.6,0.32,3.33,4687.14,4575.392,2023-08-01
600160.SH,2003-01-08,7.45,7.7,7.45,7.66,7.47,0.19,2.54,929.34,701.232,2023-08-01
600161.SH,2003-01-08,11.69,12.19,11.69,12.15,11.84,0.31,2.62,2006.63,2421.082,2023-08-01
000760.SZ,2003-01-08,10.38,10.58,10.25,10.52,10.33,0.19,1.84,992.95,1032.2892,2023-08-01
000548.SZ,2003-01-08,6.01,6.22,6.01,6.2,6.06,0.14,2.31,3056.03,1878.1328,2023-08-01
000011.SZ,2003-01-08,5.59,5.81,5.59,5.81,5.53,0.28,5.06,26278.82,15232.688,2023-08-01
600535.SH,2003-01-08,17.21,17.9,17.2,17.8,17.18,0.62,3.61,2578.58,4527.396,2023-08-01
000533.SZ,2003-01-08,3.74,3.86,3.74,3.85,3.79,0.06,1.58,7144.5,2717.0077,2023-08-01
600603.SH,2003-01-08,5.92,6.09,5.88,6.07,5.92,0.15,2.53,9535.46,5696.783,2023-08-01
000567.SZ,2003-01-08,6.75,6.91,6.74,6.9,6.87,0.03,0.44,2187.82,1491.851,2023-08-01
000020.SZ,2003-01-08,9.04,9.35,8.98,9.3,9.12,0.18,1.97,10949.93,10039.7475,2023-08-01
000922.SZ,2003-01-08,7.94,8.1,7.84,8.08,7.86,0.22,2.8,1201.5,957.596,2023-08-01
600706.SH,2003-01-08,14.31,14.6,14.31,14.6,14.4,0.2,1.39,272.41,394.555,2023-08-01
000608.SZ,2003-01-08,7.5,7.68,7.5,7.65,7.49,0.16,2.14,1990.0,1512.8168,2023-08-01
600311.SH,2003-01-08,8.86,9.2,8.76,9.2,8.9,0.3,3.37,2307.1,2084.739,2023-08-01
600556.SH,2003-01-08,13.88,14.2,13.74,14.2,13.82,0.38,2.75,1921.5,2688.547,2023-08-01
600065.SH,2003-01-08,6.77,7.15,6.71,7.14,6.77,0.37,5.47,7440.41,5181.666,2023-08-01
000591.SZ,2003-01-08,10.72,10.95,10.6,10.94,10.74,0.2,1.86,1285.59,1388.615,2023-08-01
600307.SH,2003-01-08,4.85,5.11,4.85,5.07,4.89,0.18,3.68,4981.19,2487.023,2023-08-01
000419.SZ,2003-01-08,8.22,8.5,8.1,8.44,8.24,0.2,2.43,3402.91,2822.4253,2023-08-01
600087.SH,2003-01-08,9.68,9.82,9.6,9.8,9.62,0.18,1.87,1035.5,1004.557,2023-08-01
000401.SZ,2003-01-08,4.85,4.94,4.8,4.91,4.8,0.11,2.29,6026.32,2935.9455,2023-08-01
600647.SH,2003-01-08,14.95,15.3,14.5,15.12,14.67,0.45,3.07,103.0,151.603,2023-08-01
600638.SH,2003-01-08,8.89,9.15,8.89,9.12,8.89,0.23,2.59,2456.69,2212.899,2023-08-01
600072.SH,2003-01-08,7.14,7.45,7.1,7.43,7.19,0.24,3.34,17364.05,12648.642,2023-08-01
600456.SH,2003-01-08,12.1,12.5,12.07,12.5,12.17,0.33,2.71,10199.38,12557.842,2023-08-01
600268.SH,2003-01-08,11.3,11.64,11.2,11.6,11.47,0.13,1.13,4250.87,4845.084,2023-08-01
600806.SH,2003-01-08,8.23,8.42,8.16,8.4,8.19,0.21,2.56,7604.83,6314.49,2023-08-01
000593.SZ,2003-01-08,7.2,7.46,7.1,7.41,7.28,0.13,1.79,15461.25,11243.5131,2023-08-01
600606.SH,2003-01-08,7.44,7.6,7.33,7.59,7.37,0.22,2.99,5479.59,4104.212,2023-08-01
600731.SH,2003-01-08,6.28,6.56,6.28,6.56,6.37,0.19,2.98,3404.01,2189.549,2023-08-01
000810.SZ,2003-01-08,17.12,17.31,17.12,17.3,17.19,0.11,0.64,2102.12,3629.138,2023-08-01
600886.SH,2003-01-08,7.6,7.8,7.43,7.8,7.57,0.23,3.04,4184.19,3190.174,2023-08-01
000835.SZ,2003-01-08,13.56,14.92,13.54,14.92,13.56,1.36,10.03,30000.32,43964.9334,2023-08-01
600333.SH,2003-01-08,6.91,7.25,6.88,7.2,6.94,0.26,3.75,3820.93,2702.659,2023-08-01
000036.SZ,2003-01-08,5.72,5.97,5.72,5.95,5.78,0.17,2.94,3284.8,1918.8489,2023-08-01
600390.SH,2003-01-08,14.23,14.66,14.23,14.62,14.2,0.42,2.96,1482.4,2134.722,2023-08-01
000935.SZ,2003-01-08,5.27,5.44,5.25,5.43,5.27,0.16,3.04,4364.64,2335.3906,2023-08-01
600062.SH,2003-01-08,12.64,12.85,12.63,12.78,12.64,0.14,1.11,6659.2,8457.508,2023-08-01
600817.SH,2003-01-08,17.0,17.97,16.8,17.72,17.0,0.72,4.24,3432.0,6050.409,2023-08-01
600256.SH,2003-01-08,11.23,11.35,11.18,11.35,11.21,0.14,1.25,4549.52,5108.344,2023-08-01
000860.SZ,2003-01-08,7.15,7.41,7.13,7.4,7.16,0.24,3.35,2933.6,2138.0542,2023-08-01
000536.SZ,2003-01-08,6.42,6.67,6.39,6.65,6.44,0.21,3.26,5741.39,3748.5591,2023-08-01
600566.SH,2003-01-08,11.15,11.43,10.87,11.37,11.15,0.22,1.97,3302.5,3707.746,2023-08-01
000549.SZ,2003-01-08,18.5,18.76,18.47,18.74,18.53,0.21,1.13,14275.99,26543.3629,2023-08-01
600522.SH,2003-01-08,10.22,10.66,10.18,10.6,10.24,0.36,3.52,25057.11,26180.329,2023-08-01
000586.SZ,2003-01-08,8.05,8.32,8.05,8.3,8.05,0.25,3.11,2733.4,2250.5197,2023-08-01
600885.SH,2003-01-08,8.34,8.71,8.3,8.7,8.34,0.36,4.32,9924.29,8447.294,2023-08-01
600255.SH,2003-01-08,14.28,14.6,14.2,14.58,14.32,0.26,1.82,1062.54,1537.397,2023-08-01
600764.SH,2003-01-08,10.45,10.59,10.2,10.58,10.4,0.18,1.73,2426.08,2517.84,2023-08-01
600710.SH,2003-01-08,11.92,12.15,11.81,12.15,12.0,0.15,1.25,12932.09,15548.093,2023-08-01
000563.SZ,2003-01-08,7.1,7.75,7.1,7.59,7.06,0.53,7.51,27096.29,20128.3969,2023-08-01
000662.SZ,2003-01-08,10.32,10.51,10.21,10.48,10.37,0.11,1.06,1266.93,1312.5815,2023-08-01
600511.SH,2003-01-08,10.75,11.48,10.7,11.27,10.79,0.48,4.45,18039.61,20090.079,2023-08-01
000017.SZ,2003-01-08,5.42,5.49,5.34,5.48,5.44,0.04,0.74,10204.07,5519.4902,2023-08-01
600088.SH,2003-01-08,9.42,9.9,9.31,9.88,9.44,0.44,4.66,9122.99,8805.182,2023-08-01
600843.SH,2003-01-08,13.06,13.34,13.0,13.32,13.11,0.21,1.6,1781.16,2359.724,2023-08-01
000627.SZ,2003-01-08,10.01,10.11,9.99,10.1,10.05,0.05,0.5,13736.38,13778.7875,2023-08-01
000702.SZ,2003-01-08,13.68,13.79,13.67,13.78,13.72,0.06,0.44,681.0,934.483,2023-08-01
000602.SZ,2003-01-08,15.41,15.64,15.37,15.62,15.54,0.08,0.51,418.98,651.373,2023-08-01
600290.SH,2003-01-08,14.2,14.58,14.11,14.33,14.17,0.16,1.13,3765.0,5362.989,2023-08-01
000829.SZ,2003-01-08,9.0,9.17,8.8,9.16,9.16,0.0,0.0,22549.79,20176.2313,2023-08-01
600897.SH,2003-01-08,10.18,10.47,10.15,10.46,10.18,0.28,2.75,2524.75,2598.468,2023-08-01
600845.SH,2003-01-08,14.71,15.09,14.71,15.05,14.71,0.34,2.31,1178.05,1763.375,2023-08-01
600768.SH,2003-01-08,15.69,15.7,15.3,15.59,15.68,-0.09,-0.57,873.0,1362.458,2023-08-01
600281.SH,2003-01-08,6.3,6.58,6.24,6.56,6.31,0.25,3.96,6967.17,4464.094,2023-08-01
600777.SH,2003-01-08,7.51,7.69,7.4,7.68,7.51,0.17,2.26,3020.99,2284.559,2023-08-01
600717.SH,2003-01-08,8.42,8.65,8.37,8.63,8.42,0.21,2.49,3863.94,3272.841,2023-08-01
000693.SZ,2003-01-08,11.85,12.25,11.8,12.23,11.81,0.42,3.56,13080.19,15701.6428,2023-08-01
600448.SH,2003-01-08,5.91,6.15,5.88,6.11,5.93,0.18,3.04,7557.89,4556.189,2023-08-01
000578.SZ,2003-01-08,9.22,9.53,9.13,9.51,9.3,0.21,2.26,12524.79,11678.9121,2023-08-01
600080.SH,2003-01-08,7.3,7.58,7.3,7.55,7.36,0.19,2.58,1222.1,913.634,2023-08-01
000719.SZ,2003-01-08,7.7,7.75,7.55,7.73,7.53,0.2,2.66,2644.77,2027.577,2023-08-01
600206.SH,2003-01-08,11.65,11.85,11.52,11.82,11.53,0.29,2.52,895.29,1045.568,2023-08-01
600836.SH,2003-01-08,18.12,18.54,18.08,18.27,18.4,-0.13,-0.71,5207.31,9578.308,2023-08-01
600002.SH,2003-01-08,3.72,3.88,3.72,3.84,3.72,0.12,3.23,11638.92,4424.267,2023-08-01
000769.SZ,2003-01-08,7.25,7.39,7.1,7.35,7.24,0.11,1.52,13412.82,9716.6339,2023-08-01
600276.SH,2003-01-08,9.65,9.83,9.41,9.82,9.57,0.25,2.61,1716.94,1653.998,2023-08-01
600298.SH,2003-01-08,12.18,12.59,12.18,12.58,12.26,0.32,2.61,1736.48,2151.066,2023-08-01
600752.SH,2003-01-08,5.45,5.59,5.39,5.58,5.45,0.13,2.39,1822.99,1002.963,2023-08-01
000721.SZ,2003-01-08,9.66,9.85,9.58,9.82,9.66,0.16,1.66,818.42,796.7476,2023-08-01
600234.SH,2003-01-08,10.47,10.8,10.38,10.78,10.47,0.31,2.96,1730.08,1827.005,2023-08-01
600847.SH,2003-01-08,9.6,9.98,9.55,9.97,9.67,0.3,3.1,9141.29,8887.376,2023-08-01
600680.SH,2003-01-08,12.69,13.2,12.69,13.1,12.74,0.36,2.83,4748.71,6172.35,2023-08-01
600302.SH,2003-01-08,9.38,9.7,9.38,9.67,9.46,0.21,2.22,3018.5,2876.263,2023-08-01
600103.SH,2003-01-08,3.8,3.92,3.78,3.91,3.8,0.11,2.89,10716.8,4126.911,2023-08-01
600690.SH,2003-01-08,9.08,9.29,9.0,9.27,9.09,0.18,1.98,8117.7,7411.044,2023-08-01
000686.SZ,2003-01-08,13.3,13.5,13.25,13.39,13.29,0.1,0.75,903.56,1210.443,2023-08-01
600379.SH,2003-01-08,8.42,8.77,8.42,8.72,8.42,0.3,3.56,6028.68,5203.657,2023-08-01
000789.SZ,2003-01-08,5.5,5.66,5.48,5.65,5.5,0.15,2.73,5032.79,2820.4628,2023-08-01
600611.SH,2003-01-08,8.9,9.1,8.8,9.09,8.78,0.31,3.53,2150.19,1924.258,2023-08-01
600186.SH,2003-01-08,6.06,6.29,6.01,6.28,6.06,0.22,3.63,8361.32,5182.231,2023-08-01
000812.SZ,2003-01-08,6.82,7.07,6.76,7.01,6.83,0.18,2.64,3269.03,2264.1568,2023-08-01
000911.SZ,2003-01-08,7.77,8.08,7.77,8.07,7.88,0.19,2.41,1955.9,1557.238,2023-08-01
600113.SH,2003-01-08,9.33,9.65,9.28,9.6,9.32,0.28,3.0,896.6,849.707,2023-08-01
000535.SZ,2003-01-08,4.11,4.2,4.1,4.17,4.1,0.07,1.71,7624.25,3165.4241,2023-08-01
600197.SH,2003-01-08,9.22,9.35,9.18,9.35,9.17,0.18,1.96,911.82,845.141,2023-08-01
600178.SH,2003-01-08,6.75,7.0,6.75,6.99,6.79,0.2,2.95,2484.08,1720.694,2023-08-01
600587.SH,2003-01-08,16.66,17.25,16.58,17.23,16.59,0.64,3.86,2298.62,3895.258,2023-08-01
000848.SZ,2003-01-08,7.0,7.22,7.0,7.2,7.04,0.16,2.27,1029.0,732.641,2023-08-01
000817.SZ,2003-01-08,7.18,7.4,7.15,7.38,7.18,0.2,2.79,20833.63,15197.5798,2023-08-01
600530.SH,2003-01-08,13.3,13.66,13.26,13.59,13.31,0.28,2.1,1521.85,2050.84,2023-08-01
600713.SH,2003-01-08,8.06,8.2,7.95,8.18,8.08,0.1,1.24,6112.24,4917.849,2023-08-01
600089.SH,2003-01-08,7.81,8.19,7.81,8.19,8.0,0.19,2.38,927.53,748.083,2023-08-01
000795.SZ,2003-01-08,7.0,7.25,6.95,7.22,7.0,0.22,3.14,998.2,706.776,2023-08-01
000948.SZ,2003-01-08,12.54,12.86,12.45,12.76,12.54,0.22,1.75,763.83,964.9968,2023-08-01
000673.SZ,2003-01-08,7.41,7.6,7.36,7.57,7.38,0.19,2.57,1943.11,1456.4203,2023-08-01
000583.SZ,2003-01-08,10.83,11.08,10.65,11.05,10.85,0.2,1.84,56937.87,61979.6303,2023-08-01
600127.SH,2003-01-08,5.65,5.92,5.61,5.92,5.71,0.21,3.68,7643.91,4441.494,2023-08-01
600054.SH,2003-01-08,9.17,9.5,9.1,9.45,9.17,0.28,3.05,3650.68,3407.426,2023-08-01
000931.SZ,2003-01-08,9.97,10.2,9.92,10.19,10.0,0.19,1.9,23830.41,23981.9941,2023-08-01
000731.SZ,2003-01-08,10.1,10.28,10.08,10.19,10.08,0.11,1.09,3943.13,4001.4175,2023-08-01
600795.SH,2003-01-08,7.05,7.15,6.99,7.14,7.05,0.09,1.28,7247.79,5122.203,2023-08-01
600620.SH,2003-01-08,10.4,10.56,10.3,10.56,10.42,0.14,1.34,1777.0,1853.273,2023-08-01
600601.SH,2003-01-08,8.17,8.38,8.1,8.37,8.19,0.18,2.2,12539.46,10388.636,2023-08-01
600168.SH,2003-01-08,7.16,7.38,7.14,7.37,7.19,0.18,2.5,3890.96,2819.337,2023-08-01
000905.SZ,2003-01-08,7.57,7.83,7.55,7.81,7.56,0.25,3.31,1737.8,1336.2221,2023-08-01
000035.SZ,2003-01-08,13.25,13.78,13.25,13.7,13.38,0.32,2.39,4811.6,6526.4709,2023-08-01
000541.SZ,2003-01-08,10.89,11.26,10.89,11.18,10.94,0.24,2.19,2130.6,2344.1753,2023-08-01
000798.SZ,2003-01-08,7.5,7.73,7.4,7.72,7.51,0.21,2.8,1699.39,1288.4421,2023-08-01
600553.SH,2003-01-08,8.71,9.17,8.71,9.16,8.8,0.36,4.09,8149.15,7328.445,2023-08-01
000910.SZ,2003-01-08,7.31,7.63,7.31,7.56,7.3,0.26,3.56,3425.75,2551.9585,2023-08-01
000516.SZ,2003-01-08,9.79,9.99,9.63,9.98,9.73,0.25,2.57,1296.47,1272.0742,2023-08-01
600669.SH,2003-01-08,3.97,4.06,3.95,4.04,3.97,0.07,1.76,5946.75,2379.968,2023-08-01
000678.SZ,2003-01-08,5.06,5.15,5.01,5.09,5.08,0.01,0.2,13345.96,6781.7286,2023-08-01
600288.SH,2003-01-08,9.5,9.8,9.5,9.79,9.55,0.24,2.51,1549.09,1499.872,2023-08-01
600662.SH,2003-01-08,7.74,8.05,7.74,7.98,7.74,0.24,3.1,7584.25,6009.29,2023-08-01
600685.SH,2003-01-08,4.75,4.85,4.69,4.84,4.68,0.16,3.42,4316.24,2064.136,2023-08-01
000763.SZ,2003-01-08,5.0,5.19,5.0,5.18,5.05,0.13,2.57,5380.42,2743.4607,2023-08-01
000726.SZ,2003-01-08,7.98,8.15,7.91,8.14,7.96,0.18,2.26,3882.73,3106.7804,2023-08-01
000695.SZ,2003-01-08,10.4,10.78,10.28,10.76,10.48,0.28,2.67,865.6,906.2023,2023-08-01
600798.SH,2003-01-08,6.18,6.29,6.13,6.29,6.08,0.21,3.45,2145.51,1334.58,2023-08-01
000153.SZ,2003-01-08,20.7,21.18,20.66,21.06,20.66,0.4,1.94,505.77,1058.6284,2023-08-01
000999.SZ,2003-01-08,8.04,8.32,8.02,8.3,8.04,0.26,3.23,5061.3,4135.0006,2023-08-01
000651.SZ,2003-01-08,8.16,8.29,8.12,8.26,8.16,0.1,1.23,5124.76,4208.9018,2023-08-01
600190.SH,2003-01-08,5.32,5.55,5.26,5.5,5.3,0.2,3.77,13986.04,7568.431,2023-08-01
000620.SZ,2003-01-08,4.48,4.59,4.45,4.59,4.5,0.09,2.0,14200.63,6436.3648,2023-08-01
000786.SZ,2003-01-08,5.43,5.59,5.41,5.58,5.43,0.15,2.76,6296.3,3470.2126,2023-08-01
600591.SH,2003-01-08,6.24,6.75,6.24,6.62,6.27,0.35,5.58,73681.83,48492.944,2023-08-01
000059.SZ,2003-01-08,5.07,5.27,5.07,5.26,5.09,0.17,3.34,17334.63,8985.6655,2023-08-01
000989.SZ,2003-01-08,9.72,10.1,9.7,10.09,9.7,0.39,4.02,1559.67,1536.0107,2023-08-01
600899.SH,2003-01-08,10.07,10.28,9.85,10.25,10.08,0.17,1.69,16719.55,16856.341,2023-08-01
000070.SZ,2003-01-08,10.02,10.4,10.01,10.39,10.07,0.32,3.18,2397.66,2453.779,2023-08-01
600781.SH,2003-01-08,7.69,8.07,7.55,8.05,7.71,0.34,4.41,12477.84,9821.413,2023-08-01
000605.SZ,2003-01-08,13.05,13.25,13.02,13.24,12.99,0.25,1.92,244.78,321.7989,2023-08-01
600153.SH,2003-01-08,9.7,9.97,9.66,9.96,9.7,0.26,2.68,1790.93,1759.492,2023-08-01
600499.SH,2003-01-08,22.1,22.32,21.98,22.16,22.1,0.06,0.27,1545.6,3421.609,2023-08-01
600778.SH,2003-01-08,6.77,6.95,6.71,6.95,6.77,0.18,2.66,5526.65,3797.952,2023-08-01
600856.SH,2003-01-08,7.0,7.19,6.9,7.18,6.98,0.2,2.87,2624.69,1848.582,2023-08-01
600758.SH,2003-01-08,6.11,6.28,6.09,6.28,6.11,0.17,2.78,2881.25,1783.309,2023-08-01
000820.SZ,2003-01-08,6.4,6.6,6.32,6.59,6.36,0.23,3.62,2521.34,1630.4383,2023-08-01
600367.SH,2003-01-08,17.0,17.45,16.91,17.44,16.97,0.47,2.77,1265.24,2157.063,2023-08-01
000008.SZ,2003-01-08,8.78,8.99,8.78,8.97,8.83,0.14,1.59,2584.34,2290.8319,2023-08-01
600263.SH,2003-01-08,8.24,8.45,8.19,8.45,8.24,0.21,2.55,3228.5,2695.991,2023-08-01
000715.SZ,2003-01-08,8.06,8.4,8.05,8.37,8.12,0.25,3.08,6741.71,5569.1306,2023-08-01
000713.SZ,2003-01-08,6.2,6.45,6.19,6.45,6.29,0.16,2.54,10004.9,6351.812,2023-08-01
600323.SH,2003-01-08,10.0,10.25,10.0,10.24,9.99,0.25,2.5,948.08,960.84,2023-08-01
600466.SH,2003-01-08,10.81,11.36,10.81,11.24,10.89,0.35,3.21,1789.6,1975.347,2023-08-01
600705.SH,2003-01-08,6.15,6.5,6.13,6.48,6.23,0.25,4.01,26080.83,16574.958,2023-08-01
600501.SH,2003-01-08,14.68,14.93,14.66,14.88,14.64,0.24,1.64,1520.13,2251.591,2023-08-01
000529.SZ,2003-01-08,4.59,4.73,4.53,4.72,4.58,0.14,3.06,5570.52,2585.4688,2023-08-01
600202.SH,2003-01-08,6.0,6.19,5.92,6.19,6.0,0.19,3.17,14539.98,8819.935,2023-08-01
600305.SH,2003-01-08,11.7,12.08,11.7,12.06,11.75,0.31,2.64,1018.67,1208.102,2023-08-01
000607.SZ,2003-01-08,15.35,15.35,14.95,15.15,15.07,0.08,0.53,456.0,688.355,2023-08-01
600760.SH,2003-01-08,5.72,5.88,5.68,5.88,5.72,0.16,2.8,3347.41,1937.672,2023-08-01
000997.SZ,2003-01-08,16.1,16.38,15.78,16.15,15.84,0.31,1.96,2367.62,3819.2853,2023-08-01
600658.SH,2003-01-08,9.21,9.47,9.15,9.45,9.24,0.21,2.27,15356.92,14309.304,2023-08-01
600683.SH,2003-01-08,8.78,8.79,8.1,8.46,7.99,0.47,5.88,6346.81,5216.338,2023-08-01
600216.SH,2003-01-08,7.0,7.18,6.96,7.15,7.0,0.15,2.14,8744.29,6145.626,2023-08-01
600082.SH,2003-01-08,9.43,9.62,9.11,9.52,9.42,0.1,1.06,1397.83,1321.725,2023-08-01
000528.SZ,2003-01-08,6.89,7.3,6.89,7.29,6.95,0.34,4.89,22904.0,16450.5761,2023-08-01
000045.SZ,2003-01-08,11.72,12.1,11.72,12.05,11.81,0.24,2.03,1428.59,1696.2161,2023-08-01
000655.SZ,2003-01-08,7.7,8.08,7.7,8.07,7.74,0.33,4.26,14009.88,11119.4949,2023-08-01
000777.SZ,2003-01-08,6.72,6.9,6.68,6.9,6.72,0.18,2.68,2530.75,1728.516,2023-08-01
600852.SH,2003-01-08,6.95,7.25,6.88,7.23,6.99,0.24,3.43,6545.14,4636.947,2023-08-01
000510.SZ,2003-01-08,8.56,8.63,8.5,8.61,8.58,0.03,0.35,6724.43,5752.971,2023-08-01
600070.SH,2003-01-08,10.71,11.17,10.71,11.14,10.75,0.39,3.63,1358.88,1490.239,2023-08-01
600159.SH,2003-01-08,8.4,8.47,8.35,8.47,8.42,0.05,0.59,8561.0,7189.703,2023-08-01
000961.SZ,2003-01-08,5.59,5.75,5.59,5.72,5.61,0.11,1.96,7955.76,4519.2385,2023-08-01
600676.SH,2003-01-08,8.82,9.16,8.82,9.14,8.86,0.28,3.16,1453.9,1306.832,2023-08-01
000521.SZ,2003-01-08,4.79,4.98,4.77,4.97,4.8,0.17,3.54,4524.48,2206.9904,2023-08-01
000663.SZ,2003-01-08,7.56,7.8,7.56,7.72,7.64,0.08,1.05,2342.11,1800.5897,2023-08-01
600681.SH,2003-01-08,7.75,8.15,7.55,8.13,7.75,0.38,4.9,37099.71,28764.109,2023-08-01
000830.SZ,2003-01-08,7.88,8.15,7.88,8.11,7.92,0.19,2.4,1407.61,1127.6543,2023-08-01
000753.SZ,2003-01-08,5.64,5.78,5.56,5.76,5.59,0.17,3.04,5014.94,2844.2571,2023-08-01
000801.SZ,2003-01-08,8.8,9.07,8.61,9.05,8.86,0.19,2.14,11401.75,10084.3947,2023-08-01
000096.SZ,2003-01-08,11.14,11.31,10.98,11.18,11.14,0.04,0.36,11349.0,12650.804,2023-08-01
000518.SZ,2003-01-08,8.67,8.71,8.59,8.7,8.69,0.01,0.12,11070.08,9550.302,2023-08-01
000958.SZ,2003-01-08,10.81,11.02,10.75,10.97,10.78,0.19,1.76,3186.02,3469.2378,2023-08-01
000557.SZ,2003-01-08,3.9,3.96,3.85,3.94,3.91,0.03,0.77,64210.16,25069.1446,2023-08-01
600239.SH,2003-01-08,6.08,6.33,6.06,6.32,6.14,0.18,2.93,3578.72,2222.482,2023-08-01
600110.SH,2003-01-08,5.58,5.8,5.58,5.79,5.61,0.18,3.21,3603.86,2051.551,2023-08-01
600617.SH,2003-01-08,13.28,13.6,13.21,13.6,13.28,0.32,2.41,271.4,365.44,2023-08-01
600520.SH,2003-01-08,16.43,16.97,16.28,16.89,16.43,0.46,2.8,1420.3,2345.582,2023-08-01
600327.SH,2003-01-08,12.28,13.35,12.28,13.25,12.96,0.29,2.24,2755.35,3598.421,2023-08-01
000409.SZ,2003-01-08,8.26,8.72,8.2,8.7,8.24,0.46,5.58,18540.67,15695.2481,2023-08-01
600643.SH,2003-01-08,9.13,9.75,9.06,9.54,9.13,0.41,4.49,6113.49,5726.694,2023-08-01
600664.SH,2003-01-08,19.07,19.78,19.02,19.72,19.32,0.4,2.07,14519.22,27952.05,2023-08-01
600684.SH,2003-01-08,6.47,6.65,6.47,6.64,6.47,0.17,2.63,4466.04,2930.366,2023-08-01
000737.SZ,2003-01-08,5.5,5.68,5.42,5.65,5.5,0.15,2.73,7879.94,4386.6216,2023-08-01
000089.SZ,2003-01-08,8.05,8.29,8.05,8.23,8.1,0.13,1.6,3865.49,3165.2818,2023-08-01
000821.SZ,2003-01-08,5.88,6.13,5.88,6.1,5.9,0.2,3.39,5855.53,3524.4925,2023-08-01
000525.SZ,2003-01-08,7.22,7.45,7.22,7.43,7.29,0.14,1.92,5494.54,4044.1402,2023-08-01
600227.SH,2003-01-08,8.32,8.64,8.32,8.63,8.36,0.27,3.23,2863.96,2437.745,2023-08-01
000939.SZ,2003-01-08,11.15,11.38,10.98,11.36,11.06,0.3,2.71,1233.49,1374.5214,2023-08-01
000755.SZ,2003-01-08,7.48,7.85,7.43,7.82,7.5,0.32,4.27,13603.13,10418.265,2023-08-01
600805.SH,2003-01-08,4.45,4.65,4.45,4.62,4.5,0.12,2.67,5630.3,2568.65,2023-08-01
600755.SH,2003-01-08,7.9,8.18,7.71,8.16,8.0,0.16,2.0,7661.41,6138.228,2023-08-01
600210.SH,2003-01-08,11.23,11.55,11.23,11.53,11.26,0.27,2.4,7163.34,8138.771,2023-08-01
000976.SZ,2003-01-08,6.11,6.51,6.1,6.5,6.16,0.34,5.52,29218.06,18609.5925,2023-08-01
600728.SH,2003-01-08,9.22,9.5,9.15,9.49,9.25,0.24,2.59,2481.41,2321.716,2023-08-01
600745.SH,2003-01-08,12.52,12.6,12.46,12.5,12.55,-0.05,-0.4,2253.0,2827.94,2023-08-01
000403.SZ,2003-01-08,12.48,12.48,11.95,12.18,12.03,0.15,1.25,1216.8,1468.4963,2023-08-01
000897.SZ,2003-01-08,5.78,5.98,5.76,5.9,5.78,0.12,2.08,3100.92,1823.5671,2023-08-01
000886.SZ,2003-01-08,4.7,4.96,4.65,4.94,4.7,0.24,5.11,8695.64,4207.0981,2023-08-01
000878.SZ,2003-01-08,4.25,4.45,4.22,4.41,4.27,0.14,3.28,4592.84,1997.5033,2023-08-01
600636.SH,2003-01-08,10.75,10.9,10.65,10.85,10.76,0.09,0.84,410.47,441.379,2023-08-01
600639.SH,2003-01-08,10.0,10.23,9.91,10.22,10.0,0.22,2.2,3965.9,4006.7,2023-08-01
600118.SH,2003-01-08,12.8,13.0,12.7,12.99,12.84,0.15,1.17,1366.4,1764.534,2023-08-01
600189.SH,2003-01-08,7.57,7.8,7.55,7.78,7.6,0.18,2.37,1509.0,1161.178,2023-08-01
000732.SZ,2003-01-08,6.67,6.82,6.62,6.82,6.66,0.16,2.4,2682.17,1805.3097,2023-08-01
000913.SZ,2003-01-08,5.27,5.53,5.25,5.48,5.26,0.22,4.18,5894.34,3194.4661,2023-08-01
600071.SH,2003-01-08,6.03,6.25,5.95,6.25,6.03,0.22,3.65,11460.31,6983.473,2023-08-01
600415.SH,2003-01-08,13.87,14.35,13.8,14.27,13.88,0.39,2.81,391.4,550.342,2023-08-01
000422.SZ,2003-01-08,7.7,7.9,7.64,7.9,7.65,0.25,3.27,2190.2,1700.4751,2023-08-01
600275.SH,2003-01-08,10.65,10.94,10.56,10.88,10.65,0.23,2.16,4821.65,5171.148,2023-08-01
600876.SH,2003-01-08,6.12,6.35,6.06,6.3,6.11,0.19,3.11,2828.28,1755.232,2023-08-01
600841.SH,2003-01-08,12.9,13.27,12.9,13.26,13.01,0.25,1.92,837.0,1092.489,2023-08-01
000987.SZ,2003-01-08,7.77,7.98,7.71,7.95,7.78,0.17,2.19,1679.2,1315.2412,2023-08-01
600634.SH,2003-01-08,11.43,11.81,11.4,11.79,11.46,0.33,2.88,902.59,1048.765,2023-08-01
600176.SH,2003-01-08,7.05,7.26,7.01,7.25,7.05,0.2,2.84,1675.11,1194.957,2023-08-01
000402.SZ,2003-01-08,18.5,18.99,18.41,18.96,18.34,0.62,3.38,2419.9,4505.9799,2023-08-01
000882.SZ,2003-01-08,7.2,7.38,7.18,7.37,7.2,0.17,2.36,1294.05,943.2755,2023-08-01
000757.SZ,2003-01-08,8.19,8.45,8.19,8.4,8.27,0.13,1.57,1104.0,919.2572,2023-08-01
600623.SH,2003-01-08,10.55,10.87,10.51,10.86,10.57,0.29,2.74,1578.55,1700.799,2023-08-01
000793.SZ,2003-01-08,13.78,14.0,13.68,14.0,13.75,0.25,1.82,5227.33,7255.412,2023-08-01
600510.SH,2003-01-08,17.28,17.8,17.2,17.77,17.28,0.49,2.84,1814.31,3165.665,2023-08-01
000010.SZ,2003-01-08,8.1,8.4,8.02,8.37,8.11,0.26,3.21,4412.72,3635.2747,2023-08-01
600328.SH,2003-01-08,12.3,12.59,12.13,12.55,12.3,0.25,2.03,272.0,338.666,2023-08-01
000700.SZ,2003-01-08,11.12,11.7,11.08,11.58,11.13,0.45,4.04,5516.56,6278.3524,2023-08-01
600056.SH,2003-01-08,12.0,12.23,11.8,12.22,12.0,0.22,1.83,472.8,572.27,2023-08-01
600105.SH,2003-01-08,8.29,8.7,8.25,8.69,8.42,0.27,3.21,2614.42,2220.026,2023-08-01
600368.SH,2003-01-08,8.0,8.2,7.94,8.18,7.94,0.24,3.02,1511.51,1222.041,2023-08-01
600219.SH,2003-01-08,8.7,9.1,8.7,9.09,8.7,0.39,4.48,8107.25,7236.498,2023-08-01
000807.SZ,2003-01-08,8.0,8.18,8.0,8.15,8.0,0.15,1.88,3102.26,2500.1852,2023-08-01
600782.SH,2003-01-08,12.71,12.8,12.55,12.77,12.75,0.02,0.16,291.99,370.5,2023-08-01
600123.SH,2003-01-08,7.06,7.18,6.96,7.17,7.09,0.08,1.13,8615.77,6099.485,2023-08-01
600236.SH,2003-01-08,9.68,9.88,9.65,9.88,9.65,0.23,2.38,1655.9,1614.254,2023-08-01
600528.SH,2003-01-08,8.82,9.18,8.8,9.12,8.83,0.29,3.28,4134.64,3720.838,2023-08-01
000060.SZ,2003-01-08,5.74,5.92,5.72,5.91,5.73,0.18,3.14,6725.17,3922.3399,2023-08-01
600108.SH,2003-01-08,4.62,4.78,4.61,4.76,4.62,0.14,3.03,3348.91,1577.023,2023-08-01
600532.SH,2003-01-08,11.9,12.47,11.82,12.38,11.94,0.44,3.69,13519.55,16465.705,2023-08-01
600820.SH,2003-01-08,6.74,6.91,6.7,6.89,6.75,0.14,2.07,4976.47,3389.209,2023-08-01
600729.SH,2003-01-08,8.47,8.72,8.4,8.72,8.49,0.23,2.71,2375.99,2047.724,2023-08-01
000421.SZ,2003-01-08,7.05,7.31,7.04,7.29,7.15,0.14,1.96,11132.33,8001.9707,2023-08-01
000542.SZ,2003-01-08,14.59,14.97,14.53,14.9,14.56,0.34,2.34,12879.3,19039.7676,2023-08-01
000061.SZ,2003-01-08,14.8,14.95,14.77,14.89,14.8,0.09,0.61,6797.33,10084.6653,2023-08-01
600738.SH,2003-01-08,5.06,5.29,5.06,5.28,5.18,0.1,1.93,47832.77,24786.232,2023-08-01
600171.SH,2003-01-08,11.8,12.1,11.75,12.09,11.8,0.29,2.46,3318.16,3976.279,2023-08-01
000902.SZ,2003-01-08,8.3,8.69,8.23,8.67,8.31,0.36,4.33,2559.93,2162.7342,2023-08-01
600873.SH,2003-01-08,7.08,7.4,7.08,7.38,7.18,0.2,2.79,4688.49,3422.943,2023-08-01
000822.SZ,2003-01-08,7.15,7.44,7.15,7.4,7.17,0.23,3.21,8642.9,6322.3397,2023-08-01
600803.SH,2003-01-08,8.65,8.7,8.43,8.69,8.44,0.25,2.96,1048.05,900.854,2023-08-01
000426.SZ,2003-01-08,6.41,6.63,6.41,6.63,6.44,0.19,2.95,1588.52,1039.526,2023-08-01
000024.SZ,2003-01-08,8.86,9.06,8.75,9.04,8.85,0.19,2.15,2611.35,2325.354,2023-08-01
000949.SZ,2003-01-08,4.88,5.04,4.83,5.01,4.87,0.14,2.87,6328.22,3131.6606,2023-08-01
600635.SH,2003-01-08,7.3,7.58,7.2,7.53,7.29,0.24,3.29,10700.38,7936.267,2023-08-01
000973.SZ,2003-01-08,8.22,8.25,8.02,8.21,8.05,0.16,1.99,1263.17,1030.5172,2023-08-01
000813.SZ,2003-01-08,5.7,5.9,5.7,5.9,5.78,0.12,2.08,5175.2,3014.7174,2023-08-01
600889.SH,2003-01-08,8.4,8.69,8.12,8.42,8.33,0.09,1.08,1861.24,1568.468,2023-08-01
000768.SZ,2003-01-08,6.48,6.72,6.48,6.65,6.48,0.17,2.62,2955.34,1945.656,2023-08-01
600116.SH,2003-01-08,9.4,9.5,9.34,9.5,9.37,0.13,1.39,1290.78,1214.413,2023-08-01
000504.SZ,2003-01-08,8.5,8.93,8.38,8.88,8.59,0.29,3.38,40067.96,34681.4844,2023-08-01
600719.SH,2003-01-08,7.1,7.3,7.1,7.29,7.1,0.19,2.68,1923.36,1385.03,2023-08-01
000404.SZ,2003-01-08,5.49,5.66,5.46,5.65,5.5,0.15,2.73,3028.52,1689.8795,2023-08-01
000625.SZ,2003-01-08,7.75,8.0,7.72,7.99,7.79,0.2,2.57,29588.89,23262.8659,2023-08-01
600804.SH,2003-01-08,9.78,10.35,9.71,10.26,9.82,0.44,4.48,27028.45,27043.824,2023-08-01
600869.SH,2003-01-08,9.68,9.75,9.45,9.73,9.51,0.22,2.31,1240.68,1193.64,2023-08-01
000692.SZ,2003-01-08,6.15,6.33,6.1,6.31,6.15,0.16,2.6,3248.11,2017.562,2023-08-01
000026.SZ,2003-01-08,16.1,16.38,16.0,16.37,16.26,0.11,0.68,772.5,1251.272,2023-08-01
600588.SH,2003-01-08,43.25,43.72,42.96,43.7,43.25,0.45,1.04,2630.69,11435.842,2023-08-01
600130.SH,2003-01-08,19.5,20.3,19.5,20.09,19.55,0.54,2.76,1198.48,2386.912,2023-08-01
600609.SH,2003-01-08,5.11,5.31,5.11,5.3,5.14,0.16,3.11,17420.81,9086.93,2023-08-01
000155.SZ,2003-01-08,5.67,5.99,5.67,5.97,5.79,0.18,3.11,3638.42,2140.6604,2023-08-01
600146.SH,2003-01-08,8.72,8.98,8.7,8.97,8.74,0.23,2.63,2081.03,1841.44,2023-08-01
000657.SZ,2003-01-08,8.4,8.58,8.04,8.56,8.46,0.1,1.18,5664.03,4694.7964,2023-08-01
000672.SZ,2003-01-08,6.2,6.52,6.2,6.5,6.3,0.2,3.17,4574.1,2919.601,2023-08-01
000688.SZ,2003-01-08,7.08,7.26,7.01,7.24,7.08,0.16,2.26,5351.65,3829.7864,2023-08-01
000088.SZ,2003-01-08,14.55,14.88,14.55,14.88,14.55,0.33,2.27,1578.94,2324.434,2023-08-01
600599.SH,2003-01-08,14.9,15.2,14.72,15.18,14.88,0.3,2.02,883.67,1323.404,2023-08-01
000965.SZ,2003-01-08,6.85,7.02,6.83,7.0,6.8,0.2,2.94,1948.63,1350.1079,2023-08-01
600627.SH,2003-01-08,10.3,10.59,10.16,10.59,10.2,0.39,3.82,1340.37,1388.863,2023-08-01
000531.SZ,2003-01-08,6.4,6.61,6.35,6.6,6.4,0.2,3.13,2668.14,1729.9655,2023-08-01
600053.SH,2003-01-08,8.05,8.39,8.02,8.27,8.03,0.24,2.99,10150.32,8353.824,2023-08-01
600119.SH,2003-01-08,10.67,10.67,9.75,9.88,9.82,0.06,0.61,2689.72,2743.251,2023-08-01
600629.SH,2003-01-08,5.9,6.07,5.85,5.86,6.16,-0.3,-4.87,85599.52,50500.114,2023-08-01
600794.SH,2003-01-08,10.61,10.99,10.5,10.79,10.89,-0.1,-0.92,8508.0,9060.949,2023-08-01
600785.SH,2003-01-08,9.83,10.15,9.78,10.11,9.81,0.3,3.06,1907.4,1898.199,2023-08-01
600059.SH,2003-01-08,12.05,12.11,11.9,12.08,12.1,-0.02,-0.17,1267.86,1526.783,2023-08-01
000007.SZ,2003-01-08,8.05,8.3,7.96,8.28,8.02,0.26,3.24,4479.9,3646.6265,2023-08-01
000712.SZ,2003-01-08,9.1,9.4,9.08,9.39,9.13,0.26,2.85,1086.5,1010.808,2023-08-01
600193.SH,2003-01-08,8.85,9.06,8.8,9.04,8.89,0.15,1.69,3598.16,3211.853,2023-08-01
600117.SH,2003-01-08,4.5,4.69,4.5,4.68,4.55,0.13,2.86,2738.32,1262.311,2023-08-01
000921.SZ,2003-01-08,6.56,6.94,6.56,6.94,6.61,0.33,4.99,16210.29,11072.4856,2023-08-01
000869.SZ,2003-01-08,13.28,13.55,13.15,13.54,13.34,0.2,1.5,1463.0,1949.337,2023-08-01
600247.SH,2003-01-08,12.0,12.3,11.95,12.28,12.03,0.25,2.08,1298.2,1572.913,2023-08-01
000733.SZ,2003-01-08,8.0,8.2,7.92,8.19,8.03,0.16,1.99,6320.29,5128.8231,2023-08-01
600557.SH,2003-01-08,13.5,13.8,13.35,13.71,13.4,0.31,2.31,1345.23,1824.725,2023-08-01
600218.SH,2003-01-08,6.04,6.25,6.0,6.22,6.07,0.15,2.47,2565.34,1579.045,2023-08-01
600051.SH,2003-01-08,6.85,7.05,6.78,7.04,6.84,0.2,2.92,3591.37,2489.94,2023-08-01
000016.SZ,2003-01-08,6.87,7.1,6.87,7.1,6.87,0.23,3.35,5130.83,3587.072,2023-08-01
600657.SH,2003-01-08,10.5,10.95,10.5,10.91,10.5,0.41,3.9,5038.15,5405.227,2023-08-01
000668.SZ,2003-01-08,10.98,11.05,10.79,11.0,10.89,0.11,1.01,4666.76,5089.7232,2023-08-01
000766.SZ,2003-01-08,4.57,4.76,4.56,4.75,4.57,0.18,3.94,9297.96,4340.3022,2023-08-01
000033.SZ,2003-01-08,7.26,7.58,7.26,7.57,7.28,0.29,3.98,5442.57,4043.1436,2023-08-01
600067.SH,2003-01-08,8.8,8.99,8.78,8.98,8.83,0.15,1.7,1162.2,1033.536,2023-08-01
600700.SH,2003-01-08,6.03,6.22,6.0,6.21,6.03,0.18,2.99,9973.93,6116.628,2023-08-01
600416.SH,2003-01-08,9.45,9.79,9.32,9.69,9.5,0.19,2.0,12099.86,11618.435,2023-08-01
600577.SH,2003-01-08,16.71,17.39,16.71,17.34,16.81,0.53,3.15,3057.81,5231.714,2023-08-01
600185.SH,2003-01-08,8.46,8.68,8.38,8.67,8.48,0.19,2.24,1367.13,1169.158,2023-08-01
600640.SH,2003-01-08,12.24,12.58,12.1,12.52,12.35,0.17,1.38,18081.26,22342.714,2023-08-01
600771.SH,2003-01-08,8.8,9.22,8.76,9.2,8.82,0.38,4.31,10292.64,9347.169,2023-08-01
000022.SZ,2003-01-08,11.42,11.73,11.42,11.73,11.41,0.32,2.8,1664.96,1930.2179,2023-08-01
600844.SH,2003-01-08,11.26,11.95,11.23,11.54,11.11,0.43,3.87,5067.81,5882.634,2023-08-01
000425.SZ,2003-01-08,19.24,19.31,19.23,19.3,19.24,0.06,0.31,1316.5,2535.4451,2023-08-01
000636.SZ,2003-01-08,8.4,8.55,8.25,8.54,8.33,0.21,2.52,4647.96,3904.2767,2023-08-01
600788.SH,2003-01-08,7.17,7.38,7.12,7.37,7.14,0.23,3.22,1905.18,1386.038,2023-08-01
600711.SH,2003-01-08,14.9,15.47,14.85,15.36,14.85,0.51,3.43,1498.58,2284.74,2023-08-01
600892.SH,2003-01-08,13.73,14.08,13.7,14.03,13.73,0.3,2.19,885.68,1235.904,2023-08-01
000738.SZ,2003-01-08,4.93,4.93,4.73,4.79,4.71,0.08,1.7,17768.49,8549.1963,2023-08-01
600722.SH,2003-01-08,5.9,6.14,5.81,6.03,5.88,0.15,2.55,1272.77,758.241,2023-08-01
000868.SZ,2003-01-08,5.58,5.8,5.58,5.75,5.58,0.17,3.05,3314.63,1891.5786,2023-08-01
000519.SZ,2003-01-08,9.4,9.65,9.29,9.57,9.4,0.17,1.81,2082.48,1964.4728,2023-08-01
600366.SH,2003-01-08,9.61,9.85,9.6,9.85,9.69,0.16,1.65,764.4,743.263,2023-08-01
000423.SZ,2003-01-08,9.74,9.9,9.62,9.9,9.78,0.12,1.23,2399.63,2353.8179,2023-08-01
000488.SZ,2003-01-08,15.44,15.49,14.9,15.14,15.44,-0.3,-1.94,7923.99,11923.2494,2023-08-01
000851.SZ,2003-01-08,5.93,6.1,5.92,6.06,6.04,0.02,0.33,14495.15,8726.5934,2023-08-01
000826.SZ,2003-01-08,10.7,10.79,10.38,10.53,10.51,0.02,0.19,11640.4,12319.2224,2023-08-01
600003.SH,2003-01-08,4.33,4.61,4.32,4.56,4.35,0.21,4.83,9997.85,4495.201,2023-08-01
000559.SZ,2003-01-08,8.03,8.21,7.98,8.2,8.03,0.17,2.12,2447.88,1986.9238,2023-08-01
000955.SZ,2003-01-08,7.08,7.43,6.92,7.36,7.14,0.22,3.08,1826.76,1319.0182,2023-08-01
000503.SZ,2003-01-08,14.6,15.28,14.5,15.25,14.69,0.56,3.81,26111.92,39087.8567,2023-08-01
600136.SH,2003-01-08,9.89,10.12,9.78,10.1,9.89,0.21,2.12,3775.04,3758.876,2023-08-01
600296.SH,2003-01-08,8.82,8.96,8.78,8.9,8.75,0.15,1.71,13189.29,11679.185,2023-08-01
000021.SZ,2003-01-08,10.32,10.65,10.25,10.6,10.35,0.25,2.42,10964.64,11453.3813,2023-08-01
000581.SZ,2003-01-08,9.18,9.75,9.16,9.69,9.23,0.46,4.98,4853.23,4608.909,2023-08-01
000400.SZ,2003-01-08,7.68,7.9,7.6,7.89,7.69,0.2,2.6,3989.84,3092.336,2023-08-01
000983.SZ,2003-01-08,6.17,6.46,6.11,6.33,6.15,0.18,2.93,9653.56,6034.5283,2023-08-01
000995.SZ,2003-01-08,8.84,9.05,8.78,9.04,8.78,0.26,2.96,1520.73,1358.7713,2023-08-01
600831.SH,2003-01-08,14.76,15.18,14.64,15.17,14.79,0.38,2.57,580.0,859.835,2023-08-01
600097.SH,2003-01-08,10.2,10.49,10.2,10.48,10.25,0.23,2.24,1231.49,1273.776,2023-08-01
600355.SH,2003-01-08,17.5,18.1,17.5,18.07,17.79,0.28,1.57,1306.15,2336.417,2023-08-01
600306.SH,2003-01-08,16.11,16.4,15.95,16.26,16.3,-0.04,-0.25,1324.0,2136.189,2023-08-01
000507.SZ,2003-01-08,5.04,5.22,5.04,5.22,5.05,0.17,3.37,7325.9,3762.0143,2023-08-01
600233.SH,2003-01-08,7.55,7.8,7.5,7.76,7.54,0.22,2.92,1211.69,929.41,2023-08-01
600063.SH,2003-01-08,7.16,7.36,7.16,7.34,7.19,0.15,2.09,2763.52,2007.865,2023-08-01
000078.SZ,2003-01-08,7.66,8.05,7.66,8.04,7.64,0.4,5.24,48680.21,38499.1366,2023-08-01
600646.SH,2003-01-08,8.49,8.49,8.16,8.39,8.21,0.18,2.19,4248.25,3535.01,2023-08-01
600725.SH,2003-01-08,10.9,11.1,10.9,11.1,10.99,0.11,1.0,1433.0,1575.084,2023-08-01
600641.SH,2003-01-08,8.4,8.79,8.32,8.77,8.48,0.29,3.42,6896.02,5943.69,2023-08-01
000626.SZ,2003-01-08,16.0,16.41,16.0,16.35,16.0,0.35,2.19,4562.0,7417.2885,2023-08-01
600279.SH,2003-01-08,9.76,10.08,9.7,10.07,9.71,0.36,3.71,3838.72,3795.533,2023-08-01
000545.SZ,2003-01-08,6.4,6.72,6.38,6.7,6.39,0.31,4.85,3566.84,2328.6267,2023-08-01
000001.SZ,2003-01-08,10.0,10.74,10.0,10.53,10.04,0.49,4.88,80421.7,83768.8306,2023-08-01
000927.SZ,2003-01-08,5.65,5.83,5.6,5.81,5.66,0.15,2.65,7423.67,4247.2904,2023-08-01
600057.SH,2003-01-08,13.4,13.99,13.4,13.89,13.35,0.54,4.04,20216.86,28003.767,2023-08-01
600376.SH,2003-01-08,10.05,10.4,10.0,10.4,10.09,0.31,3.07,2340.26,2372.66,2023-08-01
000002.SZ,2003-01-08,9.06,9.28,9.0,9.23,9.04,0.19,2.1,10810.21,9864.799,2023-08-01
600336.SH,2003-01-08,7.53,7.83,7.53,7.82,7.57,0.25,3.3,1909.25,1469.18,2023-08-01
000970.SZ,2003-01-08,15.68,15.95,15.65,15.76,15.69,0.07,0.45,190.97,300.7645,2023-08-01
000791.SZ,2003-01-08,6.28,6.5,6.28,6.46,6.24,0.22,3.53,3524.18,2255.0269,2023-08-01
000006.SZ,2003-01-08,8.14,8.4,8.03,8.38,8.16,0.22,2.7,2662.9,2190.6741,2023-08-01
600326.SH,2003-01-08,7.69,7.88,7.51,7.86,7.68,0.18,2.34,9460.26,7335.365,2023-08-01
600372.SH,2003-01-08,9.03,9.26,9.03,9.23,9.07,0.16,1.76,2981.51,2725.756,2023-08-01
000690.SZ,2003-01-08,7.5,7.77,7.42,7.75,7.54,0.21,2.79,8397.21,6403.0832,2023-08-01
000876.SZ,2003-01-08,7.56,8.3,7.56,7.92,7.58,0.34,4.49,3403.66,2695.5143,2023-08-01
000969.SZ,2003-01-08,10.86,11.25,10.83,11.2,10.88,0.32,2.94,3943.5,4369.5559,2023-08-01
000996.SZ,2003-01-08,11.02,11.4,10.9,11.31,11.05,0.26,2.35,895.55,1001.6551,2023-08-01
600860.SH,2003-01-08,7.39,7.64,7.3,7.61,7.44,0.17,2.28,7347.1,5467.527,2023-08-01
600743.SH,2003-01-08,3.77,3.85,3.75,3.83,3.78,0.05,1.32,20664.94,7852.976,2023-08-01
000013.SZ,2003-01-08,5.0,5.11,4.91,5.1,5.01,0.09,1.8,3841.38,1931.2838,2023-08-01
600851.SH,2003-01-08,13.03,13.23,12.9,13.21,13.03,0.18,1.38,11742.6,15291.386,2023-08-01
600834.SH,2003-01-08,9.7,9.92,9.65,9.9,9.7,0.2,2.06,1147.56,1121.557,2023-08-01
600488.SH,2003-01-08,13.08,13.6,13.08,13.51,13.11,0.4,3.05,1160.67,1555.156,2023-08-01
600648.SH,2003-01-08,12.51,13.0,12.51,12.99,12.63,0.36,2.85,2539.61,3262.876,2023-08-01
600807.SH,2003-01-08,8.8,8.88,8.47,8.74,8.65,0.09,1.04,51167.8,44505.934,2023-08-01
000031.SZ,2003-01-08,7.73,8.09,7.71,8.07,7.78,0.29,3.73,14034.5,11193.1798,2023-08-01
600677.SH,2003-01-08,6.43,6.73,6.43,6.72,6.35,0.37,5.83,23316.53,15418.411,2023-08-01
000682.SZ,2003-01-08,3.59,3.66,3.54,3.65,3.6,0.05,1.39,30431.37,10949.4685,2023-08-01
000025.SZ,2003-01-08,6.83,7.0,6.71,6.94,6.83,0.11,1.61,4986.09,3416.7454,2023-08-01
000019.SZ,2003-01-08,10.08,10.39,10.0,10.36,10.1,0.26,2.57,8978.8,9145.6264,2023-08-01
600098.SH,2003-01-08,10.35,10.72,10.32,10.66,10.35,0.31,3.0,6052.03,6385.916,2023-08-01
600861.SH,2003-01-08,6.88,7.1,6.84,7.1,6.97,0.13,1.87,4526.11,3152.784,2023-08-01
600205.SH,2003-01-08,7.75,7.95,7.71,7.94,7.76,0.18,2.32,2792.95,2187.851,2023-08-01
000699.SZ,2003-01-08,6.57,6.58,6.4,6.58,6.27,0.31,4.94,41242.25,27068.0065,2023-08-01
600508.SH,2003-01-08,9.85,10.21,9.85,10.21,9.86,0.35,3.55,10348.78,10458.198,2023-08-01
600718.SH,2003-01-08,13.91,14.2,13.81,14.17,13.91,0.26,1.87,3651.38,5117.866,2023-08-01
600094.SH,2003-01-08,6.18,6.37,6.18,6.37,6.17,0.2,3.24,1942.05,1214.81,2023-08-01
600578.SH,2003-01-08,7.78,8.25,7.78,8.13,7.81,0.32,4.1,8583.03,6882.224,2023-08-01
000151.SZ,2003-01-08,11.18,11.38,11.01,11.35,11.17,0.18,1.61,14410.53,16139.8684,2023-08-01
600569.SH,2003-01-08,4.81,5.02,4.75,4.97,4.8,0.17,3.54,16665.43,8175.061,2023-08-01
000619.SZ,2003-01-08,9.0,9.11,8.92,9.1,8.93,0.17,1.9,2372.15,2141.098,2023-08-01
000543.SZ,2003-01-08,5.92,6.15,5.86,6.13,5.92,0.21,3.55,3096.27,1858.5981,2023-08-01
600608.SH,2003-01-08,10.74,11.18,10.45,11.15,10.78,0.37,3.43,41171.66,44084.06,2023-08-01
600391.SH,2003-01-08,10.8,11.08,10.58,11.02,10.68,0.34,3.18,3297.6,3575.183,2023-08-01
000703.SZ,2003-01-08,8.03,8.42,8.03,8.37,8.15,0.22,2.7,1271.02,1053.2582,2023-08-01
600267.SH,2003-01-08,8.9,9.24,8.82,9.2,8.9,0.3,3.37,5367.81,4842.054,2023-08-01
000420.SZ,2003-01-08,4.63,4.84,4.6,4.83,4.68,0.15,3.21,5940.04,2833.4502,2023-08-01
000572.SZ,2003-01-08,5.65,5.76,5.63,5.76,5.65,0.11,1.95,3400.11,1939.0699,2023-08-01
000676.SZ,2003-01-08,17.83,17.88,17.7,17.86,17.83,0.03,0.17,1503.43,2679.141,2023-08-01
600243.SH,2003-01-08,8.48,8.85,8.4,8.83,8.38,0.45,5.37,7684.4,6676.503,2023-08-01
600419.SH,2003-01-08,12.5,13.01,12.5,13.01,12.7,0.31,2.44,1642.89,2110.545,2023-08-01
600265.SH,2003-01-08,9.99,10.28,9.88,10.21,9.85,0.36,3.65,1209.2,1218.871,2023-08-01
600270.SH,2003-01-08,15.69,15.85,15.5,15.81,15.69,0.12,0.76,5025.76,7907.959,2023-08-01
000916.SZ,2003-01-08,4.79,5.01,4.7,4.99,4.8,0.19,3.96,11280.35,5539.558,2023-08-01
600756.SH,2003-01-08,12.9,13.35,12.9,13.3,12.94,0.36,2.78,3985.73,5184.177,2023-08-01
600833.SH,2003-01-08,8.25,8.58,8.25,8.57,8.26,0.31,3.75,5215.33,4380.667,2023-08-01
600687.SH,2003-01-08,10.95,11.18,10.66,11.15,10.85,0.3,2.77,10766.09,11716.571,2023-08-01
000498.SZ,2003-01-08,4.48,4.65,4.45,4.64,4.51,0.13,2.88,11933.87,5442.5968,2023-08-01
000018.SZ,2003-01-08,11.2,11.6,11.2,11.58,11.24,0.34,3.02,3365.0,3846.632,2023-08-01
600104.SH,2003-01-08,6.79,6.98,6.76,6.96,6.79,0.17,2.5,21768.79,14974.893,2023-08-01
600699.SH,2003-01-08,6.73,6.79,6.45,6.78,6.75,0.03,0.44,66966.87,44296.665,2023-08-01
000066.SZ,2003-01-08,9.12,9.4,9.01,9.35,9.18,0.17,1.85,5936.39,5468.5175,2023-08-01
600310.SH,2003-01-08,12.89,13.27,12.89,13.25,12.93,0.32,2.47,644.37,840.15,2023-08-01
600774.SH,2003-01-08,11.05,11.28,11.05,11.25,11.13,0.12,1.08,1599.67,1779.426,2023-08-01
600173.SH,2003-01-08,5.9,6.09,5.88,6.08,5.91,0.17,2.88,3009.94,1806.049,2023-08-01
000613.SZ,2003-01-08,5.7,5.8,5.65,5.79,5.72,0.07,1.22,10249.16,5881.7857,2023-08-01
000710.SZ,2003-01-08,7.58,7.85,7.52,7.84,7.6,0.24,3.16,12053.97,9328.7888,2023-08-01
600155.SH,2003-01-08,5.43,5.56,5.4,5.55,5.38,0.17,3.16,2316.7,1272.465,2023-08-01
600129.SH,2003-01-08,27.2,27.4,26.8,26.99,27.0,-0.01,-0.04,374.27,1009.873,2023-08-01
000027.SZ,2003-01-08,6.33,6.52,6.28,6.49,6.31,0.18,2.85,11885.13,7596.4076,2023-08-01
600581.SH,2003-01-08,6.47,6.9,6.43,6.86,6.49,0.37,5.7,36930.42,24792.974,2023-08-01
600663.SH,2003-01-08,12.6,12.99,12.59,12.98,12.61,0.37,2.93,5380.23,6895.632,2023-08-01
600109.SH,2003-01-08,12.2,12.73,12.2,12.67,12.59,0.08,0.64,169.5,212.512,2023-08-01
000967.SZ,2003-01-08,9.97,10.3,9.96,10.28,10.02,0.26,2.59,1216.6,1236.7598,2023-08-01
600381.SH,2003-01-08,12.32,12.71,12.31,12.7,12.34,0.36,2.92,1705.71,2146.802,2023-08-01
000570.SZ,2003-01-08,5.6,5.78,5.57,5.76,5.61,0.15,2.67,3283.62,1862.2701,2023-08-01
000720.SZ,2003-01-08,13.74,13.99,13.7,13.97,13.74,0.23,1.67,6777.5,9388.4205,2023-08-01
600353.SH,2003-01-08,12.9,13.6,12.9,13.51,12.98,0.53,4.08,11450.43,15177.422,2023-08-01
000790.SZ,2003-01-08,10.08,10.43,10.08,10.41,10.18,0.23,2.26,2268.55,2330.1937,2023-08-01
000428.SZ,2003-01-08,10.35,11.0,10.35,10.98,10.57,0.41,3.88,1489.51,1598.1708,2023-08-01
600250.SH,2003-01-08,11.9,12.1,11.81,12.1,11.87,0.23,1.94,2335.17,2789.33,2023-08-01
600369.SH,2003-01-08,8.05,8.45,7.96,8.44,8.15,0.29,3.56,5856.62,4836.134,2023-08-01
600712.SH,2003-01-08,11.53,11.65,11.28,11.64,11.47,0.17,1.48,1263.0,1440.223,2023-08-01
600763.SH,2003-01-08,8.3,8.46,8.21,8.39,8.35,0.04,0.48,10999.39,9167.764,2023-08-01
000506.SZ,2003-01-08,10.85,11.08,10.53,10.97,10.84,0.13,1.2,5190.27,5566.8413,2023-08-01
600060.SH,2003-01-08,6.26,6.58,6.21,6.49,6.3,0.19,3.02,3436.33,2188.628,2023-08-01
000972.SZ,2003-01-08,10.29,10.65,10.23,10.63,10.36,0.27,2.61,2344.89,2445.163,2023-08-01
600610.SH,2003-01-08,9.9,9.96,9.68,9.95,9.9,0.05,0.51,2013.36,1973.98,2023-08-01
000923.SZ,2003-01-08,7.35,7.58,7.35,7.55,7.35,0.2,2.72,1825.99,1360.1088,2023-08-01
600613.SH,2003-01-08,13.35,13.78,13.33,13.6,13.36,0.24,1.8,494.1,670.456,2023-08-01
600859.SH,2003-01-08,5.76,5.98,5.75,5.93,5.8,0.13,2.24,2500.28,1461.739,2023-08-01
600385.SH,2003-01-08,8.18,8.5,8.15,8.49,8.16,0.33,4.04,5553.71,4629.678,2023-08-01
600138.SH,2003-01-08,9.3,9.58,9.3,9.57,9.34,0.23,2.46,1894.98,1788.614,2023-08-01
600529.SH,2003-01-08,16.7,17.15,16.68,17.15,16.7,0.45,2.69,1283.1,2183.282,2023-08-01
000792.SZ,2003-01-08,13.01,13.3,13.01,13.27,13.11,0.16,1.22,1071.82,1410.936,2023-08-01
000698.SZ,2003-01-08,4.85,5.0,4.83,4.99,4.85,0.14,2.89,4924.2,2427.1627,2023-08-01
000968.SZ,2003-01-08,5.83,6.18,5.83,6.12,5.96,0.16,2.68,3712.49,2243.7029,2023-08-01
600704.SH,2003-01-08,6.76,6.99,6.75,6.99,6.74,0.25,3.71,6250.49,4303.262,2023-08-01
000866.SZ,2003-01-08,4.54,4.71,4.52,4.66,4.51,0.15,3.33,18802.59,8662.5986,2023-08-01
600170.SH,2003-01-08,7.79,8.0,7.75,7.98,7.78,0.2,2.57,9143.64,7225.004,2023-08-01
600085.SH,2003-01-08,16.28,16.43,16.12,16.4,16.1,0.3,1.86,1111.82,1810.431,2023-08-01
600230.SH,2003-01-08,7.28,7.45,7.22,7.45,7.21,0.24,3.33,2118.45,1552.479,2023-08-01
600734.SH,2003-01-08,7.28,7.5,7.18,7.49,7.35,0.14,1.9,16911.78,12496.809,2023-08-01
600769.SH,2003-01-08,5.58,5.69,5.5,5.68,5.53,0.15,2.71,1516.76,849.21,2023-08-01
000903.SZ,2003-01-08,10.25,10.55,10.25,10.55,10.32,0.23,2.23,1032.1,1072.0356,2023-08-01
600773.SH,2003-01-08,10.35,10.5,10.3,10.49,10.38,0.11,1.06,444.0,463.494,2023-08-01
000729.SZ,2003-01-08,8.47,8.77,8.42,8.67,8.52,0.15,1.76,3006.15,2583.4133,2023-08-01
600747.SH,2003-01-08,6.07,6.34,6.03,6.33,6.13,0.2,3.26,10360.62,6447.928,2023-08-01
000411.SZ,2003-01-08,7.76,7.8,7.62,7.79,7.66,0.13,1.7,2227.58,1720.1418,2023-08-01
000933.SZ,2003-01-08,10.2,10.51,10.18,10.47,10.29,0.18,1.75,2400.93,2494.474,2023-08-01
600835.SH,2003-01-08,10.1,10.35,10.02,10.34,10.14,0.2,1.97,2842.5,2911.219,2023-08-01
600858.SH,2003-01-08,5.58,5.8,5.51,5.7,5.66,0.04,0.71,10574.54,5995.151,2023-08-01
600637.SH,2003-01-08,10.6,10.98,10.6,10.97,10.67,0.3,2.81,9286.44,10053.936,2023-08-01
600241.SH,2003-01-08,11.95,12.24,11.81,12.24,11.9,0.34,2.86,826.38,992.9,2023-08-01
000511.SZ,2003-01-08,5.33,5.56,5.28,5.49,5.33,0.16,3.0,13048.66,7067.6698,2023-08-01
600285.SH,2003-01-08,11.16,11.37,10.99,11.37,11.08,0.29,2.62,960.0,1074.057,2023-08-01
000527.SZ,2003-01-08,6.65,6.88,6.63,6.83,6.66,0.17,2.55,4114.1,2774.6238,2023-08-01
000951.SZ,2003-01-08,5.52,5.75,5.51,5.74,5.56,0.18,3.24,4369.86,2460.1485,2023-08-01
600280.SH,2003-01-08,10.48,10.74,10.4,10.73,10.47,0.26,2.48,511.5,541.196,2023-08-01
600762.SH,2003-01-08,14.0,14.13,13.83,14.12,14.0,0.12,0.86,1161.9,1622.58,2023-08-01
000985.SZ,2003-01-08,12.0,12.25,11.83,12.25,11.9,0.35,2.94,720.98,866.9426,2023-08-01
000756.SZ,2003-01-08,7.89,7.98,7.8,7.96,7.8,0.16,2.05,841.45,663.3779,2023-08-01
600093.SH,2003-01-08,9.53,10.34,9.53,10.27,9.55,0.72,7.54,2045.73,1999.074,2023-08-01
600426.SH,2003-01-08,9.41,9.74,9.36,9.7,9.36,0.34,3.63,7559.55,7235.268,2023-08-01
000621.SZ,2003-01-08,8.46,8.78,8.41,8.74,8.47,0.27,3.19,31086.32,26783.3951,2023-08-01
600068.SH,2003-01-08,5.38,5.56,5.35,5.52,5.38,0.14,2.6,4306.37,2351.748,2023-08-01
000776.SZ,2003-01-08,7.85,7.94,7.68,7.92,7.6,0.32,4.21,830.95,650.1095,2023-08-01
600582.SH,2003-01-08,16.7,16.95,16.5,16.9,16.55,0.35,2.11,1490.4,2491.361,2023-08-01
600896.SH,2003-01-08,6.25,6.45,6.22,6.43,6.26,0.17,2.72,2059.95,1302.86,2023-08-01
600868.SH,2003-01-08,3.61,3.77,3.6,3.74,3.61,0.13,3.6,13213.17,4856.073,2023-08-01
000410.SZ,2003-01-08,5.66,5.84,5.6,5.8,5.6,0.2,3.57,5046.59,2880.4069,2023-08-01
600644.SH,2003-01-08,7.24,7.3,7.24,7.26,7.24,0.02,0.28,993.5,721.744,2023-08-01
000929.SZ,2003-01-08,9.06,9.24,9.05,9.23,9.13,0.1,1.1,2020.15,1841.3557,2023-08-01
600590.SH,2003-01-08,13.48,13.89,13.4,13.78,13.75,0.03,0.22,17743.93,24201.631,2023-08-01
600075.SH,2003-01-08,6.79,7.04,6.79,6.99,6.79,0.2,2.95,1841.09,1278.064,2023-08-01
601607.SH,2003-01-08,10.61,11.17,10.61,11.13,10.75,0.38,3.53,5510.81,6041.898,2023-08-01
000660.SZ,2003-01-08,7.53,8.17,7.53,7.87,7.6,0.27,3.55,6460.66,5048.1302,2023-08-01
000937.SZ,2003-01-08,10.54,10.9,10.54,10.9,10.53,0.37,3.51,963.8,1026.7885,2023-08-01
000534.SZ,2003-01-08,6.0,6.17,6.0,6.16,5.99,0.17,2.84,2008.63,1223.2469,2023-08-01
000685.SZ,2003-01-08,11.42,12.17,11.4,12.1,11.4,0.7,6.14,32938.52,39392.5339,2023-08-01
600884.SH,2003-01-08,5.2,5.42,5.2,5.41,5.25,0.16,3.05,5402.58,2868.791,2023-08-01
600666.SH,2003-01-08,8.35,8.55,8.34,8.54,8.33,0.21,2.52,1019.41,862.432,2023-08-01
000150.SZ,2003-01-08,5.9,6.15,5.9,6.08,5.9,0.18,3.05,9029.5,5451.92,2023-08-01
600058.SH,2003-01-08,12.74,12.94,12.57,12.93,12.7,0.23,1.81,2952.68,3772.78,2023-08-01
600568.SH,2003-01-08,13.43,13.98,13.3,13.9,13.55,0.35,2.58,1655.39,2266.238,2023-08-01
600838.SH,2003-01-08,5.84,5.98,5.75,5.96,5.8,0.16,2.76,7752.73,4554.002,2023-08-01
000925.SZ,2003-01-08,16.1,16.5,16.1,16.4,16.08,0.32,1.99,771.4,1261.6984,2023-08-01
000517.SZ,2003-01-08,17.15,17.26,17.05,17.07,17.14,-0.07,-0.41,1361.0,2334.6076,2023-08-01
000875.SZ,2003-01-08,4.31,4.7,4.27,4.58,4.3,0.28,6.51,266880.92,119994.4279,2023-08-01
600237.SH,2003-01-08,18.53,18.67,18.3,18.67,18.53,0.14,0.76,1509.42,2800.256,2023-08-01
600515.SH,2003-01-08,9.25,9.68,9.2,9.62,9.25,0.37,4.0,8043.85,7616.177,2023-08-01
600037.SH,2003-01-08,16.4,16.85,16.3,16.76,16.38,0.38,2.32,2727.87,4553.08,2023-08-01
600720.SH,2003-01-08,5.08,5.45,5.08,5.44,5.11,0.33,6.46,8722.45,4600.591,2023-08-01
000691.SZ,2003-01-08,6.06,6.42,6.05,6.38,6.14,0.24,3.91,4197.3,2642.696,2023-08-01
600709.SH,2003-01-08,4.93,5.41,4.93,4.93,5.19,-0.26,-5.01,260926.02,132385.493,2023-08-01
600172.SH,2003-01-08,7.4,7.66,7.35,7.62,7.44,0.18,2.42,2845.31,2140.8,2023-08-01
600198.SH,2003-01-08,11.41,11.9,11.35,11.89,11.41,0.48,4.21,10996.7,12805.104,2023-08-01
600295.SH,2003-01-08,11.83,12.15,11.83,12.12,11.83,0.29,2.45,819.0,982.599,2023-08-01
000856.SZ,2003-01-08,6.32,6.55,6.3,6.52,6.32,0.2,3.16,2961.92,1909.8599,2023-08-01
000617.SZ,2003-01-08,11.2,11.38,11.1,11.34,11.18,0.16,1.43,785.0,879.38,2023-08-01
600509.SH,2003-01-08,10.05,10.36,9.95,10.34,10.05,0.29,2.89,4607.5,4653.538,2023-08-01
600866.SH,2003-01-08,8.6,8.93,8.6,8.88,8.59,0.29,3.38,3824.35,3353.689,2023-08-01
600388.SH,2003-01-08,11.0,11.35,10.9,11.25,11.0,0.25,2.27,4974.58,5551.29,2023-08-01
000585.SZ,2003-01-08,3.95,4.06,3.93,4.06,3.97,0.09,2.27,22895.15,9187.4155,2023-08-01
600675.SH,2003-01-08,6.6,6.85,6.58,6.8,6.6,0.2,3.03,6552.55,4394.55,2023-08-01
600550.SH,2003-01-08,6.25,6.45,6.22,6.44,6.23,0.21,3.37,4355.0,2772.458,2023-08-01
600496.SH,2003-01-08,10.2,10.68,10.16,10.46,9.88,0.58,5.87,31762.15,33002.904,2023-08-01
000888.SZ,2003-01-08,9.96,10.28,9.95,10.26,9.96,0.3,3.01,2898.22,2946.1199,2023-08-01
000037.SZ,2003-01-08,9.71,10.08,9.7,10.07,9.82,0.25,2.55,1997.42,1983.3322,2023-08-01
600842.SH,2003-01-08,4.6,4.68,4.56,4.66,4.6,0.06,1.3,11482.48,5299.96,2023-08-01
600702.SH,2003-01-08,5.69,5.9,5.68,5.88,5.7,0.18,3.16,4764.67,2762.726,2023-08-01
000837.SZ,2003-01-08,5.54,5.88,5.53,5.86,5.58,0.28,5.02,5922.4,3394.828,2023-08-01
600746.SH,2003-01-08,6.8,7.06,6.7,7.0,6.82,0.18,2.64,18021.84,12450.677,2023-08-01
000761.SZ,2003-01-08,5.13,5.24,5.08,5.23,5.08,0.15,2.95,4271.08,2212.1192,2023-08-01
000540.SZ,2003-01-08,22.17,22.19,22.05,22.19,22.17,0.02,0.09,7892.1,17507.0685,2023-08-01
000803.SZ,2003-01-08,13.55,13.68,13.5,13.66,13.54,0.12,0.89,221.24,300.2874,2023-08-01
600605.SH,2003-01-08,11.08,11.5,11.05,11.3,11.0,0.3,2.73,1337.67,1505.177,2023-08-01
600604.SH,2003-01-08,6.96,7.2,6.96,7.2,6.99,0.21,3.0,3333.27,2361.975,2023-08-01
600633.SH,2003-01-08,13.5,14.25,13.5,13.98,13.48,0.5,3.71,4611.63,6445.227,2023-08-01
600586.SH,2003-01-08,17.03,17.35,17.01,17.21,17.03,0.18,1.06,589.67,1011.814,2023-08-01
000885.SZ,2003-01-08,5.0,5.09,4.79,5.05,5.01,0.04,0.8,46672.43,23006.2259,2023-08-01
000597.SZ,2003-01-08,6.98,7.28,6.98,7.25,6.95,0.3,4.32,23310.79,16716.1105,2023-08-01
000823.SZ,2003-01-08,6.41,6.65,6.4,6.63,6.45,0.18,2.79,3732.59,2432.7221,2023-08-01
000629.SZ,2003-01-08,5.54,5.75,5.5,5.71,5.53,0.18,3.26,10626.67,5963.4179,2023-08-01
000412.SZ,2003-01-08,3.93,3.98,3.82,3.97,3.92,0.05,1.28,13500.53,5277.8545,2023-08-01
600748.SH,2003-01-08,8.27,8.56,8.24,8.55,8.25,0.3,3.64,17478.0,14724.647,2023-08-01
600395.SH,2003-01-08,6.8,7.15,6.79,7.13,6.84,0.29,4.24,3473.43,2427.764,2023-08-01
000099.SZ,2003-01-08,9.59,9.85,9.45,9.85,9.63,0.22,2.28,3066.77,2971.7873,2023-08-01
600151.SH,2003-01-08,7.46,7.64,7.35,7.63,7.49,0.14,1.87,5952.55,4464.654,2023-08-01
600689.SH,2003-01-08,7.84,8.07,7.8,8.0,7.84,0.16,2.04,2108.06,1666.767,2023-08-01
600223.SH,2003-01-08,6.65,6.89,6.63,6.86,6.59,0.27,4.1,22940.23,15601.041,2023-08-01
600331.SH,2003-01-08,10.11,10.44,10.07,10.39,10.11,0.28,2.77,1396.21,1431.25,2023-08-01
600418.SH,2003-01-08,11.22,11.45,11.2,11.43,11.25,0.18,1.6,1780.0,2017.194,2023-08-01
600536.SH,2003-01-08,21.33,22.15,21.33,22.1,21.6,0.5,2.31,814.09,1773.707,2023-08-01
000611.SZ,2003-01-08,7.42,7.77,7.33,7.7,7.37,0.33,4.48,13679.23,10313.8542,2023-08-01
600293.SH,2003-01-08,8.08,8.28,8.01,8.27,8.1,0.17,2.1,2245.4,1824.504,2023-08-01
000622.SZ,2003-01-08,6.85,7.08,6.81,7.07,6.86,0.21,3.06,1703.02,1182.4316,2023-08-01
600645.SH,2003-01-08,16.11,16.28,16.1,16.18,16.11,0.07,0.43,2917.51,4722.504,2023-08-01
600309.SH,2003-01-08,10.3,10.62,10.29,10.55,10.25,0.3,2.93,4540.8,4746.94,2023-08-01
000522.SZ,2003-01-08,6.24,6.48,6.2,6.45,6.2,0.25,4.03,10025.0,6393.9755,2023-08-01
600228.SH,2003-01-08,17.4,17.49,17.11,17.36,17.42,-0.06,-0.34,1526.0,2649.453,2023-08-01
000553.SZ,2003-01-08,6.51,6.73,6.46,6.72,6.41,0.31,4.84,16304.72,10792.1669,2023-08-01
000938.SZ,2003-01-08,14.7,15.2,14.69,15.14,14.7,0.44,2.99,4092.48,6136.0319,2023-08-01
000960.SZ,2003-01-08,5.7,5.95,5.7,5.91,5.74,0.17,2.96,2100.7,1221.7484,2023-08-01
000779.SZ,2003-01-08,6.54,6.78,6.5,6.74,6.56,0.18,2.74,2661.02,1765.7092,2023-08-01
000623.SZ,2003-01-08,9.35,9.48,9.22,9.45,9.26,0.19,2.05,1034.02,970.4424,2023-08-01
600660.SH,2003-01-08,8.93,9.05,8.9,9.05,8.95,0.1,1.12,732.37,658.266,2023-08-01
000701.SZ,2003-01-08,9.19,9.6,9.09,9.55,9.21,0.34,3.69,49081.02,45499.5483,2023-08-01
000957.SZ,2003-01-08,5.6,5.82,5.6,5.8,5.58,0.22,3.94,6777.26,3872.6162,2023-08-01
600567.SH,2003-01-08,7.98,8.29,7.91,8.26,7.9,0.36,4.56,8151.99,6627.863,2023-08-01
000920.SZ,2003-01-08,10.09,10.54,10.01,10.51,10.08,0.43,4.27,9143.16,9404.7641,2023-08-01
600579.SH,2003-01-08,8.08,8.55,8.06,8.49,8.15,0.34,4.17,10745.3,8979.206,2023-08-01
000722.SZ,2003-01-08,8.11,8.18,8.0,8.18,8.1,0.08,0.99,11983.7,9715.9704,2023-08-01
600561.SH,2003-01-08,14.18,14.69,14.08,14.61,14.34,0.27,1.88,6353.94,9216.198,2023-08-01
600001.SH,2003-01-08,5.02,5.18,5.02,5.15,5.02,0.13,2.59,12306.47,6290.066,2023-08-01
600779.SH,2003-01-08,5.56,5.78,5.55,5.78,5.62,0.16,2.85,5058.76,2877.167,2023-08-01
600519.SH,2003-01-08,25.01,25.3,24.68,25.3,24.63,0.67,2.72,1768.02,4438.021,2023-08-01
000932.SZ,2003-01-08,4.5,4.75,4.49,4.66,4.49,0.17,3.79,22402.49,10356.3273,2023-08-01
000717.SZ,2003-01-08,8.3,8.45,8.22,8.43,8.3,0.13,1.57,46816.9,39102.1986,2023-08-01
600010.SH,2003-01-08,4.34,4.59,4.3,4.52,4.34,0.18,4.15,13281.83,5922.446,2023-08-01
600297.SH,2003-01-08,11.53,11.9,11.52,11.9,11.53,0.37,3.21,843.78,985.863,2023-08-01
600891.SH,2003-01-08,4.7,4.9,4.69,4.88,4.75,0.13,2.74,4127.52,1987.232,2023-08-01
600652.SH,2003-01-08,8.85,9.29,8.81,9.21,8.91,0.3,3.37,16491.91,14956.37,2023-08-01
000912.SZ,2003-01-08,7.71,7.97,7.71,7.94,7.73,0.21,2.72,782.91,614.0969,2023-08-01
600131.SH,2003-01-08,8.38,8.5,8.23,8.5,8.32,0.18,2.16,704.85,592.159,2023-08-01
600822.SH,2003-01-08,12.9,13.19,12.83,13.19,12.79,0.4,3.13,1273.04,1663.371,2023-08-01
000573.SZ,2003-01-08,4.68,4.88,4.68,4.84,4.7,0.14,2.98,3462.49,1656.4512,2023-08-01
000952.SZ,2003-01-08,8.08,8.29,8.08,8.29,8.06,0.23,2.85,2054.31,1684.4257,2023-08-01
600503.SH,2003-01-08,15.08,15.3,14.8,15.3,15.01,0.29,1.93,8095.1,12081.307,2023-08-01
000631.SZ,2003-01-08,6.42,6.68,6.38,6.67,6.42,0.25,3.89,19382.61,12687.391,2023-08-01
000028.SZ,2003-01-08,8.6,8.92,8.52,8.89,8.62,0.27,3.13,7060.1,6179.7313,2023-08-01
600083.SH,2003-01-08,5.27,5.38,5.25,5.37,5.27,0.1,1.9,6293.64,3342.983,2023-08-01
000551.SZ,2003-01-08,6.65,6.84,6.63,6.8,6.66,0.14,2.1,2031.83,1363.9927,2023-08-01
000852.SZ,2003-01-08,8.68,8.93,8.64,8.92,8.71,0.21,2.41,3539.5,3115.2759,2023-08-01
000831.SZ,2003-01-08,5.46,5.62,5.44,5.61,5.46,0.15,2.75,5467.17,3022.7567,2023-08-01
000590.SZ,2003-01-08,7.09,7.35,7.05,7.35,7.13,0.22,3.09,8493.62,6157.0051,2023-08-01
600691.SH,2003-01-08,9.12,9.35,9.08,9.34,9.12,0.22,2.41,3662.65,3378.985,2023-08-01
600019.SH,2003-01-08,4.04,4.25,4.04,4.2,4.05,0.15,3.7,181829.16,74940.053,2023-08-01
600665.SH,2003-01-08,6.65,6.85,6.65,6.82,6.65,0.17,2.56,3913.53,2643.139,2023-08-01
000833.SZ,2003-01-08,8.35,8.54,8.25,8.5,8.35,0.15,1.8,16049.27,13557.4349,2023-08-01
600827.SH,2003-01-08,12.19,12.5,12.0,12.5,12.1,0.4,3.31,2473.98,3020.546,2023-08-01
600351.SH,2003-01-08,13.46,13.65,13.33,13.65,13.32,0.33,2.48,1742.97,2348.332,2023-08-01
000697.SZ,2003-01-08,7.35,7.55,7.35,7.55,7.35,0.2,2.72,3781.88,2820.5888,2023-08-01
600148.SH,2003-01-08,8.51,8.88,8.51,8.83,8.56,0.27,3.15,1453.87,1267.533,2023-08-01
000413.SZ,2003-01-08,7.38,7.59,7.31,7.54,7.22,0.32,4.43,6811.84,5114.124,2023-08-01
000039.SZ,2003-01-08,13.58,13.9,13.58,13.89,13.58,0.31,2.28,1521.16,2090.9335,2023-08-01
000661.SZ,2003-01-08,7.71,7.99,7.67,7.96,7.71,0.25,3.24,5848.56,4592.3337,2023-08-01
600016.SH,2003-01-08,8.85,9.39,8.81,9.26,8.89,0.37,4.16,19116.32,17510.472,2023-08-01
000564.SZ,2003-01-08,6.13,6.26,6.0,6.24,6.09,0.15,2.46,3330.18,2037.8316,2023-08-01
600505.SH,2003-01-08,10.7,11.15,10.61,11.12,10.72,0.4,3.73,9797.59,10669.909,2023-08-01
600863.SH,2003-01-08,7.56,7.85,7.56,7.82,7.58,0.24,3.17,3910.92,3014.983,2023-08-01
000062.SZ,2003-01-08,8.55,8.88,8.48,8.85,8.6,0.25,2.91,7570.65,6533.6,2023-08-01
600692.SH,2003-01-08,12.45,12.75,12.44,12.72,12.39,0.33,2.66,1594.03,2007.51,2023-08-01
600826.SH,2003-01-08,7.48,7.75,7.39,7.62,7.4,0.22,2.97,1211.07,909.052,2023-08-01
600101.SH,2003-01-08,10.0,10.2,9.9,10.2,9.95,0.25,2.51,1656.8,1672.11,2023-08-01
000723.SZ,2003-01-08,7.88,8.08,7.88,8.08,7.9,0.18,2.28,2529.82,2024.2602,2023-08-01
600500.SH,2003-01-08,8.3,8.48,8.26,8.45,8.22,0.23,2.8,1290.0,1083.886,2023-08-01
000555.SZ,2003-01-08,23.79,23.88,23.42,23.87,23.85,0.02,0.08,137.5,326.6201,2023-08-01
000893.SZ,2003-01-08,6.57,6.79,6.55,6.75,6.56,0.19,2.9,11771.81,7899.6662,2023-08-01
600864.SH,2003-01-08,7.54,7.88,7.54,7.85,7.54,0.31,4.11,5413.75,4192.729,2023-08-01
600066.SH,2003-01-08,12.06,12.26,12.01,12.26,12.07,0.19,1.57,2208.3,2688.133,2023-08-01
600199.SH,2003-01-08,5.75,5.79,5.6,5.78,5.63,0.15,2.66,2314.97,1323.132,2023-08-01
000034.SZ,2003-01-08,7.84,8.22,7.73,8.2,7.88,0.32,4.06,31285.36,24975.2753,2023-08-01
000919.SZ,2003-01-08,14.8,15.25,14.8,15.22,15.0,0.22,1.47,320.0,482.324,2023-08-01
000785.SZ,2003-01-08,6.82,7.05,6.77,7.04,6.81,0.23,3.38,4399.37,3042.7953,2023-08-01
000589.SZ,2003-01-08,6.15,6.48,6.12,6.26,5.98,0.28,4.68,17969.14,11191.861,2023-08-01
000727.SZ,2003-01-08,6.42,6.8,6.42,6.79,6.38,0.41,6.43,94995.38,62983.4015,2023-08-01
000988.SZ,2003-01-08,26.08,26.8,26.08,26.72,26.47,0.25,0.94,1014.84,2696.6463,2023-08-01
000839.SZ,2003-01-08,13.57,14.0,13.5,13.98,13.54,0.44,3.25,22212.27,30677.4253,2023-08-01
000582.SZ,2003-01-08,7.43,7.7,7.43,7.63,7.41,0.22,2.97,2277.22,1719.4645,2023-08-01
600848.SH,2003-01-08,7.73,7.91,7.73,7.9,7.73,0.17,2.2,2320.73,1817.635,2023-08-01
600277.SH,2003-01-08,10.0,10.41,10.0,10.34,10.07,0.27,2.68,1219.03,1241.398,2023-08-01
600789.SH,2003-01-08,6.1,6.22,6.02,6.21,6.0,0.21,3.5,19266.03,11799.949,2023-08-01
600135.SH,2003-01-08,9.5,10.05,9.5,9.88,9.57,0.31,3.24,3393.02,3325.021,2023-08-01
600289.SH,2003-01-08,21.05,21.38,20.8,21.31,21.08,0.23,1.09,1213.66,2575.384,2023-08-01
000730.SZ,2003-01-08,5.86,6.08,5.86,6.05,5.86,0.19,3.24,4796.46,2871.8449,2023-08-01
000056.SZ,2003-01-08,9.08,9.45,9.08,9.42,9.12,0.3,3.29,9199.95,8531.6863,2023-08-01
600200.SH,2003-01-08,16.95,17.3,16.95,17.19,16.98,0.21,1.24,2800.48,4779.154,2023-08-01
600872.SH,2003-01-08,5.06,5.32,5.06,5.3,5.07,0.23,4.54,7028.77,3666.318,2023-08-01
600195.SH,2003-01-08,7.44,7.75,7.44,7.69,7.5,0.19,2.53,1035.01,784.269,2023-08-01
600642.SH,2003-01-08,8.93,9.29,8.9,9.28,8.94,0.34,3.8,12466.73,11367.161,2023-08-01
600187.SH,2003-01-08,10.54,10.7,10.51,10.67,10.55,0.12,1.14,2682.26,2847.058,2023-08-01
000811.SZ,2003-01-08,10.06,10.29,10.04,10.28,10.11,0.17,1.68,745.49,758.5497,2023-08-01
600050.SH,2003-01-08,2.65,2.87,2.64,2.82,2.66,0.16,6.02,837016.29,233558.747,2023-08-01
600630.SH,2003-01-08,6.44,6.57,6.34,6.56,6.36,0.2,3.14,4972.59,3212.758,2023-08-01
600096.SH,2003-01-08,8.22,8.5,8.22,8.48,8.29,0.19,2.29,2735.49,2292.549,2023-08-01
600225.SH,2003-01-08,8.09,8.46,8.02,8.4,8.09,0.31,3.83,12689.75,10495.33,2023-08-01
000055.SZ,2003-01-08,9.46,10.09,9.4,10.04,9.46,0.58,6.13,27420.05,26814.7615,2023-08-01
600238.SH,2003-01-08,8.63,9.0,8.63,8.96,8.65,0.31,3.58,1386.55,1223.135,2023-08-01
600622.SH,2003-01-08,5.73,5.98,5.73,5.97,5.78,0.19,3.29,7126.19,4193.082,2023-08-01
000979.SZ,2003-01-08,13.0,13.1,12.88,13.01,12.8,0.21,1.64,504.7,655.8693,2023-08-01
000889.SZ,2003-01-08,5.95,6.16,5.95,6.14,6.0,0.14,2.33,5973.43,3629.6088,2023-08-01
600733.SH,2003-01-08,8.23,8.58,8.16,8.56,8.28,0.28,3.38,13112.43,10969.631,2023-08-01
600301.SH,2003-01-08,6.7,7.05,6.7,6.99,6.7,0.29,4.33,3891.64,2659.849,2023-08-01
000046.SZ,2003-01-08,6.6,6.9,6.5,6.89,6.68,0.21,3.14,4147.81,2813.448,2023-08-01
600800.SH,2003-01-08,5.95,6.08,5.9,6.08,5.95,0.13,2.18,18428.66,11066.155,2023-08-01
600201.SH,2003-01-08,14.91,15.35,14.91,15.35,15.08,0.27,1.79,422.0,639.218,2023-08-01
600380.SH,2003-01-08,17.7,18.2,17.69,18.19,17.75,0.44,2.48,22073.56,39784.056,2023-08-01
000544.SZ,2003-01-08,4.33,4.53,4.33,4.5,4.4,0.1,2.27,11905.21,5285.0499,2023-08-01
000751.SZ,2003-01-08,4.58,4.79,4.58,4.73,4.62,0.11,2.38,4701.77,2204.8884,2023-08-01
600600.SH,2003-01-08,7.57,7.89,7.54,7.81,7.6,0.21,2.76,5010.06,3845.968,2023-08-01
000157.SZ,2003-01-08,8.52,8.9,8.5,8.79,8.51,0.28,3.29,1801.91,1554.5281,2023-08-01
000767.SZ,2003-01-08,10.7,10.97,10.7,10.92,10.85,0.07,0.65,2726.98,2970.2468,2023-08-01
000677.SZ,2003-01-08,6.58,6.9,6.58,6.9,6.65,0.25,3.76,2332.77,1576.2128,2023-08-01
600150.SH,2003-01-08,7.9,8.09,7.8,8.08,7.91,0.17,2.15,6027.77,4801.336,2023-08-01
600183.SH,2003-01-08,6.18,6.37,6.18,6.36,6.18,0.18,2.91,2547.14,1595.018,2023-08-01
000966.SZ,2003-01-08,6.65,6.89,6.65,6.89,6.7,0.19,2.84,1308.5,887.9185,2023-08-01
600829.SH,2003-01-08,10.48,10.6,10.39,10.58,10.48,0.1,0.95,1086.95,1140.284,2023-08-01
600650.SH,2003-01-08,10.13,10.39,10.03,10.39,10.18,0.21,2.06,4376.97,4505.607,2023-08-01
000633.SZ,2003-01-08,35.47,35.6,35.44,35.54,35.47,0.07,0.2,3587.0,12737.608,2023-08-01
000068.SZ,2003-01-08,7.15,7.5,7.13,7.49,7.19,0.3,4.17,16830.59,12360.0427,2023-08-01
000917.SZ,2003-01-08,13.22,13.6,13.22,13.55,13.2,0.35,2.65,3779.53,5067.6002,2023-08-01
000783.SZ,2003-01-08,3.99,4.2,3.98,4.16,4.0,0.16,4.0,7538.83,3086.4135,2023-08-01
600571.SH,2003-01-08,22.5,23.0,22.26,22.94,22.56,0.38,1.68,1902.52,4304.141,2023-08-01
600736.SH,2003-01-08,7.1,7.25,7.05,7.23,7.06,0.17,2.41,1353.46,966.45,2023-08-01
600137.SH,2003-01-08,9.19,9.33,9.05,9.32,9.23,0.09,0.98,1953.85,1793.283,2023-08-01
600819.SH,2003-01-08,12.5,12.96,12.5,12.67,12.6,0.07,0.56,532.72,677.426,2023-08-01
600235.SH,2003-01-08,19.36,19.65,19.36,19.53,19.54,-0.01,-0.05,1440.0,2809.457,2023-08-01
000405.SZ,2003-01-08,4.02,4.18,4.02,4.14,4.23,-0.09,-2.13,43887.48,17840.3157,2023-08-01
600875.SH,2003-01-08,6.41,6.48,6.28,6.48,6.33,0.15,2.37,3859.46,2472.475,2023-08-01
600694.SH,2003-01-08,6.87,7.12,6.8,7.07,6.87,0.2,2.91,9162.6,6345.779,2023-08-01
600373.SH,2003-01-08,8.77,9.16,8.77,9.15,8.79,0.36,4.1,8520.64,7675.275,2023-08-01
600796.SH,2003-01-08,12.58,12.65,12.41,12.64,12.58,0.06,0.48,354.41,444.209,2023-08-01
600121.SH,2003-01-08,7.25,7.43,7.22,7.4,7.29,0.11,1.51,2460.4,1806.323,2023-08-01
000637.SZ,2003-01-08,13.8,13.82,13.75,13.8,13.8,0.0,0.0,668.0,921.0894,2023-08-01
600107.SH,2003-01-08,4.89,5.08,4.89,5.06,4.89,0.17,3.48,3048.1,1516.882,2023-08-01
600649.SH,2003-01-08,6.52,6.8,6.51,6.75,6.54,0.21,3.21,12313.72,8229.356,2023-08-01
600698.SH,2003-01-08,3.42,3.56,3.42,3.55,3.45,0.1,2.9,15072.05,5274.027,2023-08-01
600823.SH,2003-01-08,8.63,8.88,8.58,8.87,8.68,0.19,2.19,6639.02,5811.796,2023-08-01
000681.SZ,2003-01-08,7.75,8.13,7.66,8.11,7.75,0.36,4.65,17291.99,13624.3809,2023-08-01
000728.SZ,2003-01-08,5.37,5.52,5.28,5.51,5.36,0.15,2.8,6533.46,3540.1572,2023-08-01
600261.SH,2003-01-08,12.51,13.02,12.5,13.0,12.5,0.5,4.0,1094.5,1401.499,2023-08-01
000901.SZ,2003-01-08,18.0,18.38,17.89,18.3,18.17,0.13,0.72,3006.32,5435.7184,2023-08-01
000616.SZ,2003-01-08,6.08,6.54,6.08,6.48,6.11,0.37,6.06,21880.4,13881.5248,2023-08-01
000632.SZ,2003-01-08,16.6,16.88,16.4,16.83,16.71,0.12,0.72,10022.06,16725.6336,2023-08-01
600221.SH,2003-01-08,5.3,5.55,5.26,5.49,5.29,0.2,3.78,34511.97,18647.008,2023-08-01
000609.SZ,2003-01-08,9.29,9.5,9.25,9.5,9.25,0.25,2.7,1165.35,1093.6891,2023-08-01
000799.SZ,2003-01-08,6.88,7.0,6.8,7.0,6.81,0.19,2.79,2665.36,1843.4715,2023-08-01
000669.SZ,2003-01-08,12.55,12.99,12.42,12.96,12.55,0.41,3.27,2023.64,2596.4242,2023-08-01
600033.SH,2003-01-08,8.0,8.23,7.95,8.19,8.02,0.17,2.12,8190.0,6650.837,2023-08-01
000926.SZ,2003-01-08,7.12,7.3,7.07,7.29,7.1,0.19,2.68,3945.1,2840.4748,2023-08-01
600559.SH,2003-01-08,9.6,10.05,9.58,10.01,9.59,0.42,4.38,13717.45,13495.449,2023-08-01
600191.SH,2003-01-08,6.93,7.27,6.93,7.21,6.98,0.23,3.3,2362.78,1677.829,2023-08-01
600486.SH,2003-01-08,13.36,13.75,13.36,13.7,13.5,0.2,1.48,2440.0,3310.876,2023-08-01
600563.SH,2003-01-08,12.4,13.0,12.36,12.98,12.5,0.48,3.84,10429.36,13317.151,2023-08-01
600120.SH,2003-01-08,14.41,14.44,14.36,14.42,14.44,-0.02,-0.14,5935.0,8546.512,2023-08-01
000828.SZ,2003-01-08,7.13,7.18,7.03,7.17,7.1,0.07,0.99,4991.43,3550.8549,2023-08-01
000805.SZ,2003-01-08,16.58,17.4,16.51,17.07,16.49,0.58,3.52,3361.14,5741.7741,2023-08-01
000709.SZ,2003-01-08,5.57,5.7,5.57,5.69,5.56,0.13,2.34,8767.85,4939.5276,2023-08-01
600589.SH,2003-01-08,13.72,14.2,13.71,14.13,13.71,0.42,3.06,1450.18,2025.641,2023-08-01
600693.SH,2003-01-08,7.16,7.44,7.06,7.43,7.25,0.18,2.48,2893.74,2116.45,2023-08-01
000042.SZ,2003-01-08,9.42,9.68,9.32,9.65,9.43,0.22,2.33,1565.74,1490.6127,2023-08-01
600616.SH,2003-01-08,9.98,10.19,9.86,10.16,10.01,0.15,1.5,2390.5,2405.265,2023-08-01
600292.SH,2003-01-08,12.1,12.47,12.05,12.46,12.1,0.36,2.98,904.6,1104.87,2023-08-01
000928.SZ,2003-01-08,5.58,5.8,5.56,5.79,5.57,0.22,3.95,4385.57,2493.1533,2023-08-01
600269.SH,2003-01-08,9.55,10.0,9.55,9.9,9.55,0.35,3.66,12487.9,12273.543,2023-08-01
000063.SZ,2003-01-08,12.9,13.33,12.88,13.29,12.94,0.35,2.7,14564.5,19191.954,2023-08-01
600893.SH,2003-01-08,7.14,7.18,6.86,7.04,7.12,-0.08,-1.12,33854.17,23636.678,2023-08-01
600308.SH,2003-01-08,12.19,12.4,11.52,12.35,12.15,0.2,1.65,4328.13,5238.34,2023-08-01
000892.SZ,2003-01-08,8.17,8.48,8.15,8.45,8.19,0.26,3.17,22080.46,18402.8512,2023-08-01
000538.SZ,2003-01-08,16.55,16.61,16.35,16.61,16.57,0.04,0.24,434.8,717.996,2023-08-01
600399.SH,2003-01-08,5.0,5.28,5.0,5.25,5.05,0.2,3.96,4851.28,2498.835,2023-08-01
600653.SH,2003-01-08,3.42,3.57,3.38,3.53,3.42,0.11,3.22,144901.32,50488.628,2023-08-01
600335.SH,2003-01-08,10.04,10.28,9.88,10.25,9.94,0.31,3.12,2419.23,2444.636,2023-08-01
000748.SZ,2003-01-08,8.09,8.3,8.01,8.29,8.11,0.18,2.22,12920.22,10535.9567,2023-08-01
600258.SH,2003-01-08,12.38,12.6,12.25,12.6,12.26,0.34,2.77,1893.06,2353.835,2023-08-01
000505.SZ,2003-01-08,5.45,5.77,5.45,5.74,5.48,0.26,4.74,7035.54,3989.5911,2023-08-01
600282.SH,2003-01-08,5.75,5.99,5.66,5.95,5.72,0.23,4.02,10039.1,5883.971,2023-08-01
600026.SH,2003-01-08,4.62,5.07,4.58,5.07,4.61,0.46,9.98,236878.81,117299.076,2023-08-01
600330.SH,2003-01-08,11.0,11.35,10.97,11.33,11.01,0.32,2.91,7444.37,8259.726,2023-08-01
000048.SZ,2003-01-08,5.38,5.38,5.09,5.2,5.2,0.0,0.0,21042.68,10956.6797,2023-08-01
000980.SZ,2003-01-08,7.26,7.45,7.18,7.4,7.26,0.14,1.93,2121.99,1552.1857,2023-08-01
600878.SH,2003-01-08,6.2,6.48,6.2,6.47,6.27,0.2,3.19,3032.15,1927.492,2023-08-01
600317.SH,2003-01-08,9.1,9.35,9.1,9.25,9.11,0.14,1.54,17162.7,15812.974,2023-08-01
600192.SH,2003-01-08,6.08,6.23,6.01,6.23,6.07,0.16,2.64,1501.99,923.128,2023-08-01
000778.SZ,2003-01-08,10.04,10.2,9.97,10.19,10.0,0.19,1.9,2554.22,2575.4667,2023-08-01
000959.SZ,2003-01-08,5.52,5.8,5.46,5.74,5.52,0.22,3.99,11219.67,6333.5614,2023-08-01
000560.SZ,2003-01-08,5.0,5.05,4.82,4.98,5.0,-0.02,-0.4,6006.36,2974.9243,2023-08-01
000566.SZ,2003-01-08,5.3,5.47,5.3,5.46,5.36,0.1,1.87,1910.69,1033.977,2023-08-01
600322.SH,2003-01-08,7.35,7.7,7.35,7.64,7.39,0.25,3.38,8070.53,6079.595,2023-08-01
600077.SH,2003-01-08,8.5,8.87,8.5,8.84,8.52,0.32,3.76,2142.12,1865.838,2023-08-01
600099.SH,2003-01-08,6.98,7.05,6.79,7.05,6.88,0.17,2.47,10665.6,7364.049,2023-08-01
600696.SH,2003-01-08,7.7,7.9,7.61,7.89,7.65,0.24,3.14,2277.1,1780.765,2023-08-01
600316.SH,2003-01-08,8.88,9.18,8.88,9.16,8.9,0.26,2.92,2419.41,2184.681,2023-08-01
600378.SH,2003-01-08,7.59,7.85,7.5,7.82,7.59,0.23,3.03,7100.77,5475.957,2023-08-01
600358.SH,2003-01-08,12.23,12.37,12.15,12.37,12.4,-0.03,-0.24,1456.5,1788.182,2023-08-01
600145.SH,2003-01-08,5.11,5.36,5.11,5.36,5.14,0.22,4.28,12481.06,6542.67,2023-08-01
000716.SZ,2003-01-08,8.15,8.24,7.97,8.2,8.03,0.17,2.12,2615.41,2120.1344,2023-08-01
600759.SH,2003-01-08,5.9,6.18,5.79,6.01,6.01,0.0,0.0,93233.79,55633.937,2023-08-01
000537.SZ,2003-01-08,10.05,10.25,10.05,10.2,9.99,0.21,2.1,1045.68,1061.7593,2023-08-01
000156.SZ,2003-01-08,11.85,12.18,11.8,12.17,11.82,0.35,2.96,2144.84,2570.0366,2023-08-01
000711.SZ,2003-01-08,9.14,9.3,9.0,9.3,9.08,0.22,2.42,1555.9,1427.6552,2023-08-01
600242.SH,2003-01-08,7.77,8.04,7.69,7.98,7.75,0.23,2.97,2376.6,1868.387,2023-08-01
000670.SZ,2003-01-08,5.31,5.5,5.28,5.5,5.32,0.18,3.38,4026.49,2182.2076,2023-08-01
600400.SH,2003-01-08,9.7,10.1,9.7,10.01,9.69,0.32,3.3,708.06,700.863,2023-08-01
600602.SH,2003-01-08,8.2,8.48,8.16,8.43,8.16,0.27,3.31,31376.84,26131.793,2023-08-01
600772.SH,2003-01-08,8.1,8.2,7.88,8.19,7.97,0.22,2.76,6842.35,5498.245,2023-08-01
000599.SZ,2003-01-08,10.2,10.38,10.1,10.32,10.16,0.16,1.57,799.48,817.7484,2023-08-01
600552.SH,2003-01-08,11.41,11.88,11.3,11.85,11.38,0.47,4.13,13221.92,15413.317,2023-08-01
600890.SH,2003-01-08,19.07,19.14,19.04,19.1,19.07,0.03,0.16,1677.0,3200.828,2023-08-01
600580.SH,2003-01-08,12.73,13.21,12.7,13.15,12.85,0.3,2.33,3355.0,4335.374,2023-08-01
600721.SH,2003-01-08,8.18,8.47,8.16,8.45,8.2,0.25,3.05,5897.68,4900.232,2023-08-01
600765.SH,2003-01-08,9.09,9.6,8.92,9.5,9.09,0.41,4.51,13357.93,12531.05,2023-08-01
600614.SH,2003-01-08,16.22,16.66,16.2,16.62,16.3,0.32,1.96,940.62,1556.454,2023-08-01
600619.SH,2003-01-08,11.45,11.6,11.39,11.59,11.33,0.26,2.29,751.85,862.143,2023-08-01
600422.SH,2003-01-08,14.7,15.13,14.7,15.13,14.7,0.43,2.93,454.0,674.763,2023-08-01
600287.SH,2003-01-08,10.33,10.6,10.26,10.57,10.21,0.36,3.53,1296.47,1348.901,2023-08-01
600318.SH,2003-01-08,7.22,7.45,7.2,7.4,7.22,0.18,2.49,1854.1,1353.192,2023-08-01
600208.SH,2003-01-08,6.93,7.28,6.85,7.27,6.85,0.42,6.13,9213.44,6515.937,2023-08-01
600215.SH,2003-01-08,8.31,8.68,8.3,8.67,8.29,0.38,4.58,6528.14,5559.196,2023-08-01
600260.SH,2003-01-08,12.21,12.7,12.12,12.65,12.34,0.31,2.51,8223.72,10232.781,2023-08-01
600149.SH,2003-01-08,7.21,7.5,7.17,7.43,7.23,0.2,2.77,8421.64,6095.603,2023-08-01
600081.SH,2003-01-08,16.19,16.19,15.9,16.16,16.18,-0.02,-0.12,581.8,936.719,2023-08-01
600112.SH,2003-01-08,7.45,7.72,7.4,7.7,7.57,0.13,1.72,7166.98,5425.715,2023-08-01
600007.SH,2003-01-08,6.58,6.85,6.53,6.83,6.58,0.25,3.8,3920.16,2618.374,2023-08-01
000858.SZ,2003-01-08,11.12,11.37,11.1,11.35,11.12,0.23,2.07,3722.07,4183.3125,2023-08-01
000883.SZ,2003-01-08,6.12,6.43,6.12,6.42,6.14,0.28,4.56,4854.4,3040.6331,2023-08-01
000890.SZ,2003-01-08,6.98,7.14,6.84,7.12,7.03,0.09,1.28,20359.98,14234.1554,2023-08-01
000909.SZ,2003-01-08,8.28,8.45,8.21,8.45,8.3,0.15,1.81,4634.43,3872.801,2023-08-01
000782.SZ,2003-01-08,5.74,5.9,5.7,5.89,5.73,0.16,2.79,3800.27,2203.68,2023-08-01
000787.SZ,2003-01-08,8.88,9.14,8.82,9.07,8.9,0.17,1.91,7154.97,6419.5169,2023-08-01
000708.SZ,2003-01-08,4.68,4.8,4.65,4.79,4.68,0.11,2.35,4679.14,2214.0374,2023-08-01
000610.SZ,2003-01-08,7.67,8.0,7.67,7.9,7.62,0.28,3.67,4563.75,3583.6576,2023-08-01
000552.SZ,2003-01-08,6.83,7.03,6.71,7.02,6.84,0.18,2.63,17402.44,11984.5059,2023-08-01
000416.SZ,2003-01-08,16.05,16.5,15.9,16.19,16.09,0.1,0.62,2029.02,3278.0256,2023-08-01
000014.SZ,2003-01-08,9.43,9.78,9.4,9.77,9.44,0.33,3.5,2844.45,2751.7172,2023-08-01
600158.SH,2003-01-08,9.1,9.4,9.05,9.38,9.07,0.31,3.42,3298.96,3032.832,2023-08-01
000514.SZ,2003-01-08,9.5,9.88,9.5,9.85,9.5,0.35,3.68,1082.32,1051.1776,2023-08-01
600775.SH,2003-01-08,9.65,10.5,9.57,10.39,9.64,0.75,7.78,45659.88,45904.013,2023-08-01
600523.SH,2003-01-08,7.18,7.61,7.18,7.52,7.2,0.32,4.44,7748.38,5753.963,2023-08-01
600074.SH,2003-01-08,6.15,6.35,6.13,6.3,6.19,0.11,1.78,5952.36,3719.327,2023-08-01
600132.SH,2003-01-08,19.3,19.9,19.3,19.85,19.55,0.3,1.53,12605.47,24607.046,2023-08-01
000683.SZ,2003-01-08,4.89,5.06,4.89,5.05,4.93,0.12,2.43,1943.49,969.1459,2023-08-01
600079.SH,2003-01-08,7.96,8.25,7.9,8.19,7.94,0.25,3.15,4576.58,3710.379,2023-08-01
000877.SZ,2003-01-08,11.22,11.6,11.22,11.47,11.29,0.18,1.59,963.6,1099.9136,2023-08-01
000816.SZ,2003-01-08,6.69,6.89,6.5,6.88,6.67,0.21,3.15,2390.79,1603.9428,2023-08-01
000707.SZ,2003-01-08,4.73,4.96,4.72,4.95,4.77,0.18,3.77,11851.15,5770.7265,2023-08-01
600701.SH,2003-01-08,6.5,6.78,6.5,6.77,6.54,0.23,3.52,2930.85,1952.37,2023-08-01
600749.SH,2003-01-08,10.56,10.8,10.47,10.79,10.56,0.23,2.18,455.0,485.158,2023-08-01
000880.SZ,2003-01-08,5.7,5.97,5.66,5.96,5.7,0.26,4.56,10989.31,6429.4892,2023-08-01
000562.SZ,2003-01-08,7.72,8.54,7.72,8.52,7.79,0.73,9.37,61828.15,50999.8296,2023-08-01
600179.SH,2003-01-08,5.6,5.85,5.6,5.84,5.68,0.16,2.82,2179.01,1251.538,2023-08-01
600196.SH,2003-01-08,8.56,9.15,8.56,9.11,8.82,0.29,3.29,4100.43,3683.734,2023-08-01
000998.SZ,2003-01-08,16.22,16.66,16.22,16.66,16.26,0.4,2.46,1078.46,1777.5045,2023-08-01
600397.SH,2003-01-08,7.85,8.25,7.85,8.24,7.89,0.35,4.44,14253.85,11545.545,2023-08-01
600393.SH,2003-01-08,8.07,8.26,8.03,8.24,8.01,0.23,2.87,1740.89,1421.746,2023-08-01
000956.SZ,2003-01-08,9.4,9.64,9.34,9.58,9.39,0.19,2.02,16743.74,15914.0187,2023-08-01
600632.SH,2003-01-08,7.3,7.45,7.26,7.44,7.27,0.17,2.34,1414.27,1040.37,2023-08-01
600784.SH,2003-01-08,5.9,6.2,5.88,6.14,5.95,0.19,3.19,7430.22,4522.028,2023-08-01
600598.SH,2003-01-08,5.53,5.98,5.5,5.9,5.55,0.35,6.31,61434.28,35456.271,2023-08-01
600714.SH,2003-01-08,19.78,19.83,19.56,19.7,19.8,-0.1,-0.51,3396.01,6700.188,2023-08-01
600203.SH,2003-01-08,7.26,7.56,7.26,7.5,7.25,0.25,3.45,3918.35,2906.861,2023-08-01
000407.SZ,2003-01-08,5.85,6.05,5.85,6.04,5.87,0.17,2.9,2860.74,1703.5097,2023-08-01
000415.SZ,2003-01-08,6.98,7.2,6.98,7.18,6.98,0.2,2.87,2441.54,1732.7474,2023-08-01
600128.SH,2003-01-08,7.25,7.46,7.23,7.45,7.25,0.2,2.76,2888.88,2120.782,2023-08-01
600182.SH,2003-01-08,4.85,5.0,4.75,4.97,4.89,0.08,1.64,20055.88,9809.614,2023-08-01
600840.SH,2003-01-08,7.16,7.32,7.08,7.3,7.13,0.17,2.38,2143.83,1543.203,2023-08-01
600539.SH,2003-01-08,7.48,7.79,7.48,7.76,7.5,0.26,3.47,4242.23,3246.886,2023-08-01
000040.SZ,2003-01-08,6.19,6.53,6.15,6.5,6.18,0.32,5.18,15123.59,9586.7566,2023-08-01
600382.SH,2003-01-08,8.24,8.41,8.17,8.4,8.19,0.21,2.56,1418.05,1175.501,2023-08-01
000718.SZ,2003-01-08,4.23,4.42,4.18,4.42,4.21,0.21,4.99,9444.22,4071.2125,2023-08-01
000547.SZ,2003-01-08,8.08,8.24,7.93,8.22,8.1,0.12,1.48,9969.83,8074.0368,2023-08-01
600073.SH,2003-01-08,11.15,11.45,11.06,11.43,11.1,0.33,2.97,25244.5,28427.918,2023-08-01
000758.SZ,2003-01-08,5.7,5.97,5.7,5.97,5.78,0.19,3.29,3821.39,2239.3435,2023-08-01
600125.SH,2003-01-08,8.68,8.98,8.68,8.96,8.71,0.25,2.87,3524.26,3105.025,2023-08-01
600084.SH,2003-01-08,8.4,8.71,8.4,8.66,8.45,0.21,2.49,647.7,556.789,2023-08-01
600226.SH,2003-01-08,10.4,10.9,10.38,10.87,10.44,0.43,4.12,31692.98,33758.722,2023-08-01
000615.SZ,2003-01-08,7.95,8.19,7.91,8.18,7.91,0.27,3.41,1267.0,1025.2996,2023-08-01
000687.SZ,2003-01-08,5.98,6.15,5.98,6.15,5.98,0.17,2.84,2624.23,1593.6047,2023-08-01
000750.SZ,2003-01-08,5.32,5.5,5.31,5.48,5.31,0.17,3.2,3151.2,1703.3777,2023-08-01
000963.SZ,2003-01-08,11.0,11.2,10.88,11.11,11.12,-0.01,-0.09,3920.7,4302.8308,2023-08-01
000515.SZ,2003-01-08,7.88,8.13,7.8,8.12,7.89,0.23,2.92,8765.7,7015.1048,2023-08-01
600518.SH,2003-01-08,28.35,29.0,28.28,28.91,28.34,0.57,2.01,210.0,601.382,2023-08-01
000501.SZ,2003-01-08,4.69,4.84,4.69,4.83,4.69,0.14,2.99,3503.81,1670.01,2023-08-01
000630.SZ,2003-01-08,5.75,5.98,5.71,5.95,5.75,0.2,3.48,7134.95,4207.7401,2023-08-01
600754.SH,2003-01-08,7.99,8.26,7.91,8.21,7.99,0.22,2.75,3871.96,3141.151,2023-08-01
000606.SZ,2003-01-08,11.78,12.08,11.71,11.97,11.86,0.11,0.93,2262.4,2698.9699,2023-08-01
000513.SZ,2003-01-08,8.32,8.58,8.3,8.51,8.35,0.16,1.92,974.6,817.3299,2023-08-01
000650.SZ,2003-01-08,6.19,6.4,6.18,6.4,6.2,0.2,3.23,9341.74,5896.3534,2023-08-01
600727.SH,2003-01-08,7.86,8.15,7.86,8.15,7.86,0.29,3.69,3573.14,2859.602,2023-08-01
600212.SH,2003-01-08,5.9,6.15,5.88,6.14,5.9,0.24,4.07,12632.1,7614.445,2023-08-01
600810.SH,2003-01-08,6.72,6.95,6.71,6.93,6.74,0.19,2.82,5049.48,3457.134,2023-08-01
600744.SH,2003-01-08,5.52,5.65,5.51,5.64,5.52,0.12,2.17,1673.81,935.054,2023-08-01
000679.SZ,2003-01-08,6.05,6.19,6.02,6.18,6.04,0.14,2.32,5209.08,3184.4389,2023-08-01
000993.SZ,2003-01-08,6.81,7.1,6.8,7.06,6.8,0.26,3.82,2272.31,1579.7185,2023-08-01
600533.SH,2003-01-08,12.8,13.35,12.73,13.2,12.89,0.31,2.41,4251.48,5546.166,2023-08-01
600278.SH,2003-01-08,9.3,9.66,9.21,9.6,9.32,0.28,3.0,1855.79,1747.797,2023-08-01
000765.SZ,2003-01-08,6.15,6.39,6.1,6.37,6.18,0.19,3.07,23288.0,14560.9125,2023-08-01
600232.SH,2003-01-08,9.17,9.48,9.13,9.48,9.22,0.26,2.82,1301.09,1205.145,2023-08-01
000635.SZ,2003-01-08,6.9,7.16,6.8,7.15,6.98,0.17,2.44,10268.64,7152.3613,2023-08-01
600656.SH,2003-01-08,12.93,13.42,12.93,13.42,13.17,0.25,1.9,796.72,1060.955,2023-08-01
600679.SH,2003-01-08,18.11,18.21,18.06,18.16,18.19,-0.03,-0.16,961.0,1744.25,2023-08-01
600618.SH,2003-01-08,10.5,10.8,10.48,10.8,10.54,0.26,2.47,1229.5,1312.679,2023-08-01
600458.SH,2003-01-08,13.23,13.78,13.16,13.7,13.27,0.43,3.24,9019.4,12174.381,2023-08-01
000802.SZ,2003-01-08,9.36,9.65,9.2,9.6,9.5,0.1,1.05,1774.85,1687.0346,2023-08-01
000301.SZ,2003-01-08,5.89,6.15,5.89,6.13,5.97,0.16,2.68,5408.92,3268.9851,2023-08-01
000618.SZ,2003-01-08,4.99,5.04,4.9,5.04,4.99,0.05,1.0,6752.03,3351.5585,2023-08-01
600812.SH,2003-01-08,4.85,5.04,4.82,5.02,4.86,0.16,3.29,15745.98,7753.193,2023-08-01
600732.SH,2003-01-08,8.48,8.95,8.46,8.84,8.59,0.25,2.91,6100.9,5296.1,2023-08-01
000638.SZ,2003-01-08,4.61,4.73,4.6,4.73,4.62,0.11,2.38,4748.75,2207.8373,2023-08-01
600607.SH,2003-01-08,8.63,8.88,8.61,8.87,8.63,0.24,2.78,1259.17,1103.143,2023-08-01
600882.SH,2003-01-08,5.7,5.96,5.7,5.94,5.77,0.17,2.95,1602.61,935.257,2023-08-01
600735.SH,2003-01-08,6.5,6.8,6.47,6.78,6.54,0.24,3.67,19438.15,12945.391,2023-08-01
600102.SH,2003-01-08,5.96,6.18,5.96,6.16,6.0,0.16,2.67,5961.56,3630.981,2023-08-01
600895.SH,2003-01-08,8.19,8.49,8.13,8.42,8.19,0.23,2.81,11711.8,9743.001,2023-08-01
600862.SH,2003-01-08,4.37,4.5,4.34,4.48,4.37,0.11,2.52,7343.13,3236.743,2023-08-01
600398.SH,2003-01-08,11.0,11.4,11.0,11.33,11.0,0.33,3.0,5415.95,6082.851,2023-08-01
000666.SZ,2003-01-08,5.9,6.1,5.88,6.1,5.89,0.21,3.57,6200.09,3741.7954,2023-08-01
000899.SZ,2003-01-08,5.01,5.18,4.98,5.17,5.01,0.16,3.19,3234.53,1649.3988,2023-08-01
000850.SZ,2003-01-08,11.05,11.2,11.02,11.18,11.1,0.08,0.72,3895.47,4339.3128,2023-08-01
000671.SZ,2003-01-08,10.4,10.68,10.37,10.68,10.37,0.31,2.99,921.77,969.3396,2023-08-01
000953.SZ,2003-01-08,8.13,8.39,8.11,8.38,8.16,0.22,2.7,4999.15,4128.046,2023-08-01
600321.SH,2003-01-08,10.36,10.77,10.3,10.67,10.37,0.3,2.89,6070.27,6388.152,2023-08-01
000887.SZ,2003-01-08,5.92,6.17,5.92,6.14,5.98,0.16,2.68,2826.38,1717.2513,2023-08-01
000796.SZ,2003-01-08,6.5,6.8,6.45,6.71,6.54,0.17,2.6,2098.47,1385.8389,2023-08-01
600165.SH,2003-01-08,7.16,7.47,7.14,7.46,7.19,0.27,3.76,9891.26,7263.123,2023-08-01
000509.SZ,2003-01-08,7.33,7.6,7.29,7.53,7.38,0.15,2.03,7412.49,5512.8514,2023-08-01
600790.SH,2003-01-08,5.29,5.4,5.26,5.4,5.29,0.11,2.08,5788.12,3076.125,2023-08-01
000524.SZ,2003-01-08,5.76,5.95,5.75,5.95,5.76,0.19,3.3,2737.91,1604.1051,2023-08-01
600303.SH,2003-01-08,7.15,7.37,7.1,7.36,7.15,0.21,2.94,2549.94,1849.373,2023-08-01
600724.SH,2003-01-08,6.46,6.69,6.4,6.66,6.47,0.19,2.94,9300.47,6111.736,2023-08-01
600595.SH,2003-01-08,11.06,11.48,11.04,11.47,11.09,0.38,3.43,2965.27,3354.308,2023-08-01
000978.SZ,2003-01-08,15.98,16.3,15.83,16.29,15.96,0.33,2.07,4611.57,7382.7094,2023-08-01
000735.SZ,2003-01-08,4.49,4.61,4.45,4.6,4.49,0.11,2.45,11203.21,5089.7343,2023-08-01
000594.SZ,2003-01-08,5.11,5.15,4.96,5.11,5.14,-0.03,-0.58,52259.74,26436.6039,2023-08-01
600854.SH,2003-01-08,7.18,7.49,7.17,7.43,7.21,0.22,3.05,8282.51,6100.207,2023-08-01
000523.SZ,2003-01-08,5.56,5.71,5.5,5.71,5.54,0.17,3.07,5405.36,3027.5213,2023-08-01
600498.SH,2003-01-08,13.3,13.79,13.3,13.72,13.3,0.42,3.16,5155.85,6991.774,2023-08-01
000971.SZ,2003-01-08,7.9,8.13,7.81,8.09,7.87,0.22,2.8,1858.93,1486.7707,2023-08-01
000762.SZ,2003-01-08,7.04,7.25,7.0,7.24,7.05,0.19,2.7,3048.79,2173.3653,2023-08-01
600631.SH,2003-01-08,6.96,7.15,6.94,7.15,6.96,0.19,2.73,3767.96,2653.976,2023-08-01
600100.SH,2003-01-08,15.1,15.66,15.04,15.59,15.12,0.47,3.11,24191.09,37387.98,2023-08-01
600246.SH,2003-01-08,19.5,20.28,19.5,20.25,19.6,0.65,3.32,610.0,1227.016,2023-08-01
600770.SH,2003-01-08,14.1,14.4,13.8,14.39,14.15,0.24,1.7,24732.01,34928.774,2023-08-01
600874.SH,2003-01-08,6.62,6.78,6.53,6.78,6.63,0.15,2.26,3983.44,2655.589,2023-08-01
600091.SH,2003-01-08,7.5,7.8,7.47,7.77,7.51,0.26,3.46,22058.6,16907.201,2023-08-01
600668.SH,2003-01-08,6.2,6.33,6.11,6.32,6.16,0.16,2.6,12158.35,7523.605,2023-08-01
000861.SZ,2003-01-08,7.7,8.02,7.7,8.02,7.79,0.23,2.95,2254.88,1784.3924,2023-08-01
600792.SH,2003-01-08,21.53,21.93,21.52,21.92,21.93,-0.01,-0.05,40.0,86.689,2023-08-01
600850.SH,2003-01-08,8.62,9.09,8.51,9.03,8.59,0.44,5.12,46524.23,41258.749,2023-08-01
600028.SH,2003-01-08,2.98,3.12,2.98,3.1,2.98,0.12,4.03,142393.79,43704.664,2023-08-01
600883.SH,2003-01-08,6.93,7.32,6.93,7.29,6.93,0.36,5.19,25340.06,18267.815,2023-08-01
000558.SZ,2003-01-08,11.17,11.18,10.68,11.15,11.12,0.03,0.27,4680.8,5103.5395,2023-08-01
600386.SH,2003-01-08,11.61,12.16,11.61,12.14,11.86,0.28,2.36,1067.99,1276.229,2023-08-01
600231.SH,2003-01-08,6.25,6.41,6.24,6.39,6.29,0.1,1.59,11399.04,7224.604,2023-08-01
600177.SH,2003-01-08,8.97,9.21,8.95,9.2,8.98,0.22,2.45,4432.67,4027.662,2023-08-01
000780.SZ,2003-01-08,6.7,6.82,6.63,6.81,6.72,0.09,1.34,33745.14,22739.2113,2023-08-01
600115.SH,2003-01-08,4.37,4.7,4.36,4.6,4.39,0.21,4.78,23859.57,10810.275,2023-08-01
600887.SH,2003-01-08,17.1,17.4,17.1,17.39,17.19,0.2,1.16,3592.8,6201.253,2023-08-01
600881.SH,2003-01-08,5.45,5.7,5.43,5.63,5.43,0.2,3.68,3458.82,1919.908,2023-08-01
000065.SZ,2003-01-08,8.49,8.84,8.48,8.83,8.55,0.28,3.27,3774.71,3292.1158,2023-08-01
000881.SZ,2003-01-08,5.77,5.97,5.72,5.94,5.76,0.18,3.13,4830.49,2830.5928,2023-08-01
600396.SH,2003-01-08,14.58,14.75,14.5,14.7,14.58,0.12,0.82,367.0,537.499,2023-08-01
001872.SZ,2003-01-08,11.42,11.73,11.42,11.73,11.41,0.32,2.8,1664.96,1930.2179,2023-08-01
001914.SZ,2003-01-08,10.28,10.58,10.28,10.55,10.24,0.31,3.03,1554.56,1623.8603,2023-08-01
