security_code,trade_date,adj_factor,data_date
000001.SZ,2008-11-27,35.906,2023-07-31
000002.SZ,2008-11-27,110.286,2023-07-31
000004.SZ,2008-11-27,4.064,2023-07-31
000005.SZ,2008-11-27,9.268,2023-07-31
000006.SZ,2008-11-27,10.952,2023-07-31
000007.SZ,2008-11-27,5.521,2023-07-31
000008.SZ,2008-11-27,2.532,2023-07-31
000009.SZ,2008-11-27,3.674,2023-07-31
000010.SZ,2008-11-27,2.694,2023-07-31
000011.SZ,2008-11-27,2.086,2023-07-31
000012.SZ,2008-11-27,8.645,2023-07-31
000014.SZ,2008-11-27,5.284,2023-07-31
000016.SZ,2008-11-27,10.056,2023-07-31
000017.SZ,2008-11-27,2.037,2023-07-31
000018.SZ,2008-11-27,1.731,2023-07-31
000019.SZ,2008-11-27,1.983,2023-07-31
000020.SZ,2008-11-27,1.752,2023-07-31
000021.SZ,2008-11-27,8.371,2023-07-31
000022.SZ,2008-11-27,3.104,2023-07-31
000023.SZ,2008-11-27,2.547,2023-07-31
000024.SZ,2008-11-27,4.945,2023-07-31
000025.SZ,2008-11-27,1.883,2023-07-31
000026.SZ,2008-11-27,4.724,2023-07-31
000027.SZ,2008-11-27,6.107,2023-07-31
000028.SZ,2008-11-27,3.729,2023-07-31
000029.SZ,2008-11-27,2.142,2023-07-31
000030.SZ,2008-11-27,1.398,2023-07-31
000031.SZ,2008-11-27,13.298,2023-07-31
000032.SZ,2008-11-27,3.179,2023-07-31
000033.SZ,2008-11-27,1.978,2023-07-31
000034.SZ,2008-11-27,2.961,2023-07-31
000035.SZ,2008-11-27,2.306,2023-07-31
000036.SZ,2008-11-27,6.967,2023-07-31
000037.SZ,2008-11-27,5.659,2023-07-31
000039.SZ,2008-11-27,20.523,2023-07-31
000040.SZ,2008-11-27,4.177,2023-07-31
000042.SZ,2008-11-27,5.733,2023-07-31
000043.SZ,2008-11-27,2.392,2023-07-31
000045.SZ,2008-11-27,2.912,2023-07-31
000046.SZ,2008-11-27,13.87,2023-07-31
000048.SZ,2008-11-27,5.901,2023-07-31
000049.SZ,2008-11-27,3.4,2023-07-31
000050.SZ,2008-11-27,8.066,2023-07-31
000055.SZ,2008-11-27,3.623,2023-07-31
000056.SZ,2008-11-27,1.951,2023-07-31
000058.SZ,2008-11-27,3.181,2023-07-31
000059.SZ,2008-11-27,1.499,2023-07-31
000060.SZ,2008-11-27,11.355,2023-07-31
000061.SZ,2008-11-27,6.518,2023-07-31
000062.SZ,2008-11-27,4.457,2023-07-31
000063.SZ,2008-11-27,5.221,2023-07-31
000065.SZ,2008-11-27,4.106,2023-07-31
000066.SZ,2008-11-27,5.24,2023-07-31
000068.SZ,2008-11-27,2.28,2023-07-31
000069.SZ,2008-11-27,14.52,2023-07-31
000070.SZ,2008-11-27,1.413,2023-07-31
000078.SZ,2008-11-27,8.047,2023-07-31
000088.SZ,2008-11-27,3.934,2023-07-31
000089.SZ,2008-11-27,6.411,2023-07-31
000090.SZ,2008-11-27,1.516,2023-07-31
000096.SZ,2008-11-27,2.524,2023-07-31
000099.SZ,2008-11-27,3.593,2023-07-31
000100.SZ,2008-11-27,1.299,2023-07-31
000150.SZ,2008-11-27,1.988,2023-07-31
000151.SZ,2008-11-27,2.364,2023-07-31
000153.SZ,2008-11-27,5.446,2023-07-31
000155.SZ,2008-11-27,1.535,2023-07-31
000157.SZ,2008-11-27,14.712,2023-07-31
000158.SZ,2008-11-27,2.23,2023-07-31
000159.SZ,2008-11-27,1.468,2023-07-31
000301.SZ,2008-11-27,1.966,2023-07-31
000338.SZ,2008-11-27,1.014,2023-07-31
000400.SZ,2008-11-27,3.767,2023-07-31
000401.SZ,2008-11-27,3.709,2023-07-31
000402.SZ,2008-11-27,21.389,2023-07-31
000404.SZ,2008-11-27,2.919,2023-07-31
000407.SZ,2008-11-27,5.866,2023-07-31
000408.SZ,2008-11-27,5.585,2023-07-31
000409.SZ,2008-11-27,1.99,2023-07-31
000410.SZ,2008-11-27,2.867,2023-07-31
000411.SZ,2008-11-27,2.537,2023-07-31
000413.SZ,2008-11-27,1.454,2023-07-31
000415.SZ,2008-11-27,7.703,2023-07-31
000416.SZ,2008-11-27,9.19,2023-07-31
000417.SZ,2008-11-27,7.315,2023-07-31
000418.SZ,2008-11-27,2.444,2023-07-31
000419.SZ,2008-11-27,9.269,2023-07-31
000420.SZ,2008-11-27,3.176,2023-07-31
000421.SZ,2008-11-27,6.31,2023-07-31
000422.SZ,2008-11-27,9.848,2023-07-31
000423.SZ,2008-11-27,8.56,2023-07-31
000425.SZ,2008-11-27,5.818,2023-07-31
000426.SZ,2008-11-27,6.882,2023-07-31
000428.SZ,2008-11-27,6.09,2023-07-31
000429.SZ,2008-11-27,2.581,2023-07-31
000430.SZ,2008-11-27,3.07,2023-07-31
000488.SZ,2008-11-27,4.094,2023-07-31
000501.SZ,2008-11-27,4.682,2023-07-31
000502.SZ,2008-11-27,3.113,2023-07-31
000503.SZ,2008-11-27,6.344,2023-07-31
000504.SZ,2008-11-27,2.103,2023-07-31
000505.SZ,2008-11-27,3.312,2023-07-31
000507.SZ,2008-11-27,2.178,2023-07-31
000509.SZ,2008-11-27,2.785,2023-07-31
000510.SZ,2008-11-27,10.351,2023-07-31
000511.SZ,2008-11-27,16.201,2023-07-31
000513.SZ,2008-11-27,2.485,2023-07-31
000514.SZ,2008-11-27,3.155,2023-07-31
000515.SZ,2008-11-27,1.862,2023-07-31
000516.SZ,2008-11-27,3.57,2023-07-31
000518.SZ,2008-11-27,8.377,2023-07-31
000519.SZ,2008-11-27,5.6,2023-07-31
000520.SZ,2008-11-27,6.817,2023-07-31
000521.SZ,2008-11-27,3.217,2023-07-31
000522.SZ,2008-11-27,4.101,2023-07-31
000523.SZ,2008-11-27,2.725,2023-07-31
000524.SZ,2008-11-27,4.463,2023-07-31
000525.SZ,2008-11-27,6.676,2023-07-31
000526.SZ,2008-11-27,2.471,2023-07-31
000527.SZ,2008-11-27,25.938,2023-07-31
000528.SZ,2008-11-27,3.984,2023-07-31
000530.SZ,2008-11-27,3.983,2023-07-31
000531.SZ,2008-11-27,4.924,2023-07-31
000532.SZ,2008-11-27,4.251,2023-07-31
000533.SZ,2008-11-27,1.782,2023-07-31
000534.SZ,2008-11-27,3.771,2023-07-31
000536.SZ,2008-11-27,1.194,2023-07-31
000537.SZ,2008-11-27,5.759,2023-07-31
000538.SZ,2008-11-27,8.238,2023-07-31
000539.SZ,2008-11-27,11.522,2023-07-31
000540.SZ,2008-11-27,4.994,2023-07-31
000541.SZ,2008-11-27,11.011,2023-07-31
000543.SZ,2008-11-27,2.313,2023-07-31
000544.SZ,2008-11-27,2.086,2023-07-31
000545.SZ,2008-11-27,1.701,2023-07-31
000546.SZ,2008-11-27,1.717,2023-07-31
000547.SZ,2008-11-27,3.804,2023-07-31
000548.SZ,2008-11-27,3.319,2023-07-31
000550.SZ,2008-11-27,2.021,2023-07-31
000551.SZ,2008-11-27,4.916,2023-07-31
000552.SZ,2008-11-27,1.472,2023-07-31
000553.SZ,2008-11-27,4.029,2023-07-31
000554.SZ,2008-11-27,4.793,2023-07-31
000555.SZ,2008-11-27,1.553,2023-07-31
000557.SZ,2008-11-27,7.328,2023-07-31
000558.SZ,2008-11-27,2.291,2023-07-31
000559.SZ,2008-11-27,11.819,2023-07-31
000560.SZ,2008-11-27,1.534,2023-07-31
000561.SZ,2008-11-27,2.291,2023-07-31
000562.SZ,2008-11-27,4.052,2023-07-31
000563.SZ,2008-11-27,3.806,2023-07-31
000564.SZ,2008-11-27,2.847,2023-07-31
000565.SZ,2008-11-27,2.921,2023-07-31
000566.SZ,2008-11-27,2.284,2023-07-31
000567.SZ,2008-11-27,3.261,2023-07-31
000568.SZ,2008-11-27,22.653,2023-07-31
000569.SZ,2008-11-27,1.815,2023-07-31
000570.SZ,2008-11-27,2.911,2023-07-31
000571.SZ,2008-11-27,7.277,2023-07-31
000572.SZ,2008-11-27,4.611,2023-07-31
000573.SZ,2008-11-27,7.068,2023-07-31
000576.SZ,2008-11-27,6.187,2023-07-31
000578.SZ,2008-11-27,3.765,2023-07-31
000581.SZ,2008-11-27,2.409,2023-07-31
000582.SZ,2008-11-27,3.39,2023-07-31
000584.SZ,2008-11-27,2.896,2023-07-31
000585.SZ,2008-11-27,1.277,2023-07-31
000586.SZ,2008-11-27,3.698,2023-07-31
000587.SZ,2008-11-27,2.078,2023-07-31
000589.SZ,2008-11-27,2.793,2023-07-31
000590.SZ,2008-11-27,4.211,2023-07-31
000591.SZ,2008-11-27,4.012,2023-07-31
000592.SZ,2008-11-27,2.455,2023-07-31
000593.SZ,2008-11-27,5.481,2023-07-31
000594.SZ,2008-11-27,10.798,2023-07-31
000595.SZ,2008-11-27,2.479,2023-07-31
000596.SZ,2008-11-27,1.529,2023-07-31
000597.SZ,2008-11-27,2.134,2023-07-31
000598.SZ,2008-11-27,5.191,2023-07-31
000599.SZ,2008-11-27,4.783,2023-07-31
000600.SZ,2008-11-27,5.657,2023-07-31
000601.SZ,2008-11-27,8.41,2023-07-31
000602.SZ,2008-11-27,3.611,2023-07-31
000603.SZ,2008-11-27,3.798,2023-07-31
000605.SZ,2008-11-27,2.517,2023-07-31
000606.SZ,2008-11-27,4.276,2023-07-31
000607.SZ,2008-11-27,3.735,2023-07-31
000608.SZ,2008-11-27,7.757,2023-07-31
000609.SZ,2008-11-27,5.991,2023-07-31
000610.SZ,2008-11-27,2.976,2023-07-31
000611.SZ,2008-11-27,4.596,2023-07-31
000612.SZ,2008-11-27,5.001,2023-07-31
000613.SZ,2008-11-27,1.43,2023-07-31
000615.SZ,2008-11-27,4.479,2023-07-31
000616.SZ,2008-11-27,11.093,2023-07-31
000617.SZ,2008-11-27,3.927,2023-07-31
000619.SZ,2008-11-27,8.408,2023-07-31
000623.SZ,2008-11-27,9.394,2023-07-31
000625.SZ,2008-11-27,3.561,2023-07-31
000626.SZ,2008-11-27,5.262,2023-07-31
000627.SZ,2008-11-27,13.458,2023-07-31
000628.SZ,2008-11-27,3.123,2023-07-31
000629.SZ,2008-11-27,5.047,2023-07-31
000630.SZ,2008-11-27,4.976,2023-07-31
000632.SZ,2008-11-27,7.527,2023-07-31
000633.SZ,2008-11-27,6.799,2023-07-31
000635.SZ,2008-11-27,3.16,2023-07-31
000636.SZ,2008-11-27,15.995,2023-07-31
000637.SZ,2008-11-27,12.309,2023-07-31
000639.SZ,2008-11-27,1.707,2023-07-31
000650.SZ,2008-11-27,4.587,2023-07-31
000651.SZ,2008-11-27,23.631,2023-07-31
000652.SZ,2008-11-27,25.725,2023-07-31
000655.SZ,2008-11-27,3.437,2023-07-31
000656.SZ,2008-11-27,1.795,2023-07-31
000657.SZ,2008-11-27,3.029,2023-07-31
000659.SZ,2008-11-27,9.44,2023-07-31
000661.SZ,2008-11-27,3.136,2023-07-31
000662.SZ,2008-11-27,4.596,2023-07-31
000663.SZ,2008-11-27,4.049,2023-07-31
000665.SZ,2008-11-27,3.941,2023-07-31
000666.SZ,2008-11-27,1.5,2023-07-31
000667.SZ,2008-11-27,12.789,2023-07-31
000668.SZ,2008-11-27,2.547,2023-07-31
000669.SZ,2008-11-27,1.691,2023-07-31
000671.SZ,2008-11-27,1.896,2023-07-31
000673.SZ,2008-11-27,5.756,2023-07-31
000676.SZ,2008-11-27,8.247,2023-07-31
000677.SZ,2008-11-27,18.3,2023-07-31
000678.SZ,2008-11-27,4.96,2023-07-31
000679.SZ,2008-11-27,3.384,2023-07-31
000680.SZ,2008-11-27,3.435,2023-07-31
000681.SZ,2008-11-27,5.01,2023-07-31
000682.SZ,2008-11-27,15.526,2023-07-31
000683.SZ,2008-11-27,2.722,2023-07-31
000685.SZ,2008-11-27,5.183,2023-07-31
000686.SZ,2008-11-27,5.034,2023-07-31
000687.SZ,2008-11-27,3.319,2023-07-31
000690.SZ,2008-11-27,22.107,2023-07-31
000691.SZ,2008-11-27,3.055,2023-07-31
000692.SZ,2008-11-27,5.988,2023-07-31
000695.SZ,2008-11-27,2.543,2023-07-31
000697.SZ,2008-11-27,3.668,2023-07-31
000698.SZ,2008-11-27,2.262,2023-07-31
000700.SZ,2008-11-27,6.899,2023-07-31
000701.SZ,2008-11-27,1.626,2023-07-31
000702.SZ,2008-11-27,2.553,2023-07-31
000703.SZ,2008-11-27,2.25,2023-07-31
000705.SZ,2008-11-27,2.625,2023-07-31
000707.SZ,2008-11-27,2.963,2023-07-31
000708.SZ,2008-11-27,1.557,2023-07-31
000709.SZ,2008-11-27,8.798,2023-07-31
000710.SZ,2008-11-27,3.497,2023-07-31
000711.SZ,2008-11-27,2.701,2023-07-31
000712.SZ,2008-11-27,6.303,2023-07-31
000713.SZ,2008-11-27,2.778,2023-07-31
000715.SZ,2008-11-27,3.046,2023-07-31
000716.SZ,2008-11-27,1.821,2023-07-31
000717.SZ,2008-11-27,4.493,2023-07-31
000718.SZ,2008-11-27,3.186,2023-07-31
000720.SZ,2008-11-27,7.26,2023-07-31
000721.SZ,2008-11-27,2.264,2023-07-31
000722.SZ,2008-11-27,4.241,2023-07-31
000723.SZ,2008-11-27,1.712,2023-07-31
000725.SZ,2008-11-27,3.893,2023-07-31
000726.SZ,2008-11-27,5.351,2023-07-31
000727.SZ,2008-11-27,2.817,2023-07-31
000728.SZ,2008-11-27,1.277,2023-07-31
000729.SZ,2008-11-27,3.662,2023-07-31
000731.SZ,2008-11-27,9.838,2023-07-31
000733.SZ,2008-11-27,2.141,2023-07-31
000735.SZ,2008-11-27,5.771,2023-07-31
000736.SZ,2008-11-27,1.071,2023-07-31
000737.SZ,2008-11-27,3.636,2023-07-31
000738.SZ,2008-11-27,1.768,2023-07-31
000739.SZ,2008-11-27,4.433,2023-07-31
000748.SZ,2008-11-27,3.254,2023-07-31
000750.SZ,2008-11-27,2.15,2023-07-31
000751.SZ,2008-11-27,3.371,2023-07-31
000752.SZ,2008-11-27,4.69,2023-07-31
000753.SZ,2008-11-27,4.675,2023-07-31
000755.SZ,2008-11-27,2.567,2023-07-31
000756.SZ,2008-11-27,1.44,2023-07-31
000758.SZ,2008-11-27,5.443,2023-07-31
000759.SZ,2008-11-27,5.557,2023-07-31
000760.SZ,2008-11-27,4.654,2023-07-31
000761.SZ,2008-11-27,1.739,2023-07-31
000762.SZ,2008-11-27,3.566,2023-07-31
000766.SZ,2008-11-27,3.268,2023-07-31
000767.SZ,2008-11-27,10.762,2023-07-31
000768.SZ,2008-11-27,3.663,2023-07-31
000776.SZ,2008-11-27,2.177,2023-07-31
000777.SZ,2008-11-27,3.674,2023-07-31
000778.SZ,2008-11-27,5.32,2023-07-31
000779.SZ,2008-11-27,2.278,2023-07-31
000780.SZ,2008-11-27,4.27,2023-07-31
000782.SZ,2008-11-27,3.228,2023-07-31
000783.SZ,2008-11-27,1.819,2023-07-31
000785.SZ,2008-11-27,6.115,2023-07-31
000786.SZ,2008-11-27,4.425,2023-07-31
000788.SZ,2008-11-27,1.651,2023-07-31
000789.SZ,2008-11-27,2.3,2023-07-31
000790.SZ,2008-11-27,3.997,2023-07-31
000791.SZ,2008-11-27,2.394,2023-07-31
000792.SZ,2008-11-27,4.572,2023-07-31
000793.SZ,2008-11-27,12.341,2023-07-31
000795.SZ,2008-11-27,2.144,2023-07-31
000796.SZ,2008-11-27,3.99,2023-07-31
000797.SZ,2008-11-27,1.841,2023-07-31
000798.SZ,2008-11-27,2.219,2023-07-31
000799.SZ,2008-11-27,1.965,2023-07-31
000800.SZ,2008-11-27,2.199,2023-07-31
000801.SZ,2008-11-27,3.562,2023-07-31
000802.SZ,2008-11-27,1.629,2023-07-31
000803.SZ,2008-11-27,3.005,2023-07-31
000806.SZ,2008-11-27,8.502,2023-07-31
000807.SZ,2008-11-27,5.038,2023-07-31
000809.SZ,2008-11-27,1.269,2023-07-31
000810.SZ,2008-11-27,2.469,2023-07-31
000811.SZ,2008-11-27,4.057,2023-07-31
000812.SZ,2008-11-27,3.976,2023-07-31
000813.SZ,2008-11-27,2.515,2023-07-31
000815.SZ,2008-11-27,1.71,2023-07-31
000816.SZ,2008-11-27,6.201,2023-07-31
000818.SZ,2008-11-27,1.438,2023-07-31
000819.SZ,2008-11-27,5.147,2023-07-31
000820.SZ,2008-11-27,1.925,2023-07-31
000821.SZ,2008-11-27,2.435,2023-07-31
000822.SZ,2008-11-27,2.204,2023-07-31
000823.SZ,2008-11-27,2.6,2023-07-31
000825.SZ,2008-11-27,5.989,2023-07-31
000826.SZ,2008-11-27,3.265,2023-07-31
000828.SZ,2008-11-27,2.584,2023-07-31
000829.SZ,2008-11-27,14.801,2023-07-31
000830.SZ,2008-11-27,5.536,2023-07-31
000831.SZ,2008-11-27,3.987,2023-07-31
000833.SZ,2008-11-27,1.571,2023-07-31
000835.SZ,2008-11-27,5.717,2023-07-31
000836.SZ,2008-11-27,1.269,2023-07-31
000837.SZ,2008-11-27,3.946,2023-07-31
000838.SZ,2008-11-27,3.379,2023-07-31
000839.SZ,2008-11-27,8.236,2023-07-31
000848.SZ,2008-11-27,3.308,2023-07-31
000850.SZ,2008-11-27,4.858,2023-07-31
000851.SZ,2008-11-27,1.689,2023-07-31
000852.SZ,2008-11-27,2.353,2023-07-31
000856.SZ,2008-11-27,1.878,2023-07-31
000858.SZ,2008-11-27,14.097,2023-07-31
000859.SZ,2008-11-27,2.789,2023-07-31
000860.SZ,2008-11-27,2.146,2023-07-31
000861.SZ,2008-11-27,3.869,2023-07-31
000862.SZ,2008-11-27,2.248,2023-07-31
000868.SZ,2008-11-27,3.261,2023-07-31
000869.SZ,2008-11-27,2.898,2023-07-31
000875.SZ,2008-11-27,1.406,2023-07-31
000876.SZ,2008-11-27,6.794,2023-07-31
000877.SZ,2008-11-27,3.085,2023-07-31
000878.SZ,2008-11-27,2.792,2023-07-31
000880.SZ,2008-11-27,3.165,2023-07-31
000881.SZ,2008-11-27,4.376,2023-07-31
000882.SZ,2008-11-27,1.849,2023-07-31
000883.SZ,2008-11-27,2.145,2023-07-31
000885.SZ,2008-11-27,1.05,2023-07-31
000886.SZ,2008-11-27,2.84,2023-07-31
000887.SZ,2008-11-27,2.106,2023-07-31
000888.SZ,2008-11-27,2.849,2023-07-31
000889.SZ,2008-11-27,3.511,2023-07-31
000890.SZ,2008-11-27,3.5,2023-07-31
000892.SZ,2008-11-27,2.486,2023-07-31
000893.SZ,2008-11-27,1.329,2023-07-31
000895.SZ,2008-11-27,4.653,2023-07-31
000897.SZ,2008-11-27,5.896,2023-07-31
000898.SZ,2008-11-27,1.936,2023-07-31
000899.SZ,2008-11-27,2.531,2023-07-31
000900.SZ,2008-11-27,2.629,2023-07-31
000901.SZ,2008-11-27,2.929,2023-07-31
000902.SZ,2008-11-27,1.631,2023-07-31
000903.SZ,2008-11-27,2.865,2023-07-31
000905.SZ,2008-11-27,2.472,2023-07-31
000906.SZ,2008-11-27,2.495,2023-07-31
000908.SZ,2008-11-27,2.546,2023-07-31
000909.SZ,2008-11-27,1.38,2023-07-31
000910.SZ,2008-11-27,2.296,2023-07-31
000911.SZ,2008-11-27,1.793,2023-07-31
000912.SZ,2008-11-27,2.238,2023-07-31
000913.SZ,2008-11-27,2.522,2023-07-31
000915.SZ,2008-11-27,2.343,2023-07-31
000916.SZ,2008-11-27,1.691,2023-07-31
000917.SZ,2008-11-27,3.508,2023-07-31
000918.SZ,2008-11-27,1.616,2023-07-31
000919.SZ,2008-11-27,3.002,2023-07-31
000920.SZ,2008-11-27,2.987,2023-07-31
000921.SZ,2008-11-27,1.183,2023-07-31
000922.SZ,2008-11-27,2.219,2023-07-31
000923.SZ,2008-11-27,1.641,2023-07-31
000925.SZ,2008-11-27,1.017,2023-07-31
000926.SZ,2008-11-27,2.867,2023-07-31
000927.SZ,2008-11-27,1.551,2023-07-31
000928.SZ,2008-11-27,1.111,2023-07-31
000929.SZ,2008-11-27,2.476,2023-07-31
000930.SZ,2008-11-27,5.536,2023-07-31
000931.SZ,2008-11-27,1.54,2023-07-31
000932.SZ,2008-11-27,1.434,2023-07-31
000933.SZ,2008-11-27,3.427,2023-07-31
000935.SZ,2008-11-27,3.019,2023-07-31
000936.SZ,2008-11-27,3.506,2023-07-31
000937.SZ,2008-11-27,2.426,2023-07-31
000938.SZ,2008-11-27,2.46,2023-07-31
000939.SZ,2008-11-27,3.601,2023-07-31
000948.SZ,2008-11-27,1.663,2023-07-31
000949.SZ,2008-11-27,3.528,2023-07-31
000950.SZ,2008-11-27,1.469,2023-07-31
000951.SZ,2008-11-27,1.664,2023-07-31
000952.SZ,2008-11-27,2.082,2023-07-31
000953.SZ,2008-11-27,2.608,2023-07-31
000955.SZ,2008-11-27,1.895,2023-07-31
000957.SZ,2008-11-27,2.409,2023-07-31
000958.SZ,2008-11-27,2.173,2023-07-31
000959.SZ,2008-11-27,2.099,2023-07-31
000960.SZ,2008-11-27,2.61,2023-07-31
000961.SZ,2008-11-27,1.375,2023-07-31
000962.SZ,2008-11-27,3.023,2023-07-31
000963.SZ,2008-11-27,3.097,2023-07-31
000965.SZ,2008-11-27,1.101,2023-07-31
000966.SZ,2008-11-27,1.799,2023-07-31
000967.SZ,2008-11-27,1.802,2023-07-31
000968.SZ,2008-11-27,1.81,2023-07-31
000969.SZ,2008-11-27,3.607,2023-07-31
000970.SZ,2008-11-27,7.483,2023-07-31
000971.SZ,2008-11-27,1.896,2023-07-31
000972.SZ,2008-11-27,3.266,2023-07-31
000973.SZ,2008-11-27,2.441,2023-07-31
000975.SZ,2008-11-27,4.506,2023-07-31
000976.SZ,2008-11-27,3.673,2023-07-31
000977.SZ,2008-11-27,1.356,2023-07-31
000978.SZ,2008-11-27,2.164,2023-07-31
000979.SZ,2008-11-27,1.766,2023-07-31
000980.SZ,2008-11-27,2.042,2023-07-31
000981.SZ,2008-11-27,1.033,2023-07-31
000982.SZ,2008-11-27,2.664,2023-07-31
000983.SZ,2008-11-27,4.47,2023-07-31
000985.SZ,2008-11-27,1.558,2023-07-31
000987.SZ,2008-11-27,2.166,2023-07-31
000988.SZ,2008-11-27,4.306,2023-07-31
000989.SZ,2008-11-27,2.844,2023-07-31
000990.SZ,2008-11-27,2.905,2023-07-31
000993.SZ,2008-11-27,1.769,2023-07-31
000995.SZ,2008-11-27,1.686,2023-07-31
000996.SZ,2008-11-27,2.697,2023-07-31
000997.SZ,2008-11-27,5.782,2023-07-31
000998.SZ,2008-11-27,3.125,2023-07-31
000999.SZ,2008-11-27,1.352,2023-07-31
001696.SZ,2008-11-27,8.846,2023-07-31
001872.SZ,2008-11-27,3.104,2023-07-31
001896.SZ,2008-11-27,1.387,2023-07-31
001914.SZ,2008-11-27,2.392,2023-07-31
002001.SZ,2008-11-27,4.408,2023-07-31
002002.SZ,2008-11-27,2.863,2023-07-31
002003.SZ,2008-11-27,3.06,2023-07-31
002004.SZ,2008-11-27,2.105,2023-07-31
002005.SZ,2008-11-27,4.971,2023-07-31
002006.SZ,2008-11-27,2.551,2023-07-31
002007.SZ,2008-11-27,4.692,2023-07-31
002008.SZ,2008-11-27,7.566,2023-07-31
002009.SZ,2008-11-27,5.179,2023-07-31
002010.SZ,2008-11-27,3.829,2023-07-31
002011.SZ,2008-11-27,2.838,2023-07-31
002012.SZ,2008-11-27,2.519,2023-07-31
002013.SZ,2008-11-27,2.445,2023-07-31
002014.SZ,2008-11-27,2.14,2023-07-31
002015.SZ,2008-11-27,4.517,2023-07-31
002016.SZ,2008-11-27,3.241,2023-07-31
002017.SZ,2008-11-27,2.385,2023-07-31
002018.SZ,2008-11-27,2.935,2023-07-31
002019.SZ,2008-11-27,5.469,2023-07-31
002020.SZ,2008-11-27,2.123,2023-07-31
002021.SZ,2008-11-27,3.89,2023-07-31
002022.SZ,2008-11-27,6.765,2023-07-31
002023.SZ,2008-11-27,3.465,2023-07-31
002024.SZ,2008-11-27,36.301,2023-07-31
002025.SZ,2008-11-27,4.569,2023-07-31
002026.SZ,2008-11-27,1.968,2023-07-31
002027.SZ,2008-11-27,3.566,2023-07-31
002028.SZ,2008-11-27,6.449,2023-07-31
002029.SZ,2008-11-27,3.917,2023-07-31
002030.SZ,2008-11-27,3.283,2023-07-31
002031.SZ,2008-11-27,2.411,2023-07-31
002032.SZ,2008-11-27,3.653,2023-07-31
002033.SZ,2008-11-27,1.458,2023-07-31
002034.SZ,2008-11-27,1.756,2023-07-31
002035.SZ,2008-11-27,3.213,2023-07-31
002036.SZ,2008-11-27,2.322,2023-07-31
002037.SZ,2008-11-27,1.65,2023-07-31
002038.SZ,2008-11-27,4.881,2023-07-31
002039.SZ,2008-11-27,1.411,2023-07-31
002040.SZ,2008-11-27,2.219,2023-07-31
002041.SZ,2008-11-27,2.605,2023-07-31
002042.SZ,2008-11-27,1.337,2023-07-31
002043.SZ,2008-11-27,2.062,2023-07-31
002044.SZ,2008-11-27,1.825,2023-07-31
002045.SZ,2008-11-27,2.846,2023-07-31
002046.SZ,2008-11-27,1.991,2023-07-31
002047.SZ,2008-11-27,1.949,2023-07-31
002048.SZ,2008-11-27,5.782,2023-07-31
002049.SZ,2008-11-27,2.105,2023-07-31
002050.SZ,2008-11-27,1.363,2023-07-31
002051.SZ,2008-11-27,1.031,2023-07-31
002052.SZ,2008-11-27,3.391,2023-07-31
002053.SZ,2008-11-27,1.031,2023-07-31
002054.SZ,2008-11-27,1.018,2023-07-31
002055.SZ,2008-11-27,1.711,2023-07-31
002056.SZ,2008-11-27,2.022,2023-07-31
002057.SZ,2008-11-27,1.202,2023-07-31
002058.SZ,2008-11-27,1.007,2023-07-31
002059.SZ,2008-11-27,1.013,2023-07-31
002060.SZ,2008-11-27,1.025,2023-07-31
002061.SZ,2008-11-27,1.068,2023-07-31
002062.SZ,2008-11-27,1.505,2023-07-31
002063.SZ,2008-11-27,1.021,2023-07-31
002064.SZ,2008-11-27,2.611,2023-07-31
002065.SZ,2008-11-27,3.029,2023-07-31
002066.SZ,2008-11-27,1.508,2023-07-31
002067.SZ,2008-11-27,1.308,2023-07-31
002068.SZ,2008-11-27,1.819,2023-07-31
002069.SZ,2008-11-27,2.026,2023-07-31
002070.SZ,2008-11-27,1.575,2023-07-31
002071.SZ,2008-11-27,1.012,2023-07-31
002072.SZ,2008-11-27,1.107,2023-07-31
002073.SZ,2008-11-27,4.02,2023-07-31
002074.SZ,2008-11-27,2.063,2023-07-31
002075.SZ,2008-11-27,2.002,2023-07-31
002076.SZ,2008-11-27,1.805,2023-07-31
002077.SZ,2008-11-27,1.425,2023-07-31
002078.SZ,2008-11-27,1.827,2023-07-31
002079.SZ,2008-11-27,2.018,2023-07-31
002080.SZ,2008-11-27,1.032,2023-07-31
002081.SZ,2008-11-27,1.516,2023-07-31
002082.SZ,2008-11-27,2.588,2023-07-31
002083.SZ,2008-11-27,1.984,2023-07-31
002084.SZ,2008-11-27,1.208,2023-07-31
002085.SZ,2008-11-27,1.119,2023-07-31
002086.SZ,2008-11-27,1.008,2023-07-31
002087.SZ,2008-11-27,1.0,2023-07-31
002088.SZ,2008-11-27,2.083,2023-07-31
002089.SZ,2008-11-27,2.159,2023-07-31
002090.SZ,2008-11-27,1.55,2023-07-31
002091.SZ,2008-11-27,1.926,2023-07-31
002092.SZ,2008-11-27,2.022,2023-07-31
002093.SZ,2008-11-27,4.01,2023-07-31
002094.SZ,2008-11-27,2.006,2023-07-31
002095.SZ,2008-11-27,1.509,2023-07-31
002096.SZ,2008-11-27,1.542,2023-07-31
002097.SZ,2008-11-27,2.0,2023-07-31
002098.SZ,2008-11-27,1.026,2023-07-31
002099.SZ,2008-11-27,1.524,2023-07-31
002100.SZ,2008-11-27,1.806,2023-07-31
002101.SZ,2008-11-27,1.01,2023-07-31
002102.SZ,2008-11-27,1.506,2023-07-31
002103.SZ,2008-11-27,1.182,2023-07-31
002104.SZ,2008-11-27,2.591,2023-07-31
002105.SZ,2008-11-27,1.033,2023-07-31
002106.SZ,2008-11-27,1.744,2023-07-31
002107.SZ,2008-11-27,1.021,2023-07-31
002108.SZ,2008-11-27,1.048,2023-07-31
002109.SZ,2008-11-27,2.302,2023-07-31
002110.SZ,2008-11-27,1.04,2023-07-31
002111.SZ,2008-11-27,1.715,2023-07-31
002112.SZ,2008-11-27,1.009,2023-07-31
002113.SZ,2008-11-27,1.601,2023-07-31
002114.SZ,2008-11-27,1.82,2023-07-31
002115.SZ,2008-11-27,1.529,2023-07-31
002116.SZ,2008-11-27,1.021,2023-07-31
002117.SZ,2008-11-27,1.037,2023-07-31
002118.SZ,2008-11-27,1.817,2023-07-31
002119.SZ,2008-11-27,2.002,2023-07-31
002120.SZ,2008-11-27,2.225,2023-07-31
002121.SZ,2008-11-27,2.014,2023-07-31
002122.SZ,2008-11-27,2.003,2023-07-31
002123.SZ,2008-11-27,2.001,2023-07-31
002124.SZ,2008-11-27,2.015,2023-07-31
002125.SZ,2008-11-27,1.0,2023-07-31
002126.SZ,2008-11-27,1.007,2023-07-31
002127.SZ,2008-11-27,1.405,2023-07-31
002128.SZ,2008-11-27,1.312,2023-07-31
002129.SZ,2008-11-27,1.257,2023-07-31
002130.SZ,2008-11-27,2.009,2023-07-31
002131.SZ,2008-11-27,2.003,2023-07-31
002132.SZ,2008-11-27,1.502,2023-07-31
002133.SZ,2008-11-27,2.022,2023-07-31
002134.SZ,2008-11-27,1.251,2023-07-31
002135.SZ,2008-11-27,1.006,2023-07-31
002136.SZ,2008-11-27,1.0,2023-07-31
002137.SZ,2008-11-27,1.519,2023-07-31
002138.SZ,2008-11-27,1.01,2023-07-31
002139.SZ,2008-11-27,2.002,2023-07-31
002140.SZ,2008-11-27,1.604,2023-07-31
002141.SZ,2008-11-27,1.014,2023-07-31
002142.SZ,2008-11-27,1.015,2023-07-31
002143.SZ,2008-11-27,1.509,2023-07-31
002144.SZ,2008-11-27,1.006,2023-07-31
002145.SZ,2008-11-27,1.0,2023-07-31
002146.SZ,2008-11-27,2.008,2023-07-31
002147.SZ,2008-11-27,2.012,2023-07-31
002148.SZ,2008-11-27,1.508,2023-07-31
002149.SZ,2008-11-27,1.0,2023-07-31
002150.SZ,2008-11-27,1.523,2023-07-31
002151.SZ,2008-11-27,1.709,2023-07-31
002152.SZ,2008-11-27,2.005,2023-07-31
002153.SZ,2008-11-27,2.006,2023-07-31
002154.SZ,2008-11-27,2.005,2023-07-31
002155.SZ,2008-11-27,1.41,2023-07-31
002156.SZ,2008-11-27,1.009,2023-07-31
002157.SZ,2008-11-27,2.998,2023-07-31
002158.SZ,2008-11-27,1.018,2023-07-31
002159.SZ,2008-11-27,1.502,2023-07-31
002160.SZ,2008-11-27,1.009,2023-07-31
002161.SZ,2008-11-27,2.017,2023-07-31
002162.SZ,2008-11-27,1.016,2023-07-31
002163.SZ,2008-11-27,1.511,2023-07-31
002164.SZ,2008-11-27,1.51,2023-07-31
002165.SZ,2008-11-27,1.513,2023-07-31
002166.SZ,2008-11-27,1.0,2023-07-31
002167.SZ,2008-11-27,1.002,2023-07-31
002168.SZ,2008-11-27,2.025,2023-07-31
002169.SZ,2008-11-27,1.202,2023-07-31
002170.SZ,2008-11-27,1.806,2023-07-31
002171.SZ,2008-11-27,1.201,2023-07-31
002172.SZ,2008-11-27,2.008,2023-07-31
002173.SZ,2008-11-27,1.0,2023-07-31
002174.SZ,2008-11-27,1.018,2023-07-31
002175.SZ,2008-11-27,1.514,2023-07-31
002176.SZ,2008-11-27,1.614,2023-07-31
002177.SZ,2008-11-27,2.021,2023-07-31
002178.SZ,2008-11-27,1.005,2023-07-31
002179.SZ,2008-11-27,1.505,2023-07-31
002180.SZ,2008-11-27,1.526,2023-07-31
002181.SZ,2008-11-27,1.306,2023-07-31
002182.SZ,2008-11-27,1.004,2023-07-31
002183.SZ,2008-11-27,2.014,2023-07-31
002184.SZ,2008-11-27,2.013,2023-07-31
002185.SZ,2008-11-27,1.5,2023-07-31
002186.SZ,2008-11-27,1.009,2023-07-31
002187.SZ,2008-11-27,1.01,2023-07-31
002188.SZ,2008-11-27,1.01,2023-07-31
002189.SZ,2008-11-27,1.006,2023-07-31
002190.SZ,2008-11-27,1.207,2023-07-31
002191.SZ,2008-11-27,1.608,2023-07-31
002192.SZ,2008-11-27,1.014,2023-07-31
002193.SZ,2008-11-27,2.008,2023-07-31
002194.SZ,2008-11-27,2.045,2023-07-31
002195.SZ,2008-11-27,1.306,2023-07-31
002196.SZ,2008-11-27,1.022,2023-07-31
002197.SZ,2008-11-27,1.013,2023-07-31
002198.SZ,2008-11-27,1.0,2023-07-31
002199.SZ,2008-11-27,1.008,2023-07-31
002200.SZ,2008-11-27,1.0,2023-07-31
002201.SZ,2008-11-27,1.301,2023-07-31
002202.SZ,2008-11-27,2.001,2023-07-31
002203.SZ,2008-11-27,1.01,2023-07-31
002204.SZ,2008-11-27,1.007,2023-07-31
002205.SZ,2008-11-27,1.007,2023-07-31
002206.SZ,2008-11-27,1.009,2023-07-31
002207.SZ,2008-11-27,1.006,2023-07-31
002208.SZ,2008-11-27,1.507,2023-07-31
002209.SZ,2008-11-27,1.004,2023-07-31
002210.SZ,2008-11-27,1.01,2023-07-31
002211.SZ,2008-11-27,1.009,2023-07-31
002212.SZ,2008-11-27,1.001,2023-07-31
002213.SZ,2008-11-27,1.008,2023-07-31
002214.SZ,2008-11-27,1.007,2023-07-31
002215.SZ,2008-11-27,1.311,2023-07-31
002216.SZ,2008-11-27,1.0,2023-07-31
002217.SZ,2008-11-27,1.201,2023-07-31
002218.SZ,2008-11-27,1.201,2023-07-31
002219.SZ,2008-11-27,1.0,2023-07-31
002220.SZ,2008-11-27,1.404,2023-07-31
002221.SZ,2008-11-27,1.002,2023-07-31
002222.SZ,2008-11-27,1.02,2023-07-31
002223.SZ,2008-11-27,1.012,2023-07-31
002224.SZ,2008-11-27,1.0,2023-07-31
002225.SZ,2008-11-27,1.01,2023-07-31
002226.SZ,2008-11-27,1.0,2023-07-31
002227.SZ,2008-11-27,1.0,2023-07-31
002228.SZ,2008-11-27,1.0,2023-07-31
002229.SZ,2008-11-27,1.0,2023-07-31
002230.SZ,2008-11-27,1.0,2023-07-31
002231.SZ,2008-11-27,1.0,2023-07-31
002232.SZ,2008-11-27,1.0,2023-07-31
002233.SZ,2008-11-27,1.0,2023-07-31
002234.SZ,2008-11-27,1.0,2023-07-31
002235.SZ,2008-11-27,1.0,2023-07-31
002236.SZ,2008-11-27,1.0,2023-07-31
002237.SZ,2008-11-27,1.0,2023-07-31
002238.SZ,2008-11-27,1.0,2023-07-31
002239.SZ,2008-11-27,1.0,2023-07-31
002240.SZ,2008-11-27,1.0,2023-07-31
002241.SZ,2008-11-27,1.0,2023-07-31
002242.SZ,2008-11-27,1.0,2023-07-31
002243.SZ,2008-11-27,1.0,2023-07-31
002244.SZ,2008-11-27,2.0,2023-07-31
002245.SZ,2008-11-27,1.0,2023-07-31
002246.SZ,2008-11-27,1.0,2023-07-31
002247.SZ,2008-11-27,1.0,2023-07-31
002248.SZ,2008-11-27,1.0,2023-07-31
002249.SZ,2008-11-27,1.0,2023-07-31
002250.SZ,2008-11-27,1.0,2023-07-31
002251.SZ,2008-11-27,1.0,2023-07-31
002252.SZ,2008-11-27,1.0,2023-07-31
002253.SZ,2008-11-27,1.0,2023-07-31
002254.SZ,2008-11-27,1.039,2023-07-31
002255.SZ,2008-11-27,1.0,2023-07-31
002256.SZ,2008-11-27,1.0,2023-07-31
002258.SZ,2008-11-27,1.0,2023-07-31
002259.SZ,2008-11-27,1.0,2023-07-31
002260.SZ,2008-11-27,1.0,2023-07-31
002261.SZ,2008-11-27,1.0,2023-07-31
002262.SZ,2008-11-27,1.0,2023-07-31
002263.SZ,2008-11-27,1.0,2023-07-31
002264.SZ,2008-11-27,1.0,2023-07-31
002265.SZ,2008-11-27,1.0,2023-07-31
002266.SZ,2008-11-27,1.0,2023-07-31
002267.SZ,2008-11-27,1.0,2023-07-31
002268.SZ,2008-11-27,1.0,2023-07-31
002269.SZ,2008-11-27,1.0,2023-07-31
002270.SZ,2008-11-27,1.0,2023-07-31
002271.SZ,2008-11-27,1.0,2023-07-31
002272.SZ,2008-11-27,1.0,2023-07-31
002273.SZ,2008-11-27,1.0,2023-07-31
002274.SZ,2008-11-27,1.0,2023-07-31
600000.SH,2008-11-27,2.737,2023-07-31
600001.SH,2008-11-27,2.588,2023-07-31
600003.SH,2008-11-27,1.417,2023-07-31
600004.SH,2008-11-27,1.291,2023-07-31
600005.SH,2008-11-27,4.495,2023-07-31
600006.SH,2008-11-27,3.221,2023-07-31
600007.SH,2008-11-27,1.487,2023-07-31
600008.SH,2008-11-27,3.116,2023-07-31
600009.SH,2008-11-27,2.569,2023-07-31
600010.SH,2008-11-27,2.891,2023-07-31
600011.SH,2008-11-27,3.235,2023-07-31
600012.SH,2008-11-27,1.507,2023-07-31
600015.SH,2008-11-27,1.746,2023-07-31
600016.SH,2008-11-27,10.854,2023-07-31
600017.SH,2008-11-27,2.047,2023-07-31
600018.SH,2008-11-27,1.024,2023-07-31
600019.SH,2008-11-27,1.652,2023-07-31
600020.SH,2008-11-27,2.944,2023-07-31
600021.SH,2008-11-27,1.758,2023-07-31
600022.SH,2008-11-27,2.358,2023-07-31
600026.SH,2008-11-27,1.482,2023-07-31
600027.SH,2008-11-27,1.366,2023-07-31
600028.SH,2008-11-27,1.488,2023-07-31
600029.SH,2008-11-27,1.501,2023-07-31
600030.SH,2008-11-27,2.82,2023-07-31
600031.SH,2008-11-27,8.679,2023-07-31
600033.SH,2008-11-27,3.244,2023-07-31
600035.SH,2008-11-27,1.464,2023-07-31
600036.SH,2008-11-27,2.451,2023-07-31
600037.SH,2008-11-27,4.657,2023-07-31
600038.SH,2008-11-27,2.858,2023-07-31
600039.SH,2008-11-27,1.935,2023-07-31
600048.SH,2008-11-27,4.007,2023-07-31
600050.SH,2008-11-27,1.422,2023-07-31
600051.SH,2008-11-27,3.865,2023-07-31
600052.SH,2008-11-27,3.175,2023-07-31
600053.SH,2008-11-27,1.466,2023-07-31
600054.SH,2008-11-27,2.698,2023-07-31
600055.SH,2008-11-27,6.183,2023-07-31
600056.SH,2008-11-27,3.131,2023-07-31
600057.SH,2008-11-27,5.665,2023-07-31
600058.SH,2008-11-27,4.539,2023-07-31
600059.SH,2008-11-27,4.88,2023-07-31
600060.SH,2008-11-27,2.135,2023-07-31
600061.SH,2008-11-27,5.721,2023-07-31
600062.SH,2008-11-27,3.948,2023-07-31
600063.SH,2008-11-27,4.066,2023-07-31
600064.SH,2008-11-27,3.932,2023-07-31
600066.SH,2008-11-27,9.297,2023-07-31
600067.SH,2008-11-27,9.936,2023-07-31
600068.SH,2008-11-27,2.756,2023-07-31
600069.SH,2008-11-27,3.288,2023-07-31
600070.SH,2008-11-27,3.288,2023-07-31
600071.SH,2008-11-27,5.583,2023-07-31
600072.SH,2008-11-27,3.16,2023-07-31
600073.SH,2008-11-27,1.79,2023-07-31
600074.SH,2008-11-27,7.08,2023-07-31
600075.SH,2008-11-27,7.245,2023-07-31
600076.SH,2008-11-27,3.174,2023-07-31
600077.SH,2008-11-27,3.988,2023-07-31
600078.SH,2008-11-27,6.448,2023-07-31
600079.SH,2008-11-27,6.364,2023-07-31
600080.SH,2008-11-27,5.034,2023-07-31
600081.SH,2008-11-27,8.513,2023-07-31
600082.SH,2008-11-27,2.939,2023-07-31
600083.SH,2008-11-27,1.0,2023-07-31
600084.SH,2008-11-27,7.186,2023-07-31
600085.SH,2008-11-27,4.028,2023-07-31
600086.SH,2008-11-27,3.208,2023-07-31
600087.SH,2008-11-27,10.498,2023-07-31
600088.SH,2008-11-27,2.035,2023-07-31
600089.SH,2008-11-27,15.044,2023-07-31
600090.SH,2008-11-27,4.889,2023-07-31
600091.SH,2008-11-27,2.575,2023-07-31
600093.SH,2008-11-27,3.131,2023-07-31
600095.SH,2008-11-27,3.286,2023-07-31
600096.SH,2008-11-27,2.327,2023-07-31
600097.SH,2008-11-27,1.33,2023-07-31
600098.SH,2008-11-27,4.286,2023-07-31
600099.SH,2008-11-27,2.697,2023-07-31
600100.SH,2008-11-27,9.766,2023-07-31
600101.SH,2008-11-27,4.021,2023-07-31
600102.SH,2008-11-27,2.862,2023-07-31
600103.SH,2008-11-27,4.119,2023-07-31
600104.SH,2008-11-27,4.617,2023-07-31
600105.SH,2008-11-27,2.791,2023-07-31
600106.SH,2008-11-27,1.902,2023-07-31
600107.SH,2008-11-27,2.589,2023-07-31
600108.SH,2008-11-27,9.631,2023-07-31
600109.SH,2008-11-27,2.062,2023-07-31
600110.SH,2008-11-27,9.279,2023-07-31
600111.SH,2008-11-27,4.201,2023-07-31
600112.SH,2008-11-27,2.796,2023-07-31
600113.SH,2008-11-27,1.866,2023-07-31
600114.SH,2008-11-27,2.343,2023-07-31
600115.SH,2008-11-27,1.34,2023-07-31
600116.SH,2008-11-27,1.823,2023-07-31
600117.SH,2008-11-27,2.723,2023-07-31
600118.SH,2008-11-27,4.373,2023-07-31
600119.SH,2008-11-27,2.781,2023-07-31
600120.SH,2008-11-27,15.818,2023-07-31
600121.SH,2008-11-27,3.895,2023-07-31
600122.SH,2008-11-27,2.868,2023-07-31
600123.SH,2008-11-27,3.061,2023-07-31
600125.SH,2008-11-27,11.429,2023-07-31
600126.SH,2008-11-27,3.714,2023-07-31
600127.SH,2008-11-27,5.087,2023-07-31
600128.SH,2008-11-27,2.773,2023-07-31
600129.SH,2008-11-27,2.332,2023-07-31
600130.SH,2008-11-27,6.031,2023-07-31
600131.SH,2008-11-27,4.97,2023-07-31
600132.SH,2008-11-27,4.637,2023-07-31
600133.SH,2008-11-27,2.237,2023-07-31
600135.SH,2008-11-27,2.806,2023-07-31
600136.SH,2008-11-27,1.236,2023-07-31
600137.SH,2008-11-27,1.5,2023-07-31
600138.SH,2008-11-27,3.225,2023-07-31
600139.SH,2008-11-27,1.725,2023-07-31
600141.SH,2008-11-27,1.749,2023-07-31
600143.SH,2008-11-27,9.897,2023-07-31
600145.SH,2008-11-27,3.867,2023-07-31
600146.SH,2008-11-27,1.32,2023-07-31
600148.SH,2008-11-27,2.725,2023-07-31
600149.SH,2008-11-27,2.889,2023-07-31
600150.SH,2008-11-27,1.503,2023-07-31
600151.SH,2008-11-27,4.358,2023-07-31
600152.SH,2008-11-27,3.005,2023-07-31
600153.SH,2008-11-27,6.209,2023-07-31
600155.SH,2008-11-27,2.897,2023-07-31
600156.SH,2008-11-27,1.888,2023-07-31
600157.SH,2008-11-27,6.013,2023-07-31
600158.SH,2008-11-27,5.942,2023-07-31
600159.SH,2008-11-27,2.346,2023-07-31
600160.SH,2008-11-27,2.721,2023-07-31
600161.SH,2008-11-27,5.227,2023-07-31
600162.SH,2008-11-27,4.175,2023-07-31
600163.SH,2008-11-27,2.351,2023-07-31
600165.SH,2008-11-27,1.989,2023-07-31
600166.SH,2008-11-27,5.632,2023-07-31
600167.SH,2008-11-27,1.317,2023-07-31
600168.SH,2008-11-27,1.99,2023-07-31
600169.SH,2008-11-27,2.095,2023-07-31
600170.SH,2008-11-27,2.012,2023-07-31
600171.SH,2008-11-27,2.686,2023-07-31
600172.SH,2008-11-27,2.96,2023-07-31
600173.SH,2008-11-27,1.096,2023-07-31
600175.SH,2008-11-27,5.988,2023-07-31
600176.SH,2008-11-27,2.72,2023-07-31
600177.SH,2008-11-27,11.283,2023-07-31
600178.SH,2008-11-27,2.095,2023-07-31
600179.SH,2008-11-27,1.605,2023-07-31
600180.SH,2008-11-27,2.711,2023-07-31
600182.SH,2008-11-27,1.016,2023-07-31
600183.SH,2008-11-27,4.491,2023-07-31
600184.SH,2008-11-27,1.604,2023-07-31
600185.SH,2008-11-27,2.239,2023-07-31
600186.SH,2008-11-27,5.023,2023-07-31
600188.SH,2008-11-27,2.322,2023-07-31
600189.SH,2008-11-27,1.892,2023-07-31
600190.SH,2008-11-27,2.113,2023-07-31
600191.SH,2008-11-27,2.512,2023-07-31
600192.SH,2008-11-27,1.465,2023-07-31
600193.SH,2008-11-27,3.407,2023-07-31
600195.SH,2008-11-27,2.302,2023-07-31
600196.SH,2008-11-27,8.17,2023-07-31
600197.SH,2008-11-27,3.103,2023-07-31
600198.SH,2008-11-27,1.814,2023-07-31
600199.SH,2008-11-27,2.246,2023-07-31
600200.SH,2008-11-27,10.917,2023-07-31
600201.SH,2008-11-27,3.763,2023-07-31
600202.SH,2008-11-27,4.036,2023-07-31
600203.SH,2008-11-27,1.67,2023-07-31
600206.SH,2008-11-27,2.061,2023-07-31
600207.SH,2008-11-27,1.555,2023-07-31
600208.SH,2008-11-27,3.424,2023-07-31
600209.SH,2008-11-27,3.493,2023-07-31
600210.SH,2008-11-27,5.623,2023-07-31
600211.SH,2008-11-27,1.373,2023-07-31
600212.SH,2008-11-27,2.718,2023-07-31
600213.SH,2008-11-27,1.571,2023-07-31
600215.SH,2008-11-27,1.649,2023-07-31
600216.SH,2008-11-27,2.673,2023-07-31
600217.SH,2008-11-27,4.518,2023-07-31
600218.SH,2008-11-27,1.921,2023-07-31
600219.SH,2008-11-27,2.15,2023-07-31
600220.SH,2008-11-27,8.388,2023-07-31
600221.SH,2008-11-27,1.479,2023-07-31
600222.SH,2008-11-27,3.108,2023-07-31
600223.SH,2008-11-27,1.821,2023-07-31
600226.SH,2008-11-27,3.535,2023-07-31
600227.SH,2008-11-27,2.784,2023-07-31
600228.SH,2008-11-27,2.169,2023-07-31
600229.SH,2008-11-27,1.369,2023-07-31
600230.SH,2008-11-27,1.448,2023-07-31
600231.SH,2008-11-27,3.546,2023-07-31
600232.SH,2008-11-27,2.406,2023-07-31
600233.SH,2008-11-27,2.267,2023-07-31
600234.SH,2008-11-27,1.68,2023-07-31
600235.SH,2008-11-27,2.068,2023-07-31
600236.SH,2008-11-27,2.896,2023-07-31
600237.SH,2008-11-27,4.18,2023-07-31
600238.SH,2008-11-27,1.437,2023-07-31
600239.SH,2008-11-27,4.51,2023-07-31
600240.SH,2008-11-27,3.471,2023-07-31
600241.SH,2008-11-27,1.455,2023-07-31
600243.SH,2008-11-27,1.579,2023-07-31
600246.SH,2008-11-27,4.309,2023-07-31
600247.SH,2008-11-27,4.668,2023-07-31
600249.SH,2008-11-27,4.376,2023-07-31
600250.SH,2008-11-27,2.699,2023-07-31
600251.SH,2008-11-27,2.657,2023-07-31
600252.SH,2008-11-27,2.251,2023-07-31
600253.SH,2008-11-27,2.857,2023-07-31
600255.SH,2008-11-27,5.285,2023-07-31
600256.SH,2008-11-27,6.262,2023-07-31
600257.SH,2008-11-27,6.514,2023-07-31
600258.SH,2008-11-27,1.456,2023-07-31
600260.SH,2008-11-27,2.129,2023-07-31
600261.SH,2008-11-27,2.954,2023-07-31
600262.SH,2008-11-27,1.367,2023-07-31
600263.SH,2008-11-27,1.415,2023-07-31
600265.SH,2008-11-27,1.629,2023-07-31
600266.SH,2008-11-27,2.296,2023-07-31
600267.SH,2008-11-27,4.041,2023-07-31
600268.SH,2008-11-27,2.168,2023-07-31
600269.SH,2008-11-27,4.153,2023-07-31
600270.SH,2008-11-27,4.73,2023-07-31
600271.SH,2008-11-27,5.232,2023-07-31
600272.SH,2008-11-27,1.243,2023-07-31
600273.SH,2008-11-27,1.417,2023-07-31
600275.SH,2008-11-27,2.756,2023-07-31
600276.SH,2008-11-27,5.153,2023-07-31
600277.SH,2008-11-27,1.474,2023-07-31
600278.SH,2008-11-27,1.48,2023-07-31
600279.SH,2008-11-27,1.449,2023-07-31
600280.SH,2008-11-27,1.345,2023-07-31
600281.SH,2008-11-27,1.933,2023-07-31
600282.SH,2008-11-27,4.827,2023-07-31
600283.SH,2008-11-27,1.464,2023-07-31
600284.SH,2008-11-27,1.415,2023-07-31
600285.SH,2008-11-27,2.75,2023-07-31
600287.SH,2008-11-27,4.625,2023-07-31
600288.SH,2008-11-27,3.398,2023-07-31
600289.SH,2008-11-27,4.321,2023-07-31
600290.SH,2008-11-27,3.281,2023-07-31
600291.SH,2008-11-27,2.661,2023-07-31
600292.SH,2008-11-27,3.082,2023-07-31
600293.SH,2008-11-27,2.162,2023-07-31
600295.SH,2008-11-27,2.758,2023-07-31
600297.SH,2008-11-27,1.586,2023-07-31
600298.SH,2008-11-27,2.95,2023-07-31
600299.SH,2008-11-27,2.756,2023-07-31
600300.SH,2008-11-27,3.036,2023-07-31
600301.SH,2008-11-27,1.764,2023-07-31
600302.SH,2008-11-27,2.94,2023-07-31
600303.SH,2008-11-27,2.62,2023-07-31
600305.SH,2008-11-27,1.381,2023-07-31
600306.SH,2008-11-27,1.719,2023-07-31
600307.SH,2008-11-27,1.98,2023-07-31
600308.SH,2008-11-27,3.409,2023-07-31
600309.SH,2008-11-27,17.27,2023-07-31
600310.SH,2008-11-27,1.575,2023-07-31
600311.SH,2008-11-27,4.499,2023-07-31
600312.SH,2008-11-27,3.92,2023-07-31
600313.SH,2008-11-27,1.652,2023-07-31
600315.SH,2008-11-27,1.66,2023-07-31
600316.SH,2008-11-27,2.686,2023-07-31
600317.SH,2008-11-27,1.626,2023-07-31
600318.SH,2008-11-27,1.544,2023-07-31
600319.SH,2008-11-27,1.466,2023-07-31
600320.SH,2008-11-27,8.208,2023-07-31
600321.SH,2008-11-27,1.852,2023-07-31
600322.SH,2008-11-27,2.892,2023-07-31
600323.SH,2008-11-27,1.794,2023-07-31
600325.SH,2008-11-27,3.735,2023-07-31
600326.SH,2008-11-27,4.92,2023-07-31
600327.SH,2008-11-27,4.323,2023-07-31
600328.SH,2008-11-27,2.843,2023-07-31
600329.SH,2008-11-27,1.402,2023-07-31
600330.SH,2008-11-27,4.005,2023-07-31
600331.SH,2008-11-27,9.0,2023-07-31
600332.SH,2008-11-27,1.372,2023-07-31
600333.SH,2008-11-27,2.557,2023-07-31
600335.SH,2008-11-27,3.277,2023-07-31
600336.SH,2008-11-27,1.504,2023-07-31
600337.SH,2008-11-27,5.108,2023-07-31
600338.SH,2008-11-27,1.257,2023-07-31
600339.SH,2008-11-27,3.483,2023-07-31
600340.SH,2008-11-27,2.129,2023-07-31
600343.SH,2008-11-27,1.339,2023-07-31
600345.SH,2008-11-27,1.771,2023-07-31
600346.SH,2008-11-27,1.432,2023-07-31
600348.SH,2008-11-27,2.889,2023-07-31
600350.SH,2008-11-27,1.508,2023-07-31
600351.SH,2008-11-27,1.634,2023-07-31
600352.SH,2008-11-27,3.865,2023-07-31
600353.SH,2008-11-27,1.745,2023-07-31
600354.SH,2008-11-27,1.356,2023-07-31
600355.SH,2008-11-27,2.91,2023-07-31
600356.SH,2008-11-27,1.44,2023-07-31
600357.SH,2008-11-27,2.935,2023-07-31
600358.SH,2008-11-27,3.506,2023-07-31
600359.SH,2008-11-27,1.572,2023-07-31
600360.SH,2008-11-27,5.087,2023-07-31
600361.SH,2008-11-27,4.431,2023-07-31
600362.SH,2008-11-27,1.356,2023-07-31
600363.SH,2008-11-27,3.137,2023-07-31
600365.SH,2008-11-27,1.318,2023-07-31
600366.SH,2008-11-27,4.395,2023-07-31
600367.SH,2008-11-27,4.253,2023-07-31
600368.SH,2008-11-27,1.458,2023-07-31
600369.SH,2008-11-27,2.018,2023-07-31
600370.SH,2008-11-27,2.394,2023-07-31
600371.SH,2008-11-27,1.816,2023-07-31
600372.SH,2008-11-27,1.415,2023-07-31
600373.SH,2008-11-27,2.039,2023-07-31
600375.SH,2008-11-27,3.373,2023-07-31
600376.SH,2008-11-27,3.375,2023-07-31
600377.SH,2008-11-27,1.566,2023-07-31
600378.SH,2008-11-27,2.883,2023-07-31
600379.SH,2008-11-27,1.439,2023-07-31
600380.SH,2008-11-27,6.242,2023-07-31
600381.SH,2008-11-27,3.215,2023-07-31
600382.SH,2008-11-27,2.918,2023-07-31
600383.SH,2008-11-27,5.083,2023-07-31
600385.SH,2008-11-27,2.42,2023-07-31
600386.SH,2008-11-27,2.406,2023-07-31
600387.SH,2008-11-27,2.08,2023-07-31
600388.SH,2008-11-27,1.432,2023-07-31
600389.SH,2008-11-27,1.936,2023-07-31
600390.SH,2008-11-27,2.311,2023-07-31
600391.SH,2008-11-27,1.273,2023-07-31
600392.SH,2008-11-27,2.997,2023-07-31
600393.SH,2008-11-27,4.091,2023-07-31
600395.SH,2008-11-27,2.298,2023-07-31
600396.SH,2008-11-27,3.095,2023-07-31
600397.SH,2008-11-27,1.695,2023-07-31
600398.SH,2008-11-27,6.151,2023-07-31
600399.SH,2008-11-27,1.354,2023-07-31
600400.SH,2008-11-27,2.756,2023-07-31
600401.SH,2008-11-27,5.232,2023-07-31
600403.SH,2008-11-27,2.36,2023-07-31
600405.SH,2008-11-27,3.419,2023-07-31
600406.SH,2008-11-27,2.871,2023-07-31
600408.SH,2008-11-27,4.183,2023-07-31
600409.SH,2008-11-27,3.702,2023-07-31
600410.SH,2008-11-27,5.737,2023-07-31
600415.SH,2008-11-27,2.269,2023-07-31
600416.SH,2008-11-27,1.47,2023-07-31
600418.SH,2008-11-27,5.422,2023-07-31
600419.SH,2008-11-27,1.368,2023-07-31
600420.SH,2008-11-27,4.344,2023-07-31
600421.SH,2008-11-27,1.921,2023-07-31
600422.SH,2008-11-27,4.434,2023-07-31
600423.SH,2008-11-27,2.145,2023-07-31
600425.SH,2008-11-27,2.22,2023-07-31
600426.SH,2008-11-27,3.149,2023-07-31
600428.SH,2008-11-27,5.592,2023-07-31
600429.SH,2008-11-27,1.423,2023-07-31
600432.SH,2008-11-27,3.239,2023-07-31
600433.SH,2008-11-27,1.405,2023-07-31
600435.SH,2008-11-27,2.185,2023-07-31
600436.SH,2008-11-27,1.423,2023-07-31
600438.SH,2008-11-27,4.801,2023-07-31
600439.SH,2008-11-27,6.189,2023-07-31
600444.SH,2008-11-27,1.995,2023-07-31
600446.SH,2008-11-27,2.72,2023-07-31
600448.SH,2008-11-27,1.822,2023-07-31
600449.SH,2008-11-27,1.588,2023-07-31
600452.SH,2008-11-27,1.524,2023-07-31
600455.SH,2008-11-27,1.13,2023-07-31
600456.SH,2008-11-27,2.498,2023-07-31
600458.SH,2008-11-27,3.2,2023-07-31
600459.SH,2008-11-27,1.538,2023-07-31
600460.SH,2008-11-27,5.575,2023-07-31
600461.SH,2008-11-27,1.363,2023-07-31
600462.SH,2008-11-27,3.473,2023-07-31
600463.SH,2008-11-27,2.641,2023-07-31
600466.SH,2008-11-27,1.695,2023-07-31
600467.SH,2008-11-27,4.295,2023-07-31
600468.SH,2008-11-27,4.016,2023-07-31
600469.SH,2008-11-27,1.524,2023-07-31
600470.SH,2008-11-27,1.394,2023-07-31
600475.SH,2008-11-27,2.304,2023-07-31
600476.SH,2008-11-27,2.053,2023-07-31
600477.SH,2008-11-27,4.368,2023-07-31
600478.SH,2008-11-27,2.52,2023-07-31
600479.SH,2008-11-27,4.792,2023-07-31
600480.SH,2008-11-27,1.803,2023-07-31
600481.SH,2008-11-27,3.011,2023-07-31
600482.SH,2008-11-27,2.798,2023-07-31
600483.SH,2008-11-27,2.19,2023-07-31
600485.SH,2008-11-27,2.822,2023-07-31
600486.SH,2008-11-27,1.446,2023-07-31
600487.SH,2008-11-27,1.557,2023-07-31
600488.SH,2008-11-27,4.442,2023-07-31
600489.SH,2008-11-27,1.364,2023-07-31
600490.SH,2008-11-27,2.192,2023-07-31
600491.SH,2008-11-27,4.794,2023-07-31
600493.SH,2008-11-27,1.527,2023-07-31
600495.SH,2008-11-27,1.39,2023-07-31
600496.SH,2008-11-27,2.847,2023-07-31
600497.SH,2008-11-27,5.571,2023-07-31
600498.SH,2008-11-27,1.617,2023-07-31
600499.SH,2008-11-27,8.033,2023-07-31
600500.SH,2008-11-27,5.321,2023-07-31
600501.SH,2008-11-27,3.793,2023-07-31
600502.SH,2008-11-27,2.478,2023-07-31
600503.SH,2008-11-27,1.35,2023-07-31
600505.SH,2008-11-27,3.198,2023-07-31
600506.SH,2008-11-27,1.327,2023-07-31
600507.SH,2008-11-27,3.85,2023-07-31
600508.SH,2008-11-27,2.852,2023-07-31
600509.SH,2008-11-27,5.236,2023-07-31
600510.SH,2008-11-27,4.691,2023-07-31
600511.SH,2008-11-27,2.49,2023-07-31
600512.SH,2008-11-27,2.953,2023-07-31
600513.SH,2008-11-27,2.073,2023-07-31
600515.SH,2008-11-27,2.216,2023-07-31
600516.SH,2008-11-27,2.237,2023-07-31
600517.SH,2008-11-27,6.614,2023-07-31
600518.SH,2008-11-27,8.796,2023-07-31
600519.SH,2008-11-27,4.566,2023-07-31
600520.SH,2008-11-27,2.342,2023-07-31
600521.SH,2008-11-27,4.125,2023-07-31
600522.SH,2008-11-27,1.742,2023-07-31
600523.SH,2008-11-27,1.305,2023-07-31
600525.SH,2008-11-27,2.153,2023-07-31
600526.SH,2008-11-27,1.883,2023-07-31
600527.SH,2008-11-27,5.66,2023-07-31
600528.SH,2008-11-27,3.866,2023-07-31
600529.SH,2008-11-27,3.61,2023-07-31
600530.SH,2008-11-27,2.311,2023-07-31
600531.SH,2008-11-27,2.678,2023-07-31
600532.SH,2008-11-27,2.308,2023-07-31
600533.SH,2008-11-27,6.996,2023-07-31
600535.SH,2008-11-27,3.523,2023-07-31
600536.SH,2008-11-27,2.569,2023-07-31
600537.SH,2008-11-27,2.087,2023-07-31
600538.SH,2008-11-27,3.082,2023-07-31
600539.SH,2008-11-27,1.21,2023-07-31
600540.SH,2008-11-27,2.021,2023-07-31
600543.SH,2008-11-27,1.358,2023-07-31
600545.SH,2008-11-27,2.563,2023-07-31
600546.SH,2008-11-27,3.765,2023-07-31
600547.SH,2008-11-27,2.679,2023-07-31
600548.SH,2008-11-27,1.526,2023-07-31
600549.SH,2008-11-27,7.128,2023-07-31
600550.SH,2008-11-27,6.944,2023-07-31
600551.SH,2008-11-27,1.335,2023-07-31
600552.SH,2008-11-27,1.768,2023-07-31
600553.SH,2008-11-27,2.774,2023-07-31
600555.SH,2008-11-27,2.857,2023-07-31
600556.SH,2008-11-27,3.758,2023-07-31
600557.SH,2008-11-27,3.714,2023-07-31
600558.SH,2008-11-27,1.476,2023-07-31
600559.SH,2008-11-27,1.397,2023-07-31
600560.SH,2008-11-27,1.909,2023-07-31
600561.SH,2008-11-27,2.489,2023-07-31
600562.SH,2008-11-27,1.473,2023-07-31
600563.SH,2008-11-27,2.103,2023-07-31
600565.SH,2008-11-27,5.577,2023-07-31
600566.SH,2008-11-27,1.382,2023-07-31
600567.SH,2008-11-27,1.751,2023-07-31
600568.SH,2008-11-27,2.04,2023-07-31
600569.SH,2008-11-27,2.483,2023-07-31
600570.SH,2008-11-27,6.53,2023-07-31
600571.SH,2008-11-27,4.864,2023-07-31
600572.SH,2008-11-27,2.578,2023-07-31
600573.SH,2008-11-27,1.238,2023-07-31
600575.SH,2008-11-27,4.311,2023-07-31
600576.SH,2008-11-27,1.43,2023-07-31
600577.SH,2008-11-27,5.115,2023-07-31
600578.SH,2008-11-27,1.573,2023-07-31
600579.SH,2008-11-27,1.883,2023-07-31
600580.SH,2008-11-27,3.111,2023-07-31
600581.SH,2008-11-27,3.097,2023-07-31
600582.SH,2008-11-27,9.253,2023-07-31
600583.SH,2008-11-27,9.778,2023-07-31
600584.SH,2008-11-27,4.34,2023-07-31
600585.SH,2008-11-27,1.198,2023-07-31
600586.SH,2008-11-27,6.166,2023-07-31
600587.SH,2008-11-27,2.39,2023-07-31
600588.SH,2008-11-27,7.505,2023-07-31
600589.SH,2008-11-27,4.055,2023-07-31
600590.SH,2008-11-27,2.336,2023-07-31
600591.SH,2008-11-27,2.026,2023-07-31
600592.SH,2008-11-27,2.957,2023-07-31
600593.SH,2008-11-27,1.347,2023-07-31
600594.SH,2008-11-27,4.85,2023-07-31
600595.SH,2008-11-27,3.923,2023-07-31
600596.SH,2008-11-27,3.007,2023-07-31
600597.SH,2008-11-27,2.193,2023-07-31
600598.SH,2008-11-27,1.984,2023-07-31
600599.SH,2008-11-27,2.185,2023-07-31
600600.SH,2008-11-27,1.512,2023-07-31
600601.SH,2008-11-27,4972.887,2023-07-31
600602.SH,2008-11-27,511.679,2023-07-31
600603.SH,2008-11-27,76.747,2023-07-31
600604.SH,2008-11-27,25.941,2023-07-31
600605.SH,2008-11-27,34.473,2023-07-31
600606.SH,2008-11-27,81.699,2023-07-31
600607.SH,2008-11-27,77.41,2023-07-31
600608.SH,2008-11-27,96.539,2023-07-31
600609.SH,2008-11-27,25.927,2023-07-31
600610.SH,2008-11-27,17.182,2023-07-31
600611.SH,2008-11-27,384.647,2023-07-31
600612.SH,2008-11-27,66.824,2023-07-31
600613.SH,2008-11-27,22.802,2023-07-31
600614.SH,2008-11-27,48.917,2023-07-31
600615.SH,2008-11-27,54.797,2023-07-31
600616.SH,2008-11-27,221.488,2023-07-31
600617.SH,2008-11-27,24.687,2023-07-31
600618.SH,2008-11-27,24.463,2023-07-31
600619.SH,2008-11-27,43.936,2023-07-31
600620.SH,2008-11-27,188.427,2023-07-31
600621.SH,2008-11-27,253.345,2023-07-31
600622.SH,2008-11-27,82.097,2023-07-31
600623.SH,2008-11-27,25.715,2023-07-31
600624.SH,2008-11-27,10.151,2023-07-31
600626.SH,2008-11-27,6.062,2023-07-31
600628.SH,2008-11-27,40.513,2023-07-31
600629.SH,2008-11-27,3.738,2023-07-31
600630.SH,2008-11-27,3.139,2023-07-31
600631.SH,2008-11-27,7.504,2023-07-31
600633.SH,2008-11-27,3.496,2023-07-31
600634.SH,2008-11-27,5.828,2023-07-31
600635.SH,2008-11-27,76.683,2023-07-31
600636.SH,2008-11-27,11.402,2023-07-31
600637.SH,2008-11-27,3.332,2023-07-31
600638.SH,2008-11-27,10.983,2023-07-31
600639.SH,2008-11-27,4.811,2023-07-31
600640.SH,2008-11-27,8.256,2023-07-31
600641.SH,2008-11-27,8.028,2023-07-31
600642.SH,2008-11-27,4.442,2023-07-31
600643.SH,2008-11-27,5.503,2023-07-31
600644.SH,2008-11-27,11.261,2023-07-31
600645.SH,2008-11-27,18.139,2023-07-31
600647.SH,2008-11-27,6.037,2023-07-31
600648.SH,2008-11-27,6.126,2023-07-31
600649.SH,2008-11-27,9.429,2023-07-31
600650.SH,2008-11-27,3.233,2023-07-31
600651.SH,2008-11-27,4310.804,2023-07-31
600652.SH,2008-11-27,4759.262,2023-07-31
600653.SH,2008-11-27,8389.501,2023-07-31
600654.SH,2008-11-27,1471.433,2023-07-31
600655.SH,2008-11-27,86.943,2023-07-31
600656.SH,2008-11-27,17.771,2023-07-31
600657.SH,2008-11-27,13.75,2023-07-31
600658.SH,2008-11-27,3.789,2023-07-31
600660.SH,2008-11-27,46.91,2023-07-31
600661.SH,2008-11-27,5.032,2023-07-31
600662.SH,2008-11-27,50.152,2023-07-31
600663.SH,2008-11-27,4.818,2023-07-31
600664.SH,2008-11-27,4.214,2023-07-31
600665.SH,2008-11-27,2.922,2023-07-31
600666.SH,2008-11-27,4.671,2023-07-31
600667.SH,2008-11-27,2.186,2023-07-31
600668.SH,2008-11-27,5.569,2023-07-31
600671.SH,2008-11-27,3.212,2023-07-31
600673.SH,2008-11-27,5.002,2023-07-31
600674.SH,2008-11-27,4.538,2023-07-31
600675.SH,2008-11-27,17.304,2023-07-31
600676.SH,2008-11-27,8.844,2023-07-31
600677.SH,2008-11-27,6.178,2023-07-31
600678.SH,2008-11-27,4.222,2023-07-31
600679.SH,2008-11-27,2.503,2023-07-31
600680.SH,2008-11-27,3.907,2023-07-31
600682.SH,2008-11-27,5.837,2023-07-31
600683.SH,2008-11-27,3.724,2023-07-31
600684.SH,2008-11-27,3.003,2023-07-31
600685.SH,2008-11-27,1.471,2023-07-31
600686.SH,2008-11-27,11.697,2023-07-31
600687.SH,2008-11-27,3.686,2023-07-31
600688.SH,2008-11-27,1.339,2023-07-31
600689.SH,2008-11-27,2.541,2023-07-31
600690.SH,2008-11-27,7.58,2023-07-31
600691.SH,2008-11-27,3.163,2023-07-31
600692.SH,2008-11-27,7.615,2023-07-31
600693.SH,2008-11-27,3.8,2023-07-31
600694.SH,2008-11-27,4.017,2023-07-31
600695.SH,2008-11-27,2.321,2023-07-31
600696.SH,2008-11-27,3.304,2023-07-31
600697.SH,2008-11-27,2.416,2023-07-31
600698.SH,2008-11-27,5.222,2023-07-31
600699.SH,2008-11-27,2.926,2023-07-31
600701.SH,2008-11-27,4.732,2023-07-31
600702.SH,2008-11-27,3.298,2023-07-31
600703.SH,2008-11-27,1.807,2023-07-31
600704.SH,2008-11-27,4.236,2023-07-31
600706.SH,2008-11-27,1.965,2023-07-31
600707.SH,2008-11-27,2.273,2023-07-31
600708.SH,2008-11-27,5.419,2023-07-31
600710.SH,2008-11-27,4.775,2023-07-31
600711.SH,2008-11-27,2.152,2023-07-31
600712.SH,2008-11-27,2.114,2023-07-31
600713.SH,2008-11-27,4.139,2023-07-31
600714.SH,2008-11-27,2.623,2023-07-31
600715.SH,2008-11-27,1.92,2023-07-31
600716.SH,2008-11-27,4.331,2023-07-31
600717.SH,2008-11-27,14.921,2023-07-31
600718.SH,2008-11-27,12.348,2023-07-31
600719.SH,2008-11-27,2.693,2023-07-31
600720.SH,2008-11-27,6.654,2023-07-31
600721.SH,2008-11-27,1.452,2023-07-31
600722.SH,2008-11-27,5.892,2023-07-31
600723.SH,2008-11-27,2.596,2023-07-31
600724.SH,2008-11-27,10.674,2023-07-31
600725.SH,2008-11-27,2.212,2023-07-31
600726.SH,2008-11-27,3.597,2023-07-31
600727.SH,2008-11-27,5.275,2023-07-31
600728.SH,2008-11-27,2.568,2023-07-31
600729.SH,2008-11-27,2.612,2023-07-31
600730.SH,2008-11-27,2.677,2023-07-31
600731.SH,2008-11-27,6.409,2023-07-31
600732.SH,2008-11-27,2.681,2023-07-31
600733.SH,2008-11-27,2.34,2023-07-31
600735.SH,2008-11-27,2.632,2023-07-31
600736.SH,2008-11-27,20.141,2023-07-31
600737.SH,2008-11-27,10.574,2023-07-31
600738.SH,2008-11-27,5.39,2023-07-31
600739.SH,2008-11-27,19.881,2023-07-31
600740.SH,2008-11-27,7.42,2023-07-31
600741.SH,2008-11-27,30.103,2023-07-31
600742.SH,2008-11-27,4.664,2023-07-31
600743.SH,2008-11-27,3.741,2023-07-31
600744.SH,2008-11-27,4.106,2023-07-31
600745.SH,2008-11-27,2.128,2023-07-31
600746.SH,2008-11-27,7.15,2023-07-31
600747.SH,2008-11-27,15.915,2023-07-31
600748.SH,2008-11-27,4.484,2023-07-31
600749.SH,2008-11-27,3.119,2023-07-31
600750.SH,2008-11-27,6.36,2023-07-31
600751.SH,2008-11-27,2.017,2023-07-31
600753.SH,2008-11-27,2.246,2023-07-31
600754.SH,2008-11-27,2.425,2023-07-31
600755.SH,2008-11-27,6.72,2023-07-31
600756.SH,2008-11-27,3.39,2023-07-31
600757.SH,2008-11-27,6.22,2023-07-31
600758.SH,2008-11-27,2.045,2023-07-31
600759.SH,2008-11-27,2.553,2023-07-31
600760.SH,2008-11-27,4.905,2023-07-31
600761.SH,2008-11-27,4.501,2023-07-31
600763.SH,2008-11-27,1.2,2023-07-31
600764.SH,2008-11-27,7.94,2023-07-31
600765.SH,2008-11-27,5.823,2023-07-31
600766.SH,2008-11-27,3.224,2023-07-31
600767.SH,2008-11-27,3.774,2023-07-31
600768.SH,2008-11-27,3.339,2023-07-31
600769.SH,2008-11-27,5.58,2023-07-31
600770.SH,2008-11-27,9.215,2023-07-31
600771.SH,2008-11-27,5.324,2023-07-31
600773.SH,2008-11-27,6.146,2023-07-31
600774.SH,2008-11-27,4.861,2023-07-31
600775.SH,2008-11-27,1.376,2023-07-31
600776.SH,2008-11-27,4.297,2023-07-31
600777.SH,2008-11-27,8.007,2023-07-31
600778.SH,2008-11-27,3.38,2023-07-31
600779.SH,2008-11-27,5.646,2023-07-31
600780.SH,2008-11-27,10.209,2023-07-31
600781.SH,2008-11-27,2.123,2023-07-31
600782.SH,2008-11-27,4.931,2023-07-31
600783.SH,2008-11-27,2.891,2023-07-31
600784.SH,2008-11-27,3.486,2023-07-31
600785.SH,2008-11-27,3.455,2023-07-31
600787.SH,2008-11-27,14.45,2023-07-31
600789.SH,2008-11-27,2.105,2023-07-31
600790.SH,2008-11-27,4.909,2023-07-31
600791.SH,2008-11-27,6.885,2023-07-31
600792.SH,2008-11-27,3.378,2023-07-31
600793.SH,2008-11-27,1.733,2023-07-31
600794.SH,2008-11-27,3.744,2023-07-31
600795.SH,2008-11-27,92.654,2023-07-31
600796.SH,2008-11-27,7.598,2023-07-31
600797.SH,2008-11-27,12.257,2023-07-31
600798.SH,2008-11-27,4.881,2023-07-31
600800.SH,2008-11-27,7.337,2023-07-31
600801.SH,2008-11-27,1.766,2023-07-31
600802.SH,2008-11-27,2.719,2023-07-31
600803.SH,2008-11-27,5.451,2023-07-31
600804.SH,2008-11-27,4.249,2023-07-31
600805.SH,2008-11-27,8.459,2023-07-31
600806.SH,2008-11-27,2.455,2023-07-31
600807.SH,2008-11-27,2.506,2023-07-31
600808.SH,2008-11-27,1.791,2023-07-31
600809.SH,2008-11-27,1.901,2023-07-31
600810.SH,2008-11-27,3.055,2023-07-31
600811.SH,2008-11-27,9.116,2023-07-31
600812.SH,2008-11-27,3.882,2023-07-31
600814.SH,2008-11-27,5.474,2023-07-31
600815.SH,2008-11-27,5.892,2023-07-31
600816.SH,2008-11-27,4.156,2023-07-31
600817.SH,2008-11-27,3.573,2023-07-31
600818.SH,2008-11-27,1.749,2023-07-31
600819.SH,2008-11-27,3.219,2023-07-31
600820.SH,2008-11-27,7.386,2023-07-31
600821.SH,2008-11-27,4.462,2023-07-31
600822.SH,2008-11-27,1.769,2023-07-31
600823.SH,2008-11-27,9.948,2023-07-31
600824.SH,2008-11-27,13.728,2023-07-31
600825.SH,2008-11-27,6.749,2023-07-31
600826.SH,2008-11-27,2.98,2023-07-31
600827.SH,2008-11-27,6.531,2023-07-31
600828.SH,2008-11-27,3.029,2023-07-31
600829.SH,2008-11-27,5.168,2023-07-31
600830.SH,2008-11-27,9.288,2023-07-31
600831.SH,2008-11-27,3.67,2023-07-31
600832.SH,2008-11-27,15.793,2023-07-31
600833.SH,2008-11-27,4.932,2023-07-31
600834.SH,2008-11-27,3.65,2023-07-31
600835.SH,2008-11-27,4.067,2023-07-31
600836.SH,2008-11-27,6.732,2023-07-31
600837.SH,2008-11-27,18.884,2023-07-31
600838.SH,2008-11-27,8.473,2023-07-31
600839.SH,2008-11-27,14.246,2023-07-31
600840.SH,2008-11-27,7.44,2023-07-31
600841.SH,2008-11-27,1.71,2023-07-31
600842.SH,2008-11-27,3.838,2023-07-31
600843.SH,2008-11-27,2.805,2023-07-31
600844.SH,2008-11-27,3.469,2023-07-31
600845.SH,2008-11-27,1.526,2023-07-31
600846.SH,2008-11-27,7.719,2023-07-31
600847.SH,2008-11-27,1.862,2023-07-31
600848.SH,2008-11-27,2.242,2023-07-31
600850.SH,2008-11-27,4.96,2023-07-31
600851.SH,2008-11-27,11.535,2023-07-31
600853.SH,2008-11-27,1.939,2023-07-31
600855.SH,2008-11-27,1.598,2023-07-31
600856.SH,2008-11-27,2.753,2023-07-31
600857.SH,2008-11-27,5.522,2023-07-31
600858.SH,2008-11-27,3.611,2023-07-31
600859.SH,2008-11-27,2.733,2023-07-31
600860.SH,2008-11-27,1.661,2023-07-31
600861.SH,2008-11-27,2.114,2023-07-31
600862.SH,2008-11-27,3.546,2023-07-31
600863.SH,2008-11-27,6.18,2023-07-31
600864.SH,2008-11-27,8.746,2023-07-31
600865.SH,2008-11-27,4.471,2023-07-31
600866.SH,2008-11-27,14.442,2023-07-31
600867.SH,2008-11-27,5.725,2023-07-31
600868.SH,2008-11-27,27.789,2023-07-31
600869.SH,2008-11-27,2.445,2023-07-31
600870.SH,2008-11-27,8.269,2023-07-31
600871.SH,2008-11-27,1.087,2023-07-31
600872.SH,2008-11-27,9.533,2023-07-31
600873.SH,2008-11-27,1.853,2023-07-31
600874.SH,2008-11-27,1.516,2023-07-31
600875.SH,2008-11-27,1.409,2023-07-31
600876.SH,2008-11-27,1.427,2023-07-31
600877.SH,2008-11-27,4.641,2023-07-31
600879.SH,2008-11-27,10.625,2023-07-31
600880.SH,2008-11-27,10.508,2023-07-31
600881.SH,2008-11-27,27.852,2023-07-31
600882.SH,2008-11-27,2.189,2023-07-31
600883.SH,2008-11-27,4.514,2023-07-31
600884.SH,2008-11-27,8.879,2023-07-31
600885.SH,2008-11-27,2.693,2023-07-31
600886.SH,2008-11-27,15.311,2023-07-31
600887.SH,2008-11-27,10.34,2023-07-31
600888.SH,2008-11-27,5.067,2023-07-31
600889.SH,2008-11-27,3.726,2023-07-31
600890.SH,2008-11-27,5.544,2023-07-31
600891.SH,2008-11-27,2.211,2023-07-31
600892.SH,2008-11-27,1.0,2023-07-31
600893.SH,2008-11-27,1.564,2023-07-31
600894.SH,2008-11-27,2.942,2023-07-31
600895.SH,2008-11-27,17.24,2023-07-31
600896.SH,2008-11-27,4.87,2023-07-31
600897.SH,2008-11-27,3.818,2023-07-31
600898.SH,2008-11-27,2.694,2023-07-31
600900.SH,2008-11-27,1.389,2023-07-31
600960.SH,2008-11-27,2.037,2023-07-31
600961.SH,2008-11-27,1.482,2023-07-31
600962.SH,2008-11-27,1.427,2023-07-31
600963.SH,2008-11-27,3.06,2023-07-31
600965.SH,2008-11-27,1.472,2023-07-31
600966.SH,2008-11-27,3.317,2023-07-31
600967.SH,2008-11-27,1.376,2023-07-31
600969.SH,2008-11-27,1.377,2023-07-31
600970.SH,2008-11-27,1.343,2023-07-31
600971.SH,2008-11-27,2.232,2023-07-31
600973.SH,2008-11-27,1.834,2023-07-31
600975.SH,2008-11-27,2.61,2023-07-31
600976.SH,2008-11-27,2.521,2023-07-31
600978.SH,2008-11-27,4.181,2023-07-31
600979.SH,2008-11-27,1.942,2023-07-31
600980.SH,2008-11-27,1.764,2023-07-31
600981.SH,2008-11-27,4.23,2023-07-31
600982.SH,2008-11-27,1.398,2023-07-31
600983.SH,2008-11-27,1.416,2023-07-31
600984.SH,2008-11-27,1.464,2023-07-31
600985.SH,2008-11-27,1.407,2023-07-31
600986.SH,2008-11-27,2.015,2023-07-31
600987.SH,2008-11-27,2.098,2023-07-31
600988.SH,2008-11-27,1.366,2023-07-31
600990.SH,2008-11-27,1.362,2023-07-31
600991.SH,2008-11-27,1.435,2023-07-31
600992.SH,2008-11-27,1.463,2023-07-31
600993.SH,2008-11-27,2.255,2023-07-31
600995.SH,2008-11-27,6.439,2023-07-31
600997.SH,2008-11-27,1.688,2023-07-31
601001.SH,2008-11-27,1.012,2023-07-31
601002.SH,2008-11-27,1.018,2023-07-31
601003.SH,2008-11-27,3.662,2023-07-31
601005.SH,2008-11-27,1.031,2023-07-31
601006.SH,2008-11-27,1.04,2023-07-31
601007.SH,2008-11-27,1.014,2023-07-31
601008.SH,2008-11-27,1.203,2023-07-31
601009.SH,2008-11-27,1.027,2023-07-31
601088.SH,2008-11-27,1.004,2023-07-31
601099.SH,2008-11-27,1.0,2023-07-31
601111.SH,2008-11-27,1.013,2023-07-31
601166.SH,2008-11-27,1.019,2023-07-31
601168.SH,2008-11-27,1.013,2023-07-31
601169.SH,2008-11-27,1.009,2023-07-31
601186.SH,2008-11-27,1.0,2023-07-31
601318.SH,2008-11-27,1.02,2023-07-31
601328.SH,2008-11-27,1.038,2023-07-31
601333.SH,2008-11-27,1.031,2023-07-31
601390.SH,2008-11-27,1.0,2023-07-31
601398.SH,2008-11-27,1.03,2023-07-31
601588.SH,2008-11-27,1.006,2023-07-31
601600.SH,2008-11-27,1.012,2023-07-31
601601.SH,2008-11-27,1.015,2023-07-31
601607.SH,2008-11-27,8.198,2023-07-31
601628.SH,2008-11-27,1.019,2023-07-31
601666.SH,2008-11-27,1.023,2023-07-31
601699.SH,2008-11-27,1.833,2023-07-31
601766.SH,2008-11-27,1.0,2023-07-31
601808.SH,2008-11-27,1.005,2023-07-31
601857.SH,2008-11-27,1.022,2023-07-31
601866.SH,2008-11-27,1.008,2023-07-31
601872.SH,2008-11-27,1.014,2023-07-31
601898.SH,2008-11-27,1.004,2023-07-31
601899.SH,2008-11-27,1.011,2023-07-31
601918.SH,2008-11-27,1.0,2023-07-31
601919.SH,2008-11-27,1.009,2023-07-31
601939.SH,2008-11-27,1.035,2023-07-31
601958.SH,2008-11-27,1.0,2023-07-31
601988.SH,2008-11-27,1.032,2023-07-31
601991.SH,2008-11-27,2.035,2023-07-31
601998.SH,2008-11-27,1.009,2023-07-31
601999.SH,2008-11-27,1.0,2023-07-31
