security_code,trade_date,open,high,low,close,pre_close,change,pct_chg,vol,amount,data_date
000821.SZ,2020-09-29,6.19,6.25,6.16,6.22,6.16,0.06,0.974,16084.1,9995.045,2023-08-01
000822.SZ,2020-09-29,4.0,4.04,3.95,4.01,3.96,0.05,1.2626,46853.91,18725.217,2023-08-01
000823.SZ,2020-09-29,13.02,13.23,12.98,13.14,12.94,0.2,1.5456,101708.32,133655.629,2023-08-01
000825.SZ,2020-09-29,3.72,3.77,3.71,3.72,3.73,-0.01,-0.2681,144880.86,54073.253,2023-08-01
000826.SZ,2020-09-29,7.74,7.91,7.72,7.88,7.69,0.19,2.4707,81172.17,63543.016,2023-08-01
000828.SZ,2020-09-29,9.86,10.38,9.82,10.26,10.08,0.18,1.7857,308289.11,308941.476,2023-08-01
000829.SZ,2020-09-29,6.45,6.61,6.45,6.56,6.45,0.11,1.7054,53788.03,35207.194,2023-08-01
000830.SZ,2020-09-29,9.0,9.15,8.94,9.08,8.95,0.13,1.4525,124212.32,112655.452,2023-08-01
000831.SZ,2020-09-29,12.5,12.66,12.49,12.53,12.47,0.06,0.4812,75388.76,94771.347,2023-08-01
000833.SZ,2020-09-29,4.62,4.66,4.6,4.62,4.6,0.02,0.4348,12561.34,5818.678,2023-08-01
000835.SZ,2020-09-29,2.09,2.09,1.98,2.04,2.08,-0.04,-1.9231,57639.91,11760.291,2023-08-01
000836.SZ,2020-09-29,3.19,3.24,3.18,3.21,3.19,0.02,0.627,66638.16,21403.016,2023-08-01
000837.SZ,2020-09-29,5.35,5.41,5.31,5.36,5.35,0.01,0.1869,18995.32,10183.616,2023-08-01
000838.SZ,2020-09-29,3.04,3.06,2.97,2.98,3.02,-0.04,-1.3245,78742.0,23584.837,2023-08-01
000839.SZ,2020-09-29,2.56,2.57,2.52,2.57,2.55,0.02,0.7843,159513.69,40723.029,2023-08-01
000848.SZ,2020-09-29,7.3,7.33,7.25,7.26,7.27,-0.01,-0.1376,38082.97,27768.632,2023-08-01
000850.SZ,2020-09-29,3.71,3.75,3.69,3.73,3.71,0.02,0.5391,46835.82,17460.828,2023-08-01
000851.SZ,2020-09-29,6.38,6.64,6.38,6.52,6.35,0.17,2.6772,130901.84,85435.812,2023-08-01
000852.SZ,2020-09-29,4.75,4.77,4.71,4.71,4.68,0.03,0.641,17231.6,8157.234,2023-08-01
000856.SZ,2020-09-29,8.22,8.28,8.13,8.2,8.11,0.09,1.1097,21639.0,17768.692,2023-08-01
000858.SZ,2020-09-29,222.0,222.8,218.77,219.73,220.13,-0.4,-0.1817,99720.97,2199769.865,2023-08-01
000859.SZ,2020-09-29,5.26,5.43,5.21,5.34,5.23,0.11,2.1033,74554.37,39553.004,2023-08-01
000860.SZ,2020-09-29,60.2,60.89,59.92,60.08,60.02,0.06,0.1,62659.87,377232.823,2023-08-01
000861.SZ,2020-09-29,2.76,2.9,2.67,2.67,2.97,-0.3,-10.101,1064570.62,288838.791,2023-08-01
000862.SZ,2020-09-29,3.82,3.87,3.8,3.82,3.79,0.03,0.7916,31810.03,12193.346,2023-08-01
000863.SZ,2020-09-29,3.68,3.75,3.68,3.73,3.7,0.03,0.8108,20349.0,7566.673,2023-08-01
000868.SZ,2020-09-29,3.15,3.3,3.1,3.29,3.14,0.15,4.7771,113929.04,36903.576,2023-08-01
000869.SZ,2020-09-29,30.69,30.9,30.24,30.51,30.62,-0.11,-0.3592,23340.51,71232.631,2023-08-01
000876.SZ,2020-09-29,28.0,28.45,27.7,28.09,27.5,0.59,2.1455,252351.64,709633.425,2023-08-01
000877.SZ,2020-09-29,17.6,18.05,17.24,17.67,17.28,0.39,2.2569,203322.88,359974.083,2023-08-01
000878.SZ,2020-09-29,13.91,14.05,13.76,13.83,13.9,-0.07,-0.5036,210909.18,292995.417,2023-08-01
000880.SZ,2020-09-29,9.89,9.92,9.29,9.43,9.74,-0.31,-3.1828,73256.5,69637.451,2023-08-01
000881.SZ,2020-09-29,9.58,9.64,9.33,9.37,9.58,-0.21,-2.1921,70840.42,66549.245,2023-08-01
000882.SZ,2020-09-29,1.97,1.98,1.96,1.97,1.96,0.01,0.5102,81466.94,16082.969,2023-08-01
000883.SZ,2020-09-29,3.74,3.8,3.73,3.75,3.75,0.0,0.0,80908.81,30476.116,2023-08-01
000885.SZ,2020-09-29,10.24,10.39,10.1,10.12,10.22,-0.1,-0.9785,47615.69,48601.757,2023-08-01
000886.SZ,2020-09-29,5.42,5.69,5.41,5.59,5.41,0.18,3.3272,147573.73,82304.339,2023-08-01
000887.SZ,2020-09-29,10.09,10.69,10.03,10.54,10.03,0.51,5.0847,163266.36,170288.377,2023-08-01
000888.SZ,2020-09-29,6.07,6.09,5.97,6.01,6.03,-0.02,-0.3317,43890.0,26399.339,2023-08-01
000889.SZ,2020-09-29,6.38,6.44,6.26,6.3,6.37,-0.07,-1.0989,112812.21,71376.511,2023-08-01
000890.SZ,2020-09-29,2.51,2.51,2.43,2.44,2.46,-0.02,-0.813,15891.0,3920.249,2023-08-01
000892.SZ,2020-09-29,3.53,3.57,3.51,3.56,3.51,0.05,1.4245,47255.88,16752.545,2023-08-01
000893.SZ,2020-09-29,7.4,7.66,7.31,7.52,7.39,0.13,1.7591,66534.0,49845.186,2023-08-01
000895.SZ,2020-09-29,50.99,52.2,50.7,51.66,50.94,0.72,1.4134,102746.53,529741.561,2023-08-01
600973.SH,2020-09-29,4.46,4.55,4.46,4.5,4.46,0.04,0.8969,102545.85,46212.63,2023-08-01
002027.SZ,2020-09-29,7.9,8.05,7.71,7.99,7.82,0.17,2.1739,1326483.57,1048866.141,2023-08-01
002028.SZ,2020-09-29,24.68,25.07,24.15,24.43,23.75,0.68,2.8632,219245.51,539726.673,2023-08-01
002029.SZ,2020-09-29,5.41,5.47,5.39,5.41,5.41,0.0,0.0,25250.0,13710.316,2023-08-01
002030.SZ,2020-09-29,34.58,35.33,33.49,34.8,34.44,0.36,1.0453,297527.48,1031110.798,2023-08-01
600987.SH,2020-09-29,5.34,5.39,5.33,5.36,5.33,0.03,0.5629,12132.73,6505.335,2023-08-01
688156.SH,2020-09-29,25.16,26.11,24.81,25.01,25.03,-0.02,-0.0799,21798.08,55267.193,2023-08-01
688336.SH,2020-09-29,31.02,31.41,30.8,30.83,30.99,-0.16,-0.5163,5565.91,17320.231,2023-08-01
002031.SZ,2020-09-29,1.98,1.99,1.97,1.98,1.97,0.01,0.5076,131225.99,25973.675,2023-08-01
600971.SH,2020-09-29,5.75,5.92,5.57,5.7,5.63,0.07,1.2433,699939.69,402197.622,2023-08-01
002032.SZ,2020-09-29,77.39,78.86,76.68,78.58,77.01,1.57,2.0387,10178.13,79253.943,2023-08-01
688286.SH,2020-09-29,123.53,126.5,122.67,123.66,122.6,1.06,0.8646,2416.39,30165.982,2023-08-01
688356.SH,2020-09-29,91.72,95.99,91.72,93.0,92.27,0.73,0.7912,10303.88,96702.984,2023-08-01
600978.SH,2020-09-29,1.15,1.17,1.14,1.16,1.17,-0.01,-0.8547,200710.7,23204.041,2023-08-01
688558.SH,2020-09-29,31.4,32.96,31.4,32.54,31.32,1.22,3.8953,8632.04,28027.069,2023-08-01
002033.SZ,2020-09-29,6.45,6.55,6.35,6.49,6.4,0.09,1.4063,37877.03,24454.952,2023-08-01
002034.SZ,2020-09-29,17.03,17.73,16.81,17.47,16.96,0.51,3.0071,31405.27,54841.92,2023-08-01
600961.SH,2020-09-29,7.02,7.1,6.85,6.86,7.02,-0.16,-2.2792,58254.01,40718.972,2023-08-01
002035.SZ,2020-09-29,9.81,9.94,9.78,9.84,9.79,0.05,0.5107,94556.28,92999.404,2023-08-01
002036.SZ,2020-09-29,10.78,10.86,10.69,10.72,10.66,0.06,0.5629,62617.92,67384.578,2023-08-01
600979.SH,2020-09-29,3.22,3.26,3.21,3.21,3.21,0.0,0.0,38344.93,12377.561,2023-08-01
002037.SZ,2020-09-29,6.81,6.99,6.78,6.92,6.81,0.11,1.6153,16287.64,11276.549,2023-08-01
688569.SH,2020-09-29,23.5,23.99,23.5,23.71,23.43,0.28,1.195,15826.67,37603.171,2023-08-01
002038.SZ,2020-09-29,11.79,11.84,11.65,11.78,11.66,0.12,1.0292,37338.26,43920.617,2023-08-01
688586.SH,2020-09-29,31.09,33.29,30.93,33.01,30.7,2.31,7.5244,82015.23,265770.637,2023-08-01
688229.SH,2020-09-29,125.75,131.78,125.6,127.0,125.54,1.46,1.163,3322.04,42654.621,2023-08-01
688050.SH,2020-09-29,200.05,202.78,198.36,199.55,199.0,0.55,0.2764,3208.8,64330.117,2023-08-01
688065.SH,2020-09-29,98.72,99.38,98.11,98.2,98.22,-0.02,-0.0204,7115.26,70175.949,2023-08-01
300887.SZ,2020-09-29,93.79,96.45,90.0,92.15,93.35,-1.2,-1.2855,38857.36,361534.348,2023-08-01
688379.SH,2020-09-29,29.39,29.56,29.0,29.2,29.09,0.11,0.3781,5013.3,14710.802,2023-08-01
688580.SH,2020-09-29,162.64,165.51,161.11,164.4,163.0,1.4,0.8589,2095.86,34255.15,2023-08-01
002989.SZ,2020-09-29,58.66,59.19,56.64,56.94,58.22,-1.28,-2.1986,9497.0,54691.52,2023-08-01
688600.SH,2020-09-29,21.88,22.39,21.85,21.91,21.81,0.1,0.4585,4020.0,8893.197,2023-08-01
688311.SH,2020-09-29,101.15,105.95,101.15,104.95,100.88,4.07,4.0345,7506.34,77982.176,2023-08-01
688155.SH,2020-09-29,53.15,55.31,52.93,53.12,52.75,0.37,0.7014,15699.0,85111.275,2023-08-01
688577.SH,2020-09-29,49.0,49.35,48.55,48.61,48.6,0.01,0.0206,8608.09,42139.655,2023-08-01
688390.SH,2020-09-29,150.85,150.85,142.51,146.4,148.68,-2.28,-1.5335,8072.56,118070.425,2023-08-01
688556.SH,2020-09-29,28.63,30.45,28.37,29.7,28.22,1.48,5.2445,38169.53,113195.623,2023-08-01
688338.SH,2020-09-29,75.01,76.65,74.7,75.66,74.99,0.67,0.8935,5084.34,38563.147,2023-08-01
688585.SH,2020-09-29,16.0,16.15,14.46,14.59,16.35,-1.76,-10.7645,207680.57,314275.545,2023-08-01
300895.SZ,2020-09-29,59.45,59.46,54.88,55.02,58.6,-3.58,-6.1092,82857.19,468632.319,2023-08-01
688559.SH,2020-09-29,24.59,24.84,24.21,24.43,24.26,0.17,0.7007,46047.25,113211.139,2023-08-01
300888.SZ,2020-09-29,120.6,122.0,113.51,113.66,122.25,-8.59,-7.0266,75178.73,878253.012,2023-08-01
688055.SH,2020-09-29,9.18,10.35,9.02,10.0,9.03,0.97,10.742,615331.5,604477.618,2023-08-01
688215.SH,2020-09-29,61.0,61.6,60.49,61.0,60.46,0.54,0.8932,3451.21,21091.153,2023-08-01
002475.SZ,2020-09-29,57.7,57.8,56.6,56.9,56.89,0.01,0.0176,538912.85,3081495.82,2023-08-01
300128.SZ,2020-09-29,4.7,4.74,4.57,4.58,4.7,-0.12,-2.5532,851490.08,394783.285,2023-08-01
601098.SH,2020-09-29,10.84,10.94,10.75,10.86,10.84,0.02,0.1845,73910.34,80102.928,2023-08-01
300120.SZ,2020-09-29,15.07,15.48,14.88,15.05,14.74,0.31,2.1031,107223.15,162520.946,2023-08-01
002479.SZ,2020-09-29,6.9,6.9,6.75,6.76,6.8,-0.04,-0.5882,32928.0,22432.488,2023-08-01
002480.SZ,2020-09-29,5.15,5.21,5.12,5.15,5.12,0.03,0.5859,37300.0,19297.477,2023-08-01
002481.SZ,2020-09-29,15.04,15.14,14.71,14.8,15.02,-0.22,-1.4647,112802.59,168066.556,2023-08-01
300121.SZ,2020-09-29,9.19,9.31,9.13,9.2,9.18,0.02,0.2179,18281.43,16824.31,2023-08-01
300119.SZ,2020-09-29,19.8,20.89,19.25,20.34,19.56,0.78,3.9877,79033.77,158853.95,2023-08-01
601818.SH,2020-09-29,3.64,3.64,3.59,3.6,3.63,-0.03,-0.8264,716811.94,259225.189,2023-08-01
300125.SZ,2020-09-29,12.91,13.12,12.7,12.92,13.0,-0.08,-0.6154,37734.24,48728.585,2023-08-01
002486.SZ,2020-09-29,3.63,3.67,3.6,3.62,3.61,0.01,0.277,61444.0,22312.111,2023-08-01
002482.SZ,2020-09-29,3.48,3.52,3.44,3.45,3.49,-0.04,-1.1461,58855.5,20401.052,2023-08-01
002500.SZ,2020-09-29,8.08,8.14,8.04,8.06,8.04,0.02,0.2488,229372.28,185551.347,2023-08-01
002485.SZ,2020-09-29,5.43,5.48,5.37,5.38,5.43,-0.05,-0.9208,19982.3,10781.973,2023-08-01
002521.SZ,2020-09-29,5.66,5.71,5.64,5.66,5.64,0.02,0.3546,19775.0,11214.449,2023-08-01
300123.SZ,2020-09-29,15.33,16.1,15.2,15.8,15.22,0.58,3.8108,305012.42,479973.753,2023-08-01
300122.SZ,2020-09-29,136.99,137.58,130.05,135.0,137.15,-2.15,-1.5676,166491.29,2229506.669,2023-08-01
002488.SZ,2020-09-29,8.88,9.36,8.71,9.11,8.73,0.38,4.3528,466528.11,422979.028,2023-08-01
002487.SZ,2020-09-29,8.7,8.9,8.6,8.65,8.57,0.08,0.9335,155342.0,135015.231,2023-08-01
002495.SZ,2020-09-29,2.56,2.58,2.54,2.56,2.55,0.01,0.3922,42964.52,11006.247,2023-08-01
002615.SZ,2020-09-29,5.31,5.43,5.25,5.37,5.3,0.07,1.3208,44724.5,23918.658,2023-08-01
300127.SZ,2020-09-29,19.66,19.96,19.14,19.38,19.6,-0.22,-1.1224,136588.83,267159.473,2023-08-01
002518.SZ,2020-09-29,14.05,14.35,13.92,14.33,13.99,0.34,2.4303,26490.25,37561.144,2023-08-01
600998.SH,2020-09-29,17.3,17.48,17.1,17.27,17.18,0.09,0.5239,40641.18,70425.647,2023-08-01
002493.SZ,2020-09-29,19.06,19.19,18.56,19.11,18.77,0.34,1.8114,186331.51,353757.543,2023-08-01
002491.SZ,2020-09-29,5.11,5.3,5.11,5.16,5.06,0.1,1.9763,72517.17,37592.839,2023-08-01
601028.SH,2020-09-29,12.46,12.49,12.02,12.02,12.33,-0.31,-2.5142,32736.03,39921.952,2023-08-01
002483.SZ,2020-09-29,5.98,5.98,5.6,5.72,5.91,-0.19,-3.2149,216059.42,123957.604,2023-08-01
300134.SZ,2020-09-29,13.2,13.55,13.2,13.29,13.12,0.17,1.2957,50188.42,67104.849,2023-08-01
300135.SZ,2020-09-29,3.14,3.26,3.08,3.18,3.12,0.06,1.9231,299881.55,95424.447,2023-08-01
300130.SZ,2020-09-29,14.4,14.57,14.32,14.4,14.26,0.14,0.9818,55084.19,79638.544,2023-08-01
300329.SZ,2020-09-29,7.41,7.53,7.32,7.5,7.37,0.13,1.7639,27352.5,20410.429,2023-08-01
002497.SZ,2020-09-29,9.44,10.23,9.41,9.8,9.3,0.5,5.3763,479658.84,478552.717,2023-08-01
600958.SH,2020-09-29,11.51,11.56,11.35,11.41,11.41,0.0,0.0,878848.21,1005262.119,2023-08-01
002494.SZ,2020-09-29,4.84,4.87,4.74,4.75,4.81,-0.06,-1.2474,47697.02,22892.61,2023-08-01
601996.SH,2020-09-29,2.66,2.69,2.65,2.66,2.65,0.01,0.3774,46748.37,12474.488,2023-08-01
300401.SZ,2020-09-29,14.63,14.73,14.47,14.54,14.52,0.02,0.1377,37513.47,54789.544,2023-08-01
300131.SZ,2020-09-29,7.51,7.76,7.24,7.34,7.43,-0.09,-1.2113,728404.75,543151.71,2023-08-01
300137.SZ,2020-09-29,7.54,7.76,7.5,7.59,7.49,0.1,1.3351,102056.31,77951.208,2023-08-01
300132.SZ,2020-09-29,25.7,25.97,25.15,25.96,25.5,0.46,1.8039,63100.58,161622.948,2023-08-01
002498.SZ,2020-09-29,4.14,4.16,4.1,4.13,4.1,0.03,0.7317,163239.31,67394.478,2023-08-01
002643.SZ,2020-09-29,18.04,18.64,17.85,18.55,17.84,0.71,3.9798,64157.45,117783.936,2023-08-01
002805.SZ,2020-09-29,12.3,12.49,12.27,12.3,12.34,-0.04,-0.3241,20113.5,24878.182,2023-08-01
300138.SZ,2020-09-29,15.11,16.08,14.97,15.99,15.11,0.88,5.824,96733.95,151644.793,2023-08-01
300206.SZ,2020-09-29,21.17,21.65,20.91,21.42,21.16,0.26,1.2287,91333.16,194965.369,2023-08-01
603006.SH,2020-09-29,10.31,10.47,10.26,10.3,10.26,0.04,0.3899,7467.91,7723.869,2023-08-01
002575.SZ,2020-09-29,5.0,5.01,4.91,4.99,4.97,0.02,0.4024,11221.0,5587.019,2023-08-01
300282.SZ,2020-09-29,6.16,6.39,6.13,6.37,6.16,0.21,3.4091,81185.34,51061.862,2023-08-01
300208.SZ,2020-09-29,11.6,11.9,10.72,11.13,11.55,-0.42,-3.6364,472746.77,536242.728,2023-08-01
300209.SZ,2020-09-29,14.03,14.38,13.98,14.04,13.89,0.15,1.0799,51943.67,73662.33,2023-08-01
300210.SZ,2020-09-29,4.95,5.18,4.93,5.06,4.83,0.23,4.7619,238780.6,121298.509,2023-08-01
601566.SH,2020-09-29,12.5,12.63,12.3,12.49,12.5,-0.01,-0.08,42445.01,52768.074,2023-08-01
002580.SZ,2020-09-29,5.71,5.81,5.66,5.77,5.71,0.06,1.0508,26446.75,15217.581,2023-08-01
601113.SH,2020-09-29,3.35,3.38,3.17,3.24,3.22,0.02,0.6211,152404.0,50438.645,2023-08-01
300207.SZ,2020-09-29,27.65,28.12,27.3,27.51,27.43,0.08,0.2917,163971.68,453003.981,2023-08-01
002578.SZ,2020-09-29,3.39,3.48,3.37,3.41,3.39,0.02,0.59,40123.0,13782.967,2023-08-01
300212.SZ,2020-09-29,35.79,36.07,35.4,35.75,35.42,0.33,0.9317,23964.99,85756.78,2023-08-01
601233.SH,2020-09-29,14.06,14.19,13.86,14.05,13.99,0.06,0.4289,114725.65,161212.993,2023-08-01
601208.SH,2020-09-29,8.4,9.0,8.4,8.94,8.43,0.51,6.0498,93979.77,82163.647,2023-08-01
300213.SZ,2020-09-29,8.19,8.3,8.01,8.17,8.11,0.06,0.7398,168999.45,137897.627,2023-08-01
300218.SZ,2020-09-29,12.24,12.33,11.96,12.09,12.26,-0.17,-1.3866,27769.75,33569.044,2023-08-01
300402.SZ,2020-09-29,14.21,14.77,13.82,14.35,13.95,0.4,2.8674,92045.29,132155.954,2023-08-01
002582.SZ,2020-09-29,14.6,14.64,14.28,14.54,14.63,-0.09,-0.6152,114897.98,166583.732,2023-08-01
002584.SZ,2020-09-29,6.91,7.15,6.91,7.09,6.9,0.19,2.7536,84775.37,59750.506,2023-08-01
300215.SZ,2020-09-29,8.15,8.24,8.04,8.15,8.08,0.07,0.8663,41948.13,34233.875,2023-08-01
300225.SZ,2020-09-29,14.92,14.92,14.1,14.2,14.83,-0.63,-4.2481,212701.04,308123.144,2023-08-01
300257.SZ,2020-09-29,16.31,16.75,16.12,16.64,16.35,0.29,1.7737,42260.5,69476.476,2023-08-01
300219.SZ,2020-09-29,10.27,10.37,10.03,10.05,10.27,-0.22,-2.1422,33196.5,33790.045,2023-08-01
601222.SH,2020-09-29,7.02,7.12,6.94,6.95,7.0,-0.05,-0.7143,126411.33,88648.793,2023-08-01
300222.SZ,2020-09-29,11.25,11.42,11.13,11.2,11.12,0.08,0.7194,159891.89,180632.165,2023-08-01
300217.SZ,2020-09-29,3.75,3.85,3.57,3.7,3.66,0.04,1.0929,823725.63,307258.061,2023-08-01
300221.SZ,2020-09-29,5.86,6.1,5.71,5.97,5.91,0.06,1.0152,191332.42,113860.466,2023-08-01
601599.SH,2020-09-29,3.09,3.14,3.02,3.14,3.05,0.09,2.9508,52223.74,16128.88,2023-08-01
002583.SZ,2020-09-29,7.43,7.55,7.41,7.46,7.38,0.08,1.084,90245.75,67630.88,2023-08-01
002590.SZ,2020-09-29,7.35,7.41,7.29,7.35,7.32,0.03,0.4098,34658.2,25451.254,2023-08-01
300224.SZ,2020-09-29,9.31,9.47,9.23,9.33,9.26,0.07,0.7559,78638.81,73643.218,2023-08-01
300227.SZ,2020-09-29,9.67,10.23,9.55,9.94,9.59,0.35,3.6496,129200.93,127735.841,2023-08-01
002592.SZ,2020-09-29,4.76,4.84,4.68,4.79,4.73,0.06,1.2685,17531.07,8329.309,2023-08-01
300231.SZ,2020-09-29,10.09,10.26,10.03,10.11,10.0,0.11,1.1,63717.8,64727.31,2023-08-01
300228.SZ,2020-09-29,6.35,6.53,6.21,6.41,6.28,0.13,2.0701,222885.6,142915.992,2023-08-01
002586.SZ,2020-09-29,1.94,1.97,1.93,1.94,1.94,0.0,0.0,13665.0,2659.476,2023-08-01
002585.SZ,2020-09-29,8.2,8.34,8.11,8.23,8.11,0.12,1.4797,182204.39,150093.472,2023-08-01
300381.SZ,2020-09-29,13.51,13.69,13.41,13.5,13.47,0.03,0.2227,25696.2,34847.675,2023-08-01
601311.SH,2020-09-29,7.53,7.63,7.53,7.57,7.51,0.06,0.7989,48762.55,36967.296,2023-08-01
300249.SZ,2020-09-29,6.75,6.83,6.63,6.72,6.67,0.05,0.7496,46647.5,31469.835,2023-08-01
300226.SZ,2020-09-29,67.89,67.89,65.51,66.48,67.0,-0.52,-0.7761,19158.99,127450.213,2023-08-01
300240.SZ,2020-09-29,6.8,6.93,6.66,6.83,6.69,0.14,2.0927,100946.26,68842.812,2023-08-01
002587.SZ,2020-09-29,5.87,5.93,5.84,5.88,5.84,0.04,0.6849,19924.0,11738.492,2023-08-01
300230.SZ,2020-09-29,5.27,5.41,5.27,5.34,5.25,0.09,1.7143,150600.72,80658.793,2023-08-01
300800.SZ,2020-09-29,36.15,36.75,35.9,36.57,36.01,0.56,1.5551,9898.0,36097.453,2023-08-01
603396.SH,2020-09-29,40.4,40.88,38.7,39.19,39.97,-0.78,-1.9515,31235.2,123316.067,2023-08-01
603179.SH,2020-09-29,31.79,32.56,31.18,31.96,31.4,0.56,1.7834,21981.38,70422.869,2023-08-01
603787.SH,2020-09-29,24.66,25.64,24.35,25.1,24.6,0.5,2.0325,24573.0,61753.16,2023-08-01
601952.SH,2020-09-29,13.52,13.54,13.0,13.29,13.29,0.0,0.0,166978.52,220972.715,2023-08-01
300593.SZ,2020-09-29,17.94,19.06,17.66,18.8,17.68,1.12,6.3348,60128.4,111783.293,2023-08-01
300577.SZ,2020-09-29,30.75,32.99,30.13,32.28,30.22,2.06,6.8167,32193.23,103415.417,2023-08-01
603920.SH,2020-09-29,23.38,25.35,23.32,24.81,23.5,1.31,5.5745,73666.93,181289.336,2023-08-01
002774.SZ,2020-09-29,7.34,7.36,7.15,7.25,7.46,-0.21,-2.815,28803.39,20917.041,2023-08-01
300867.SZ,2020-09-29,37.33,37.65,36.62,36.77,36.87,-0.1,-0.2712,49888.09,185177.005,2023-08-01
603385.SH,2020-09-29,12.5,12.93,12.23,12.8,12.51,0.29,2.3181,45220.09,57161.858,2023-08-01
603178.SH,2020-09-29,9.56,9.89,9.4,9.57,9.41,0.16,1.7003,22079.28,21369.546,2023-08-01
603133.SH,2020-09-29,14.18,14.64,14.1,14.3,14.12,0.18,1.2748,25192.8,36214.752,2023-08-01
603078.SH,2020-09-29,40.2,41.43,40.2,41.14,40.0,1.14,2.85,14306.16,58782.76,2023-08-01
002875.SZ,2020-09-29,10.3,10.48,10.26,10.31,10.32,-0.01,-0.0969,9133.8,9477.43,2023-08-01
002862.SZ,2020-09-29,18.05,21.58,18.05,20.7,20.04,0.66,3.2934,43217.5,89418.269,2023-08-01
603096.SH,2020-09-29,49.11,49.7,48.66,49.45,48.97,0.48,0.9802,2711.51,13345.553,2023-08-01
603803.SH,2020-09-29,11.25,11.38,11.16,11.26,11.23,0.03,0.2671,20331.83,22973.023,2023-08-01
002906.SZ,2020-09-29,16.08,17.25,16.04,16.69,16.03,0.66,4.1173,49039.25,81820.538,2023-08-01
688398.SH,2020-09-29,51.01,51.62,50.48,51.02,50.76,0.26,0.5122,1891.51,9680.279,2023-08-01
603758.SH,2020-09-29,8.0,8.65,7.97,8.46,7.88,0.58,7.3604,173361.3,143442.903,2023-08-01
603050.SH,2020-09-29,13.45,13.63,13.21,13.5,13.45,0.05,0.3717,25052.93,33733.095,2023-08-01
603180.SH,2020-09-29,53.91,56.6,53.77,54.61,53.27,1.34,2.5155,18263.67,100712.41,2023-08-01
300756.SZ,2020-09-29,27.8,28.2,26.8,27.01,27.41,-0.4,-1.4593,12935.32,35432.716,2023-08-01
603113.SH,2020-09-29,11.99,12.2,11.9,12.13,11.88,0.25,2.1044,43753.47,52842.939,2023-08-01
603536.SH,2020-09-29,18.99,18.99,18.22,18.44,18.57,-0.13,-0.7001,51465.2,95512.393,2023-08-01
603906.SH,2020-09-29,25.39,26.23,24.91,26.13,25.24,0.89,3.5261,23210.0,59859.26,2023-08-01
603041.SH,2020-09-29,13.11,13.5,13.03,13.2,13.1,0.1,0.7634,9689.23,12881.508,2023-08-01
300787.SZ,2020-09-29,59.01,60.18,57.63,58.48,59.0,-0.52,-0.8814,38150.19,224140.039,2023-08-01
002878.SZ,2020-09-29,22.16,23.15,21.99,22.74,22.53,0.21,0.9321,88193.96,199725.75,2023-08-01
300629.SZ,2020-09-29,25.31,26.97,25.16,26.29,25.26,1.03,4.0776,40597.62,106731.544,2023-08-01
300583.SZ,2020-09-29,28.39,29.15,28.22,28.72,28.52,0.2,0.7013,6727.59,19326.203,2023-08-01
603826.SH,2020-09-29,33.0,33.56,32.32,33.45,32.32,1.13,3.4963,20115.5,66583.768,2023-08-01
002868.SZ,2020-09-29,13.9,14.48,13.67,14.12,13.76,0.36,2.6163,11599.44,16442.805,2023-08-01
603680.SH,2020-09-29,10.67,10.78,10.62,10.71,10.66,0.05,0.469,3767.3,4034.021,2023-08-01
002882.SZ,2020-09-29,9.29,9.3,9.21,9.29,9.22,0.07,0.7592,12921.0,11966.693,2023-08-01
603229.SH,2020-09-29,35.65,35.65,34.71,35.16,35.4,-0.24,-0.678,10920.4,38243.682,2023-08-01
603232.SH,2020-09-29,29.47,30.79,29.1,29.88,29.58,0.3,1.0142,24220.75,72678.045,2023-08-01
603269.SH,2020-09-29,12.8,13.19,12.74,12.94,12.8,0.14,1.0938,8981.25,11628.66,2023-08-01
603127.SH,2020-09-29,87.72,92.29,87.7,91.5,87.68,3.82,4.3568,21788.55,196605.369,2023-08-01
603855.SH,2020-09-29,18.29,18.29,17.0,18.13,18.09,0.04,0.2211,22162.0,39898.498,2023-08-01
603058.SH,2020-09-29,8.37,8.75,8.34,8.55,8.37,0.18,2.1505,16089.0,13764.303,2023-08-01
300589.SZ,2020-09-29,26.5,31.5,25.66,31.5,26.25,5.25,20.0,311666.91,920573.238,2023-08-01
002870.SZ,2020-09-29,21.83,22.0,21.42,21.8,21.65,0.15,0.6928,4596.0,10010.343,2023-08-01
002859.SZ,2020-09-29,27.3,27.67,26.95,27.5,27.28,0.22,0.8065,22664.77,62253.579,2023-08-01
000897.SZ,2020-09-29,2.55,2.63,2.53,2.54,2.51,0.03,1.1952,157059.8,40381.943,2023-08-01
000898.SZ,2020-09-29,2.6,2.63,2.59,2.61,2.59,0.02,0.7722,102027.36,26651.173,2023-08-01
000899.SZ,2020-09-29,4.35,4.36,4.28,4.34,4.32,0.02,0.463,9937.98,4301.547,2023-08-01
000900.SZ,2020-09-29,3.79,3.82,3.78,3.81,3.79,0.02,0.5277,43616.89,16573.08,2023-08-01
000901.SZ,2020-09-29,10.65,10.94,10.63,10.81,10.57,0.24,2.2706,112911.44,122213.331,2023-08-01
000902.SZ,2020-09-29,11.86,12.08,11.57,11.81,11.8,0.01,0.0847,110098.91,130293.012,2023-08-01
000903.SZ,2020-09-29,6.25,6.28,6.18,6.19,6.23,-0.04,-0.6421,146948.74,91287.148,2023-08-01
000905.SZ,2020-09-29,6.6,6.65,6.58,6.6,6.57,0.03,0.4566,10918.16,7227.93,2023-08-01
000906.SZ,2020-09-29,6.16,6.24,6.1,6.14,6.13,0.01,0.1631,39306.71,24226.173,2023-08-01
000908.SZ,2020-09-29,5.49,5.67,5.49,5.66,5.43,0.23,4.2357,239431.82,133824.277,2023-08-01
000909.SZ,2020-09-29,8.04,8.18,8.01,8.11,8.0,0.11,1.375,12492.84,10124.385,2023-08-01
000910.SZ,2020-09-29,17.81,18.2,17.51,17.67,17.62,0.05,0.2838,54520.99,97034.491,2023-08-01
000911.SZ,2020-09-29,7.98,8.4,7.88,8.38,7.99,0.39,4.8811,101448.48,83091.311,2023-08-01
000912.SZ,2020-09-29,4.16,4.19,4.12,4.14,4.13,0.01,0.2421,38459.35,15978.746,2023-08-01
000913.SZ,2020-09-29,24.4,24.55,23.58,23.83,24.31,-0.48,-1.9745,50859.97,121742.152,2023-08-01
000915.SZ,2020-09-29,25.82,27.57,25.82,26.88,25.81,1.07,4.1457,37798.79,101840.965,2023-08-01
000917.SZ,2020-09-29,6.11,6.16,6.11,6.11,6.11,0.0,0.0,48659.11,29833.956,2023-08-01
000918.SZ,2020-09-29,4.4,4.65,4.23,4.58,4.4,0.18,4.0909,157801.07,69618.933,2023-08-01
000919.SZ,2020-09-29,6.53,6.58,6.48,6.54,6.5,0.04,0.6154,7288.01,4760.243,2023-08-01
000920.SZ,2020-09-29,7.45,7.87,7.38,7.52,7.47,0.05,0.6693,36487.24,27674.787,2023-08-01
000921.SZ,2020-09-29,12.68,12.78,12.36,12.68,12.47,0.21,1.684,49721.83,63004.338,2023-08-01
000922.SZ,2020-09-29,6.5,6.51,6.43,6.43,6.46,-0.03,-0.4644,31505.8,20358.445,2023-08-01
000923.SZ,2020-09-29,12.16,12.24,12.01,12.08,12.01,0.07,0.5828,13947.0,16903.91,2023-08-01
000925.SZ,2020-09-29,7.39,7.8,7.38,7.75,7.39,0.36,4.8714,89057.86,67946.788,2023-08-01
000926.SZ,2020-09-29,5.38,5.4,5.36,5.37,5.37,0.0,0.0,38074.02,20480.707,2023-08-01
000927.SZ,2020-09-29,4.06,4.06,4.05,4.05,4.26,-0.21,-4.9296,37819.0,15326.591,2023-08-01
000928.SZ,2020-09-29,4.06,4.09,4.05,4.05,4.06,-0.01,-0.2463,39298.42,15990.02,2023-08-01
000929.SZ,2020-09-29,8.32,8.49,8.05,8.15,8.35,-0.2,-2.3952,33373.71,27597.145,2023-08-01
000930.SZ,2020-09-29,8.29,8.46,8.25,8.34,8.25,0.09,1.0909,156699.77,131082.437,2023-08-01
000931.SZ,2020-09-29,8.15,8.19,8.09,8.12,8.12,0.0,0.0,27009.95,22017.562,2023-08-01
000932.SZ,2020-09-29,4.96,5.34,4.91,5.11,4.89,0.22,4.499,909961.98,471331.67,2023-08-01
000933.SZ,2020-09-29,4.79,4.79,4.7,4.72,4.73,-0.01,-0.2114,116002.74,54938.477,2023-08-01
000935.SZ,2020-09-29,13.55,13.58,13.38,13.42,13.38,0.04,0.299,20447.0,27535.85,2023-08-01
000936.SZ,2020-09-29,8.02,8.35,7.99,8.11,7.94,0.17,2.1411,140604.69,115291.32,2023-08-01
000937.SZ,2020-09-29,4.08,4.1,3.9,3.94,4.05,-0.11,-2.716,294041.75,116272.35,2023-08-01
000938.SZ,2020-09-29,25.83,26.11,25.7,25.76,25.71,0.05,0.1945,223827.03,579338.024,2023-08-01
000948.SZ,2020-09-29,11.95,12.16,11.91,12.01,11.87,0.14,1.1794,18332.85,22097.54,2023-08-01
000949.SZ,2020-09-29,3.1,3.11,3.07,3.08,3.08,0.0,0.0,40169.77,12406.284,2023-08-01
000950.SZ,2020-09-29,5.66,5.68,5.55,5.64,5.69,-0.05,-0.8787,97203.68,54518.912,2023-08-01
000951.SZ,2020-09-29,32.6,33.74,31.0,31.6,32.36,-0.76,-2.3486,127038.32,406945.062,2023-08-01
000952.SZ,2020-09-29,8.71,8.91,8.68,8.89,8.73,0.16,1.8328,23157.41,20509.366,2023-08-01
000953.SZ,2020-09-29,5.12,5.35,5.11,5.27,5.1,0.17,3.3333,18331.0,9649.81,2023-08-01
000955.SZ,2020-09-29,8.42,8.42,7.99,8.15,8.4,-0.25,-2.9762,175037.25,143273.974,2023-08-01
000957.SZ,2020-09-29,7.27,7.29,7.12,7.15,7.2,-0.05,-0.6944,93801.82,67416.098,2023-08-01
000958.SZ,2020-09-29,4.39,4.48,4.37,4.45,4.37,0.08,1.8307,46795.93,20710.032,2023-08-01
688335.SH,2020-09-29,49.01,49.8,48.73,48.85,48.8,0.05,0.1025,3063.97,15101.764,2023-08-01
688185.SH,2020-09-29,343.2,345.99,326.66,329.45,348.74,-19.29,-5.5313,23973.03,799767.588,2023-08-01
688289.SH,2020-09-29,109.65,110.25,106.31,108.7,108.78,-0.08,-0.0735,20504.85,222913.281,2023-08-01
688550.SH,2020-09-29,107.24,108.0,105.55,105.55,106.0,-0.45,-0.4245,3614.33,38524.073,2023-08-01
688301.SH,2020-09-29,149.5,151.0,146.2,148.0,147.66,0.34,0.2303,7244.57,107587.06,2023-08-01
688095.SH,2020-09-29,305.0,314.6,301.21,312.71,299.0,13.71,4.5853,4698.21,145716.984,2023-08-01
688313.SH,2020-09-29,26.83,28.4,26.79,27.85,26.66,1.19,4.4636,25548.0,70673.105,2023-08-01
688127.SH,2020-09-29,26.43,27.93,26.27,27.02,26.0,1.02,3.9231,59731.23,162051.82,2023-08-01
688256.SH,2020-09-29,157.9,162.58,157.02,161.36,156.88,4.48,2.8557,8755.55,140840.143,2023-08-01
688595.SH,2020-09-29,64.54,73.68,63.8,69.8,62.81,6.99,11.1288,128548.75,882382.806,2023-08-01
688551.SH,2020-09-29,39.12,39.88,38.75,38.9,39.04,-0.14,-0.3586,13642.43,53616.906,2023-08-01
688378.SH,2020-09-29,66.45,67.49,66.05,67.05,65.86,1.19,1.8069,5396.61,36093.252,2023-08-01
688596.SH,2020-09-29,23.18,24.25,23.18,23.78,23.03,0.75,3.2566,24415.54,58001.633,2023-08-01
688017.SH,2020-09-29,70.39,74.76,69.35,72.72,69.86,2.86,4.0939,7652.6,55205.522,2023-08-01
600549.SH,2020-09-29,13.5,13.6,13.41,13.43,13.4,0.03,0.2239,58022.77,78389.012,2023-08-01
600353.SH,2020-09-29,5.52,5.65,5.52,5.6,5.52,0.08,1.4493,25070.0,14013.9,2023-08-01
600511.SH,2020-09-29,43.55,44.38,41.73,43.91,43.52,0.39,0.8961,181273.7,780788.232,2023-08-01
600525.SH,2020-09-29,6.76,7.06,6.76,6.81,6.69,0.12,1.7937,170253.45,116973.964,2023-08-01
600563.SH,2020-09-29,70.35,71.0,68.19,69.31,70.33,-1.02,-1.4503,23063.03,160298.109,2023-08-01
600458.SH,2020-09-29,6.7,6.74,6.66,6.67,6.66,0.01,0.1502,21766.0,14584.165,2023-08-01
600512.SH,2020-09-29,2.92,2.94,2.9,2.9,2.91,-0.01,-0.3436,112644.01,32880.741,2023-08-01
600030.SH,2020-09-29,30.24,30.66,30.24,30.26,30.22,0.04,0.1324,708144.05,2153124.21,2023-08-01
600012.SH,2020-09-29,5.24,5.29,5.21,5.24,5.24,0.0,0.0,17481.39,9162.044,2023-08-01
600538.SH,2020-09-29,6.56,6.62,6.53,6.56,6.58,-0.02,-0.304,38440.02,25277.489,2023-08-01
600537.SH,2020-09-29,3.98,4.09,3.86,3.95,3.98,-0.03,-0.7538,393700.97,156223.113,2023-08-01
600562.SH,2020-09-29,18.29,18.86,18.18,18.65,18.12,0.53,2.9249,75972.37,141469.914,2023-08-01
300861.SZ,2020-09-29,48.05,48.28,46.8,46.8,47.6,-0.8,-1.6807,30630.95,145437.027,2023-08-01
600408.SH,2020-09-29,1.73,1.74,1.71,1.72,1.73,-0.01,-0.578,40586.9,7005.871,2023-08-01
600576.SH,2020-09-29,3.86,3.93,3.84,3.9,3.84,0.06,1.5625,19914.8,7768.8,2023-08-01
600573.SH,2020-09-29,7.24,7.46,7.19,7.43,7.28,0.15,2.0604,54669.9,40416.451,2023-08-01
600521.SH,2020-09-29,33.54,33.54,30.59,31.92,33.33,-1.41,-4.2304,477734.44,1493209.602,2023-08-01
600370.SH,2020-09-29,3.35,3.36,3.28,3.31,3.25,0.06,1.8462,25518.5,8460.133,2023-08-01
601696.SH,2020-09-29,27.3,27.61,27.2,27.21,27.1,0.11,0.4059,87243.74,239148.397,2023-08-01
002975.SZ,2020-09-29,78.26,79.0,75.06,76.26,78.78,-2.52,-3.1988,12621.0,96778.384,2023-08-01
600460.SH,2020-09-29,16.4,16.67,16.38,16.48,16.37,0.11,0.672,146405.7,242313.076,2023-08-01
600513.SH,2020-09-29,10.13,10.15,9.93,10.07,10.03,0.04,0.3988,21205.0,21329.558,2023-08-01
600039.SH,2020-09-29,4.29,4.33,4.25,4.27,4.28,-0.01,-0.2336,94799.24,40618.931,2023-08-01
600575.SH,2020-09-29,2.17,2.19,2.17,2.17,2.17,0.0,0.0,124138.58,27041.474,2023-08-01
600375.SH,2020-09-29,7.39,7.93,7.39,7.7,7.37,0.33,4.4776,92861.28,71424.408,2023-08-01
600343.SH,2020-09-29,9.44,9.74,9.42,9.64,9.38,0.26,2.7719,62447.72,60100.38,2023-08-01
600502.SH,2020-09-29,4.19,4.22,4.16,4.2,4.17,0.03,0.7194,64214.42,26950.205,2023-08-01
605111.SH,2020-09-29,31.54,31.54,31.54,31.54,28.67,2.87,10.0105,488.64,1541.171,2023-08-01
300831.SZ,2020-09-29,20.26,20.58,20.06,20.41,19.99,0.42,2.1011,43393.39,88519.755,2023-08-01
605198.SH,2020-09-29,21.31,21.31,21.31,21.31,19.37,1.94,10.0155,12910.23,27511.7,2023-08-01
603439.SH,2020-09-29,24.09,25.57,23.81,24.47,24.02,0.45,1.8734,18405.84,45301.868,2023-08-01
300136.SZ,2020-09-29,56.0,56.49,53.7,55.58,55.6,-0.02,-0.036,193977.3,1068882.006,2023-08-01
002889.SZ,2020-09-29,25.49,25.72,25.33,25.44,25.45,-0.01,-0.0393,8877.0,22640.088,2023-08-01
300142.SZ,2020-09-29,50.86,51.68,48.12,50.88,50.88,0.0,0.0,586679.82,2941475.578,2023-08-01
002499.SZ,2020-09-29,3.59,3.62,3.55,3.59,3.58,0.01,0.2793,6854.13,2450.162,2023-08-01
002501.SZ,2020-09-29,1.44,1.44,1.41,1.42,1.43,-0.01,-0.6993,31277.0,4460.785,2023-08-01
002502.SZ,2020-09-29,2.68,2.71,2.68,2.69,2.68,0.01,0.3731,20824.03,5621.028,2023-08-01
300140.SZ,2020-09-29,10.28,10.47,10.15,10.27,10.22,0.05,0.4892,54177.05,55934.955,2023-08-01
300141.SZ,2020-09-29,9.49,9.51,9.26,9.31,9.32,-0.01,-0.1073,18816.23,17626.382,2023-08-01
002504.SZ,2020-09-29,2.6,2.64,2.59,2.63,2.6,0.03,1.1538,44543.81,11688.883,2023-08-01
002505.SZ,2020-09-29,2.36,2.46,2.36,2.42,2.36,0.06,2.5424,534869.79,128799.739,2023-08-01
002510.SZ,2020-09-29,4.28,4.32,4.27,4.27,4.26,0.01,0.2347,58569.8,25138.071,2023-08-01
002511.SZ,2020-09-29,20.4,21.95,20.3,21.54,20.04,1.5,7.485,554781.43,1181553.762,2023-08-01
300331.SZ,2020-09-29,28.73,29.46,28.73,28.85,28.78,0.07,0.2432,13933.24,40462.462,2023-08-01
300154.SZ,2020-09-29,6.22,6.33,6.12,6.26,6.17,0.09,1.4587,26870.0,16815.383,2023-08-01
002738.SZ,2020-09-29,17.16,18.18,17.07,17.95,17.05,0.9,5.2786,100470.13,178596.183,2023-08-01
002508.SZ,2020-09-29,33.57,33.73,32.83,33.09,33.55,-0.46,-1.3711,118182.31,391371.512,2023-08-01
002554.SZ,2020-09-29,2.46,2.49,2.45,2.47,2.45,0.02,0.8163,46882.08,11589.169,2023-08-01
600926.SH,2020-09-29,12.19,12.2,11.85,11.88,12.1,-0.22,-1.8182,200892.09,241196.519,2023-08-01
600919.SH,2020-09-29,6.31,6.31,6.21,6.21,6.29,-0.08,-1.2719,318795.09,199212.164,2023-08-01
002961.SZ,2020-09-29,28.12,28.67,28.12,28.25,28.39,-0.14,-0.4931,5806.03,16517.451,2023-08-01
603093.SH,2020-09-29,20.4,20.48,20.2,20.2,20.27,-0.07,-0.3453,20608.0,41953.394,2023-08-01
002503.SZ,2020-09-29,2.57,2.59,2.55,2.56,2.56,0.0,0.0,300759.34,77343.121,2023-08-01
300325.SZ,2020-09-29,3.21,3.36,3.15,3.27,3.16,0.11,3.481,689535.25,226101.244,2023-08-01
300143.SZ,2020-09-29,27.19,27.5,26.5,26.5,27.0,-0.5,-1.8519,30696.2,82500.15,2023-08-01
300144.SZ,2020-09-29,17.73,18.36,17.61,18.27,17.65,0.62,3.5127,174898.15,316359.016,2023-08-01
000166.SZ,2020-09-29,5.47,5.49,5.41,5.43,5.44,-0.01,-0.1838,605753.99,329433.244,2023-08-01
002736.SZ,2020-09-29,13.6,13.82,13.6,13.65,13.7,-0.05,-0.365,165522.53,226512.203,2023-08-01
601211.SH,2020-09-29,18.54,18.55,18.39,18.41,18.4,0.01,0.0543,191734.85,353916.902,2023-08-01
002513.SZ,2020-09-29,4.06,4.13,4.05,4.05,4.05,0.0,0.0,6383.0,2603.463,2023-08-01
601777.SH,2020-09-29,5.5,5.61,5.44,5.53,5.46,0.07,1.2821,136959.96,75560.828,2023-08-01
002507.SZ,2020-09-29,47.0,47.9,46.5,47.05,46.77,0.28,0.5987,122196.43,575971.294,2023-08-01
002514.SZ,2020-09-29,3.96,3.98,3.89,3.93,3.95,-0.02,-0.5063,36597.0,14422.933,2023-08-01
002515.SZ,2020-09-29,5.99,6.05,5.9,6.0,6.0,0.0,0.0,93309.46,55821.294,2023-08-01
601880.SH,2020-09-29,1.98,1.99,1.96,1.98,1.98,0.0,0.0,182128.72,36005.55,2023-08-01
002512.SZ,2020-09-29,5.7,5.81,5.65,5.71,5.76,-0.05,-0.8681,302221.8,173069.645,2023-08-01
002520.SZ,2020-09-29,6.7,6.8,6.66,6.75,6.68,0.07,1.0479,22399.15,15099.473,2023-08-01
300145.SZ,2020-09-29,3.66,3.74,3.62,3.67,3.63,0.04,1.1019,363006.21,133979.182,2023-08-01
300148.SZ,2020-09-29,4.93,5.0,4.81,4.82,4.93,-0.11,-2.2312,244191.43,119590.882,2023-08-01
300168.SZ,2020-09-29,23.95,24.82,23.7,24.24,23.8,0.44,1.8487,68689.6,167062.327,2023-08-01
300158.SZ,2020-09-29,5.81,5.87,5.75,5.76,5.76,0.0,0.0,106927.0,62024.792,2023-08-01
002517.SZ,2020-09-29,5.57,5.6,5.2,5.22,5.5,-0.28,-5.0909,402373.84,215900.028,2023-08-01
002516.SZ,2020-09-29,3.55,3.62,3.51,3.59,3.53,0.06,1.6997,62857.52,22499.446,2023-08-01
603167.SH,2020-09-29,11.08,11.14,10.85,11.09,11.09,0.0,0.0,152915.31,168197.402,2023-08-01
002519.SZ,2020-09-29,4.5,4.62,4.5,4.61,4.5,0.11,2.4444,68106.85,31216.396,2023-08-01
300157.SZ,2020-09-29,5.02,5.34,4.96,5.11,5.01,0.1,1.996,389832.4,199746.099,2023-08-01
300232.SZ,2020-09-29,9.41,9.75,9.4,9.58,9.35,0.23,2.4599,210968.54,201972.325,2023-08-01
300271.SZ,2020-09-29,23.55,24.46,23.44,23.67,23.45,0.22,0.9382,60913.64,145441.399,2023-08-01
300234.SZ,2020-09-29,7.14,7.25,7.06,7.24,7.06,0.18,2.5496,68510.34,49104.925,2023-08-01
601798.SH,2020-09-29,8.02,8.47,8.02,8.28,8.02,0.26,3.2419,63953.34,52893.984,2023-08-01
002589.SZ,2020-09-29,5.52,5.61,5.46,5.55,5.54,0.01,0.1805,71295.59,39705.491,2023-08-01
300233.SZ,2020-09-29,25.51,26.34,25.2,25.96,25.44,0.52,2.044,48515.91,125564.762,2023-08-01
603156.SH,2020-09-29,25.88,25.9,24.81,24.95,25.32,-0.37,-1.4613,29528.78,74200.693,2023-08-01
300236.SZ,2020-09-29,51.2,52.2,51.0,51.32,50.57,0.75,1.4831,34085.37,175912.285,2023-08-01
002778.SZ,2020-09-29,24.13,25.19,23.77,24.51,24.13,0.38,1.5748,19557.0,48142.012,2023-08-01
002588.SZ,2020-09-29,5.14,5.28,5.14,5.26,5.13,0.13,2.5341,59038.06,30846.614,2023-08-01
300237.SZ,2020-09-29,3.28,3.37,3.21,3.27,3.23,0.04,1.2384,542522.62,178690.049,2023-08-01
601567.SH,2020-09-29,6.66,6.74,6.65,6.67,6.66,0.01,0.1502,55944.81,37396.964,2023-08-01
002605.SZ,2020-09-29,30.28,30.55,30.08,30.11,30.21,-0.1,-0.331,19502.02,58999.966,2023-08-01
002783.SZ,2020-09-29,12.8,12.8,12.49,12.52,12.65,-0.13,-1.0277,55112.86,69771.002,2023-08-01
002594.SZ,2020-09-29,108.59,109.51,104.25,107.89,106.4,1.49,1.4004,270045.76,2884125.029,2023-08-01
300239.SZ,2020-09-29,6.07,6.17,5.98,6.03,6.0,0.03,0.5,150337.02,91175.971,2023-08-01
002593.SZ,2020-09-29,3.57,3.75,3.57,3.65,3.57,0.08,2.2409,72034.01,26410.652,2023-08-01
603520.SH,2020-09-29,76.38,77.3,73.8,76.23,76.39,-0.16,-0.2095,19274.45,145648.393,2023-08-01
603999.SH,2020-09-29,5.81,5.86,5.7,5.83,5.74,0.09,1.5679,20998.59,12212.53,2023-08-01
603779.SH,2020-09-29,5.29,5.36,5.25,5.31,5.28,0.03,0.5682,3036.3,1603.116,2023-08-01
002755.SZ,2020-09-29,16.01,16.62,15.6,16.31,15.95,0.36,2.2571,23086.25,37262.449,2023-08-01
300466.SZ,2020-09-29,7.09,7.36,6.92,7.12,6.94,0.18,2.5937,227418.89,162776.082,2023-08-01
601882.SH,2020-09-29,12.29,13.07,12.1,12.68,12.18,0.5,4.1051,48652.83,61649.624,2023-08-01
601512.SH,2020-09-29,11.17,11.25,11.13,11.13,11.12,0.01,0.0899,12859.31,14383.229,2023-08-01
603996.SH,2020-09-29,3.09,3.09,2.98,3.09,2.94,0.15,5.102,17780.0,5471.886,2023-08-01
002749.SZ,2020-09-29,12.77,12.89,12.67,12.75,12.74,0.01,0.0785,7910.22,10095.335,2023-08-01
601069.SH,2020-09-29,14.2,14.3,14.05,14.14,14.13,0.01,0.0708,48236.21,68312.979,2023-08-01
601985.SH,2020-09-29,4.42,4.44,4.41,4.42,4.41,0.01,0.2268,152743.87,67542.556,2023-08-01
300492.SZ,2020-09-29,48.89,49.2,48.36,48.56,48.5,0.06,0.1237,4052.6,19757.548,2023-08-01
300469.SZ,2020-09-29,12.38,13.32,12.32,12.73,12.15,0.58,4.7737,87331.19,112432.602,2023-08-01
300479.SZ,2020-09-29,16.28,16.37,15.9,16.3,16.01,0.29,1.8114,14048.0,22819.312,2023-08-01
300424.SZ,2020-09-29,19.2,20.5,19.0,19.98,19.22,0.76,3.9542,235357.25,467542.621,2023-08-01
601015.SH,2020-09-29,2.82,2.83,2.79,2.8,2.81,-0.01,-0.3559,34680.2,9725.404,2023-08-01
603025.SH,2020-09-29,8.48,8.79,8.48,8.72,8.48,0.24,2.8302,130188.93,113026.405,2023-08-01
300464.SZ,2020-09-29,18.38,18.48,17.96,18.17,18.11,0.06,0.3313,43322.95,79075.594,2023-08-01
002750.SZ,2020-09-29,7.58,7.63,7.49,7.59,7.57,0.02,0.2642,22686.7,17158.726,2023-08-01
002737.SZ,2020-09-29,15.67,16.0,15.51,15.81,15.47,0.34,2.1978,95918.27,151405.201,2023-08-01
300495.SZ,2020-09-29,7.68,7.8,7.62,7.68,7.64,0.04,0.5236,60539.48,46755.303,2023-08-01
300465.SZ,2020-09-29,16.19,17.17,15.92,16.85,15.83,1.02,6.4435,292479.07,488739.595,2023-08-01
603569.SH,2020-09-29,9.88,9.96,9.8,9.8,9.86,-0.06,-0.6085,14301.4,14108.552,2023-08-01
603816.SH,2020-09-29,61.58,61.58,58.9,59.1,60.36,-1.26,-2.0875,36269.97,216681.329,2023-08-01
300472.SZ,2020-09-29,10.5,10.77,10.48,10.66,10.49,0.17,1.6206,21405.6,22819.545,2023-08-01
300471.SZ,2020-09-29,11.67,11.89,11.04,11.89,11.56,0.33,2.8547,217437.03,253502.162,2023-08-01
300478.SZ,2020-09-29,11.76,12.09,11.6,11.95,11.75,0.2,1.7021,20880.9,24866.865,2023-08-01
300489.SZ,2020-09-29,39.7,40.6,38.83,39.52,39.76,-0.24,-0.6036,20562.55,81879.208,2023-08-01
300612.SZ,2020-09-29,25.09,25.79,24.06,24.36,24.81,-0.45,-1.8138,58937.75,145285.173,2023-08-01
603501.SH,2020-09-29,177.55,179.3,174.8,174.96,175.2,-0.24,-0.137,50209.25,887895.759,2023-08-01
300601.SZ,2020-09-29,182.02,186.48,176.39,179.5,181.19,-1.69,-0.9327,46795.19,844524.114,2023-08-01
300585.SZ,2020-09-29,15.38,15.72,15.25,15.5,15.36,0.14,0.9115,17300.0,26893.272,2023-08-01
603200.SH,2020-09-29,30.48,31.65,30.11,31.3,30.24,1.06,3.5053,18384.6,57320.42,2023-08-01
002902.SZ,2020-09-29,16.93,17.16,16.84,17.07,16.83,0.24,1.426,16586.0,28288.196,2023-08-01
603139.SH,2020-09-29,18.42,18.8,18.28,18.65,18.55,0.1,0.5391,7100.13,13189.754,2023-08-01
603926.SH,2020-09-29,12.28,12.6,12.1,12.38,12.28,0.1,0.8143,11128.42,13783.903,2023-08-01
300868.SZ,2020-09-29,48.1,51.78,48.1,48.58,49.1,-0.52,-1.0591,41243.12,204656.476,2023-08-01
603586.SH,2020-09-29,16.72,17.14,16.69,16.96,16.89,0.07,0.4144,4239.0,7199.02,2023-08-01
002860.SZ,2020-09-29,13.98,14.1,13.8,13.94,13.91,0.03,0.2157,9244.3,12893.699,2023-08-01
002869.SZ,2020-09-29,45.5,45.95,45.15,45.3,45.27,0.03,0.0663,18245.39,82994.616,2023-08-01
002876.SZ,2020-09-29,40.07,40.54,40.07,40.09,40.05,0.04,0.0999,3935.77,15850.638,2023-08-01
601330.SH,2020-09-29,9.69,9.94,9.65,9.79,9.65,0.14,1.4508,49026.0,47817.51,2023-08-01
603869.SH,2020-09-29,13.22,13.35,13.16,13.2,13.29,-0.09,-0.6772,16520.75,21880.228,2023-08-01
603313.SH,2020-09-29,28.3,28.33,27.44,27.64,28.0,-0.36,-1.2857,25438.5,70782.569,2023-08-01
603043.SH,2020-09-29,35.59,35.85,35.25,35.66,35.45,0.21,0.5924,21279.71,75707.513,2023-08-01
300412.SZ,2020-09-29,13.59,14.07,12.98,13.3,14.0,-0.7,-5.0,270360.22,363595.119,2023-08-01
300508.SZ,2020-09-29,25.75,27.45,25.43,27.1,25.8,1.3,5.0388,7887.96,21042.536,2023-08-01
300531.SZ,2020-09-29,21.32,21.7,21.06,21.58,21.12,0.46,2.178,37259.55,80058.319,2023-08-01
300543.SZ,2020-09-29,14.13,14.57,14.13,14.29,14.08,0.21,1.4915,26007.6,37421.367,2023-08-01
002825.SZ,2020-09-29,15.55,16.5,15.37,16.12,15.5,0.62,4.0,23059.02,36931.888,2023-08-01
603026.SH,2020-09-29,43.6,45.5,43.21,44.65,42.48,2.17,5.1083,96298.01,426561.732,2023-08-01
300570.SZ,2020-09-29,19.33,19.74,19.28,19.56,19.21,0.35,1.822,8763.2,17155.349,2023-08-01
300545.SZ,2020-09-29,30.63,31.12,30.37,30.88,30.39,0.49,1.6124,8057.8,24840.718,2023-08-01
603299.SH,2020-09-29,6.79,6.79,6.7,6.72,6.73,-0.01,-0.1486,19740.39,13289.384,2023-08-01
300525.SZ,2020-09-29,34.6,35.74,34.6,35.4,34.37,1.03,2.9968,22055.25,77890.44,2023-08-01
603819.SH,2020-09-29,12.78,13.17,12.72,12.77,12.75,0.02,0.1569,18542.68,23987.816,2023-08-01
600977.SH,2020-09-29,14.06,14.13,13.73,13.86,14.03,-0.17,-1.2117,100929.27,139750.814,2023-08-01
603598.SH,2020-09-29,12.19,12.24,11.98,12.06,12.09,-0.03,-0.2481,20542.0,24897.768,2023-08-01
603300.SH,2020-09-29,6.94,6.98,6.74,6.79,6.94,-0.15,-2.1614,47857.4,32704.704,2023-08-01
603019.SH,2020-09-29,38.4,38.89,38.01,38.39,38.07,0.32,0.8406,126273.38,486723.008,2023-08-01
603519.SH,2020-09-29,12.96,13.46,12.57,13.45,12.89,0.56,4.3445,38175.89,49109.516,2023-08-01
002785.SZ,2020-09-29,20.05,22.0,20.05,21.93,20.12,1.81,8.996,75206.35,160889.953,2023-08-01
002816.SZ,2020-09-29,32.74,32.96,32.11,32.25,32.74,-0.49,-1.4966,5484.0,17820.0,2023-08-01
603689.SH,2020-09-29,10.27,10.32,10.24,10.28,10.21,0.07,0.6856,6729.0,6919.675,2023-08-01
300665.SZ,2020-09-29,11.56,11.72,11.52,11.66,11.48,0.18,1.5679,22564.33,26233.645,2023-08-01
603067.SH,2020-09-29,7.02,7.07,6.83,6.91,7.07,-0.16,-2.2631,120156.98,83089.494,2023-08-01
002835.SZ,2020-09-29,16.68,17.33,16.65,16.68,16.75,-0.07,-0.4179,22705.0,38498.118,2023-08-01
300573.SZ,2020-09-29,135.0,136.48,132.73,134.24,135.0,-0.76,-0.563,7738.37,103922.447,2023-08-01
603682.SH,2020-09-29,11.5,11.7,10.53,10.53,11.7,-1.17,-10.0,141999.34,157761.233,2023-08-01
603886.SH,2020-09-29,18.63,18.84,17.34,17.51,18.6,-1.09,-5.8602,59552.0,105739.282,2023-08-01
603601.SH,2020-09-29,14.82,14.93,14.72,14.8,14.75,0.05,0.339,53387.8,79265.073,2023-08-01
300428.SZ,2020-09-29,15.48,15.66,15.11,15.45,15.2,0.25,1.6447,21246.51,32881.671,2023-08-01
603345.SH,2020-09-29,172.4,178.5,172.0,176.68,171.9,4.78,2.7807,7330.47,129130.162,2023-08-01
000959.SZ,2020-09-29,3.71,3.85,3.64,3.74,3.79,-0.05,-1.3193,354424.83,132986.293,2023-08-01
000960.SZ,2020-09-29,9.02,9.08,8.97,8.99,8.96,0.03,0.3348,58769.01,53047.104,2023-08-01
000961.SZ,2020-09-29,9.46,9.5,9.24,9.27,9.43,-0.16,-1.6967,174340.47,162919.91,2023-08-01
000962.SZ,2020-09-29,7.39,7.53,7.37,7.43,7.34,0.09,1.2262,19085.02,14227.248,2023-08-01
000963.SZ,2020-09-29,24.55,25.16,24.38,25.0,24.45,0.55,2.2495,104557.58,259924.107,2023-08-01
000965.SZ,2020-09-29,3.16,3.19,3.13,3.17,3.15,0.02,0.6349,51061.2,16161.735,2023-08-01
000966.SZ,2020-09-29,3.66,3.7,3.66,3.68,3.66,0.02,0.5464,21171.0,7784.54,2023-08-01
000967.SZ,2020-09-29,7.9,8.3,7.85,8.1,7.8,0.3,3.8462,184689.27,149920.677,2023-08-01
000968.SZ,2020-09-29,8.0,8.18,7.86,8.04,8.12,-0.08,-0.9852,81678.85,65585.696,2023-08-01
000969.SZ,2020-09-29,6.71,6.79,6.67,6.73,6.67,0.06,0.8996,46015.37,31008.495,2023-08-01
000970.SZ,2020-09-29,9.26,9.33,9.2,9.26,9.24,0.02,0.2165,63610.99,59052.379,2023-08-01
000971.SZ,2020-09-29,2.48,2.51,2.45,2.47,2.48,-0.01,-0.4032,15539.0,3857.029,2023-08-01
000972.SZ,2020-09-29,2.55,2.57,2.53,2.55,2.54,0.01,0.3937,11601.5,2955.982,2023-08-01
000973.SZ,2020-09-29,4.6,4.66,4.59,4.59,4.57,0.02,0.4376,48173.68,22253.753,2023-08-01
000975.SZ,2020-09-29,10.35,10.55,10.3,10.36,10.22,0.14,1.3699,240585.69,250138.09,2023-08-01
000976.SZ,2020-09-29,6.26,6.35,6.17,6.25,6.2,0.05,0.8065,71100.72,44539.462,2023-08-01
000977.SZ,2020-09-29,30.45,30.96,30.39,30.6,30.23,0.37,1.2239,147163.66,451777.367,2023-08-01
000978.SZ,2020-09-29,5.2,5.24,5.02,5.11,5.2,-0.09,-1.7308,58245.91,29719.356,2023-08-01
000980.SZ,2020-09-29,1.41,1.45,1.4,1.41,1.42,-0.01,-0.7042,213206.28,30201.945,2023-08-01
000981.SZ,2020-09-29,1.89,1.89,1.84,1.85,1.87,-0.02,-1.0695,78835.15,14648.213,2023-08-01
000982.SZ,2020-09-29,1.14,1.18,1.14,1.15,1.14,0.01,0.8772,151622.0,17513.811,2023-08-01
000983.SZ,2020-09-29,4.51,4.52,4.41,4.45,4.48,-0.03,-0.6696,431548.5,191868.449,2023-08-01
000985.SZ,2020-09-29,13.24,13.64,13.03,13.56,13.23,0.33,2.4943,17845.0,23886.905,2023-08-01
000987.SZ,2020-09-29,17.38,17.58,17.32,17.39,17.29,0.1,0.5784,149128.75,260215.046,2023-08-01
000988.SZ,2020-09-29,22.81,23.19,22.81,23.01,22.75,0.26,1.1429,92360.48,212706.804,2023-08-01
000989.SZ,2020-09-29,8.61,8.8,8.61,8.74,8.69,0.05,0.5754,31083.05,27184.86,2023-08-01
000990.SZ,2020-09-29,12.92,13.01,12.71,12.8,12.79,0.01,0.0782,64866.88,83267.108,2023-08-01
000993.SZ,2020-09-29,6.29,6.33,6.25,6.29,6.25,0.04,0.64,22932.47,14430.317,2023-08-01
000996.SZ,2020-09-29,8.68,8.76,8.62,8.63,8.62,0.01,0.116,37136.01,32243.058,2023-08-01
000997.SZ,2020-09-29,15.9,16.15,15.74,15.75,15.81,-0.06,-0.3795,92102.82,146885.655,2023-08-01
000998.SZ,2020-09-29,18.69,19.05,18.65,18.7,18.69,0.01,0.0535,89967.25,169379.832,2023-08-01
000999.SZ,2020-09-29,25.38,25.6,25.28,25.6,25.3,0.3,1.1858,38032.53,96859.31,2023-08-01
600000.SH,2020-09-29,9.5,9.52,9.43,9.43,9.46,-0.03,-0.3171,329882.66,312583.585,2023-08-01
600006.SH,2020-09-29,4.85,4.9,4.8,4.86,4.86,0.0,0.0,149892.43,72748.862,2023-08-01
600007.SH,2020-09-29,13.28,13.28,13.15,13.25,13.2,0.05,0.3788,8698.8,11487.278,2023-08-01
600008.SH,2020-09-29,2.96,2.96,2.86,2.94,2.95,-0.01,-0.339,398223.19,116606.348,2023-08-01
600009.SH,2020-09-29,68.73,69.3,68.52,69.19,68.4,0.79,1.155,54551.84,376723.977,2023-08-01
600010.SH,2020-09-29,1.15,1.16,1.14,1.15,1.15,0.0,0.0,888916.8,102348.701,2023-08-01
600011.SH,2020-09-29,5.42,5.42,5.28,5.3,5.39,-0.09,-1.6698,179572.9,95639.17,2023-08-01
600016.SH,2020-09-29,5.34,5.35,5.3,5.3,5.33,-0.03,-0.5629,416824.51,222075.268,2023-08-01
600019.SH,2020-09-29,4.94,4.98,4.94,4.96,4.95,0.01,0.202,309119.48,153464.012,2023-08-01
600028.SH,2020-09-29,3.9,3.91,3.89,3.89,3.89,0.0,0.0,411623.56,160511.062,2023-08-01
600033.SH,2020-09-29,2.66,2.69,2.66,2.68,2.67,0.01,0.3745,22118.5,5926.357,2023-08-01
600036.SH,2020-09-29,37.35,37.45,36.27,36.31,37.25,-0.94,-2.5235,796689.1,2920847.323,2023-08-01
600037.SH,2020-09-29,12.2,12.26,11.47,11.5,12.2,-0.7,-5.7377,212099.82,251103.467,2023-08-01
300840.SZ,2020-09-29,19.07,19.69,18.55,18.84,19.03,-0.19,-0.9984,109752.65,209517.633,2023-08-01
603221.SH,2020-09-29,13.96,13.97,13.8,13.8,13.85,-0.05,-0.361,6605.0,9164.146,2023-08-01
605358.SH,2020-09-29,22.24,22.24,22.24,22.24,20.22,2.02,9.9901,2577.5,5732.36,2023-08-01
002985.SZ,2020-09-29,157.6,161.98,157.59,158.48,156.29,2.19,1.4012,11118.22,176995.17,2023-08-01
300833.SZ,2020-09-29,60.93,61.69,60.2,60.65,60.92,-0.27,-0.4432,5024.95,30636.77,2023-08-01
600481.SH,2020-09-29,4.64,4.69,4.33,4.41,4.74,-0.33,-6.962,1764798.51,791122.298,2023-08-01
600004.SH,2020-09-29,13.81,13.84,13.64,13.68,13.76,-0.08,-0.5814,92866.93,127398.901,2023-08-01
600459.SH,2020-09-29,22.7,22.78,22.22,22.26,22.63,-0.37,-1.635,99472.69,223498.56,2023-08-01
600570.SH,2020-09-29,99.62,100.44,98.3,98.43,98.43,0.0,0.0,70119.84,695978.86,2023-08-01
600392.SH,2020-09-29,6.98,7.05,6.95,6.96,6.94,0.02,0.2882,104550.62,73194.726,2023-08-01
600584.SH,2020-09-29,35.35,36.19,35.03,35.9,34.95,0.95,2.7182,299000.91,1070217.471,2023-08-01
601975.SH,2020-09-29,2.62,2.65,2.61,2.62,2.61,0.01,0.3831,266779.25,70095.11,2023-08-01
601778.SH,2020-09-29,6.67,6.73,6.54,6.54,6.66,-0.12,-1.8018,178383.53,117667.821,2023-08-01
002976.SZ,2020-09-29,30.14,30.47,30.12,30.16,30.05,0.11,0.3661,4061.28,12282.317,2023-08-01
002983.SZ,2020-09-29,35.8,36.87,35.53,36.26,35.53,0.73,2.0546,9691.49,35186.254,2023-08-01
601702.SH,2020-09-29,6.61,6.74,6.54,6.56,6.58,-0.02,-0.304,270849.47,179255.88,2023-08-01
601827.SH,2020-09-29,8.79,8.86,8.78,8.78,8.78,0.0,0.0,40367.45,35570.69,2023-08-01
300841.SZ,2020-09-29,503.01,505.53,493.07,493.98,501.06,-7.08,-1.413,5378.84,267852.889,2023-08-01
300836.SZ,2020-09-29,54.8,55.84,54.72,55.21,54.59,0.62,1.1357,2026.0,11218.006,2023-08-01
605288.SH,2020-09-29,118.5,119.0,117.2,117.23,117.6,-0.37,-0.3146,3238.0,38057.901,2023-08-01
605333.SH,2020-09-29,15.59,15.67,15.23,15.32,15.48,-0.16,-1.0336,51074.3,79136.879,2023-08-01
300842.SZ,2020-09-29,63.91,65.33,63.58,63.67,64.2,-0.53,-0.8255,12599.37,80970.742,2023-08-01
600251.SH,2020-09-29,7.35,7.48,7.3,7.43,7.31,0.12,1.6416,69626.41,51596.976,2023-08-01
600436.SH,2020-09-29,233.1,236.78,231.08,235.74,230.86,4.88,2.1138,32537.42,763129.094,2023-08-01
600409.SH,2020-09-29,6.38,6.66,6.35,6.57,6.41,0.16,2.4961,194172.28,126567.495,2023-08-01
600433.SH,2020-09-29,3.44,3.52,3.42,3.45,3.46,-0.01,-0.289,132164.1,45835.555,2023-08-01
600490.SH,2020-09-29,3.74,3.77,3.68,3.68,3.72,-0.04,-1.0753,93347.56,34623.523,2023-08-01
600273.SH,2020-09-29,9.99,10.58,9.85,10.43,9.97,0.46,4.6138,247379.78,254997.047,2023-08-01
300838.SZ,2020-09-29,22.7,23.15,22.7,22.92,22.7,0.22,0.9692,8337.81,19180.564,2023-08-01
600031.SH,2020-09-29,24.8,24.94,24.45,24.74,24.75,-0.01,-0.0404,354184.63,873924.157,2023-08-01
600435.SH,2020-09-29,8.75,9.07,8.75,8.89,8.72,0.17,1.9495,191601.39,171111.567,2023-08-01
601598.SH,2020-09-29,3.7,3.72,3.67,3.69,3.69,0.0,0.0,131505.59,48625.478,2023-08-01
600439.SH,2020-09-29,3.02,3.07,3.02,3.05,3.02,0.03,0.9934,34093.88,10385.445,2023-08-01
600271.SH,2020-09-29,15.82,16.04,15.8,15.89,15.79,0.1,0.6333,52770.43,84192.903,2023-08-01
600423.SH,2020-09-29,3.0,3.0,2.96,2.98,3.02,-0.04,-1.3245,10697.0,3190.071,2023-08-01
600475.SH,2020-09-29,13.08,13.34,13.05,13.25,13.08,0.17,1.2997,13221.85,17474.149,2023-08-01
600425.SH,2020-09-29,4.47,4.66,4.32,4.37,4.79,-0.42,-8.7683,1275866.71,570546.742,2023-08-01
600029.SH,2020-09-29,5.94,5.96,5.81,5.83,5.91,-0.08,-1.3536,432133.56,253553.562,2023-08-01
600546.SH,2020-09-29,10.18,10.2,9.91,10.06,10.18,-0.12,-1.1788,187943.07,189147.24,2023-08-01
600352.SH,2020-09-29,13.48,13.7,13.46,13.57,13.45,0.12,0.8922,162977.51,221720.117,2023-08-01
688519.SH,2020-09-29,34.47,35.15,34.45,34.52,34.37,0.15,0.4364,12923.14,45078.366,2023-08-01
600020.SH,2020-09-29,3.47,3.49,3.46,3.47,3.48,-0.01,-0.2874,27964.88,9709.53,2023-08-01
600489.SH,2020-09-29,10.18,10.26,9.96,10.03,10.05,-0.02,-0.199,264021.02,266764.851,2023-08-01
600480.SH,2020-09-29,9.66,9.86,9.52,9.57,9.57,0.0,0.0,100392.79,97164.336,2023-08-01
300822.SZ,2020-09-29,48.04,48.5,46.82,47.0,47.92,-0.92,-1.9199,25343.05,120919.563,2023-08-01
002522.SZ,2020-09-29,6.22,6.49,6.19,6.44,6.22,0.22,3.537,91384.42,57854.106,2023-08-01
300149.SZ,2020-09-29,20.45,20.88,19.91,20.49,20.38,0.11,0.5397,50702.93,103740.232,2023-08-01
300146.SZ,2020-09-29,21.2,21.95,21.2,21.32,20.46,0.86,4.2033,243229.15,524696.32,2023-08-01
002547.SZ,2020-09-29,5.15,5.64,5.15,5.64,5.13,0.51,9.9415,102723.84,57051.618,2023-08-01
002743.SZ,2020-09-29,8.23,8.4,8.18,8.25,8.23,0.02,0.243,26779.0,22198.508,2023-08-01
300151.SZ,2020-09-29,19.2,19.81,18.78,19.66,18.99,0.67,3.5282,53112.0,103009.272,2023-08-01
300155.SZ,2020-09-29,8.6,8.6,8.1,8.45,8.55,-0.1,-1.1696,307911.6,257048.029,2023-08-01
002524.SZ,2020-09-29,10.59,10.95,10.47,10.77,10.57,0.2,1.8921,81483.53,87859.243,2023-08-01
002606.SZ,2020-09-29,7.41,7.44,7.34,7.4,7.36,0.04,0.5435,40596.78,30026.245,2023-08-01
002528.SZ,2020-09-29,4.2,4.25,4.19,4.2,4.19,0.01,0.2387,24276.46,10251.873,2023-08-01
300150.SZ,2020-09-29,5.16,5.24,5.09,5.19,5.09,0.1,1.9646,31517.0,16330.513,2023-08-01
300147.SZ,2020-09-29,10.72,10.82,10.52,10.64,10.6,0.04,0.3774,137919.59,147579.451,2023-08-01
300153.SZ,2020-09-29,6.03,6.54,6.03,6.42,6.02,0.4,6.6445,105250.0,66256.208,2023-08-01
002526.SZ,2020-09-29,2.5,2.53,2.49,2.5,2.49,0.01,0.4016,150157.66,37702.477,2023-08-01
002532.SZ,2020-09-29,6.95,7.34,6.95,7.17,6.95,0.22,3.1655,51435.88,37035.093,2023-08-01
002534.SZ,2020-09-29,8.7,8.84,8.62,8.8,8.65,0.15,1.7341,18155.01,15923.582,2023-08-01
002531.SZ,2020-09-29,7.29,7.44,7.07,7.12,7.19,-0.07,-0.9736,434254.28,312456.225,2023-08-01
300161.SZ,2020-09-29,20.77,21.28,20.77,21.1,20.77,0.33,1.5888,15681.0,33089.578,2023-08-01
300169.SZ,2020-09-29,7.47,7.47,7.47,7.47,9.34,-1.87,-20.0214,63019.0,47075.193,2023-08-01
300162.SZ,2020-09-29,8.78,8.84,8.61,8.68,8.71,-0.03,-0.3444,51314.0,44830.484,2023-08-01
002540.SZ,2020-09-29,4.78,4.82,4.74,4.77,4.75,0.02,0.4211,25649.23,12264.847,2023-08-01
601933.SH,2020-09-29,7.87,7.95,7.76,7.88,7.88,0.0,0.0,470858.67,370078.948,2023-08-01
002702.SZ,2020-09-29,9.06,9.06,8.73,8.81,8.93,-0.12,-1.3438,108027.78,95978.582,2023-08-01
002567.SZ,2020-09-29,8.59,8.78,8.52,8.71,8.56,0.15,1.7523,160616.9,139785.096,2023-08-01
002535.SZ,2020-09-29,1.45,1.48,1.44,1.45,1.44,0.01,0.6944,74268.41,10838.143,2023-08-01
002609.SZ,2020-09-29,12.03,12.19,12.02,12.07,12.01,0.06,0.4996,29896.1,36179.511,2023-08-01
300165.SZ,2020-09-29,5.41,5.66,5.36,5.48,5.4,0.08,1.4815,63882.2,35073.207,2023-08-01
300159.SZ,2020-09-29,5.16,5.49,5.11,5.37,5.14,0.23,4.4747,452969.84,240661.351,2023-08-01
300223.SZ,2020-09-29,75.6,79.9,75.52,78.35,75.1,3.25,4.3276,26440.82,207033.93,2023-08-01
300191.SZ,2020-09-29,17.59,17.85,17.48,17.62,17.54,0.08,0.4561,13128.16,23206.298,2023-08-01
300160.SZ,2020-09-29,8.13,8.2,7.88,7.99,8.12,-0.13,-1.601,265894.0,213238.322,2023-08-01
300163.SZ,2020-09-29,4.45,4.54,4.39,4.43,4.39,0.04,0.9112,149783.0,67083.377,2023-08-01
300164.SZ,2020-09-29,4.4,4.56,4.35,4.54,4.41,0.13,2.9478,86335.0,38729.778,2023-08-01
002536.SZ,2020-09-29,5.52,5.63,5.5,5.58,5.48,0.1,1.8248,33531.5,18689.424,2023-08-01
002557.SZ,2020-09-29,57.71,59.66,57.51,59.23,57.7,1.53,2.6516,45677.74,269635.156,2023-08-01
002533.SZ,2020-09-29,5.61,5.68,5.6,5.63,5.59,0.04,0.7156,24201.2,13668.319,2023-08-01
601890.SH,2020-09-29,5.89,6.09,5.87,6.0,5.85,0.15,2.5641,120601.07,72382.822,2023-08-01
002539.SZ,2020-09-29,7.16,7.32,7.14,7.16,7.17,-0.01,-0.1395,45069.75,32553.957,2023-08-01
300170.SZ,2020-09-29,9.73,9.83,9.65,9.68,9.63,0.05,0.5192,124734.41,121353.261,2023-08-01
002537.SZ,2020-09-29,6.88,6.98,6.84,6.9,6.78,0.12,1.7699,159179.9,110182.74,2023-08-01
300174.SZ,2020-09-29,17.95,18.26,17.89,18.13,17.95,0.18,1.0028,8216.05,14882.216,2023-08-01
300166.SZ,2020-09-29,13.19,13.31,13.07,13.2,13.0,0.2,1.5385,110118.01,145505.599,2023-08-01
300167.SZ,2020-09-29,5.45,5.66,5.44,5.52,5.44,0.08,1.4706,66549.0,37004.496,2023-08-01
300175.SZ,2020-09-29,6.75,6.78,5.42,5.6,6.78,-1.18,-17.4041,648682.36,366348.007,2023-08-01
300172.SZ,2020-09-29,7.15,7.23,6.96,7.04,7.02,0.02,0.2849,135100.82,95930.777,2023-08-01
300494.SZ,2020-09-29,17.3,17.59,17.26,17.33,17.17,0.16,0.9319,35522.0,61992.414,2023-08-01
300490.SZ,2020-09-29,9.18,9.32,9.11,9.19,9.14,0.05,0.547,16231.0,14987.767,2023-08-01
300486.SZ,2020-09-29,17.97,18.23,17.85,17.96,18.04,-0.08,-0.4435,3979.0,7153.386,2023-08-01
300806.SZ,2020-09-29,63.3,66.3,63.3,64.02,63.3,0.72,1.1374,10280.51,66757.356,2023-08-01
300480.SZ,2020-09-29,18.68,19.19,18.42,18.76,18.74,0.02,0.1067,34077.58,64206.675,2023-08-01
601500.SH,2020-09-29,5.86,6.08,5.8,5.96,5.82,0.14,2.4055,19632.0,11691.082,2023-08-01
601968.SH,2020-09-29,7.76,8.02,7.74,7.93,7.73,0.2,2.5873,41286.54,32706.863,2023-08-01
603667.SH,2020-09-29,7.95,8.07,7.95,7.99,7.95,0.04,0.5031,7061.48,5660.921,2023-08-01
603421.SH,2020-09-29,10.19,10.25,10.13,10.17,10.11,0.06,0.5935,9641.0,9825.403,2023-08-01
603919.SH,2020-09-29,17.94,18.04,17.77,17.86,17.9,-0.04,-0.2235,21369.84,38208.932,2023-08-01
603515.SH,2020-09-29,26.35,26.35,26.02,26.3,26.25,0.05,0.1905,18181.52,47633.799,2023-08-01
002762.SZ,2020-09-29,5.98,6.02,5.9,5.92,5.94,-0.02,-0.3367,35167.75,20956.471,2023-08-01
603868.SH,2020-09-29,51.02,51.03,47.75,48.92,49.06,-0.14,-0.2854,8024.39,39098.671,2023-08-01
002766.SZ,2020-09-29,3.3,3.35,3.26,3.26,3.33,-0.07,-2.1021,18266.0,6026.347,2023-08-01
603969.SH,2020-09-29,4.21,4.3,4.16,4.25,4.18,0.07,1.6746,72116.21,30602.66,2023-08-01
002775.SZ,2020-09-29,5.1,5.16,5.09,5.11,5.08,0.03,0.5906,17146.92,8777.238,2023-08-01
603556.SH,2020-09-29,14.09,14.25,14.03,14.09,14.11,-0.02,-0.1417,17520.2,24776.817,2023-08-01
002763.SZ,2020-09-29,7.32,7.39,7.27,7.32,7.32,0.0,0.0,8393.79,6168.429,2023-08-01
603660.SH,2020-09-29,9.09,9.11,8.92,8.93,8.98,-0.05,-0.5568,22951.36,20613.951,2023-08-01
002760.SZ,2020-09-29,20.32,20.47,19.9,19.97,20.47,-0.5,-2.4426,9045.27,18170.247,2023-08-01
002819.SZ,2020-09-29,35.07,35.99,34.3,34.7,34.6,0.1,0.289,65065.57,227910.414,2023-08-01
300496.SZ,2020-09-29,84.84,86.6,83.28,85.8,84.0,1.8,2.1429,55187.47,471457.735,2023-08-01
300555.SZ,2020-09-29,9.12,9.54,9.12,9.32,9.12,0.2,2.193,36166.5,33821.793,2023-08-01
300547.SZ,2020-09-29,10.3,10.8,10.04,10.57,10.12,0.45,4.4466,66730.15,69880.45,2023-08-01
300522.SZ,2020-09-29,29.0,29.58,28.6,28.69,28.88,-0.19,-0.6579,15942.0,46081.492,2023-08-01
300484.SZ,2020-09-29,16.03,16.6,15.5,16.0,16.2,-0.2,-1.2346,258936.04,411603.824,2023-08-01
300432.SZ,2020-09-29,9.51,9.61,9.41,9.48,9.38,0.1,1.0661,136960.7,130336.771,2023-08-01
603898.SH,2020-09-29,16.37,16.52,16.17,16.45,16.37,0.08,0.4887,6362.85,10433.796,2023-08-01
600939.SH,2020-09-29,3.88,3.97,3.84,3.92,3.86,0.06,1.5544,21395.15,8328.645,2023-08-01
603618.SH,2020-09-29,5.5,5.54,5.44,5.49,5.45,0.04,0.7339,24515.0,13482.934,2023-08-01
603663.SH,2020-09-29,15.12,15.37,14.86,14.96,14.98,-0.02,-0.1335,19403.73,29260.434,2023-08-01
002788.SZ,2020-09-29,8.56,8.66,8.52,8.6,8.54,0.06,0.7026,17750.76,15277.063,2023-08-01
603021.SH,2020-09-29,5.8,5.91,5.77,5.81,5.83,-0.02,-0.3431,19570.41,11444.605,2023-08-01
603887.SH,2020-09-29,23.33,24.66,23.26,23.78,23.32,0.46,1.9726,38609.88,92646.363,2023-08-01
603558.SH,2020-09-29,9.09,9.09,8.97,9.0,9.03,-0.03,-0.3322,7286.18,6579.337,2023-08-01
603986.SH,2020-09-29,174.95,177.18,173.9,174.25,174.0,0.25,0.1437,44110.34,773652.532,2023-08-01
603612.SH,2020-09-29,13.0,13.44,13.0,13.16,12.99,0.17,1.3087,52372.17,69270.306,2023-08-01
603636.SH,2020-09-29,12.11,12.37,12.1,12.12,12.11,0.01,0.0826,28963.79,35388.91,2023-08-01
603012.SH,2020-09-29,7.45,7.46,7.33,7.39,7.4,-0.01,-0.1351,43163.7,31947.903,2023-08-01
603090.SH,2020-09-29,15.94,16.39,15.81,16.21,15.94,0.27,1.6939,7271.0,11766.523,2023-08-01
603160.SH,2020-09-29,162.08,162.75,160.62,160.8,160.0,0.8,0.5,19969.98,323151.547,2023-08-01
603588.SH,2020-09-29,14.43,14.57,14.28,14.42,14.31,0.11,0.7687,46079.35,66439.805,2023-08-01
300444.SZ,2020-09-29,4.99,5.12,4.94,5.03,4.96,0.07,1.4113,100111.53,50574.625,2023-08-01
300534.SZ,2020-09-29,6.58,6.69,6.53,6.65,6.56,0.09,1.372,41129.92,27309.24,2023-08-01
603858.SH,2020-09-29,24.58,25.17,24.53,25.01,24.44,0.57,2.3322,51669.63,128895.42,2023-08-01
300488.SZ,2020-09-29,17.12,17.74,17.12,17.41,17.29,0.12,0.694,8503.57,14844.386,2023-08-01
002765.SZ,2020-09-29,4.69,4.83,4.67,4.77,4.67,0.1,2.1413,58817.0,27979.932,2023-08-01
300426.SZ,2020-09-29,8.57,8.57,8.32,8.37,8.41,-0.04,-0.4756,14430.73,12139.557,2023-08-01
300434.SZ,2020-09-29,9.16,9.27,9.09,9.09,9.16,-0.07,-0.7642,25804.2,23671.23,2023-08-01
002810.SZ,2020-09-29,35.9,35.97,34.91,35.28,35.9,-0.62,-1.727,13436.78,47511.808,2023-08-01
300539.SZ,2020-09-29,8.28,8.47,8.11,8.3,8.15,0.15,1.8405,29460.47,24558.961,2023-08-01
603808.SH,2020-09-29,14.05,14.2,13.89,14.13,14.2,-0.07,-0.493,22632.83,31839.162,2023-08-01
603737.SH,2020-09-29,157.91,163.0,155.08,160.41,155.96,4.45,2.8533,18244.68,291394.862,2023-08-01
603778.SH,2020-09-29,3.98,4.01,3.86,3.88,3.98,-0.1,-2.5126,45137.0,17809.408,2023-08-01
300439.SZ,2020-09-29,17.98,19.26,17.71,18.88,17.92,0.96,5.3571,69479.49,130909.885,2023-08-01
603016.SH,2020-09-29,23.21,23.99,22.6,23.62,23.09,0.53,2.2954,8518.95,19992.571,2023-08-01
300450.SZ,2020-09-29,47.35,48.36,46.9,47.88,47.04,0.84,1.7857,110401.37,528090.228,2023-08-01
603223.SH,2020-09-29,15.41,15.97,15.35,15.78,15.41,0.37,2.401,51223.01,80864.883,2023-08-01
603398.SH,2020-09-29,9.6,9.69,9.49,9.55,9.6,-0.05,-0.5208,9488.4,9089.793,2023-08-01
300502.SZ,2020-09-29,61.17,64.38,61.17,63.77,60.64,3.13,5.1616,58437.96,370145.518,2023-08-01
300446.SZ,2020-09-29,7.16,7.29,7.09,7.21,7.12,0.09,1.264,41797.37,30137.699,2023-08-01
300493.SZ,2020-09-29,8.46,8.6,8.4,8.51,8.41,0.1,1.1891,71245.43,60741.834,2023-08-01
300427.SZ,2020-09-29,25.49,27.98,25.1,26.83,25.25,1.58,6.2574,132484.92,358611.556,2023-08-01
603628.SH,2020-09-29,8.19,8.35,8.12,8.16,8.28,-0.12,-1.4493,41457.93,34076.978,2023-08-01
300538.SZ,2020-09-29,22.23,23.65,22.23,22.99,22.09,0.9,4.0742,29098.69,67447.408,2023-08-01
300556.SZ,2020-09-29,22.8,22.96,22.4,22.64,22.51,0.13,0.5775,44138.1,100137.155,2023-08-01
300540.SZ,2020-09-29,19.11,19.59,18.55,18.59,19.19,-0.6,-3.1266,49744.4,94328.673,2023-08-01
603186.SH,2020-09-29,37.65,37.97,37.41,37.53,37.45,0.08,0.2136,8277.0,31234.534,2023-08-01
300550.SZ,2020-09-29,22.8,22.8,21.9,21.99,22.26,-0.27,-1.2129,7754.52,17185.201,2023-08-01
603035.SH,2020-09-29,13.22,13.54,13.0,13.33,13.28,0.05,0.3765,90094.68,119707.377,2023-08-01
300561.SZ,2020-09-29,22.88,23.49,22.01,22.62,22.05,0.57,2.585,135235.91,308474.102,2023-08-01
603716.SH,2020-09-29,15.42,15.42,15.17,15.17,15.24,-0.07,-0.4593,13218.82,20151.596,2023-08-01
300548.SZ,2020-09-29,46.57,47.69,46.25,46.87,46.6,0.27,0.5794,14164.55,66584.464,2023-08-01
603416.SH,2020-09-29,84.58,85.0,82.05,83.59,83.32,0.27,0.3241,8887.31,74417.544,2023-08-01
300459.SZ,2020-09-29,4.4,4.54,4.28,4.38,4.33,0.05,1.1547,1574548.37,695277.788,2023-08-01
300487.SZ,2020-09-29,53.7,54.39,52.33,53.63,52.65,0.98,1.8613,18173.69,97491.053,2023-08-01
300457.SZ,2020-09-29,28.63,28.98,28.18,28.33,28.42,-0.09,-0.3167,37561.2,107042.923,2023-08-01
300515.SZ,2020-09-29,12.25,12.57,12.17,12.4,12.24,0.16,1.3072,36411.0,45200.543,2023-08-01
603968.SH,2020-09-29,16.45,16.55,16.23,16.46,16.32,0.14,0.8578,10759.18,17670.003,2023-08-01
603633.SH,2020-09-29,11.76,11.98,11.71,11.84,11.77,0.07,0.5947,15025.66,17804.736,2023-08-01
300631.SZ,2020-09-29,19.6,19.87,19.34,19.62,19.39,0.23,1.1862,16587.34,32611.058,2023-08-01
300551.SZ,2020-09-29,22.58,22.87,22.39,22.41,22.7,-0.29,-1.2775,43905.21,99301.381,2023-08-01
603505.SH,2020-09-29,21.09,21.2,20.82,20.85,20.88,-0.03,-0.1437,9014.98,18902.963,2023-08-01
603098.SH,2020-09-29,9.24,9.86,9.18,9.33,9.22,0.11,1.1931,17918.4,16940.025,2023-08-01
300569.SZ,2020-09-29,18.1,18.38,17.28,17.56,17.88,-0.32,-1.7897,446626.03,795908.899,2023-08-01
002842.SZ,2020-09-29,9.54,9.68,9.54,9.55,9.53,0.02,0.2099,10460.55,10038.342,2023-08-01
603239.SH,2020-09-29,15.1,15.17,14.75,14.92,15.06,-0.14,-0.9296,22966.0,34364.844,2023-08-01
300451.SZ,2020-09-29,15.1,15.29,15.0,15.19,15.02,0.17,1.1318,67081.36,101724.182,2023-08-01
300541.SZ,2020-09-29,22.43,23.2,21.96,22.96,21.89,1.07,4.8881,109452.29,249307.832,2023-08-01
000521.SZ,2020-09-29,3.09,3.1,3.06,3.08,3.07,0.01,0.3257,46308.06,14262.951,2023-08-01
000523.SZ,2020-09-29,4.62,4.62,4.62,4.62,5.13,-0.51,-9.9415,12872.0,5946.864,2023-08-01
000524.SZ,2020-09-29,10.61,10.77,9.86,9.97,10.49,-0.52,-4.9571,180728.56,181832.97,2023-08-01
000525.SZ,2020-09-29,6.97,6.97,6.86,6.95,6.9,0.05,0.7246,34231.77,23717.876,2023-08-01
000526.SZ,2020-09-29,55.5,55.77,53.78,53.84,55.11,-1.27,-2.3045,12917.48,70503.504,2023-08-01
000528.SZ,2020-09-29,7.18,7.21,7.11,7.19,7.13,0.06,0.8415,135725.51,97306.848,2023-08-01
000529.SZ,2020-09-29,7.75,7.75,7.59,7.69,7.65,0.04,0.5229,43306.74,33238.498,2023-08-01
000530.SZ,2020-09-29,3.61,3.66,3.59,3.6,3.61,-0.01,-0.277,32422.36,11755.06,2023-08-01
000531.SZ,2020-09-29,9.06,9.14,9.05,9.09,9.06,0.03,0.3311,22536.23,20510.171,2023-08-01
600038.SH,2020-09-29,54.0,56.83,54.0,56.46,53.99,2.47,4.5749,79085.4,443747.818,2023-08-01
600051.SH,2020-09-29,10.15,10.33,10.05,10.15,10.11,0.04,0.3956,48233.01,49255.074,2023-08-01
600052.SH,2020-09-29,3.12,3.12,3.06,3.09,3.12,-0.03,-0.9615,36664.14,11346.903,2023-08-01
600053.SH,2020-09-29,24.98,25.18,24.81,25.0,24.96,0.04,0.1603,20853.52,52109.545,2023-08-01
600054.SH,2020-09-29,9.04,9.09,8.87,8.96,9.03,-0.07,-0.7752,56600.57,50613.443,2023-08-01
600055.SH,2020-09-29,13.35,13.73,13.17,13.62,13.31,0.31,2.3291,44813.16,60320.21,2023-08-01
600056.SH,2020-09-29,14.63,14.8,14.61,14.72,14.64,0.08,0.5464,54109.71,79676.268,2023-08-01
600057.SH,2020-09-29,6.1,6.15,6.0,6.09,6.09,0.0,0.0,118059.09,71918.193,2023-08-01
600058.SH,2020-09-29,6.69,6.85,6.69,6.74,6.66,0.08,1.2012,40725.24,27587.724,2023-08-01
600059.SH,2020-09-29,8.74,8.94,8.69,8.9,8.67,0.23,2.6528,36437.43,32101.341,2023-08-01
600060.SH,2020-09-29,12.92,13.27,12.77,13.18,12.9,0.28,2.1705,78002.49,102445.477,2023-08-01
600061.SH,2020-09-29,15.13,15.23,14.72,14.75,15.06,-0.31,-2.0584,379390.43,568830.487,2023-08-01
600062.SH,2020-09-29,12.81,12.9,12.72,12.77,12.79,-0.02,-0.1564,32817.29,42040.785,2023-08-01
600063.SH,2020-09-29,3.59,3.59,3.55,3.58,3.56,0.02,0.5618,96865.66,34565.988,2023-08-01
600064.SH,2020-09-29,11.09,11.2,11.01,11.01,11.02,-0.01,-0.0907,80992.57,89914.272,2023-08-01
600066.SH,2020-09-29,15.98,16.06,15.67,15.81,15.9,-0.09,-0.566,63755.8,101043.477,2023-08-01
600067.SH,2020-09-29,3.58,3.61,3.52,3.56,3.59,-0.03,-0.8357,140073.37,49938.416,2023-08-01
600068.SH,2020-09-29,5.99,6.01,5.97,5.98,5.98,0.0,0.0,97941.37,58650.317,2023-08-01
600070.SH,2020-09-29,12.02,12.44,11.88,12.2,11.88,0.32,2.6936,79620.76,97000.329,2023-08-01
600071.SH,2020-09-29,10.0,10.23,10.0,10.09,10.04,0.05,0.498,13659.67,13839.173,2023-08-01
600072.SH,2020-09-29,12.75,13.26,12.75,13.06,12.71,0.35,2.7537,129355.77,169157.338,2023-08-01
600073.SH,2020-09-29,10.21,10.44,10.21,10.32,10.22,0.1,0.9785,145890.03,150792.505,2023-08-01
600075.SH,2020-09-29,6.28,6.41,6.24,6.37,6.27,0.1,1.5949,48736.8,30907.227,2023-08-01
600076.SH,2020-09-29,3.26,3.27,3.23,3.23,3.24,-0.01,-0.3086,40926.25,13272.784,2023-08-01
600077.SH,2020-09-29,3.76,3.92,3.76,3.88,3.76,0.12,3.1915,56964.54,21792.007,2023-08-01
600078.SH,2020-09-29,4.37,4.41,4.36,4.36,4.35,0.01,0.2299,27058.25,11866.3,2023-08-01
600079.SH,2020-09-29,31.4,31.88,30.85,31.24,31.21,0.03,0.0961,49008.54,153285.728,2023-08-01
600080.SH,2020-09-29,6.46,6.56,6.32,6.48,6.45,0.03,0.4651,37231.98,23936.573,2023-08-01
600081.SH,2020-09-29,10.93,11.68,10.85,11.6,10.92,0.68,6.2271,93712.57,106746.578,2023-08-01
600082.SH,2020-09-29,3.33,3.39,3.33,3.36,3.32,0.04,1.2048,21647.44,7266.989,2023-08-01
600083.SH,2020-09-29,6.3,6.45,6.18,6.38,6.32,0.06,0.9494,19505.32,12443.773,2023-08-01
600084.SH,2020-09-29,2.3,2.3,2.19,2.27,2.3,-0.03,-1.3043,51481.89,11601.081,2023-08-01
600085.SH,2020-09-29,27.08,27.32,26.52,27.12,27.01,0.11,0.4073,67961.56,183939.166,2023-08-01
600086.SH,2020-09-29,1.11,1.14,1.08,1.09,1.14,-0.05,-4.386,214015.96,23389.073,2023-08-01
600088.SH,2020-09-29,11.86,12.06,11.86,11.91,11.89,0.02,0.1682,9480.88,11331.043,2023-08-01
600089.SH,2020-09-29,8.77,8.8,8.51,8.58,8.69,-0.11,-1.2658,386676.05,333679.292,2023-08-01
600090.SH,2020-09-29,1.82,1.84,1.8,1.8,1.82,-0.02,-1.0989,96566.13,17528.314,2023-08-01
600655.SH,2020-09-29,8.73,8.85,8.72,8.8,8.72,0.08,0.9174,25894.83,22801.638,2023-08-01
600657.SH,2020-09-29,4.36,4.41,4.34,4.38,4.35,0.03,0.6897,63007.95,27624.278,2023-08-01
600658.SH,2020-09-29,5.39,5.47,5.35,5.41,5.39,0.02,0.3711,21827.0,11821.534,2023-08-01
600660.SH,2020-09-29,32.5,32.56,31.55,31.72,32.21,-0.49,-1.5213,195728.13,624580.074,2023-08-01
600661.SH,2020-09-29,15.6,15.6,15.01,15.15,15.0,0.15,1.0,3055.0,4644.167,2023-08-01
600662.SH,2020-09-29,10.05,10.06,8.82,8.82,9.8,-0.98,-10.0,446933.4,404794.237,2023-08-01
600663.SH,2020-09-29,11.51,11.63,11.48,11.49,11.5,-0.01,-0.087,10988.92,12701.873,2023-08-01
600664.SH,2020-09-29,3.35,3.41,3.33,3.37,3.37,0.0,0.0,78153.94,26422.163,2023-08-01
002979.SZ,2020-09-29,38.5,39.25,37.7,38.87,38.01,0.86,2.2626,13481.41,51918.027,2023-08-01
600348.SH,2020-09-29,4.97,4.98,4.89,4.94,4.96,-0.02,-0.4032,239912.91,118603.693,2023-08-01
600487.SH,2020-09-29,14.6,14.73,14.5,14.5,14.53,-0.03,-0.2065,73507.94,107361.604,2023-08-01
600547.SH,2020-09-29,25.81,25.9,25.41,25.5,25.55,-0.05,-0.1957,185918.55,476880.222,2023-08-01
600449.SH,2020-09-29,14.5,14.72,14.4,14.54,14.44,0.1,0.6925,33868.91,49372.262,2023-08-01
600462.SH,2020-09-29,2.38,2.45,2.34,2.41,2.36,0.05,2.1186,35876.0,8635.707,2023-08-01
600015.SH,2020-09-29,6.2,6.2,6.13,6.14,6.17,-0.03,-0.4862,125381.95,77312.371,2023-08-01
600429.SH,2020-09-29,5.1,5.15,5.1,5.13,5.09,0.04,0.7859,11499.91,5896.661,2023-08-01
600478.SH,2020-09-29,4.34,4.71,4.31,4.62,4.29,0.33,7.6923,813288.46,373927.81,2023-08-01
003008.SZ,2020-09-29,38.1,39.86,37.44,37.66,41.54,-3.88,-9.3404,44417.87,171246.363,2023-08-01
600507.SH,2020-09-29,5.44,5.48,5.38,5.41,5.4,0.01,0.1852,116055.45,62935.198,2023-08-01
600403.SH,2020-09-29,3.64,3.68,3.62,3.67,3.66,0.01,0.2732,72287.0,26434.67,2023-08-01
600517.SH,2020-09-29,6.72,6.79,6.71,6.74,6.72,0.02,0.2976,34898.0,23566.765,2023-08-01
688099.SH,2020-09-29,65.22,66.85,64.76,66.75,65.22,1.53,2.3459,29004.22,192179.244,2023-08-01
688002.SH,2020-09-29,80.2,85.9,80.2,85.19,79.8,5.39,6.7544,49948.16,421815.033,2023-08-01
688116.SH,2020-09-29,39.51,40.32,39.32,39.54,39.8,-0.26,-0.6533,15564.72,62252.225,2023-08-01
688218.SH,2020-09-29,24.28,24.49,24.1,24.25,24.15,0.1,0.4141,6646.21,16165.418,2023-08-01
688005.SH,2020-09-29,27.3,28.93,27.3,28.48,27.28,1.2,4.3988,42227.67,120514.889,2023-08-01
688526.SH,2020-09-29,30.86,33.68,30.8,32.78,30.71,2.07,6.7405,132813.28,431119.032,2023-08-01
002993.SZ,2020-09-29,92.49,94.19,91.5,92.3,92.36,-0.06,-0.065,46842.73,434283.737,2023-08-01
300843.SZ,2020-09-29,28.31,28.76,28.0,28.13,28.34,-0.21,-0.741,14395.36,40879.851,2023-08-01
002987.SZ,2020-09-29,54.97,55.87,54.67,55.03,54.69,0.34,0.6217,7555.79,41790.41,2023-08-01
600406.SH,2020-09-29,19.78,19.95,19.5,19.62,19.82,-0.2,-1.0091,125593.99,247266.363,2023-08-01
600469.SH,2020-09-29,4.66,4.75,4.65,4.69,4.68,0.01,0.2137,21407.0,10068.457,2023-08-01
600021.SH,2020-09-29,7.43,7.6,7.43,7.53,7.44,0.09,1.2097,46745.86,35284.645,2023-08-01
688001.SH,2020-09-29,38.5,40.47,38.43,40.07,38.63,1.44,3.7277,8529.46,33880.086,2023-08-01
688321.SH,2020-09-29,48.65,50.0,48.28,49.32,48.56,0.76,1.5651,27048.58,133838.085,2023-08-01
688278.SH,2020-09-29,49.6,51.99,49.18,50.82,49.24,1.58,3.2088,6677.69,33892.672,2023-08-01
688027.SH,2020-09-29,236.66,243.58,232.0,233.65,236.99,-3.34,-1.4093,8033.98,189998.947,2023-08-01
688088.SH,2020-09-29,68.0,73.61,68.0,73.1,67.93,5.17,7.6108,38741.81,278197.51,2023-08-01
688007.SH,2020-09-29,22.2,22.47,22.02,22.1,21.92,0.18,0.8212,13174.62,29321.565,2023-08-01
688010.SH,2020-09-29,35.52,36.56,35.46,36.34,35.33,1.01,2.8588,8803.48,31816.892,2023-08-01
688288.SH,2020-09-29,41.58,42.45,41.21,41.83,40.97,0.86,2.0991,5644.27,23654.814,2023-08-01
600184.SH,2020-09-29,10.55,11.0,10.52,10.9,10.52,0.38,3.6122,45914.23,49883.427,2023-08-01
688012.SH,2020-09-29,164.9,174.17,164.65,172.37,163.19,9.18,5.6253,38325.16,656337.057,2023-08-01
688108.SH,2020-09-29,22.05,22.05,21.4,21.42,21.61,-0.19,-0.8792,13290.18,28802.004,2023-08-01
688019.SH,2020-09-29,299.5,310.5,298.9,307.25,294.65,12.6,4.2763,7785.34,238949.92,2023-08-01
688011.SH,2020-09-29,54.81,56.92,54.46,55.0,54.54,0.46,0.8434,15500.92,86381.052,2023-08-01
688039.SH,2020-09-29,78.18,78.18,75.51,76.01,77.34,-1.33,-1.7197,3013.73,23080.098,2023-08-01
688568.SH,2020-09-29,59.68,61.4,59.68,60.09,59.37,0.72,1.2127,7118.77,43199.211,2023-08-01
688015.SH,2020-09-29,47.18,48.72,47.18,48.21,47.13,1.08,2.2915,15045.62,72418.735,2023-08-01
688036.SH,2020-09-29,88.36,92.51,88.0,89.0,87.98,1.02,1.1594,22645.52,204219.304,2023-08-01
600477.SH,2020-09-29,4.01,4.06,3.98,3.99,4.0,-0.01,-0.25,141724.65,56975.567,2023-08-01
688008.SH,2020-09-29,76.66,81.0,76.6,80.19,75.7,4.49,5.9313,60821.23,482339.931,2023-08-01
688158.SH,2020-09-29,62.84,63.98,62.58,62.85,62.54,0.31,0.4957,13498.11,85402.33,2023-08-01
300171.SZ,2020-09-29,18.16,18.57,17.71,18.25,18.16,0.09,0.4956,75514.68,137253.089,2023-08-01
300180.SZ,2020-09-29,7.63,7.67,7.46,7.47,7.56,-0.09,-1.1905,252382.8,190931.513,2023-08-01
300194.SZ,2020-09-29,5.7,5.77,5.66,5.72,5.7,0.02,0.3509,187202.18,107101.688,2023-08-01
002545.SZ,2020-09-29,7.64,7.68,7.51,7.6,7.6,0.0,0.0,52166.0,39672.923,2023-08-01
002550.SZ,2020-09-29,4.56,4.6,4.52,4.54,4.55,-0.01,-0.2198,24554.98,11185.931,2023-08-01
002541.SZ,2020-09-29,41.5,43.76,41.2,42.51,40.7,1.81,4.4472,70682.99,302518.69,2023-08-01
601116.SH,2020-09-29,13.05,13.14,13.04,13.08,13.05,0.03,0.2299,9142.01,11959.658,2023-08-01
002570.SZ,2020-09-29,6.91,6.91,6.6,6.69,6.79,-0.1,-1.4728,204433.47,137842.01,2023-08-01
002551.SZ,2020-09-29,7.56,7.78,7.42,7.71,7.63,0.08,1.0485,179759.58,136600.406,2023-08-01
300178.SZ,2020-09-29,6.6,6.73,6.22,6.72,6.53,0.19,2.9096,932338.81,608743.666,2023-08-01
300176.SZ,2020-09-29,7.74,8.08,7.6,7.79,7.67,0.12,1.5645,110722.0,86936.701,2023-08-01
300177.SZ,2020-09-29,10.75,11.04,10.67,10.94,10.65,0.29,2.723,147919.32,161308.214,2023-08-01
002542.SZ,2020-09-29,3.41,3.45,3.4,3.41,3.41,0.0,0.0,46080.74,15766.438,2023-08-01
300181.SZ,2020-09-29,7.17,7.33,7.01,7.24,7.06,0.18,2.5496,162117.81,116763.521,2023-08-01
601700.SH,2020-09-29,5.02,5.08,5.02,5.03,5.0,0.03,0.6,61905.0,31226.166,2023-08-01
601137.SH,2020-09-29,12.82,13.53,12.7,13.33,12.7,0.63,4.9606,115157.11,152466.857,2023-08-01
002543.SZ,2020-09-29,8.06,8.09,8.01,8.03,8.02,0.01,0.1247,18566.27,14937.637,2023-08-01
601519.SH,2020-09-29,9.9,10.08,9.83,9.91,9.81,0.1,1.0194,221147.99,220477.239,2023-08-01
002552.SZ,2020-09-29,15.14,15.35,15.02,15.03,15.15,-0.12,-0.7921,16494.0,25048.871,2023-08-01
300183.SZ,2020-09-29,18.93,19.13,18.75,19.02,18.65,0.37,1.9839,37048.54,70303.848,2023-08-01
300197.SZ,2020-09-29,3.78,4.05,3.7,3.87,3.73,0.14,3.7534,657198.27,255401.867,2023-08-01
300193.SZ,2020-09-29,8.09,8.28,8.01,8.11,7.98,0.13,1.6291,49000.22,40041.594,2023-08-01
601799.SH,2020-09-29,150.8,152.88,149.06,150.45,149.65,0.8,0.5346,12675.87,191437.488,2023-08-01
002546.SZ,2020-09-29,4.0,4.04,3.99,4.02,3.98,0.04,1.005,39637.0,15931.054,2023-08-01
300353.SZ,2020-09-29,11.7,11.83,11.55,11.57,11.54,0.03,0.26,88046.0,102661.877,2023-08-01
300182.SZ,2020-09-29,5.81,5.92,5.69,5.88,5.8,0.08,1.3793,553036.01,321447.517,2023-08-01
300184.SZ,2020-09-29,6.33,6.43,6.32,6.37,6.32,0.05,0.7911,177162.46,113097.717,2023-08-01
601616.SH,2020-09-29,3.27,3.32,3.24,3.29,3.25,0.04,1.2308,51454.87,16895.981,2023-08-01
002769.SZ,2020-09-29,8.16,8.18,8.04,8.1,8.11,-0.01,-0.1233,21351.46,17328.857,2023-08-01
002555.SZ,2020-09-29,39.72,40.83,39.5,40.56,39.73,0.83,2.0891,127357.95,514132.137,2023-08-01
002548.SZ,2020-09-29,8.56,8.69,8.38,8.56,8.42,0.14,1.6627,68630.65,58813.55,2023-08-01
002558.SZ,2020-09-29,18.98,19.17,18.75,18.81,18.94,-0.13,-0.6864,48612.5,91993.09,2023-08-01
300340.SZ,2020-09-29,12.75,12.95,12.63,12.84,12.74,0.1,0.7849,67309.82,86088.804,2023-08-01
300033.SZ,2020-09-29,161.51,166.87,160.3,162.05,159.88,2.17,1.3573,79707.53,1306091.694,2023-08-01
300027.SZ,2020-09-29,4.94,4.98,4.86,4.88,4.91,-0.03,-0.611,203126.71,99818.259,2023-08-01
300026.SZ,2020-09-29,5.64,5.66,5.43,5.52,5.62,-0.1,-1.7794,668130.13,370134.191,2023-08-01
300025.SZ,2020-09-29,5.24,5.42,5.2,5.32,5.25,0.07,1.3333,204129.08,108626.016,2023-08-01
002324.SZ,2020-09-29,14.09,14.78,14.05,14.51,14.1,0.41,2.9078,138949.59,201878.347,2023-08-01
002322.SZ,2020-09-29,14.06,14.06,13.7,13.85,13.95,-0.1,-0.7168,18716.39,25845.975,2023-08-01
002326.SZ,2020-09-29,10.69,10.86,10.65,10.72,10.6,0.12,1.1321,81289.53,87441.566,2023-08-01
002323.SZ,2020-09-29,3.63,3.75,3.63,3.67,3.63,0.04,1.1019,12382.0,4553.202,2023-08-01
002330.SZ,2020-09-29,6.51,6.67,6.51,6.63,6.51,0.12,1.8433,33673.1,22283.928,2023-08-01
002333.SZ,2020-09-29,5.25,5.26,5.03,5.09,5.29,-0.2,-3.7807,52845.06,27187.559,2023-08-01
002332.SZ,2020-09-29,15.39,15.87,15.3,15.73,15.48,0.25,1.615,90016.57,141459.137,2023-08-01
002334.SZ,2020-09-29,5.05,5.13,5.01,5.12,5.01,0.11,2.1956,80523.71,40943.806,2023-08-01
002806.SZ,2020-09-29,12.0,12.0,11.83,11.85,11.86,-0.01,-0.0843,10593.94,12596.408,2023-08-01
002822.SZ,2020-09-29,7.97,7.97,7.55,7.55,7.94,-0.39,-4.9118,239796.27,183996.855,2023-08-01
002787.SZ,2020-09-29,7.68,7.87,7.65,7.74,7.66,0.08,1.0444,19141.0,14908.595,2023-08-01
002809.SZ,2020-09-29,11.74,12.0,11.52,11.69,11.64,0.05,0.4296,18768.92,22130.266,2023-08-01
002811.SZ,2020-09-29,10.21,10.34,10.12,10.14,10.21,-0.07,-0.6856,7796.0,7955.888,2023-08-01
002832.SZ,2020-09-29,17.0,17.3,16.95,17.09,17.14,-0.05,-0.2917,48508.67,83179.833,2023-08-01
603189.SH,2020-09-29,21.54,22.08,21.45,21.68,21.5,0.18,0.8372,17368.0,37835.832,2023-08-01
603118.SH,2020-09-29,11.8,11.93,11.76,11.82,11.71,0.11,0.9394,31301.75,37112.157,2023-08-01
002821.SZ,2020-09-29,260.7,262.5,255.04,258.98,260.0,-1.02,-0.3923,19460.99,502893.922,2023-08-01
002789.SZ,2020-09-29,15.58,15.73,15.51,15.64,15.59,0.05,0.3207,6334.7,9893.691,2023-08-01
002793.SZ,2020-09-29,13.39,13.63,13.21,13.39,13.39,0.0,0.0,29540.83,39709.193,2023-08-01
300559.SZ,2020-09-29,19.09,19.23,18.65,18.75,19.0,-0.25,-1.3158,40757.9,77248.991,2023-08-01
300535.SZ,2020-09-29,14.9,15.56,14.78,15.24,14.9,0.34,2.2819,22298.19,33943.347,2023-08-01
002817.SZ,2020-09-29,14.04,14.3,13.81,13.93,13.99,-0.06,-0.4289,18409.53,25791.907,2023-08-01
300392.SZ,2020-09-29,10.39,10.6,10.21,10.34,10.41,-0.07,-0.6724,113891.0,118423.925,2023-08-01
300433.SZ,2020-09-29,32.45,32.63,32.08,32.31,32.07,0.24,0.7484,332703.84,1078042.06,2023-08-01
300664.SZ,2020-09-29,9.31,9.42,9.22,9.33,9.32,0.01,0.1073,158278.84,147823.717,2023-08-01
300512.SZ,2020-09-29,15.8,15.8,15.3,15.56,15.5,0.06,0.3871,13376.0,20806.598,2023-08-01
300462.SZ,2020-09-29,23.3,23.51,23.11,23.4,23.14,0.26,1.1236,13899.7,32528.18,2023-08-01
002795.SZ,2020-09-29,14.91,15.47,14.84,15.37,14.91,0.46,3.0852,36788.0,55756.383,2023-08-01
601900.SH,2020-09-29,8.8,8.86,8.77,8.8,8.81,-0.01,-0.1135,12539.76,11044.558,2023-08-01
603718.SH,2020-09-29,21.91,21.91,20.5,20.75,22.71,-1.96,-8.6306,210966.83,443943.025,2023-08-01
300500.SZ,2020-09-29,16.06,16.27,15.83,16.13,15.93,0.2,1.2555,9545.7,15389.083,2023-08-01
002753.SZ,2020-09-29,8.96,9.08,8.9,9.04,8.93,0.11,1.2318,14217.95,12819.446,2023-08-01
603799.SH,2020-09-29,34.16,34.93,34.1,34.62,33.93,0.69,2.0336,120495.21,416909.517,2023-08-01
002790.SZ,2020-09-29,6.27,6.28,6.15,6.21,6.21,0.0,0.0,13672.92,8512.101,2023-08-01
300517.SZ,2020-09-29,18.91,19.42,18.7,19.36,18.91,0.45,2.3797,11451.0,21916.203,2023-08-01
600936.SH,2020-09-29,3.81,3.83,3.78,3.8,3.79,0.01,0.2639,19497.44,7399.032,2023-08-01
601606.SH,2020-09-29,13.85,14.38,13.84,14.24,13.82,0.42,3.0391,160850.08,228593.294,2023-08-01
603589.SH,2020-09-29,50.84,51.15,49.88,50.3,50.68,-0.38,-0.7498,40097.67,202136.05,2023-08-01
603159.SH,2020-09-29,11.49,12.04,11.38,11.63,11.43,0.2,1.7498,16959.37,19908.539,2023-08-01
002759.SZ,2020-09-29,11.54,11.71,10.79,11.05,11.23,-0.18,-1.6028,217186.12,243491.871,2023-08-01
002758.SZ,2020-09-29,11.03,11.12,10.8,10.8,11.07,-0.27,-2.439,24195.2,26492.827,2023-08-01
603690.SH,2020-09-29,36.0,36.6,35.74,36.34,35.8,0.54,1.5084,40248.0,145589.607,2023-08-01
603977.SH,2020-09-29,7.64,8.36,7.6,8.13,7.61,0.52,6.8331,105672.08,85471.023,2023-08-01
603317.SH,2020-09-29,63.22,65.56,61.62,64.8,63.25,1.55,2.4506,36894.26,235742.485,2023-08-01
300470.SZ,2020-09-29,43.88,47.94,43.58,47.38,43.26,4.12,9.5238,31821.0,148685.882,2023-08-01
300519.SZ,2020-09-29,17.86,17.96,17.34,17.8,17.41,0.39,2.2401,19191.0,34002.316,2023-08-01
601212.SH,2020-09-29,2.65,2.67,2.64,2.65,2.62,0.03,1.145,171804.86,45566.444,2023-08-01
601366.SH,2020-09-29,6.81,6.87,6.73,6.85,6.82,0.03,0.4399,29858.0,20294.65,2023-08-01
603900.SH,2020-09-29,8.11,8.2,8.05,8.06,8.11,-0.05,-0.6165,13244.62,10739.694,2023-08-01
300460.SZ,2020-09-29,12.42,12.9,12.35,12.45,12.31,0.14,1.1373,42700.0,53526.981,2023-08-01
300425.SZ,2020-09-29,5.4,5.58,5.35,5.49,5.34,0.15,2.809,155581.25,85267.53,2023-08-01
300414.SZ,2020-09-29,13.42,14.45,13.42,14.12,13.31,0.81,6.0856,123612.04,173572.556,2023-08-01
603616.SH,2020-09-29,6.65,6.69,6.62,6.62,6.62,0.0,0.0,9931.64,6604.232,2023-08-01
603559.SH,2020-09-29,17.99,18.43,17.92,18.18,18.07,0.11,0.6087,24739.09,45083.146,2023-08-01
603983.SH,2020-09-29,63.05,64.0,63.0,63.49,63.0,0.49,0.7778,7042.63,44784.314,2023-08-01
300394.SZ,2020-09-29,56.03,57.28,55.7,56.72,55.63,1.09,1.9594,17654.78,99924.064,2023-08-01
601858.SH,2020-09-29,11.18,11.3,11.02,11.1,11.19,-0.09,-0.8043,32199.0,35821.645,2023-08-01
300558.SZ,2020-09-29,110.63,115.09,109.0,114.21,110.6,3.61,3.264,31681.8,358715.882,2023-08-01
603727.SH,2020-09-29,17.54,17.88,17.25,17.71,17.2,0.51,2.9651,10282.0,18163.915,2023-08-01
002824.SZ,2020-09-29,16.32,17.23,16.25,16.49,16.22,0.27,1.6646,56449.2,93718.37,2023-08-01
603888.SH,2020-09-29,20.27,20.54,20.2,20.39,20.21,0.18,0.8906,43546.71,88899.967,2023-08-01
300560.SZ,2020-09-29,17.79,18.56,17.7,18.46,17.66,0.8,4.53,42932.0,78333.684,2023-08-01
603203.SH,2020-09-29,28.05,28.62,27.68,27.72,27.98,-0.26,-0.9292,5681.24,15888.263,2023-08-01
601163.SH,2020-09-29,14.49,14.86,14.49,14.73,14.45,0.28,1.9377,33255.52,49032.78,2023-08-01
002836.SZ,2020-09-29,10.48,10.82,10.36,10.71,10.52,0.19,1.8061,9966.0,10595.336,2023-08-01
002865.SZ,2020-09-29,14.74,15.01,14.39,14.51,14.62,-0.11,-0.7524,22659.0,33276.396,2023-08-01
603669.SH,2020-09-29,7.83,8.29,7.65,8.17,7.83,0.34,4.3423,95729.72,76983.875,2023-08-01
603708.SH,2020-09-29,35.84,36.8,35.35,36.46,36.23,0.23,0.6348,29916.11,108772.628,2023-08-01
300564.SZ,2020-09-29,29.81,30.4,29.76,30.06,29.75,0.31,1.042,8067.03,24294.726,2023-08-01
300553.SZ,2020-09-29,36.09,36.49,35.53,36.31,35.66,0.65,1.8228,2285.0,8273.382,2023-08-01
300458.SZ,2020-09-29,33.37,33.88,33.31,33.66,33.26,0.4,1.2026,32674.16,110090.21,2023-08-01
300413.SZ,2020-09-29,67.37,69.75,66.75,69.21,66.93,2.28,3.4065,66344.06,456986.337,2023-08-01
300481.SZ,2020-09-29,20.98,21.64,20.87,21.37,20.85,0.52,2.494,34916.7,74503.506,2023-08-01
300408.SZ,2020-09-29,28.85,29.12,28.62,29.06,28.63,0.43,1.5019,97567.79,282160.084,2023-08-01
603322.SH,2020-09-29,17.26,17.99,17.26,17.65,17.25,0.4,2.3188,18106.36,32025.059,2023-08-01
300582.SZ,2020-09-29,14.9,14.99,14.66,14.84,14.7,0.14,0.9524,27418.48,40703.403,2023-08-01
300557.SZ,2020-09-29,29.83,30.84,29.41,29.99,29.45,0.54,1.8336,8030.56,24256.299,2023-08-01
603336.SH,2020-09-29,11.17,11.33,11.14,11.2,11.13,0.07,0.6289,21629.6,24277.261,2023-08-01
300623.SZ,2020-09-29,37.98,38.49,36.6,37.52,37.69,-0.17,-0.451,302749.52,1139664.046,2023-08-01
002840.SZ,2020-09-29,10.26,10.38,10.16,10.22,10.22,0.0,0.0,16341.98,16767.048,2023-08-01
601881.SH,2020-09-29,13.0,13.09,12.91,12.93,12.96,-0.03,-0.2315,248744.23,322760.853,2023-08-01
300563.SZ,2020-09-29,29.81,30.77,29.63,30.5,29.79,0.71,2.3834,16051.0,48706.759,2023-08-01
603797.SH,2020-09-29,8.62,8.68,8.57,8.6,8.62,-0.02,-0.232,11615.52,10009.433,2023-08-01
002833.SZ,2020-09-29,42.58,43.38,41.06,41.58,42.0,-0.42,-1.0,23865.8,100849.512,2023-08-01
300657.SZ,2020-09-29,17.1,18.16,16.81,17.68,16.8,0.88,5.2381,87550.49,154747.314,2023-08-01
300562.SZ,2020-09-29,21.63,22.58,21.2,21.8,21.4,0.4,1.8692,68093.0,149616.679,2023-08-01
300634.SZ,2020-09-29,21.5,22.3,21.5,21.84,21.39,0.45,2.1038,29309.27,64265.525,2023-08-01
300732.SZ,2020-09-29,15.68,16.5,15.49,16.06,15.58,0.48,3.0809,31481.5,50493.48,2023-08-01
300721.SZ,2020-09-29,30.51,34.19,30.51,34.05,30.06,3.99,13.2735,91051.5,298846.098,2023-08-01
603379.SH,2020-09-29,19.49,19.58,19.31,19.42,19.31,0.11,0.5697,6920.58,13467.31,2023-08-01
300735.SZ,2020-09-29,16.5,16.69,16.5,16.59,16.49,0.1,0.6064,26306.4,43668.436,2023-08-01
002928.SZ,2020-09-29,14.14,14.28,13.61,13.78,14.18,-0.4,-2.8209,106532.63,148253.593,2023-08-01
300722.SZ,2020-09-29,46.41,56.88,44.44,56.88,47.4,9.48,20.0,221154.73,1143043.342,2023-08-01
603486.SH,2020-09-29,46.04,47.35,45.1,46.71,45.93,0.78,1.6982,23688.37,110346.765,2023-08-01
603949.SH,2020-09-29,19.38,19.92,18.62,18.75,18.54,0.21,1.1327,50754.55,96826.654,2023-08-01
300807.SZ,2020-09-29,38.36,38.85,37.86,38.36,38.06,0.3,0.7882,4126.0,15861.222,2023-08-01
601200.SH,2020-09-29,11.54,11.7,11.45,11.6,11.5,0.1,0.8696,48616.99,56460.708,2023-08-01
300773.SZ,2020-09-29,37.69,38.3,37.65,37.68,37.59,0.09,0.2394,107126.05,406535.226,2023-08-01
000532.SZ,2020-09-29,11.31,11.49,11.31,11.4,11.31,0.09,0.7958,16237.71,18533.348,2023-08-01
000533.SZ,2020-09-29,2.82,2.87,2.82,2.84,2.82,0.02,0.7092,72733.61,20707.93,2023-08-01
000534.SZ,2020-09-29,10.82,11.22,10.81,10.97,10.89,0.08,0.7346,33209.01,36605.849,2023-08-01
000536.SZ,2020-09-29,2.01,2.05,2.0,2.03,2.0,0.03,1.5,126225.4,25560.413,2023-08-01
000537.SZ,2020-09-29,6.81,6.88,6.71,6.76,6.82,-0.06,-0.8798,67440.7,45811.292,2023-08-01
000538.SZ,2020-09-29,101.6,102.2,100.47,101.96,100.8,1.16,1.1508,37856.57,384443.406,2023-08-01
000539.SZ,2020-09-29,3.8,3.82,3.76,3.8,3.78,0.02,0.5291,26045.0,9882.254,2023-08-01
000540.SZ,2020-09-29,3.41,3.43,3.39,3.39,3.39,0.0,0.0,192670.98,65653.334,2023-08-01
000541.SZ,2020-09-29,5.53,5.53,5.44,5.46,5.44,0.02,0.3676,16717.18,9150.973,2023-08-01
000543.SZ,2020-09-29,4.2,4.3,4.2,4.23,4.2,0.03,0.7143,156605.73,66585.695,2023-08-01
000544.SZ,2020-09-29,6.71,6.75,6.67,6.72,6.68,0.04,0.5988,18827.33,12645.319,2023-08-01
000545.SZ,2020-09-29,2.57,2.61,2.55,2.57,2.55,0.02,0.7843,38146.5,9876.672,2023-08-01
000546.SZ,2020-09-29,9.11,9.16,9.0,9.03,9.11,-0.08,-0.8782,38245.01,34721.398,2023-08-01
000547.SZ,2020-09-29,20.55,21.28,20.38,21.12,20.31,0.81,3.9882,394107.88,826164.867,2023-08-01
000548.SZ,2020-09-29,4.41,4.44,4.3,4.31,4.4,-0.09,-2.0455,246952.49,107588.791,2023-08-01
000550.SZ,2020-09-29,16.87,16.95,16.46,16.56,16.87,-0.31,-1.8376,72146.86,119805.712,2023-08-01
000551.SZ,2020-09-29,8.88,8.88,8.72,8.83,8.86,-0.03,-0.3386,21284.13,18773.712,2023-08-01
000552.SZ,2020-09-29,2.68,2.69,2.62,2.64,2.7,-0.06,-2.2222,317549.75,83905.944,2023-08-01
000553.SZ,2020-09-29,8.54,8.6,8.47,8.5,8.51,-0.01,-0.1175,17079.83,14577.15,2023-08-01
000554.SZ,2020-09-29,4.5,4.58,4.48,4.55,4.48,0.07,1.5625,43557.11,19794.247,2023-08-01
000555.SZ,2020-09-29,16.74,16.84,16.58,16.61,16.45,0.16,0.9726,112196.32,187436.079,2023-08-01
000557.SZ,2020-09-29,3.32,3.37,3.32,3.33,3.33,0.0,0.0,36234.86,12118.722,2023-08-01
000558.SZ,2020-09-29,2.92,2.98,2.89,2.93,2.91,0.02,0.6873,125689.66,36996.418,2023-08-01
000559.SZ,2020-09-29,5.82,5.94,5.75,5.92,5.8,0.12,2.069,191123.72,112216.083,2023-08-01
000560.SZ,2020-09-29,3.7,3.74,3.65,3.7,3.67,0.03,0.8174,119267.85,44101.463,2023-08-01
000561.SZ,2020-09-29,7.92,8.21,7.9,8.14,7.92,0.22,2.7778,62112.23,50402.761,2023-08-01
000563.SZ,2020-09-29,3.88,3.9,3.86,3.86,3.85,0.01,0.2597,141146.16,54663.379,2023-08-01
000564.SZ,2020-09-29,3.24,3.3,3.18,3.22,3.21,0.01,0.3115,494215.76,159942.367,2023-08-01
000565.SZ,2020-09-29,4.84,4.9,4.82,4.86,4.82,0.04,0.8299,11664.14,5678.393,2023-08-01
000566.SZ,2020-09-29,9.15,9.38,8.98,9.27,9.1,0.17,1.8681,97962.0,90275.834,2023-08-01
000567.SZ,2020-09-29,10.47,10.75,10.41,10.41,10.27,0.14,1.3632,37615.07,39632.844,2023-08-01
000568.SZ,2020-09-29,145.95,146.2,142.1,144.0,144.36,-0.36,-0.2494,75807.72,1091190.572,2023-08-01
000570.SZ,2020-09-29,4.65,4.74,4.64,4.66,4.65,0.01,0.2151,18471.67,8656.419,2023-08-01
000571.SZ,2020-09-29,3.56,3.56,3.34,3.46,3.52,-0.06,-1.7045,42813.78,14505.882,2023-08-01
000572.SZ,2020-09-29,2.96,3.03,2.88,2.88,2.99,-0.11,-3.6789,185897.2,54820.698,2023-08-01
000573.SZ,2020-09-29,3.0,3.0,2.87,2.96,3.08,-0.12,-3.8961,239074.89,70074.685,2023-08-01
000576.SZ,2020-09-29,11.75,12.1,11.67,12.0,11.72,0.28,2.3891,321947.18,383245.911,2023-08-01
000581.SZ,2020-09-29,24.95,26.57,24.94,25.98,24.97,1.01,4.0449,162064.42,420998.685,2023-08-01
000582.SZ,2020-09-29,10.01,10.06,9.82,9.89,10.02,-0.13,-1.2974,46204.0,45938.353,2023-08-01
000584.SZ,2020-09-29,6.35,6.35,6.27,6.28,6.32,-0.04,-0.6329,34859.64,21993.864,2023-08-01
000585.SZ,2020-09-29,1.64,1.67,1.62,1.62,1.65,-0.03,-1.8182,33934.0,5581.557,2023-08-01
000586.SZ,2020-09-29,8.22,8.24,7.35,7.59,8.17,-0.58,-7.0991,84501.01,65978.424,2023-08-01
000587.SZ,2020-09-29,1.46,1.46,1.42,1.43,1.47,-0.04,-2.7211,119799.0,17232.565,2023-08-01
000589.SZ,2020-09-29,5.77,5.98,5.69,5.97,5.76,0.21,3.6458,243136.09,143493.306,2023-08-01
000590.SZ,2020-09-29,9.55,9.71,9.51,9.64,9.58,0.06,0.6263,9861.26,9478.701,2023-08-01
600665.SH,2020-09-29,3.52,3.52,3.48,3.52,3.53,-0.01,-0.2833,10973.2,3843.44,2023-08-01
600666.SH,2020-09-29,1.38,1.39,1.36,1.36,1.37,-0.01,-0.7299,55296.0,7555.06,2023-08-01
600667.SH,2020-09-29,10.33,10.5,10.33,10.37,10.19,0.18,1.7664,154906.34,161374.91,2023-08-01
600668.SH,2020-09-29,15.18,15.29,15.14,15.2,15.13,0.07,0.4627,22797.22,34708.042,2023-08-01
600671.SH,2020-09-29,8.85,8.85,8.4,8.4,8.84,-0.44,-4.9774,6031.0,5138.955,2023-08-01
600673.SH,2020-09-29,6.0,6.09,5.98,6.05,5.97,0.08,1.34,88872.14,53695.958,2023-08-01
600674.SH,2020-09-29,9.91,9.95,9.8,9.86,9.88,-0.02,-0.2024,36710.47,36210.197,2023-08-01
600675.SH,2020-09-29,3.93,3.99,3.92,3.94,3.92,0.02,0.5102,31926.76,12631.243,2023-08-01
600676.SH,2020-09-29,5.53,5.54,5.42,5.43,5.51,-0.08,-1.4519,58786.94,32158.609,2023-08-01
600678.SH,2020-09-29,6.5,6.56,6.47,6.48,6.47,0.01,0.1546,31302.01,20386.569,2023-08-01
600679.SH,2020-09-29,12.84,12.84,12.45,12.5,12.4,0.1,0.8065,8695.37,10962.038,2023-08-01
600681.SH,2020-09-29,5.23,5.3,5.2,5.21,5.23,-0.02,-0.3824,23140.0,12111.545,2023-08-01
600682.SH,2020-09-29,11.45,11.57,11.13,11.21,11.5,-0.29,-2.5217,75156.14,84563.019,2023-08-01
600683.SH,2020-09-29,4.21,4.26,4.19,4.22,4.2,0.02,0.4762,18849.1,7970.801,2023-08-01
600684.SH,2020-09-29,3.36,3.56,3.36,3.47,3.34,0.13,3.8922,152777.19,52782.415,2023-08-01
600685.SH,2020-09-29,27.92,29.49,27.92,28.9,27.64,1.26,4.5586,226515.76,654490.366,2023-08-01
600686.SH,2020-09-29,6.15,6.2,6.05,6.09,6.13,-0.04,-0.6525,37900.0,23219.451,2023-08-01
600687.SH,2020-09-29,1.23,1.28,1.21,1.26,1.22,0.04,3.2787,74173.5,9202.019,2023-08-01
600688.SH,2020-09-29,3.31,3.33,3.29,3.32,3.3,0.02,0.6061,74820.74,24770.935,2023-08-01
600689.SH,2020-09-29,7.76,7.9,7.62,7.68,7.66,0.02,0.2611,9954.16,7669.488,2023-08-01
600690.SH,2020-09-29,21.8,22.39,21.63,22.19,21.6,0.59,2.7315,266712.8,589677.944,2023-08-01
600691.SH,2020-09-29,2.0,2.01,1.98,1.99,2.0,-0.01,-0.5,51175.19,10227.041,2023-08-01
600692.SH,2020-09-29,6.45,6.55,6.41,6.48,6.42,0.06,0.9346,29345.01,19075.574,2023-08-01
600693.SH,2020-09-29,5.13,5.17,5.05,5.05,5.13,-0.08,-1.5595,55965.04,28536.353,2023-08-01
600694.SH,2020-09-29,23.31,23.63,23.23,23.47,23.23,0.24,1.0331,12712.19,29837.182,2023-08-01
600695.SH,2020-09-29,7.0,7.06,6.97,6.97,6.99,-0.02,-0.2861,33069.0,23160.598,2023-08-01
600696.SH,2020-09-29,8.04,8.26,7.98,8.06,8.02,0.04,0.4988,5900.03,4779.483,2023-08-01
600697.SH,2020-09-29,15.43,15.63,15.37,15.55,15.43,0.12,0.7777,6735.0,10475.842,2023-08-01
600698.SH,2020-09-29,2.26,2.28,2.26,2.26,2.26,0.0,0.0,22356.9,5082.443,2023-08-01
600699.SH,2020-09-29,22.25,22.55,22.19,22.23,22.12,0.11,0.4973,91692.8,205297.784,2023-08-01
600702.SH,2020-09-29,28.9,29.81,28.9,29.81,28.39,1.42,5.0018,38857.72,114794.302,2023-08-01
600703.SH,2020-09-29,24.65,25.05,24.59,24.67,24.59,0.08,0.3253,264225.67,655567.478,2023-08-01
600704.SH,2020-09-29,4.61,4.66,4.58,4.62,4.59,0.03,0.6536,128930.68,59512.255,2023-08-01
600705.SH,2020-09-29,4.39,4.45,4.37,4.4,4.35,0.05,1.1494,273195.68,120595.005,2023-08-01
600706.SH,2020-09-29,7.57,7.57,7.29,7.4,7.36,0.04,0.5435,12538.73,9271.505,2023-08-01
600707.SH,2020-09-29,4.02,4.13,4.02,4.06,4.01,0.05,1.2469,49460.59,20205.59,2023-08-01
600708.SH,2020-09-29,2.81,2.83,2.79,2.81,2.8,0.01,0.3571,58011.39,16301.724,2023-08-01
600710.SH,2020-09-29,4.77,4.9,4.77,4.8,4.75,0.05,1.0526,50457.47,24395.737,2023-08-01
600711.SH,2020-09-29,5.37,5.42,5.35,5.37,5.32,0.05,0.9398,135864.2,73003.493,2023-08-01
600712.SH,2020-09-29,5.37,5.55,5.29,5.41,5.37,0.04,0.7449,77070.49,41838.278,2023-08-01
600713.SH,2020-09-29,4.55,4.6,4.53,4.55,4.53,0.02,0.4415,22139.32,10112.979,2023-08-01
600714.SH,2020-09-29,5.47,5.57,5.36,5.48,5.42,0.06,1.107,23317.65,12802.315,2023-08-01
600715.SH,2020-09-29,3.2,3.23,3.01,3.08,3.18,-0.1,-3.1447,224769.7,69192.032,2023-08-01
600716.SH,2020-09-29,3.91,3.94,3.87,3.9,3.92,-0.02,-0.5102,17838.54,6978.632,2023-08-01
600717.SH,2020-09-29,4.58,4.63,4.58,4.59,4.58,0.01,0.2183,35453.73,16328.64,2023-08-01
688123.SH,2020-09-29,60.56,62.3,60.13,61.78,60.0,1.78,2.9667,5371.81,33083.998,2023-08-01
688139.SH,2020-09-29,67.84,69.93,66.01,68.3,66.97,1.33,1.986,19372.3,131700.195,2023-08-01
688003.SH,2020-09-29,33.0,33.95,32.5,33.26,32.99,0.27,0.8184,27474.54,91174.698,2023-08-01
688368.SH,2020-09-29,133.92,144.0,133.01,141.8,133.0,8.8,6.6165,4374.93,60837.191,2023-08-01
688098.SH,2020-09-29,21.48,22.29,21.46,22.0,21.25,0.75,3.5294,12944.07,28379.826,2023-08-01
600900.SH,2020-09-29,19.19,19.23,18.92,19.04,19.05,-0.01,-0.0525,377405.19,719566.389,2023-08-01
688513.SH,2020-09-29,52.0,52.18,50.86,51.62,51.2,0.42,0.8203,8494.72,43853.273,2023-08-01
688086.SH,2020-09-29,48.98,49.78,48.71,49.2,48.36,0.84,1.737,7692.47,37895.041,2023-08-01
688018.SH,2020-09-29,168.82,181.69,167.67,178.48,167.67,10.81,6.4472,10324.43,183112.516,2023-08-01
688078.SH,2020-09-29,37.09,37.96,36.94,37.6,36.95,0.65,1.7591,1640.51,6157.57,2023-08-01
688168.SH,2020-09-29,80.95,83.88,80.74,83.45,80.49,2.96,3.6775,3324.66,27668.397,2023-08-01
688333.SH,2020-09-29,104.37,107.01,102.0,102.97,104.56,-1.59,-1.5207,11315.46,118279.465,2023-08-01
688068.SH,2020-09-29,48.24,49.41,48.24,48.69,48.0,0.69,1.4375,6024.16,29386.991,2023-08-01
688022.SH,2020-09-29,38.56,40.3,38.56,39.6,38.34,1.26,3.2864,8454.32,33509.017,2023-08-01
688100.SH,2020-09-29,27.44,28.52,27.11,28.49,27.04,1.45,5.3624,22817.39,63997.431,2023-08-01
002986.SZ,2020-09-29,48.1,48.49,48.0,48.0,48.09,-0.09,-0.1871,3717.22,17875.964,2023-08-01
300846.SZ,2020-09-29,33.63,34.15,31.37,32.8,32.98,-0.18,-0.5458,124456.35,403855.51,2023-08-01
605008.SH,2020-09-29,16.51,16.68,15.85,15.88,16.71,-0.83,-4.9671,44214.69,72052.265,2023-08-01
603095.SH,2020-09-29,26.83,27.06,26.8,26.8,26.83,-0.03,-0.1118,8362.76,22525.507,2023-08-01
603565.SH,2020-09-29,25.88,27.35,25.88,25.92,28.76,-2.84,-9.8748,262258.5,685517.432,2023-08-01
600527.SH,2020-09-29,2.84,2.86,2.81,2.83,2.82,0.01,0.3546,172666.52,48945.685,2023-08-01
688166.SH,2020-09-29,53.36,56.38,53.35,55.32,53.36,1.96,3.6732,12094.57,66869.64,2023-08-01
688169.SH,2020-09-29,568.49,607.0,560.21,597.56,561.9,35.66,6.3463,3730.0,220054.621,2023-08-01
688030.SH,2020-09-29,36.0,37.29,36.0,36.14,35.82,0.32,0.8934,9307.98,34176.055,2023-08-01
688023.SH,2020-09-29,256.63,270.64,255.3,270.2,251.7,18.5,7.35,5382.58,142409.279,2023-08-01
600545.SH,2020-09-29,4.98,5.11,4.97,5.11,4.98,0.13,2.6104,140477.11,71142.075,2023-08-01
688186.SH,2020-09-29,33.59,34.0,33.38,33.61,33.39,0.22,0.6589,7142.42,24090.11,2023-08-01
688363.SH,2020-09-29,125.66,129.45,124.7,128.4,123.9,4.5,3.632,11213.9,143407.234,2023-08-01
688258.SH,2020-09-29,77.43,77.96,76.1,76.1,76.33,-0.23,-0.3013,4836.25,37207.305,2023-08-01
688020.SH,2020-09-29,89.06,93.45,89.0,91.15,88.9,2.25,2.5309,7600.78,69834.724,2023-08-01
688016.SH,2020-09-29,254.43,265.09,252.01,259.73,253.06,6.67,2.6357,6644.65,173043.954,2023-08-01
688268.SH,2020-09-29,68.23,70.35,68.04,68.5,67.5,1.0,1.4815,16678.09,115012.665,2023-08-01
688066.SH,2020-09-29,43.73,45.33,43.55,44.73,43.73,1.0,2.2868,12657.89,56845.29,2023-08-01
688033.SH,2020-09-29,18.59,19.19,18.58,19.0,18.56,0.44,2.3707,15525.88,29555.494,2023-08-01
688028.SH,2020-09-29,46.07,47.45,46.01,46.85,46.07,0.78,1.6931,6466.71,30408.734,2023-08-01
002991.SZ,2020-09-29,117.3,121.98,117.19,121.2,117.02,4.18,3.572,9855.57,118193.522,2023-08-01
605188.SH,2020-09-29,11.45,11.63,11.4,11.63,11.46,0.17,1.4834,16731.83,19269.095,2023-08-01
605001.SH,2020-09-29,17.79,17.82,17.6,17.6,17.68,-0.08,-0.4525,10025.31,17753.833,2023-08-01
605100.SH,2020-09-29,47.58,48.14,47.13,47.56,47.38,0.18,0.3799,4552.96,21696.445,2023-08-01
002988.SZ,2020-09-29,17.51,19.17,17.12,17.12,17.5,-0.38,-2.1714,57776.19,103522.036,2023-08-01
300847.SZ,2020-09-29,30.67,33.4,30.32,32.98,30.45,2.53,8.3087,134186.18,432994.322,2023-08-01
002995.SZ,2020-09-29,57.41,57.98,56.6,56.6,57.3,-0.7,-1.2216,7856.0,44846.112,2023-08-01
688122.SH,2020-09-29,55.71,58.5,55.45,57.32,55.41,1.91,3.447,32583.42,185392.882,2023-08-01
688198.SH,2020-09-29,89.26,92.5,88.0,90.12,89.1,1.02,1.1448,3252.93,29496.931,2023-08-01
688388.SH,2020-09-29,48.0,49.48,47.31,48.77,47.3,1.47,3.1078,14806.73,72235.857,2023-08-01
002336.SZ,2020-09-29,4.81,4.83,4.75,4.77,4.76,0.01,0.2101,8479.45,4058.04,2023-08-01
002335.SZ,2020-09-29,17.22,18.17,17.05,17.95,17.06,0.89,5.2169,89644.11,159520.761,2023-08-01
002337.SZ,2020-09-29,3.34,3.39,3.32,3.35,3.32,0.03,0.9036,16576.03,5556.989,2023-08-01
002338.SZ,2020-09-29,26.3,26.8,25.7,25.82,26.17,-0.35,-1.3374,67044.24,175444.961,2023-08-01
002561.SZ,2020-09-29,8.03,8.13,8.03,8.06,8.05,0.01,0.1242,7569.2,6117.435,2023-08-01
002340.SZ,2020-09-29,4.75,4.83,4.74,4.78,4.72,0.06,1.2712,377142.13,180525.066,2023-08-01
002341.SZ,2020-09-29,4.52,4.6,4.5,4.52,4.54,-0.02,-0.4405,76535.0,34815.944,2023-08-01
002339.SZ,2020-09-29,6.68,6.75,6.61,6.67,6.71,-0.04,-0.5961,29379.7,19670.792,2023-08-01
002344.SZ,2020-09-29,4.27,4.31,4.24,4.26,4.21,0.05,1.1876,68221.4,29150.984,2023-08-01
002538.SZ,2020-09-29,5.82,5.9,5.78,5.83,5.81,0.02,0.3442,40294.02,23512.237,2023-08-01
002342.SZ,2020-09-29,3.18,3.23,3.16,3.18,3.15,0.03,0.9524,58307.0,18658.98,2023-08-01
300031.SZ,2020-09-29,20.8,21.17,20.66,21.04,20.69,0.35,1.6916,39623.78,83270.022,2023-08-01
300139.SZ,2020-09-29,12.96,13.38,12.72,13.04,12.79,0.25,1.9547,276243.43,361314.504,2023-08-01
002343.SZ,2020-09-29,8.51,8.58,8.39,8.39,8.52,-0.13,-1.5258,46239.2,39187.715,2023-08-01
002345.SZ,2020-09-29,4.33,4.44,4.06,4.13,4.34,-0.21,-4.8387,363731.09,152949.379,2023-08-01
002347.SZ,2020-09-29,4.23,4.29,4.19,4.25,4.23,0.02,0.4728,27858.04,11864.545,2023-08-01
002346.SZ,2020-09-29,10.35,10.37,10.22,10.26,10.25,0.01,0.0976,6170.0,6352.25,2023-08-01
002348.SZ,2020-09-29,2.6,2.78,2.59,2.65,2.58,0.07,2.7132,204469.41,54943.402,2023-08-01
002381.SZ,2020-09-29,9.45,9.54,9.37,9.44,9.47,-0.03,-0.3168,30424.0,28752.776,2023-08-01
601678.SH,2020-09-29,5.14,5.29,5.12,5.17,5.12,0.05,0.9766,193975.68,100876.567,2023-08-01
002349.SZ,2020-09-29,5.11,5.2,5.11,5.17,5.16,0.01,0.1938,26149.0,13500.082,2023-08-01
300034.SZ,2020-09-29,21.48,22.47,21.48,22.41,21.34,1.07,5.0141,78003.33,172560.722,2023-08-01
300032.SZ,2020-09-29,4.62,4.72,4.58,4.58,4.61,-0.03,-0.6508,101514.49,47091.31,2023-08-01
002351.SZ,2020-09-29,16.21,16.4,16.09,16.27,16.14,0.13,0.8055,72230.02,117599.005,2023-08-01
002352.SZ,2020-09-29,79.7,80.68,78.79,79.97,79.81,0.16,0.2005,174097.84,1389578.507,2023-08-01
002591.SZ,2020-09-29,6.73,6.84,6.7,6.77,6.68,0.09,1.3473,12511.0,8484.29,2023-08-01
002355.SZ,2020-09-29,5.98,5.98,5.74,5.91,5.92,-0.01,-0.1689,104472.81,60774.102,2023-08-01
002353.SZ,2020-09-29,30.04,31.27,30.04,31.04,29.91,1.13,3.778,72837.91,225011.799,2023-08-01
300029.SZ,2020-09-29,4.62,4.75,4.58,4.6,4.61,-0.01,-0.2169,37301.0,17394.172,2023-08-01
002354.SZ,2020-09-29,3.44,3.5,3.32,3.33,3.48,-0.15,-4.3103,49460.2,16845.832,2023-08-01
300035.SZ,2020-09-29,8.87,9.06,8.78,9.0,8.7,0.3,3.4483,140661.84,126049.362,2023-08-01
300030.SZ,2020-09-29,14.12,14.29,13.71,14.0,13.96,0.04,0.2865,157156.22,220908.53,2023-08-01
300247.SZ,2020-09-29,3.3,3.39,3.22,3.31,3.26,0.05,1.5337,309806.0,102859.069,2023-08-01
300036.SZ,2020-09-29,20.05,20.36,20.04,20.16,20.05,0.11,0.5486,44824.35,90614.596,2023-08-01
002358.SZ,2020-09-29,5.29,5.35,5.24,5.29,5.24,0.05,0.9542,63586.87,33660.769,2023-08-01
002549.SZ,2020-09-29,7.2,7.28,7.09,7.11,7.17,-0.06,-0.8368,32184.0,23079.072,2023-08-01
002455.SZ,2020-09-29,5.06,5.32,5.04,5.07,5.07,0.0,0.0,67578.57,34700.534,2023-08-01
002357.SZ,2020-09-29,5.89,5.9,5.78,5.8,5.81,-0.01,-0.1721,18589.0,10836.132,2023-08-01
300037.SZ,2020-09-29,57.99,58.88,56.36,57.39,56.8,0.59,1.0387,61952.07,358187.741,2023-08-01
300041.SZ,2020-09-29,13.41,14.2,13.27,13.92,13.39,0.53,3.9582,112522.79,156627.077,2023-08-01
300038.SZ,2020-09-29,8.31,8.44,8.29,8.35,8.25,0.1,1.2121,139626.61,116902.611,2023-08-01
002370.SZ,2020-09-29,5.06,5.15,5.03,5.09,5.06,0.03,0.5929,48663.3,24807.671,2023-08-01
002375.SZ,2020-09-29,9.96,10.26,9.87,10.05,10.05,0.0,0.0,148202.25,148681.783,2023-08-01
002369.SZ,2020-09-29,7.27,7.43,7.25,7.36,7.25,0.11,1.5172,63923.5,47074.553,2023-08-01
601688.SH,2020-09-29,20.92,20.95,20.7,20.72,20.81,-0.09,-0.4325,417544.01,869679.673,2023-08-01
603825.SH,2020-09-29,28.95,29.49,28.5,28.72,28.54,0.18,0.6307,147835.81,429369.153,2023-08-01
603936.SH,2020-09-29,13.68,13.85,13.55,13.76,13.65,0.11,0.8059,38218.77,52526.992,2023-08-01
603600.SH,2020-09-29,17.0,17.0,16.16,16.71,16.95,-0.24,-1.4159,36555.44,60384.31,2023-08-01
603800.SH,2020-09-29,10.62,10.83,10.58,10.66,10.66,0.0,0.0,5903.0,6323.229,2023-08-01
603315.SH,2020-09-29,11.99,11.99,11.63,11.73,12.0,-0.27,-2.25,32184.56,37872.561,2023-08-01
603367.SH,2020-09-29,14.71,14.92,14.7,14.77,14.7,0.07,0.4762,15869.8,23477.181,2023-08-01
603060.SH,2020-09-29,18.9,19.24,18.88,19.07,18.94,0.13,0.6864,13495.27,25698.48,2023-08-01
300453.SZ,2020-09-29,16.6,17.16,16.4,16.83,16.57,0.26,1.5691,69318.24,116487.556,2023-08-01
300506.SZ,2020-09-29,5.23,5.29,5.13,5.21,5.23,-0.02,-0.3824,142635.25,74471.298,2023-08-01
300533.SZ,2020-09-29,30.49,31.66,30.26,31.4,30.14,1.26,4.1805,15827.9,49428.168,2023-08-01
300518.SZ,2020-09-29,41.88,41.88,41.88,41.88,34.9,6.98,20.0,30211.5,126525.762,2023-08-01
300410.SZ,2020-09-29,8.45,8.63,8.33,8.45,8.33,0.12,1.4406,88099.61,74954.806,2023-08-01
603018.SH,2020-09-29,12.53,12.6,12.26,12.42,12.47,-0.05,-0.401,37112.82,46061.58,2023-08-01
601966.SH,2020-09-29,27.45,29.55,27.06,29.06,27.34,1.72,6.2911,184964.38,532097.699,2023-08-01
002751.SZ,2020-09-29,21.46,21.64,21.4,21.46,21.44,0.02,0.0933,8927.63,19235.284,2023-08-01
603338.SH,2020-09-29,96.32,100.5,96.32,98.27,96.27,2.0,2.0775,19723.44,194476.393,2023-08-01
002923.SZ,2020-09-29,18.55,18.9,18.37,18.73,18.51,0.22,1.1885,12679.3,23675.648,2023-08-01
300395.SZ,2020-09-29,44.87,45.8,43.8,44.55,44.37,0.18,0.4057,26317.3,117542.615,2023-08-01
603222.SH,2020-09-29,34.2,34.45,33.55,34.3,33.8,0.5,1.4793,17535.0,59691.297,2023-08-01
603108.SH,2020-09-29,12.92,13.84,12.86,13.56,12.88,0.68,5.2795,80185.43,108376.11,2023-08-01
002813.SZ,2020-09-29,17.45,18.28,17.34,17.92,17.34,0.58,3.3449,15243.05,27250.446,2023-08-01
300516.SZ,2020-09-29,32.37,34.63,32.29,33.75,32.0,1.75,5.4688,31093.0,104760.684,2023-08-01
300447.SZ,2020-09-29,17.26,18.55,16.78,17.52,17.12,0.4,2.3364,210540.91,372916.41,2023-08-01
300510.SZ,2020-09-29,6.18,6.2,5.99,6.1,6.08,0.02,0.3289,149176.9,91025.255,2023-08-01
300420.SZ,2020-09-29,6.73,6.76,6.58,6.68,6.62,0.06,0.9063,115552.4,77129.714,2023-08-01
002823.SZ,2020-09-29,10.74,10.84,10.6,10.72,10.74,-0.02,-0.1862,10719.87,11487.716,2023-08-01
601611.SH,2020-09-29,7.24,7.34,7.19,7.27,7.18,0.09,1.2535,129571.67,94197.132,2023-08-01
300364.SZ,2020-09-29,7.2,7.23,7.05,7.11,7.04,0.07,0.9943,87400.65,62425.367,2023-08-01
603022.SH,2020-09-29,16.25,16.25,14.5,14.71,16.11,-1.4,-8.6903,61323.86,92648.715,2023-08-01
002820.SZ,2020-09-29,11.67,11.72,11.58,11.61,11.65,-0.04,-0.3433,6758.0,7869.938,2023-08-01
603929.SH,2020-09-29,14.09,14.41,14.08,14.18,14.05,0.13,0.9253,11520.81,16358.124,2023-08-01
603085.SH,2020-09-29,9.35,9.75,9.11,9.75,9.28,0.47,5.0647,73799.29,69202.79,2023-08-01
300520.SZ,2020-09-29,23.05,23.67,22.7,23.4,23.04,0.36,1.5625,104111.34,242270.543,2023-08-01
603268.SH,2020-09-29,16.79,17.95,16.79,17.72,17.4,0.32,1.8391,9099.4,15932.602,2023-08-01
603508.SH,2020-09-29,29.68,30.19,29.55,29.91,29.65,0.26,0.8769,6864.28,20605.888,2023-08-01
603131.SH,2020-09-29,17.68,18.97,17.54,18.45,17.5,0.95,5.4286,39546.1,72945.593,2023-08-01
603377.SH,2020-09-29,21.69,21.92,21.25,21.54,21.69,-0.15,-0.6916,34373.34,74171.509,2023-08-01
300528.SZ,2020-09-29,9.16,9.2,8.45,8.56,9.05,-0.49,-5.4144,149301.68,129805.208,2023-08-01
300442.SZ,2020-09-29,28.94,29.49,27.76,29.13,28.58,0.55,1.9244,18740.0,54182.021,2023-08-01
300485.SZ,2020-09-29,20.74,21.2,18.95,20.14,21.25,-1.11,-5.2235,322309.1,646438.566,2023-08-01
300404.SZ,2020-09-29,12.2,12.35,12.09,12.25,12.14,0.11,0.9061,28638.83,35059.603,2023-08-01
603958.SH,2020-09-29,7.01,7.02,6.81,6.83,6.97,-0.14,-2.0086,18154.0,12507.528,2023-08-01
603738.SH,2020-09-29,18.76,19.1,18.76,18.95,18.7,0.25,1.3369,11549.28,21900.202,2023-08-01
601086.SH,2020-09-29,4.79,4.85,4.79,4.82,4.78,0.04,0.8368,27628.0,13313.907,2023-08-01
603198.SH,2020-09-29,20.32,20.46,20.12,20.24,20.24,0.0,0.0,28290.11,57388.203,2023-08-01
300737.SZ,2020-09-29,23.02,23.76,22.81,23.2,23.32,-0.12,-0.5146,107810.21,249685.382,2023-08-01
603733.SH,2020-09-29,19.05,19.32,18.52,19.13,18.97,0.16,0.8434,69648.42,131741.332,2023-08-01
601990.SH,2020-09-29,14.27,14.35,14.11,14.11,14.17,-0.06,-0.4234,220882.16,313971.475,2023-08-01
603897.SH,2020-09-29,18.43,18.6,18.35,18.41,18.4,0.01,0.0543,4016.64,7428.055,2023-08-01
300725.SZ,2020-09-29,114.96,121.36,113.04,119.23,114.0,5.23,4.5877,15518.27,181589.4,2023-08-01
603596.SH,2020-09-29,33.48,34.12,33.11,33.18,33.39,-0.21,-0.6289,18820.33,62924.788,2023-08-01
002978.SZ,2020-09-29,34.31,34.88,34.23,34.35,34.3,0.05,0.1458,10472.0,36207.746,2023-08-01
603666.SH,2020-09-29,79.14,79.5,76.61,78.35,77.78,0.57,0.7328,7155.37,55604.579,2023-08-01
603890.SH,2020-09-29,14.8,15.46,14.8,15.28,14.96,0.32,2.139,74126.35,113102.22,2023-08-01
300848.SZ,2020-09-29,45.57,45.97,45.38,45.47,45.46,0.01,0.022,4132.0,18880.749,2023-08-01
300786.SZ,2020-09-29,25.72,26.24,25.48,25.95,25.51,0.44,1.7248,9388.8,24360.446,2023-08-01
300781.SZ,2020-09-29,30.89,31.14,30.6,30.82,30.49,0.33,1.0823,6390.66,19731.544,2023-08-01
300810.SZ,2020-09-29,50.5,55.83,50.5,54.06,50.01,4.05,8.0984,23056.58,124453.967,2023-08-01
300783.SZ,2020-09-29,52.46,53.48,52.21,52.6,52.43,0.17,0.3242,11999.41,63443.316,2023-08-01
300785.SZ,2020-09-29,109.33,114.66,108.02,112.05,109.0,3.05,2.7982,11130.9,125008.251,2023-08-01
603477.SH,2020-09-29,13.69,13.79,13.14,13.25,13.63,-0.38,-2.788,48246.94,64736.764,2023-08-01
300724.SZ,2020-09-29,103.0,106.0,99.16,104.0,101.11,2.89,2.8583,17536.55,182273.733,2023-08-01
300745.SZ,2020-09-29,22.91,24.08,22.85,23.38,23.88,-0.5,-2.0938,86230.05,201719.699,2023-08-01
300740.SZ,2020-09-29,18.71,18.92,15.99,18.29,18.87,-0.58,-3.0737,225665.7,390440.652,2023-08-01
603105.SH,2020-09-29,9.96,9.96,9.74,9.84,9.85,-0.01,-0.1015,41425.63,40800.463,2023-08-01
300624.SZ,2020-09-29,67.06,67.79,66.01,66.95,66.59,0.36,0.5406,23334.05,155868.42,2023-08-01
002981.SZ,2020-09-29,35.77,35.77,34.86,35.04,35.77,-0.73,-2.0408,14939.45,52618.081,2023-08-01
603879.SH,2020-09-29,7.22,7.55,7.13,7.35,7.19,0.16,2.2253,38995.12,28793.612,2023-08-01
688111.SH,2020-09-29,309.88,322.08,309.87,320.0,307.66,12.34,4.0109,20364.85,646391.24,2023-08-01
002931.SZ,2020-09-29,21.21,22.47,20.75,21.94,21.16,0.78,3.6862,96513.16,208057.861,2023-08-01
300788.SZ,2020-09-29,42.89,43.74,42.55,43.33,42.5,0.83,1.9529,6456.0,27968.858,2023-08-01
300749.SZ,2020-09-29,10.89,11.57,10.85,11.39,11.02,0.37,3.3575,37145.22,41878.681,2023-08-01
603516.SH,2020-09-29,32.65,33.27,32.47,33.0,32.37,0.63,1.9462,6776.86,22339.444,2023-08-01
603279.SH,2020-09-29,20.81,21.45,20.65,20.75,20.75,0.0,0.0,27110.58,56752.423,2023-08-01
603773.SH,2020-09-29,29.99,30.9,29.95,30.27,29.79,0.48,1.6113,8827.44,26884.581,2023-08-01
300760.SZ,2020-09-29,334.0,341.0,330.85,339.33,330.49,8.84,2.6748,39540.78,1331151.423,2023-08-01
300771.SZ,2020-09-29,35.87,36.01,35.3,35.51,35.4,0.11,0.3107,7378.31,26318.275,2023-08-01
603301.SH,2020-09-29,66.8,66.97,64.8,65.5,67.07,-1.57,-2.3408,30621.72,201511.416,2023-08-01
300644.SZ,2020-09-29,37.19,37.35,36.36,36.94,37.07,-0.13,-0.3507,16360.56,60495.635,2023-08-01
688077.SH,2020-09-29,46.06,47.14,46.06,46.37,45.89,0.48,1.046,5310.62,24780.314,2023-08-01
300752.SZ,2020-09-29,27.01,28.1,26.95,27.28,26.88,0.4,1.4881,16688.0,45898.422,2023-08-01
300739.SZ,2020-09-29,24.68,25.77,24.6,25.26,24.53,0.73,2.9759,102887.76,259909.34,2023-08-01
002927.SZ,2020-09-29,14.28,14.6,14.18,14.38,14.15,0.23,1.6254,35648.52,51260.888,2023-08-01
603700.SH,2020-09-29,31.61,31.96,31.2,31.63,31.53,0.1,0.3172,17351.12,54836.039,2023-08-01
603256.SH,2020-09-29,10.75,10.87,10.68,10.74,10.72,0.02,0.1866,15985.79,17237.474,2023-08-01
300883.SZ,2020-09-29,17.84,17.91,16.87,16.94,17.65,-0.71,-4.0227,144474.95,249713.574,2023-08-01
688029.SH,2020-09-29,215.0,225.3,212.89,223.02,213.8,9.22,4.3124,12497.69,276698.174,2023-08-01
603267.SH,2020-09-29,81.63,84.8,79.5,83.36,80.41,2.95,3.6687,21115.48,174834.143,2023-08-01
300839.SZ,2020-09-29,29.78,30.2,29.4,29.8,29.7,0.1,0.3367,10437.59,31119.671,2023-08-01
300741.SZ,2020-09-29,52.18,52.67,51.11,51.84,51.16,0.68,1.3292,20619.25,107145.513,2023-08-01
000591.SZ,2020-09-29,4.37,4.41,4.31,4.32,4.32,0.0,0.0,342870.05,149239.832,2023-08-01
000592.SZ,2020-09-29,3.13,3.24,3.13,3.18,3.11,0.07,2.2508,255914.26,81668.184,2023-08-01
000593.SZ,2020-09-29,5.05,5.1,4.98,4.98,5.04,-0.06,-1.1905,23935.02,12021.917,2023-08-01
000595.SZ,2020-09-29,2.37,2.5,2.36,2.5,2.38,0.12,5.042,135552.12,33481.8,2023-08-01
000596.SZ,2020-09-29,217.9,217.9,211.5,212.0,216.93,-4.93,-2.2726,15971.56,340677.285,2023-08-01
000597.SZ,2020-09-29,5.62,5.77,5.56,5.7,6.04,-0.34,-5.6291,312980.15,177636.741,2023-08-01
000598.SZ,2020-09-29,5.07,5.12,5.06,5.09,5.06,0.03,0.5929,92408.84,47079.158,2023-08-01
000599.SZ,2020-09-29,4.54,4.54,4.4,4.43,4.47,-0.04,-0.8949,27142.31,12038.048,2023-08-01
000600.SZ,2020-09-29,5.05,5.12,5.04,5.06,5.05,0.01,0.198,40654.1,20632.881,2023-08-01
000601.SZ,2020-09-29,6.39,6.45,6.35,6.4,6.34,0.06,0.9464,32980.01,21113.751,2023-08-01
000603.SZ,2020-09-29,14.62,15.25,14.58,14.64,14.37,0.27,1.8789,134343.38,199081.128,2023-08-01
000605.SZ,2020-09-29,6.05,6.1,6.01,6.05,5.99,0.06,1.0017,15860.6,9610.147,2023-08-01
000606.SZ,2020-09-29,3.87,3.95,3.87,3.89,3.87,0.02,0.5168,36305.89,14196.499,2023-08-01
000607.SZ,2020-09-29,4.03,4.07,4.02,4.02,4.02,0.0,0.0,12536.94,5059.428,2023-08-01
000608.SZ,2020-09-29,4.18,4.25,4.15,4.16,4.22,-0.06,-1.4218,13401.0,5610.08,2023-08-01
000609.SZ,2020-09-29,5.17,5.25,5.12,5.17,5.16,0.01,0.1938,28346.0,14713.146,2023-08-01
000610.SZ,2020-09-29,10.26,10.29,9.58,9.81,10.23,-0.42,-4.1056,132757.64,130451.363,2023-08-01
000611.SZ,2020-09-29,3.39,3.42,3.35,3.39,3.39,0.0,0.0,5955.0,2019.408,2023-08-01
000612.SZ,2020-09-29,6.22,6.27,6.13,6.16,6.19,-0.03,-0.4847,103000.21,63917.269,2023-08-01
000613.SZ,2020-09-29,6.51,6.95,6.5,6.81,6.49,0.32,4.9307,97414.64,66000.993,2023-08-01
000615.SZ,2020-09-29,4.03,4.05,3.92,3.92,4.02,-0.1,-2.4876,50224.2,19908.616,2023-08-01
000616.SZ,2020-09-29,3.05,3.09,3.02,3.04,3.05,-0.01,-0.3279,158147.73,48257.42,2023-08-01
000617.SZ,2020-09-29,6.97,7.02,6.92,6.93,6.96,-0.03,-0.431,23889.13,16652.407,2023-08-01
000619.SZ,2020-09-29,5.62,5.72,5.58,5.6,5.62,-0.02,-0.3559,25035.98,14097.009,2023-08-01
000620.SZ,2020-09-29,3.43,3.43,3.33,3.39,3.42,-0.03,-0.8772,27520.02,9266.948,2023-08-01
000622.SZ,2020-09-29,3.76,3.83,3.76,3.78,3.76,0.02,0.5319,29210.0,11087.54,2023-08-01
000623.SZ,2020-09-29,17.06,17.15,16.95,16.99,16.98,0.01,0.0589,51581.82,87918.077,2023-08-01
000625.SZ,2020-09-29,13.83,13.88,13.3,13.39,13.81,-0.42,-3.0413,432108.43,582277.398,2023-08-01
000626.SZ,2020-09-29,7.06,7.13,6.87,6.87,7.02,-0.15,-2.1368,18466.0,12865.301,2023-08-01
000627.SZ,2020-09-29,5.27,5.31,5.23,5.25,5.24,0.01,0.1908,72705.04,38336.608,2023-08-01
000628.SZ,2020-09-29,8.29,8.34,8.15,8.17,8.22,-0.05,-0.6083,17840.4,14689.605,2023-08-01
000629.SZ,2020-09-29,2.1,2.11,2.07,2.07,2.09,-0.02,-0.9569,182570.93,38235.903,2023-08-01
000630.SZ,2020-09-29,2.24,2.27,2.23,2.24,2.23,0.01,0.4484,535151.12,120392.643,2023-08-01
000631.SZ,2020-09-29,2.74,2.76,2.7,2.75,2.73,0.02,0.7326,19654.46,5385.429,2023-08-01
000632.SZ,2020-09-29,4.21,4.25,4.18,4.19,4.19,0.0,0.0,14779.01,6230.035,2023-08-01
000633.SZ,2020-09-29,4.07,4.28,4.07,4.17,4.1,0.07,1.7073,92432.1,38659.27,2023-08-01
000635.SZ,2020-09-29,7.37,7.49,7.34,7.46,7.4,0.06,0.8108,7882.0,5852.352,2023-08-01
000636.SZ,2020-09-29,26.97,27.08,26.4,26.78,26.62,0.16,0.6011,159101.87,426791.621,2023-08-01
000637.SZ,2020-09-29,4.17,4.24,4.17,4.18,4.16,0.02,0.4808,13735.5,5765.15,2023-08-01
000638.SZ,2020-09-29,6.7,6.89,6.28,6.51,6.93,-0.42,-6.0606,389828.5,254249.951,2023-08-01
000639.SZ,2020-09-29,5.58,5.69,5.53,5.64,5.56,0.08,1.4388,68988.45,38866.555,2023-08-01
000650.SZ,2020-09-29,6.19,6.23,6.16,6.18,6.18,0.0,0.0,67787.54,41976.487,2023-08-01
000651.SZ,2020-09-29,53.4,53.61,53.06,53.06,53.02,0.04,0.0754,293494.66,1564171.188,2023-08-01
000652.SZ,2020-09-29,5.14,5.19,5.12,5.13,5.12,0.01,0.1953,132564.0,68336.535,2023-08-01
000655.SZ,2020-09-29,6.15,6.21,6.11,6.16,6.09,0.07,1.1494,47749.62,29415.481,2023-08-01
600718.SH,2020-09-29,12.15,12.89,12.09,12.59,12.08,0.51,4.2219,344992.23,435528.665,2023-08-01
600719.SH,2020-09-29,4.1,4.14,4.06,4.09,4.06,0.03,0.7389,21528.51,8847.244,2023-08-01
600720.SH,2020-09-29,15.5,15.65,15.18,15.2,15.49,-0.29,-1.8722,229946.49,352433.997,2023-08-01
600843.SH,2020-09-29,6.48,6.48,6.4,6.44,6.42,0.02,0.3115,8576.01,5522.75,2023-08-01
600844.SH,2020-09-29,2.83,2.89,2.82,2.86,2.82,0.04,1.4184,46812.21,13383.005,2023-08-01
600845.SH,2020-09-29,71.49,73.34,70.88,72.37,71.24,1.13,1.5862,55445.63,401670.369,2023-08-01
600846.SH,2020-09-29,9.14,9.25,9.14,9.17,9.12,0.05,0.5482,61901.9,56963.957,2023-08-01
600847.SH,2020-09-29,10.18,10.36,10.05,10.22,10.15,0.07,0.6897,11067.59,11310.549,2023-08-01
600848.SH,2020-09-29,22.5,22.63,22.39,22.5,22.49,0.01,0.0445,21269.03,47830.049,2023-08-01
601607.SH,2020-09-29,20.44,20.68,20.22,20.5,20.33,0.17,0.8362,91024.31,186325.599,2023-08-01
600850.SH,2020-09-29,24.0,24.66,24.0,24.45,24.08,0.37,1.5365,17414.14,42624.262,2023-08-01
600851.SH,2020-09-29,7.41,7.53,7.35,7.46,7.4,0.06,0.8108,10628.58,7931.186,2023-08-01
600853.SH,2020-09-29,3.16,3.19,3.15,3.16,3.15,0.01,0.3175,18542.49,5879.853,2023-08-01
600854.SH,2020-09-29,4.18,4.24,4.14,4.17,4.17,0.0,0.0,34311.0,14364.768,2023-08-01
600855.SH,2020-09-29,15.61,15.92,15.61,15.71,15.57,0.14,0.8992,50788.79,80303.243,2023-08-01
600856.SH,2020-09-29,1.52,1.55,1.52,1.54,1.53,0.01,0.6536,41824.04,6414.052,2023-08-01
600857.SH,2020-09-29,9.61,9.61,9.26,9.32,9.3,0.02,0.2151,16527.03,15528.711,2023-08-01
600858.SH,2020-09-29,7.05,7.09,6.9,6.99,6.99,0.0,0.0,28450.0,19875.155,2023-08-01
600859.SH,2020-09-29,51.36,51.62,49.1,49.8,51.63,-1.83,-3.5445,128037.74,638595.085,2023-08-01
600860.SH,2020-09-29,3.95,3.95,3.88,3.88,3.92,-0.04,-1.0204,3677.0,1434.104,2023-08-01
600861.SH,2020-09-29,20.19,20.22,19.76,19.96,19.88,0.08,0.4024,35712.92,71260.387,2023-08-01
600862.SH,2020-09-29,24.99,26.09,24.92,25.9,24.77,1.13,4.562,166554.78,427990.286,2023-08-01
600863.SH,2020-09-29,2.57,2.6,2.57,2.58,2.58,0.0,0.0,95624.83,24742.484,2023-08-01
600864.SH,2020-09-29,6.73,6.82,6.69,6.75,6.69,0.06,0.8969,105070.0,70934.146,2023-08-01
600865.SH,2020-09-29,7.5,7.99,7.44,7.73,7.53,0.2,2.656,133019.7,103349.515,2023-08-01
600866.SH,2020-09-29,4.69,4.76,4.66,4.69,4.69,0.0,0.0,59559.0,28103.178,2023-08-01
600867.SH,2020-09-29,13.47,13.6,13.31,13.47,13.36,0.11,0.8234,89577.41,120778.181,2023-08-01
600868.SH,2020-09-29,3.02,3.06,3.01,3.03,3.02,0.01,0.3311,93179.98,28342.141,2023-08-01
600869.SH,2020-09-29,3.94,3.98,3.93,3.96,3.92,0.04,1.0204,71239.28,28222.444,2023-08-01
600870.SH,2020-09-29,2.99,2.99,2.92,2.97,2.98,-0.01,-0.3356,13787.17,4065.723,2023-08-01
600871.SH,2020-09-29,1.83,1.84,1.82,1.82,1.83,-0.01,-0.5464,79549.48,14552.015,2023-08-01
600872.SH,2020-09-29,65.0,65.22,63.2,63.87,64.62,-0.75,-1.1606,55292.41,352405.534,2023-08-01
600873.SH,2020-09-29,5.32,5.38,5.28,5.3,5.29,0.01,0.189,131652.29,70112.182,2023-08-01
600874.SH,2020-09-29,6.68,6.73,6.64,6.67,6.66,0.01,0.1502,32898.0,22010.731,2023-08-01
600875.SH,2020-09-29,10.71,10.97,10.66,10.93,10.62,0.31,2.919,263606.78,286709.362,2023-08-01
600876.SH,2020-09-29,13.94,14.08,13.75,13.84,13.97,-0.13,-0.9306,24995.07,34772.574,2023-08-01
600877.SH,2020-09-29,5.67,5.76,5.66,5.7,5.64,0.06,1.0638,24051.18,13733.343,2023-08-01
600879.SH,2020-09-29,6.92,7.09,6.92,6.99,6.89,0.1,1.4514,321003.46,225505.793,2023-08-01
600880.SH,2020-09-29,4.07,4.11,4.03,4.03,4.05,-0.02,-0.4938,30525.8,12389.107,2023-08-01
600881.SH,2020-09-29,3.34,3.38,3.3,3.32,3.34,-0.02,-0.5988,128094.38,42778.699,2023-08-01
600882.SH,2020-09-29,38.47,40.2,38.47,39.74,38.73,1.01,2.6078,21429.13,84680.909,2023-08-01
600883.SH,2020-09-29,7.8,8.19,7.5,7.97,7.7,0.27,3.5065,28522.52,22751.799,2023-08-01
600884.SH,2020-09-29,10.18,10.55,10.18,10.35,10.11,0.24,2.3739,195979.03,203397.534,2023-08-01
600885.SH,2020-09-29,44.17,45.8,43.58,45.01,44.07,0.94,2.133,70889.18,316848.848,2023-08-01
600886.SH,2020-09-29,9.04,9.08,8.96,9.02,9.04,-0.02,-0.2212,97743.14,88228.261,2023-08-01
600476.SH,2020-09-29,12.39,12.53,12.23,12.48,12.29,0.19,1.546,12588.86,15644.357,2023-08-01
688389.SH,2020-09-29,26.34,27.44,26.14,27.2,26.22,0.98,3.7376,10552.94,28329.721,2023-08-01
688009.SH,2020-09-29,6.25,6.37,6.25,6.32,6.25,0.07,1.12,260953.45,165069.438,2023-08-01
688080.SH,2020-09-29,70.0,71.8,69.8,71.29,69.73,1.56,2.2372,2035.65,14469.358,2023-08-01
688178.SH,2020-09-29,37.36,37.71,37.16,37.17,37.17,0.0,0.0,2689.98,10049.337,2023-08-01
688199.SH,2020-09-29,54.2,55.88,53.35,55.26,53.47,1.79,3.3477,6362.29,35189.631,2023-08-01
688366.SH,2020-09-29,116.01,116.33,113.38,114.8,113.0,1.8,1.5929,6721.96,77326.477,2023-08-01
688233.SH,2020-09-29,45.78,46.66,45.6,46.0,45.24,0.76,1.6799,6311.17,29121.243,2023-08-01
688369.SH,2020-09-29,79.62,81.79,78.29,80.55,78.06,2.49,3.1899,5577.18,44913.278,2023-08-01
688299.SH,2020-09-29,25.45,26.65,25.45,26.26,25.36,0.9,3.5489,25811.04,68093.855,2023-08-01
688101.SH,2020-09-29,20.5,21.15,20.49,20.89,20.35,0.54,2.6536,19698.73,41302.493,2023-08-01
300862.SZ,2020-09-29,51.38,54.87,50.18,52.84,51.0,1.84,3.6078,60473.58,320860.081,2023-08-01
600446.SH,2020-09-29,18.25,18.44,18.15,18.2,18.11,0.09,0.497,65129.77,119206.589,2023-08-01
688399.SH,2020-09-29,244.84,247.7,239.0,245.4,239.02,6.38,2.6692,11446.31,279449.785,2023-08-01
600340.SH,2020-09-29,15.44,15.54,15.29,15.31,15.41,-0.1,-0.6489,100909.33,155290.231,2023-08-01
688196.SH,2020-09-29,57.4,60.38,56.69,59.81,57.11,2.7,4.7277,16244.73,95964.235,2023-08-01
003006.SZ,2020-09-29,16.86,16.86,16.86,16.86,15.33,1.53,9.9804,4523.82,7627.16,2023-08-01
300818.SZ,2020-09-29,33.65,34.63,33.56,34.28,33.56,0.72,2.1454,4551.0,15562.089,2023-08-01
605168.SH,2020-09-29,206.96,219.52,206.95,213.55,205.8,7.75,3.7658,11809.63,253592.245,2023-08-01
605366.SH,2020-09-29,13.53,13.71,13.51,13.53,13.53,0.0,0.0,21726.49,29553.967,2023-08-01
605050.SH,2020-09-29,12.17,12.85,12.15,12.8,13.22,-0.42,-3.177,170074.99,211572.365,2023-08-01
605166.SH,2020-09-29,10.85,10.99,10.8,10.82,10.8,0.02,0.1852,12548.56,13641.074,2023-08-01
003009.SZ,2020-09-29,22.54,22.54,22.54,22.54,20.49,2.05,10.0049,335.89,757.096,2023-08-01
300850.SZ,2020-09-29,57.39,58.39,56.38,57.83,57.39,0.44,0.7667,23652.8,136056.711,2023-08-01
688021.SH,2020-09-29,57.29,57.85,55.58,56.33,56.22,0.11,0.1957,2480.85,13979.691,2023-08-01
688089.SH,2020-09-29,56.06,57.76,55.31,57.38,56.2,1.18,2.0996,3412.63,19393.807,2023-08-01
600540.SH,2020-09-29,5.03,5.21,5.03,5.13,5.11,0.02,0.3914,155776.9,79763.901,2023-08-01
688357.SH,2020-09-29,75.56,76.38,75.0,75.35,75.1,0.25,0.3329,3446.02,26033.779,2023-08-01
688358.SH,2020-09-29,55.92,57.18,55.68,57.03,55.92,1.11,1.985,1417.41,8031.427,2023-08-01
688126.SH,2020-09-29,34.6,36.15,34.44,34.79,34.15,0.64,1.8741,275210.84,970733.934,2023-08-01
600354.SH,2020-09-29,3.81,3.84,3.8,3.81,3.8,0.01,0.2632,18153.8,6926.462,2023-08-01
688181.SH,2020-09-29,66.76,67.15,65.5,66.7,65.26,1.44,2.2066,4761.15,31699.252,2023-08-01
688128.SH,2020-09-29,20.38,20.8,20.35,20.54,20.2,0.34,1.6832,6001.9,12385.632,2023-08-01
600249.SH,2020-09-29,4.34,4.39,4.31,4.37,4.32,0.05,1.1574,18782.0,8194.359,2023-08-01
688051.SH,2020-09-29,113.61,117.99,113.61,116.08,113.9,2.18,1.914,4208.41,48941.581,2023-08-01
688298.SH,2020-09-29,153.34,154.89,145.53,150.99,151.26,-0.27,-0.1785,16056.99,242285.551,2023-08-01
000100.SZ,2020-09-29,6.16,6.39,6.15,6.26,6.13,0.13,2.1207,2515990.19,1582391.666,2023-08-01
605136.SH,2020-09-29,17.61,17.61,17.61,17.61,12.23,5.38,43.9902,3446.57,6069.41,2023-08-01
605178.SH,2020-09-29,60.66,61.2,60.11,60.72,60.62,0.1,0.165,5391.53,32765.36,2023-08-01
605006.SH,2020-09-29,9.29,9.42,8.97,9.03,9.2,-0.17,-1.8478,215619.28,198023.293,2023-08-01
300853.SZ,2020-09-29,63.5,64.4,62.7,62.85,63.79,-0.94,-1.4736,8127.75,51440.67,2023-08-01
002998.SZ,2020-09-29,10.19,10.19,10.19,10.19,9.26,0.93,10.0432,53971.1,54996.55,2023-08-01
605118.SH,2020-09-29,18.58,19.05,18.23,18.43,18.66,-0.23,-1.2326,17897.1,33339.479,2023-08-01
300863.SZ,2020-09-29,109.56,115.15,104.01,104.98,108.7,-3.72,-3.4223,44699.15,490273.873,2023-08-01
300856.SZ,2020-09-29,85.0,85.97,82.93,83.68,84.09,-0.41,-0.4876,22451.74,188439.571,2023-08-01
601058.SH,2020-09-29,4.2,4.49,4.16,4.45,4.16,0.29,6.9712,581970.41,254587.053,2023-08-01
002364.SZ,2020-09-29,10.27,10.38,10.26,10.31,10.24,0.07,0.6836,28645.57,29573.894,2023-08-01
300039.SZ,2020-09-29,5.67,5.71,5.58,5.62,5.62,0.0,0.0,110581.3,62272.196,2023-08-01
002366.SZ,2020-09-29,4.26,4.6,4.22,4.4,4.22,0.18,4.2654,141991.6,62470.532,2023-08-01
002361.SZ,2020-09-29,4.75,4.93,4.71,4.8,4.76,0.04,0.8403,104323.0,50114.227,2023-08-01
002367.SZ,2020-09-29,10.85,11.08,10.85,10.99,10.82,0.17,1.5712,69689.44,76533.219,2023-08-01
601179.SH,2020-09-29,4.49,4.51,4.45,4.45,4.46,-0.01,-0.2242,127555.57,57046.025,2023-08-01
002368.SZ,2020-09-29,28.03,28.39,27.95,28.05,27.81,0.24,0.863,35400.68,99748.188,2023-08-01
002374.SZ,2020-09-29,2.52,2.57,2.51,2.56,2.52,0.04,1.5873,51537.99,13101.486,2023-08-01
300042.SZ,2020-09-29,18.2,18.39,17.91,18.16,17.99,0.17,0.945,28822.92,52486.152,2023-08-01
300049.SZ,2020-09-29,9.74,10.27,9.53,10.06,9.69,0.37,3.8184,52304.0,52329.024,2023-08-01
300047.SZ,2020-09-29,8.28,8.37,8.23,8.29,8.2,0.09,1.0976,105222.26,87346.948,2023-08-01
300045.SZ,2020-09-29,12.9,13.23,12.87,13.06,12.84,0.22,1.7134,88314.89,115493.674,2023-08-01
300048.SZ,2020-09-29,4.78,4.92,4.72,4.85,4.72,0.13,2.7542,174467.52,84337.119,2023-08-01
002372.SZ,2020-09-29,14.99,16.23,14.99,15.97,15.07,0.9,5.9721,202129.4,321274.44,2023-08-01
002566.SZ,2020-09-29,7.06,7.39,6.8,7.22,7.1,0.12,1.6901,104867.5,73754.984,2023-08-01
002373.SZ,2020-09-29,22.1,22.28,21.98,22.14,22.03,0.11,0.4993,92628.61,205226.955,2023-08-01
002380.SZ,2020-09-29,14.84,15.05,14.71,14.83,14.82,0.01,0.0675,21210.25,31542.507,2023-08-01
002376.SZ,2020-09-29,9.94,10.09,9.91,10.01,9.9,0.11,1.1111,21304.31,21335.867,2023-08-01
601106.SH,2020-09-29,2.95,3.0,2.94,2.96,2.94,0.02,0.6803,115427.17,34323.659,2023-08-01
300043.SZ,2020-09-29,4.01,4.1,3.99,4.02,4.0,0.02,0.5,158744.0,64272.968,2023-08-01
002378.SZ,2020-09-29,5.13,5.18,5.08,5.13,5.11,0.02,0.3914,152451.53,78101.111,2023-08-01
300046.SZ,2020-09-29,21.58,22.24,21.42,21.6,21.35,0.25,1.171,132770.24,289686.062,2023-08-01
300044.SZ,2020-09-29,7.69,7.89,7.61,7.78,7.62,0.16,2.0997,153897.61,119773.271,2023-08-01
002379.SZ,2020-09-29,2.78,2.87,2.78,2.84,2.78,0.06,2.1583,42082.0,11953.571,2023-08-01
002363.SZ,2020-09-29,5.98,6.07,5.92,6.0,5.96,0.04,0.6711,19522.07,11705.811,2023-08-01
002383.SZ,2020-09-29,9.38,9.63,9.35,9.57,9.37,0.2,2.1345,43652.08,41551.733,2023-08-01
002382.SZ,2020-09-29,24.0,24.01,23.43,23.86,23.72,0.14,0.5902,165983.49,395349.471,2023-08-01
002421.SZ,2020-09-29,4.0,4.05,3.98,4.01,3.98,0.03,0.7538,177799.89,71344.839,2023-08-01
002630.SZ,2020-09-29,2.33,2.37,2.31,2.34,2.31,0.03,1.2987,240757.8,56476.503,2023-08-01
002392.SZ,2020-09-29,5.8,5.95,5.74,5.88,5.78,0.1,1.7301,137397.0,80686.255,2023-08-01
300051.SZ,2020-09-29,6.65,6.73,6.56,6.64,6.55,0.09,1.374,58542.0,39004.806,2023-08-01
300277.SZ,2020-09-29,12.88,14.29,12.78,13.85,12.78,1.07,8.3725,127042.5,174155.752,2023-08-01
002385.SZ,2020-09-29,9.18,9.25,9.06,9.11,9.17,-0.06,-0.6543,453256.88,414141.305,2023-08-01
002384.SZ,2020-09-29,24.66,25.05,24.58,24.81,24.58,0.23,0.9357,236026.79,586717.417,2023-08-01
002386.SZ,2020-09-29,5.36,5.41,5.34,5.35,5.35,0.0,0.0,48163.4,25879.479,2023-08-01
002377.SZ,2020-09-29,4.41,4.6,4.35,4.51,4.46,0.05,1.1211,293645.18,130766.554,2023-08-01
300052.SZ,2020-09-29,11.95,12.05,11.61,11.62,11.83,-0.21,-1.7751,86076.01,101768.684,2023-08-01
300264.SZ,2020-09-29,4.97,5.06,4.91,5.0,4.9,0.1,2.0408,88381.0,44180.46,2023-08-01
300054.SZ,2020-09-29,15.8,16.1,15.54,15.88,15.59,0.29,1.8602,96868.64,153852.967,2023-08-01
002393.SZ,2020-09-29,25.05,25.09,24.83,24.92,24.91,0.01,0.0401,5552.1,13842.708,2023-08-01
002394.SZ,2020-09-29,9.56,9.75,9.55,9.7,9.54,0.16,1.6771,19574.0,18934.978,2023-08-01
002388.SZ,2020-09-29,6.36,6.47,6.33,6.4,6.32,0.08,1.2658,23702.65,15211.415,2023-08-01
601158.SH,2020-09-29,5.26,5.27,5.22,5.22,5.22,0.0,0.0,16850.78,8823.693,2023-08-01
603020.SH,2020-09-29,10.1,10.35,10.1,10.29,10.11,0.18,1.7804,17779.73,18233.222,2023-08-01
002777.SZ,2020-09-29,21.56,21.73,20.73,21.2,21.45,-0.25,-1.1655,39716.84,84396.225,2023-08-01
603339.SH,2020-09-29,9.32,9.52,9.28,9.37,9.33,0.04,0.4287,9060.92,8488.998,2023-08-01
002731.SZ,2020-09-29,7.25,7.39,7.2,7.35,7.25,0.1,1.3793,23929.6,17532.957,2023-08-01
603266.SH,2020-09-29,11.01,11.25,10.9,11.11,11.0,0.11,1.0,10004.4,11108.486,2023-08-01
603939.SH,2020-09-29,99.3,100.48,97.01,98.49,98.33,0.16,0.1627,20890.53,206570.518,2023-08-01
002803.SZ,2020-09-29,41.85,44.45,41.42,42.65,41.24,1.41,3.419,64235.76,278153.906,2023-08-01
300456.SZ,2020-09-29,28.8,30.85,28.8,30.32,28.62,1.7,5.9399,234710.71,708942.871,2023-08-01
300461.SZ,2020-09-29,21.25,21.75,20.76,21.11,21.41,-0.3,-1.4012,32148.2,67943.659,2023-08-01
300416.SZ,2020-09-29,24.9,25.9,24.64,25.4,24.52,0.88,3.5889,32235.28,81933.779,2023-08-01
300468.SZ,2020-09-29,21.15,21.63,21.0,21.39,20.81,0.58,2.7871,53001.44,113264.591,2023-08-01
300572.SZ,2020-09-29,63.85,66.49,63.15,65.04,63.15,1.89,2.9929,17417.78,113516.16,2023-08-01
300423.SZ,2020-09-29,14.84,15.08,14.68,14.81,14.7,0.11,0.7483,51041.81,75993.886,2023-08-01
300537.SZ,2020-09-29,20.81,22.38,20.08,20.34,19.11,1.23,6.4364,306132.6,642007.834,2023-08-01
300431.SZ,2020-09-29,0.3,0.34,0.3,0.32,0.38,-0.06,-15.7895,747405.63,22501.186,2023-08-01
603603.SH,2020-09-29,5.84,5.99,5.82,5.96,5.85,0.11,1.8803,29767.0,17658.021,2023-08-01
603306.SH,2020-09-29,18.0,18.0,17.53,17.66,17.72,-0.06,-0.3386,23929.15,42414.81,2023-08-01
603878.SH,2020-09-29,9.16,9.25,9.03,9.22,9.2,0.02,0.2174,52491.24,47938.775,2023-08-01
603169.SH,2020-09-29,4.38,4.46,4.36,4.36,4.36,0.0,0.0,44138.0,19456.463,2023-08-01
002856.SZ,2020-09-29,16.7,17.29,16.61,17.28,16.68,0.6,3.5971,16744.4,28528.457,2023-08-01
603859.SH,2020-09-29,36.0,36.67,36.0,36.44,35.8,0.64,1.7877,10153.96,36989.794,2023-08-01
002772.SZ,2020-09-29,9.41,9.48,9.16,9.31,9.51,-0.2,-2.103,81321.65,75615.901,2023-08-01
002828.SZ,2020-09-29,8.84,9.0,8.81,8.86,8.82,0.04,0.4535,19518.5,17363.421,2023-08-01
603311.SH,2020-09-29,15.91,16.25,15.52,16.17,15.57,0.6,3.8536,64029.88,102464.582,2023-08-01
603033.SH,2020-09-29,26.06,26.68,25.6,26.36,26.06,0.3,1.1512,14169.85,37085.464,2023-08-01
300474.SZ,2020-09-29,63.58,65.38,63.51,63.8,62.97,0.83,1.3181,32774.11,210922.008,2023-08-01
603602.SH,2020-09-29,12.34,12.92,12.24,12.64,12.26,0.38,3.0995,32895.56,41577.872,2023-08-01
300473.SZ,2020-09-29,28.7,28.7,27.35,27.5,28.6,-1.1,-3.8462,15505.65,43002.968,2023-08-01
603838.SH,2020-09-29,8.95,9.2,8.81,9.04,8.86,0.18,2.0316,10705.06,9694.591,2023-08-01
603036.SH,2020-09-29,8.94,9.08,8.9,9.0,8.94,0.06,0.6711,9841.96,8876.055,2023-08-01
603028.SH,2020-09-29,12.9,13.03,12.61,12.87,13.01,-0.14,-1.0761,45871.33,58935.048,2023-08-01
300482.SZ,2020-09-29,84.01,85.45,82.8,84.25,84.01,0.24,0.2857,31686.1,266761.566,2023-08-01
300497.SZ,2020-09-29,17.56,17.7,17.41,17.5,17.58,-0.08,-0.4551,42873.02,75320.425,2023-08-01
603066.SH,2020-09-29,9.76,9.81,9.66,9.7,9.71,-0.01,-0.103,14198.92,13848.166,2023-08-01
603987.SH,2020-09-29,16.34,16.6,15.96,16.4,16.35,0.05,0.3058,48434.85,78917.664,2023-08-01
603027.SH,2020-09-29,36.18,36.77,35.5,36.55,36.14,0.41,1.1345,66578.94,240856.423,2023-08-01
601127.SH,2020-09-29,8.28,8.45,8.2,8.37,8.26,0.11,1.3317,14397.11,12030.998,2023-08-01
603678.SH,2020-09-29,46.01,47.25,45.88,46.34,45.84,0.5,1.0908,67797.02,314964.686,2023-08-01
002829.SZ,2020-09-29,39.55,40.45,39.23,40.1,39.45,0.65,1.6477,37405.87,149328.558,2023-08-01
300600.SZ,2020-09-29,16.46,18.45,16.26,18.25,16.2,2.05,12.6543,141475.6,247781.225,2023-08-01
300586.SZ,2020-09-29,9.93,10.15,9.83,9.87,9.94,-0.07,-0.7042,70968.85,70740.05,2023-08-01
603258.SH,2020-09-29,37.98,40.86,37.98,39.21,37.85,1.36,3.5931,51719.08,205364.606,2023-08-01
603319.SH,2020-09-29,35.5,36.57,34.86,36.0,35.6,0.4,1.1236,33559.7,119932.64,2023-08-01
603029.SH,2020-09-29,15.03,15.45,15.03,15.26,15.03,0.23,1.5303,6787.0,10372.445,2023-08-01
603444.SH,2020-09-29,617.52,628.97,615.43,623.07,619.0,4.07,0.6575,3765.12,235063.523,2023-08-01
300747.SZ,2020-09-29,59.46,62.31,59.46,61.95,59.01,2.94,4.9822,32724.8,200552.239,2023-08-01
688159.SH,2020-09-29,39.33,39.87,39.04,39.72,38.98,0.74,1.8984,2009.64,7946.581,2023-08-01
603706.SH,2020-09-29,17.03,17.33,16.92,17.11,17.11,0.0,0.0,6849.0,11741.146,2023-08-01
603353.SH,2020-09-29,56.14,56.2,55.21,55.51,55.6,-0.09,-0.1619,4325.3,24112.51,2023-08-01
601869.SH,2020-09-29,29.71,29.88,29.35,29.45,29.41,0.04,0.136,7409.0,21941.385,2023-08-01
300759.SZ,2020-09-29,100.0,102.22,97.5,101.29,99.0,2.29,2.3131,30861.72,309246.09,2023-08-01
601066.SH,2020-09-29,50.42,50.8,50.0,50.05,50.14,-0.09,-0.1795,191998.19,967575.66,2023-08-01
002937.SZ,2020-09-29,13.25,13.49,13.25,13.39,13.25,0.14,1.0566,7924.44,10627.243,2023-08-01
603629.SH,2020-09-29,28.09,28.23,27.02,27.18,27.58,-0.4,-1.4503,28072.13,77071.463,2023-08-01
300768.SZ,2020-09-29,43.01,44.95,42.42,44.25,42.74,1.51,3.533,28321.85,124904.618,2023-08-01
688025.SH,2020-09-29,52.03,52.04,50.79,51.36,51.01,0.35,0.6861,1732.18,8922.661,2023-08-01
603220.SH,2020-09-29,14.27,14.91,14.27,14.51,14.25,0.26,1.8246,22062.38,32257.351,2023-08-01
002940.SZ,2020-09-29,56.83,56.83,55.3,55.6,56.33,-0.73,-1.2959,8718.0,48697.359,2023-08-01
603650.SH,2020-09-29,32.99,35.19,32.8,34.25,32.79,1.46,4.4526,44781.45,153067.636,2023-08-01
603693.SH,2020-09-29,12.4,12.5,12.26,12.32,12.31,0.01,0.0812,26114.0,32277.356,2023-08-01
002992.SZ,2020-09-29,31.4,31.74,31.14,31.28,31.36,-0.08,-0.2551,6996.02,21988.127,2023-08-01
300897.SZ,2020-09-29,54.31,55.61,49.86,50.12,58.48,-8.36,-14.2955,72130.13,372779.371,2023-08-01
300758.SZ,2020-09-29,25.97,25.97,24.83,24.86,25.6,-0.74,-2.8906,28881.53,72720.787,2023-08-01
603810.SH,2020-09-29,29.79,31.05,29.65,30.76,29.83,0.93,3.1177,9213.0,28007.046,2023-08-01
002942.SZ,2020-09-29,31.53,31.87,31.25,31.77,31.45,0.32,1.0175,3448.95,10911.213,2023-08-01
300849.SZ,2020-09-29,25.0,25.55,24.81,25.19,25.25,-0.06,-0.2376,8201.14,20715.984,2023-08-01
300694.SZ,2020-09-29,15.34,16.22,14.87,15.8,15.39,0.41,2.6641,217403.2,338175.365,2023-08-01
300757.SZ,2020-09-29,42.5,42.66,40.01,41.41,42.24,-0.83,-1.965,5969.0,24849.596,2023-08-01
300751.SZ,2020-09-29,339.66,341.9,331.28,334.0,333.57,0.43,0.1289,4727.31,158273.056,2023-08-01
605088.SH,2020-09-29,19.35,19.58,19.21,19.26,19.25,0.01,0.0519,14689.56,28456.527,2023-08-01
688026.SH,2020-09-29,66.6,68.45,65.85,67.28,65.83,1.45,2.2026,5759.94,38688.352,2023-08-01
603297.SH,2020-09-29,38.3,38.68,37.51,38.29,37.9,0.39,1.029,4936.76,18898.972,2023-08-01
603681.SH,2020-09-29,17.08,17.34,16.86,17.14,17.09,0.05,0.2926,10331.65,17689.549,2023-08-01
603755.SH,2020-09-29,67.98,69.49,67.12,67.74,67.98,-0.24,-0.353,5696.0,38730.78,2023-08-01
603739.SH,2020-09-29,23.81,24.15,23.65,24.0,23.72,0.28,1.1804,8638.03,20657.6,2023-08-01
603713.SH,2020-09-29,120.33,123.5,118.4,121.9,118.68,3.22,2.7132,11699.84,141377.511,2023-08-01
688310.SH,2020-09-29,33.92,34.87,33.8,34.54,33.91,0.63,1.8579,4219.69,14556.226,2023-08-01
603876.SH,2020-09-29,13.25,13.41,13.12,13.33,13.2,0.13,0.9848,14290.0,19032.975,2023-08-01
601865.SH,2020-09-29,26.92,27.58,26.08,27.2,26.62,0.58,2.1788,137159.29,370233.612,2023-08-01
300753.SZ,2020-09-29,30.19,30.99,29.57,30.73,29.83,0.9,3.0171,12218.8,37212.168,2023-08-01
300896.SZ,2020-09-29,350.11,354.0,333.33,342.4,340.1,2.3,0.6763,60856.74,2109143.885,2023-08-01
300748.SZ,2020-09-29,40.41,42.24,40.41,40.55,40.98,-0.43,-1.0493,189202.45,779276.432,2023-08-01
603915.SH,2020-09-29,22.08,22.64,21.56,22.2,21.9,0.3,1.3699,33584.87,74694.757,2023-08-01
688202.SH,2020-09-29,172.48,176.69,170.07,172.28,172.5,-0.22,-0.1275,3110.38,53792.712,2023-08-01
603121.SH,2020-09-29,12.63,12.8,12.6,12.62,12.63,-0.01,-0.0792,12880.56,16334.499,2023-08-01
603790.SH,2020-09-29,12.1,12.24,11.84,12.0,12.1,-0.1,-0.8264,18258.5,21933.508,2023-08-01
603657.SH,2020-09-29,18.97,18.98,18.26,18.26,18.97,-0.71,-3.7428,22754.68,42226.874,2023-08-01
601236.SH,2020-09-29,18.64,18.73,18.53,18.54,18.54,0.0,0.0,76195.11,141851.456,2023-08-01
688418.SH,2020-09-29,34.6,34.91,34.11,34.13,34.17,-0.04,-0.1171,8879.6,30688.439,2023-08-01
603192.SH,2020-09-29,24.99,25.58,24.99,25.26,24.98,0.28,1.1209,3583.0,9050.336,2023-08-01
000656.SZ,2020-09-29,9.03,9.15,8.89,8.99,9.04,-0.05,-0.5531,283333.71,254715.136,2023-08-01
000657.SZ,2020-09-29,6.68,6.72,6.64,6.65,6.65,0.0,0.0,27998.4,18678.792,2023-08-01
000659.SZ,2020-09-29,2.38,2.41,2.37,2.37,2.38,-0.01,-0.4202,47082.8,11243.098,2023-08-01
000661.SZ,2020-09-29,367.0,375.0,361.21,371.19,366.2,4.99,1.3626,34217.18,1265622.649,2023-08-01
000662.SZ,2020-09-29,1.41,1.42,1.4,1.41,1.4,0.01,0.7143,72388.7,10210.002,2023-08-01
000663.SZ,2020-09-29,3.98,4.02,3.98,3.99,3.98,0.01,0.2513,10420.0,4169.307,2023-08-01
000665.SZ,2020-09-29,5.05,5.07,5.03,5.04,5.03,0.01,0.1988,24020.0,12133.424,2023-08-01
000666.SZ,2020-09-29,9.02,9.09,9.02,9.05,9.0,0.05,0.5556,12978.91,11755.315,2023-08-01
000667.SZ,2020-09-29,3.93,3.95,3.8,3.87,3.9,-0.03,-0.7692,372071.78,144215.163,2023-08-01
000668.SZ,2020-09-29,18.6,18.75,18.4,18.5,18.42,0.08,0.4343,8204.01,15209.784,2023-08-01
000669.SZ,2020-09-29,1.7,1.75,1.7,1.71,1.73,-0.02,-1.1561,17660.0,3049.181,2023-08-01
000671.SZ,2020-09-29,7.4,7.49,7.25,7.28,7.4,-0.12,-1.6216,493176.2,361245.372,2023-08-01
000672.SZ,2020-09-29,24.03,24.29,23.87,24.07,23.93,0.14,0.585,49370.84,118944.546,2023-08-01
000673.SZ,2020-09-29,1.84,1.85,1.75,1.75,1.84,-0.09,-4.8913,235214.02,41480.421,2023-08-01
000676.SZ,2020-09-29,7.15,7.28,7.15,7.18,7.12,0.06,0.8427,43806.96,31601.385,2023-08-01
000677.SZ,2020-09-29,2.95,2.98,2.92,2.95,2.95,0.0,0.0,37579.29,11079.317,2023-08-01
000678.SZ,2020-09-29,4.98,5.06,4.97,5.04,4.98,0.06,1.2048,20445.51,10268.858,2023-08-01
000679.SZ,2020-09-29,3.55,3.58,3.5,3.55,3.55,0.0,0.0,7701.0,2732.237,2023-08-01
000680.SZ,2020-09-29,3.68,3.7,3.66,3.67,3.65,0.02,0.5479,40409.3,14858.635,2023-08-01
000681.SZ,2020-09-29,14.95,15.23,14.95,15.05,14.93,0.12,0.8038,53229.47,80394.959,2023-08-01
000682.SZ,2020-09-29,4.88,4.95,4.86,4.89,4.85,0.04,0.8247,40024.71,19658.217,2023-08-01
000683.SZ,2020-09-29,2.4,2.43,2.38,2.42,2.4,0.02,0.8333,288603.91,69334.214,2023-08-01
000685.SZ,2020-09-29,8.38,8.47,8.35,8.39,8.37,0.02,0.2389,39483.04,33263.609,2023-08-01
000686.SZ,2020-09-29,10.09,10.21,10.08,10.13,10.07,0.06,0.5958,191110.83,193750.415,2023-08-01
000687.SZ,2020-09-29,1.93,2.02,1.92,1.98,1.93,0.05,2.5907,70908.53,13951.928,2023-08-01
000688.SZ,2020-09-29,18.63,18.63,18.63,18.63,20.7,-2.07,-10.0,2232.0,4158.216,2023-08-01
000690.SZ,2020-09-29,6.35,6.56,6.35,6.5,6.38,0.12,1.8809,110395.2,71527.271,2023-08-01
000691.SZ,2020-09-29,5.08,5.22,5.03,5.08,5.03,0.05,0.994,30751.01,15803.551,2023-08-01
000692.SZ,2020-09-29,3.14,3.15,3.1,3.13,3.12,0.01,0.3205,17782.0,5545.06,2023-08-01
000695.SZ,2020-09-29,7.75,7.93,7.63,7.86,7.78,0.08,1.0283,17796.85,13959.143,2023-08-01
001696.SZ,2020-09-29,7.88,8.19,7.84,8.09,7.82,0.27,3.4527,181999.77,147070.413,2023-08-01
000697.SZ,2020-09-29,10.64,11.01,10.6,10.8,10.54,0.26,2.4668,55526.0,60149.42,2023-08-01
000698.SZ,2020-09-29,5.59,5.65,5.37,5.46,5.57,-0.11,-1.9749,319368.21,175160.895,2023-08-01
000700.SZ,2020-09-29,6.1,6.21,6.06,6.12,6.05,0.07,1.157,94389.0,57992.044,2023-08-01
000701.SZ,2020-09-29,5.83,6.06,5.82,5.91,5.82,0.09,1.5464,51017.45,30395.846,2023-08-01
000702.SZ,2020-09-29,5.39,5.57,5.39,5.5,5.39,0.11,2.0408,51790.13,28494.851,2023-08-01
000703.SZ,2020-09-29,10.6,10.65,10.4,10.49,10.49,0.0,0.0,115579.34,121631.138,2023-08-01
000705.SZ,2020-09-29,7.75,7.79,7.64,7.72,7.7,0.02,0.2597,25861.0,19942.306,2023-08-01
000707.SZ,2020-09-29,2.55,2.59,2.52,2.59,2.54,0.05,1.9685,21106.5,5387.025,2023-08-01
000708.SZ,2020-09-29,16.74,16.98,16.38,16.77,16.72,0.05,0.299,23481.02,39487.087,2023-08-01
000709.SZ,2020-09-29,2.12,2.13,2.11,2.12,2.11,0.01,0.4739,128350.12,27206.138,2023-08-01
000710.SZ,2020-09-29,53.98,54.36,51.67,53.98,53.64,0.34,0.6339,32796.21,174420.564,2023-08-01
000711.SZ,2020-09-29,3.24,3.45,3.22,3.38,3.22,0.16,4.9689,98735.32,33277.102,2023-08-01
000712.SZ,2020-09-29,14.8,15.14,14.78,14.96,14.84,0.12,0.8086,117627.98,176242.055,2023-08-01
000713.SZ,2020-09-29,10.15,10.38,10.11,10.19,10.14,0.05,0.4931,75032.9,76793.963,2023-08-01
600887.SH,2020-09-29,38.61,38.65,38.02,38.29,38.18,0.11,0.2881,262770.63,1008006.92,2023-08-01
600888.SH,2020-09-29,5.55,5.56,5.36,5.37,5.5,-0.13,-2.3636,256668.57,139098.197,2023-08-01
600889.SH,2020-09-29,7.75,7.75,7.49,7.66,7.75,-0.09,-1.1613,19282.0,14594.655,2023-08-01
600890.SH,2020-09-29,7.0,7.0,6.23,6.23,6.92,-0.69,-9.9711,142081.27,91323.904,2023-08-01
600892.SH,2020-09-29,2.85,2.87,2.83,2.84,2.84,0.0,0.0,13946.0,3966.851,2023-08-01
600893.SH,2020-09-29,38.91,41.91,38.91,41.0,38.52,2.48,6.4382,345036.43,1406636.238,2023-08-01
600894.SH,2020-09-29,7.7,7.78,7.62,7.76,7.69,0.07,0.9103,33000.75,25490.384,2023-08-01
600895.SH,2020-09-29,19.3,19.57,19.0,19.32,19.19,0.13,0.6774,92853.45,179992.857,2023-08-01
600896.SH,2020-09-29,4.46,4.58,4.41,4.52,4.42,0.1,2.2624,31734.0,14290.163,2023-08-01
600897.SH,2020-09-29,18.2,18.72,18.12,18.67,18.33,0.34,1.8549,33788.94,62602.382,2023-08-01
600898.SH,2020-09-29,6.06,6.06,5.9,5.96,6.07,-0.11,-1.8122,9244.02,5535.004,2023-08-01
600026.SH,2020-09-29,7.2,7.28,7.13,7.22,7.17,0.05,0.6974,141121.05,101855.404,2023-08-01
600505.SH,2020-09-29,8.01,8.01,7.77,7.82,7.9,-0.08,-1.0127,30086.0,23628.369,2023-08-01
600529.SH,2020-09-29,45.03,46.14,43.08,45.36,45.01,0.35,0.7776,207001.76,924580.738,2023-08-01
600496.SH,2020-09-29,5.27,5.43,5.21,5.32,5.2,0.12,2.3077,374746.2,200434.739,2023-08-01
600580.SH,2020-09-29,12.48,12.63,12.4,12.46,12.45,0.01,0.0803,97931.95,122566.123,2023-08-01
600355.SH,2020-09-29,3.0,3.05,2.97,3.01,2.99,0.02,0.6689,47109.84,14231.375,2023-08-01
300816.SZ,2020-09-29,88.57,88.57,82.83,83.03,86.57,-3.54,-4.0892,5696.0,48102.407,2023-08-01
002972.SZ,2020-09-29,22.0,22.24,21.81,22.09,22.09,0.0,0.0,10400.0,22949.626,2023-08-01
002977.SZ,2020-09-29,115.5,123.0,115.5,122.0,114.7,7.3,6.3644,15605.13,187139.963,2023-08-01
603290.SH,2020-09-29,197.5,200.06,194.5,196.69,195.49,1.2,0.6138,21432.56,424013.68,2023-08-01
600510.SH,2020-09-29,7.86,7.9,7.79,7.82,7.8,0.02,0.2564,25942.0,20359.079,2023-08-01
600426.SH,2020-09-29,25.3,25.55,25.0,25.05,25.15,-0.1,-0.3976,66808.38,168394.321,2023-08-01
600327.SH,2020-09-29,3.78,3.85,3.77,3.81,3.76,0.05,1.3298,63190.9,24126.057,2023-08-01
600595.SH,2020-09-29,2.24,2.33,2.23,2.27,2.22,0.05,2.2523,117453.58,26909.777,2023-08-01
600397.SH,2020-09-29,2.83,2.87,2.68,2.76,2.74,0.02,0.7299,569920.6,157509.713,2023-08-01
603948.SH,2020-09-29,22.54,22.59,21.83,21.87,22.29,-0.42,-1.8843,6702.34,14770.073,2023-08-01
600590.SH,2020-09-29,5.93,6.02,5.92,5.99,5.92,0.07,1.1824,44311.39,26526.485,2023-08-01
600503.SH,2020-09-29,3.66,3.68,3.62,3.63,3.65,-0.02,-0.5479,109682.26,40043.647,2023-08-01
600593.SH,2020-09-29,43.18,43.31,42.0,42.46,43.18,-0.72,-1.6674,10010.91,42610.68,2023-08-01
600561.SH,2020-09-29,4.86,4.99,4.85,4.88,4.89,-0.01,-0.2045,10730.0,5270.906,2023-08-01
600416.SH,2020-09-29,16.54,17.29,16.54,17.21,16.5,0.71,4.303,57274.07,97917.956,2023-08-01
600526.SH,2020-09-29,5.06,5.15,5.03,5.07,5.02,0.05,0.996,22514.23,11442.648,2023-08-01
600565.SH,2020-09-29,2.89,2.92,2.87,2.89,2.88,0.01,0.3472,79235.83,22938.84,2023-08-01
600531.SH,2020-09-29,4.77,4.84,4.71,4.71,4.69,0.02,0.4264,182908.82,87168.891,2023-08-01
600515.SH,2020-09-29,9.24,9.41,9.13,9.22,9.14,0.08,0.8753,404032.3,374488.633,2023-08-01
300858.SZ,2020-09-29,64.39,65.2,63.0,63.2,64.1,-0.9,-1.4041,8801.9,56439.03,2023-08-01
600592.SH,2020-09-29,11.0,11.16,10.9,11.05,11.0,0.05,0.4545,18757.2,20746.22,2023-08-01
600579.SH,2020-09-29,5.51,5.51,5.41,5.43,5.45,-0.02,-0.367,34759.0,18962.029,2023-08-01
600586.SH,2020-09-29,3.38,3.38,3.2,3.2,3.35,-0.15,-4.4776,247038.64,80945.286,2023-08-01
600581.SH,2020-09-29,3.24,3.32,3.23,3.24,3.23,0.01,0.3096,211353.04,68935.202,2023-08-01
600535.SH,2020-09-29,16.68,16.88,16.61,16.79,16.62,0.17,1.0229,50549.56,84853.986,2023-08-01
600597.SH,2020-09-29,16.77,16.84,16.52,16.53,16.7,-0.17,-1.018,105660.01,175717.102,2023-08-01
600516.SH,2020-09-29,6.15,6.22,6.12,6.15,6.12,0.03,0.4902,169211.71,104400.156,2023-08-01
600551.SH,2020-09-29,8.11,8.17,8.07,8.09,8.07,0.02,0.2478,8463.36,6869.15,2023-08-01
002990.SZ,2020-09-29,79.8,81.27,79.22,79.91,78.89,1.02,1.2929,15617.22,125244.802,2023-08-01
300855.SZ,2020-09-29,38.34,45.85,38.02,44.82,38.21,6.61,17.2991,109964.89,469347.585,2023-08-01
300866.SZ,2020-09-29,136.18,141.68,134.0,139.95,135.56,4.39,3.2384,21163.24,294310.773,2023-08-01
300852.SZ,2020-09-29,97.51,100.8,96.3,99.91,96.96,2.95,3.0425,9368.0,92913.149,2023-08-01
300871.SZ,2020-09-29,47.61,48.27,46.11,46.7,47.45,-0.75,-1.5806,31275.82,147875.501,2023-08-01
688505.SH,2020-09-29,22.76,23.28,22.76,22.81,22.76,0.05,0.2197,10715.22,24671.859,2023-08-01
600387.SH,2020-09-29,6.72,6.76,6.67,6.68,6.68,0.0,0.0,16120.0,10816.239,2023-08-01
688599.SH,2020-09-29,16.08,16.24,15.83,15.98,15.93,0.05,0.3139,90945.05,145487.928,2023-08-01
600444.SH,2020-09-29,10.18,10.57,10.09,10.16,10.14,0.02,0.1972,6753.0,6896.863,2023-08-01
002250.SZ,2020-09-29,25.38,25.77,24.75,24.87,25.08,-0.21,-0.8373,63318.87,158867.927,2023-08-01
002113.SZ,2020-09-29,1.34,1.34,1.32,1.32,1.34,-0.02,-1.4925,70341.0,9345.825,2023-08-01
601166.SH,2020-09-29,16.04,16.08,15.9,15.9,15.99,-0.09,-0.5629,581713.66,930501.855,2023-08-01
002207.SZ,2020-09-29,7.49,7.62,7.38,7.45,7.4,0.05,0.6757,20331.0,15224.282,2023-08-01
002118.SZ,2020-09-29,3.4,3.6,3.4,3.4,3.78,-0.38,-10.0529,517786.42,177996.079,2023-08-01
002211.SZ,2020-09-29,5.85,6.22,5.72,6.11,5.92,0.19,3.2095,92028.01,55252.833,2023-08-01
002216.SZ,2020-09-29,33.07,35.7,33.07,35.4,33.06,2.34,7.078,121311.0,423225.709,2023-08-01
002112.SZ,2020-09-29,8.24,8.24,8.05,8.08,8.18,-0.1,-1.2225,15814.66,12846.95,2023-08-01
002463.SZ,2020-09-29,19.45,19.51,19.13,19.13,19.2,-0.07,-0.3646,196730.51,379593.09,2023-08-01
002119.SZ,2020-09-29,10.63,11.24,10.63,11.06,10.7,0.36,3.3645,97683.16,107776.366,2023-08-01
002135.SZ,2020-09-29,7.36,7.43,7.33,7.38,7.35,0.03,0.4082,28546.22,21081.863,2023-08-01
601003.SH,2020-09-29,4.53,4.6,4.53,4.56,4.54,0.02,0.4405,27526.2,12584.579,2023-08-01
601318.SH,2020-09-29,78.49,78.5,76.7,76.8,77.95,-1.15,-1.4753,519920.04,4014297.165,2023-08-01
601005.SH,2020-09-29,1.51,1.52,1.5,1.5,1.52,-0.02,-1.3158,218087.0,32890.952,2023-08-01
002123.SZ,2020-09-29,16.06,16.22,15.83,15.93,15.99,-0.06,-0.3752,95705.68,153219.155,2023-08-01
601007.SH,2020-09-29,8.35,8.37,8.27,8.29,8.3,-0.01,-0.1205,12185.0,10118.702,2023-08-01
002125.SZ,2020-09-29,6.92,7.03,6.92,6.96,6.89,0.07,1.016,31128.69,21759.593,2023-08-01
002121.SZ,2020-09-29,3.57,3.63,3.56,3.59,3.56,0.03,0.8427,56977.39,20462.762,2023-08-01
002122.SZ,2020-09-29,2.15,2.15,2.11,2.12,2.14,-0.02,-0.9346,40210.5,8540.048,2023-08-01
601008.SH,2020-09-29,3.36,3.41,3.36,3.37,3.38,-0.01,-0.2959,22819.31,7729.939,2023-08-01
002126.SZ,2020-09-29,11.69,12.2,11.6,12.05,11.58,0.47,4.0587,173182.93,207078.515,2023-08-01
002124.SZ,2020-09-29,16.38,16.53,16.05,16.39,16.2,0.19,1.1728,224511.3,367029.78,2023-08-01
002129.SZ,2020-09-29,22.32,22.4,21.73,22.09,22.0,0.09,0.4091,258450.05,571261.115,2023-08-01
002127.SZ,2020-09-29,17.99,18.26,17.41,17.45,18.0,-0.55,-3.0556,265335.69,469348.723,2023-08-01
002131.SZ,2020-09-29,2.87,2.97,2.86,2.91,2.86,0.05,1.7483,882746.25,257897.368,2023-08-01
002132.SZ,2020-09-29,3.54,3.54,3.54,3.54,3.22,0.32,9.9379,158322.6,56046.2,2023-08-01
002134.SZ,2020-09-29,8.73,9.06,8.71,8.79,8.69,0.1,1.1507,28520.36,25257.612,2023-08-01
002133.SZ,2020-09-29,3.09,3.11,3.07,3.08,3.08,0.0,0.0,28426.25,8775.232,2023-08-01
000338.SZ,2020-09-29,15.06,15.09,14.82,14.91,14.95,-0.04,-0.2676,410113.71,611686.148,2023-08-01
002136.SZ,2020-09-29,8.68,8.75,8.65,8.7,8.62,0.08,0.9281,15730.0,13689.026,2023-08-01
002128.SZ,2020-09-29,10.2,10.23,10.0,10.13,10.2,-0.07,-0.6863,300703.96,304234.44,2023-08-01
601998.SH,2020-09-29,5.07,5.08,5.04,5.04,5.06,-0.02,-0.3953,76026.82,38442.769,2023-08-01
601328.SH,2020-09-29,4.59,4.6,4.56,4.56,4.58,-0.02,-0.4367,634371.39,290578.276,2023-08-01
601600.SH,2020-09-29,2.95,2.97,2.93,2.94,2.94,0.0,0.0,310321.14,91530.353,2023-08-01
002139.SZ,2020-09-29,6.41,6.61,6.41,6.57,6.41,0.16,2.4961,127344.08,83325.207,2023-08-01
002248.SZ,2020-09-29,6.99,7.25,6.87,7.08,6.94,0.14,2.0173,17605.99,12421.704,2023-08-01
300053.SZ,2020-09-29,11.21,11.43,11.16,11.29,11.13,0.16,1.4376,93511.18,105904.985,2023-08-01
300057.SZ,2020-09-29,5.91,5.97,5.8,5.9,5.84,0.06,1.0274,92023.53,54367.968,2023-08-01
300055.SZ,2020-09-29,7.33,7.48,7.3,7.35,7.27,0.08,1.1004,84911.75,62821.968,2023-08-01
300056.SZ,2020-09-29,8.2,8.25,7.8,7.97,8.06,-0.09,-1.1166,124589.62,100724.583,2023-08-01
300058.SZ,2020-09-29,7.56,7.58,7.43,7.47,7.43,0.04,0.5384,358749.85,269716.491,2023-08-01
002389.SZ,2020-09-29,20.0,21.47,19.88,20.88,19.75,1.13,5.7215,296975.05,619761.313,2023-08-01
002395.SZ,2020-09-29,17.18,17.18,16.91,17.02,17.05,-0.03,-0.176,3076.0,5249.627,2023-08-01
002387.SZ,2020-09-29,15.65,15.92,15.48,15.7,15.5,0.2,1.2903,196365.06,307783.792,2023-08-01
002390.SZ,2020-09-29,7.15,7.2,6.94,6.94,7.2,-0.26,-3.6111,132942.92,93606.202,2023-08-01
002398.SZ,2020-09-29,10.27,10.32,9.91,10.0,10.19,-0.19,-1.8646,78477.6,79004.862,2023-08-01
601101.SH,2020-09-29,3.94,3.96,3.87,3.93,3.95,-0.02,-0.5063,27046.0,10617.924,2023-08-01
002410.SZ,2020-09-29,68.92,72.35,68.8,71.76,68.66,3.1,4.515,54902.56,390038.404,2023-08-01
002399.SZ,2020-09-29,22.3,22.86,21.83,22.67,22.3,0.37,1.6592,46767.39,105325.836,2023-08-01
002408.SZ,2020-09-29,7.01,7.13,7.01,7.08,7.03,0.05,0.7112,93631.11,66351.477,2023-08-01
002400.SZ,2020-09-29,7.0,7.03,6.8,6.89,6.92,-0.03,-0.4335,587416.42,406791.692,2023-08-01
002401.SZ,2020-09-29,14.15,14.35,14.14,14.25,14.17,0.08,0.5646,16544.1,23597.17,2023-08-01
002406.SZ,2020-09-29,6.71,6.87,6.69,6.83,6.68,0.15,2.2455,40728.53,27694.597,2023-08-01
002404.SZ,2020-09-29,6.05,6.09,6.02,6.04,6.04,0.0,0.0,17178.0,10396.694,2023-08-01
002403.SZ,2020-09-29,8.4,8.68,8.4,8.56,8.4,0.16,1.9048,17038.1,14611.191,2023-08-01
002409.SZ,2020-09-29,55.5,56.49,55.14,55.18,55.01,0.17,0.309,43848.18,244696.114,2023-08-01
002402.SZ,2020-09-29,15.39,15.96,15.33,15.87,15.19,0.68,4.4766,138562.49,218276.674,2023-08-01
002405.SZ,2020-09-29,14.94,15.06,14.79,14.97,14.8,0.17,1.1486,141021.32,210749.155,2023-08-01
300059.SZ,2020-09-29,24.05,24.48,24.01,24.21,23.87,0.34,1.4244,1663211.6,4036961.719,2023-08-01
002412.SZ,2020-09-29,6.82,6.86,6.75,6.77,6.77,0.0,0.0,43551.62,29589.752,2023-08-01
002411.SZ,2020-09-29,6.92,7.02,6.88,6.95,6.89,0.06,0.8708,170204.82,118250.359,2023-08-01
300061.SZ,2020-09-29,5.82,5.91,5.6,5.77,5.71,0.06,1.0508,126015.26,72827.527,2023-08-01
300318.SZ,2020-09-29,14.83,15.98,14.0,14.72,15.47,-0.75,-4.8481,834702.38,1258843.763,2023-08-01
300098.SZ,2020-09-29,5.02,5.09,4.99,5.03,5.0,0.03,0.6,234366.13,118096.583,2023-08-01
300087.SZ,2020-09-29,18.32,18.91,18.01,18.39,18.27,0.12,0.6568,114286.49,211537.516,2023-08-01
300062.SZ,2020-09-29,6.91,6.97,6.28,6.65,6.85,-0.2,-2.9197,250521.15,163163.629,2023-08-01
300066.SZ,2020-09-29,5.32,5.41,5.26,5.34,5.3,0.04,0.7547,157192.75,84162.584,2023-08-01
002413.SZ,2020-09-29,7.86,8.1,7.82,8.04,7.8,0.24,3.0769,185127.49,148261.822,2023-08-01
002414.SZ,2020-09-29,34.46,34.73,34.11,34.39,34.19,0.2,0.585,81037.47,279217.555,2023-08-01
002415.SZ,2020-09-29,36.55,37.61,36.38,37.21,36.43,0.78,2.1411,337800.9,1249830.294,2023-08-01
002416.SZ,2020-09-29,8.35,8.46,7.85,8.12,8.3,-0.18,-2.1687,388913.82,316640.482,2023-08-01
002433.SZ,2020-09-29,4.62,4.65,4.58,4.63,4.59,0.04,0.8715,33471.45,15484.037,2023-08-01
002425.SZ,2020-09-29,10.01,10.15,9.96,10.06,9.94,0.12,1.2072,202669.28,204231.613,2023-08-01
002417.SZ,2020-09-29,7.97,8.71,7.93,8.71,7.92,0.79,9.9747,234236.35,197198.799,2023-08-01
300063.SZ,2020-09-29,6.87,6.94,6.71,6.71,6.83,-0.12,-1.757,321547.75,219287.61,2023-08-01
300065.SZ,2020-09-29,13.42,14.1,13.22,13.74,13.29,0.45,3.386,67022.84,92057.642,2023-08-01
300064.SZ,2020-09-29,4.55,4.59,4.27,4.29,4.51,-0.22,-4.878,986548.02,435971.392,2023-08-01
300068.SZ,2020-09-29,14.52,14.52,14.15,14.21,14.28,-0.07,-0.4902,80043.91,114447.511,2023-08-01
002418.SZ,2020-09-29,1.84,1.89,1.8,1.8,1.86,-0.06,-3.2258,85448.0,15684.495,2023-08-01
002420.SZ,2020-09-29,3.9,3.96,3.9,3.93,3.9,0.03,0.7692,19748.0,7768.026,2023-08-01
601369.SH,2020-09-29,6.36,6.36,6.26,6.29,6.3,-0.01,-0.1587,23573.0,14834.442,2023-08-01
300549.SZ,2020-09-29,12.97,13.48,12.81,13.3,12.97,0.33,2.5443,10641.81,14106.85,2023-08-01
603568.SH,2020-09-29,22.07,22.65,22.0,22.03,22.06,-0.03,-0.136,35800.71,79627.806,2023-08-01
002812.SZ,2020-09-29,87.89,91.9,86.75,91.41,86.63,4.78,5.5177,68681.97,619303.942,2023-08-01
603639.SH,2020-09-29,22.21,22.49,22.2,22.33,22.21,0.12,0.5403,9290.41,20752.085,2023-08-01
300422.SZ,2020-09-29,11.59,11.65,11.46,11.58,11.48,0.1,0.8711,39263.45,45485.395,2023-08-01
300509.SZ,2020-09-29,9.97,10.07,9.81,10.04,9.96,0.08,0.8032,38131.87,38062.519,2023-08-01
300499.SZ,2020-09-29,10.6,10.67,10.15,10.42,10.51,-0.09,-0.8563,54179.65,56675.666,2023-08-01
300542.SZ,2020-09-29,13.47,15.85,13.47,15.48,13.21,2.27,17.184,307866.3,465328.065,2023-08-01
603822.SH,2020-09-29,24.12,24.54,24.06,24.26,24.13,0.13,0.5387,3442.0,8349.935,2023-08-01
603658.SH,2020-09-29,162.0,164.25,159.1,161.4,160.65,0.75,0.4669,12976.36,209647.43,2023-08-01
300503.SZ,2020-09-29,18.14,18.5,18.01,18.14,18.12,0.02,0.1104,80730.0,147230.709,2023-08-01
603007.SH,2020-09-29,7.28,7.32,7.04,7.08,7.28,-0.2,-2.7473,43931.28,31260.981,2023-08-01
300354.SZ,2020-09-29,18.3,18.3,17.16,17.62,17.6,0.02,0.1136,28775.92,50582.948,2023-08-01
300367.SZ,2020-09-29,3.11,3.24,3.11,3.11,3.14,-0.03,-0.9554,265849.4,84016.014,2023-08-01
603308.SH,2020-09-29,27.06,27.85,26.4,27.8,26.79,1.01,3.7701,77398.03,210379.231,2023-08-01
300388.SZ,2020-09-29,9.88,10.0,9.8,9.88,9.81,0.07,0.7136,45095.42,44615.289,2023-08-01
603777.SH,2020-09-29,14.44,14.64,14.26,14.52,14.36,0.16,1.1142,18512.69,26813.312,2023-08-01
603989.SH,2020-09-29,26.68,27.16,26.45,26.57,26.52,0.05,0.1885,19379.27,51846.677,2023-08-01
002719.SZ,2020-09-29,7.42,7.58,7.41,7.51,7.46,0.05,0.6702,16802.75,12586.799,2023-08-01
603806.SH,2020-09-29,72.28,72.45,69.47,71.71,71.75,-0.04,-0.0557,37152.1,263224.427,2023-08-01
002700.SZ,2020-09-29,3.52,3.57,3.51,3.53,3.52,0.01,0.2841,14322.1,5075.738,2023-08-01
603088.SH,2020-09-29,8.4,8.71,8.33,8.55,8.45,0.1,1.1834,27281.95,23310.986,2023-08-01
603566.SH,2020-09-29,24.5,24.77,24.06,24.29,24.46,-0.17,-0.695,18427.46,44850.441,2023-08-01
603009.SH,2020-09-29,5.85,5.94,5.82,5.91,5.84,0.07,1.1986,13117.5,7721.255,2023-08-01
603688.SH,2020-09-29,20.78,21.29,20.78,21.15,20.72,0.43,2.0753,21879.17,46144.388,2023-08-01
002782.SZ,2020-09-29,12.61,12.81,12.45,12.73,12.55,0.18,1.4343,21979.61,27838.37,2023-08-01
601969.SH,2020-09-29,5.46,5.61,5.46,5.52,5.48,0.04,0.7299,22685.77,12602.994,2023-08-01
300351.SZ,2020-09-29,10.01,10.25,10.01,10.16,10.06,0.1,0.994,36746.0,37289.037,2023-08-01
300355.SZ,2020-09-29,4.11,4.26,4.0,4.17,4.02,0.15,3.7313,575741.81,239134.916,2023-08-01
002721.SZ,2020-09-29,3.79,3.79,3.74,3.74,3.76,-0.02,-0.5319,33440.5,12599.079,2023-08-01
600917.SH,2020-09-29,7.42,7.45,7.42,7.44,7.42,0.02,0.2695,17508.01,13004.962,2023-08-01
300403.SZ,2020-09-29,6.11,6.49,6.07,6.27,6.09,0.18,2.9557,120714.4,75918.709,2023-08-01
300396.SZ,2020-09-29,26.85,26.93,26.41,26.57,26.95,-0.38,-1.41,17400.2,46327.476,2023-08-01
300368.SZ,2020-09-29,20.34,22.18,20.34,21.52,20.21,1.31,6.4819,658984.14,1412721.628,2023-08-01
002162.SZ,2020-09-29,3.27,3.31,3.25,3.25,3.26,-0.01,-0.3067,41850.98,13695.022,2023-08-01
002169.SZ,2020-09-29,8.34,8.52,8.34,8.41,8.32,0.09,1.0817,62098.82,52500.571,2023-08-01
002697.SZ,2020-09-29,8.71,8.73,8.5,8.51,8.64,-0.13,-1.5046,164006.37,140881.0,2023-08-01
002163.SZ,2020-09-29,17.72,18.39,17.38,17.86,17.39,0.47,2.7027,328101.01,590652.293,2023-08-01
002164.SZ,2020-09-29,5.11,5.31,5.06,5.28,5.08,0.2,3.937,133017.44,69325.802,2023-08-01
300360.SZ,2020-09-29,9.61,9.77,9.6,9.7,9.58,0.12,1.2526,31272.77,30351.2,2023-08-01
300357.SZ,2020-09-29,54.63,55.25,53.4,54.71,54.7,0.01,0.0183,17521.7,95567.094,2023-08-01
002707.SZ,2020-09-29,9.4,10.17,9.15,10.1,9.39,0.71,7.5612,531915.73,522520.69,2023-08-01
002843.SZ,2020-09-29,7.71,7.76,7.62,7.7,7.67,0.03,0.3911,20777.5,15990.414,2023-08-01
300373.SZ,2020-09-29,41.65,43.5,40.88,42.68,41.55,1.13,2.7196,340304.1,1445692.051,2023-08-01
300363.SZ,2020-09-29,31.9,32.18,31.16,31.21,31.71,-0.5,-1.5768,23722.98,74932.656,2023-08-01
603662.SH,2020-09-29,27.01,27.34,26.95,27.07,26.95,0.12,0.4453,7958.04,21586.452,2023-08-01
300775.SZ,2020-09-29,34.0,36.88,33.54,36.69,33.6,3.09,9.1964,202354.75,722107.784,2023-08-01
300776.SZ,2020-09-29,133.01,138.0,129.02,132.1,133.01,-0.91,-0.6842,9031.0,119362.433,2023-08-01
002941.SZ,2020-09-29,14.9,15.37,14.8,15.01,15.4,-0.39,-2.5325,206117.65,310243.155,2023-08-01
603259.SH,2020-09-29,97.04,101.82,96.66,100.6,96.6,4.0,4.1408,170130.55,1692856.032,2023-08-01
300454.SZ,2020-09-29,200.5,209.77,198.49,208.49,198.2,10.29,5.1917,10917.43,224991.507,2023-08-01
300811.SZ,2020-09-29,64.12,65.25,63.73,63.83,64.08,-0.25,-0.3901,3475.0,22378.918,2023-08-01
003010.SZ,2020-09-29,26.49,26.49,26.49,26.49,24.08,2.41,10.0083,1189.98,3152.257,2023-08-01
300828.SZ,2020-09-29,30.68,33.1,29.31,29.66,30.8,-1.14,-3.7013,67979.87,210205.383,2023-08-01
300766.SZ,2020-09-29,28.86,31.2,28.63,30.95,28.6,2.35,8.2168,51148.0,155398.648,2023-08-01
002952.SZ,2020-09-29,16.57,16.77,16.47,16.61,16.6,0.01,0.0602,11164.16,18564.715,2023-08-01
601319.SH,2020-09-29,6.85,6.87,6.82,6.84,6.82,0.02,0.2933,217606.13,148990.952,2023-08-01
002946.SZ,2020-09-29,17.65,17.93,17.47,17.78,17.51,0.27,1.542,24722.67,43892.769,2023-08-01
603613.SH,2020-09-29,82.11,83.3,81.01,83.18,81.5,1.68,2.0613,11000.94,90716.032,2023-08-01
688508.SH,2020-09-29,104.8,106.5,103.5,103.58,103.1,0.48,0.4656,7735.52,81243.214,2023-08-01
300780.SZ,2020-09-29,18.01,18.28,17.84,18.06,17.93,0.13,0.725,9450.0,17130.39,2023-08-01
603332.SH,2020-09-29,28.82,28.96,28.4,28.6,28.82,-0.22,-0.7634,15524.66,44470.654,2023-08-01
002947.SZ,2020-09-29,52.8,53.47,52.0,52.6,52.69,-0.09,-0.1708,7331.71,38628.367,2023-08-01
300778.SZ,2020-09-29,34.92,34.92,28.72,30.83,34.69,-3.86,-11.1271,93124.49,287074.65,2023-08-01
300762.SZ,2020-09-29,38.63,40.05,38.38,39.79,38.6,1.19,3.0829,20713.15,81344.626,2023-08-01
603068.SH,2020-09-29,66.72,66.95,66.15,66.34,66.02,0.32,0.4847,5937.72,39548.917,2023-08-01
300845.SZ,2020-09-29,37.6,39.36,37.33,39.25,37.33,1.92,5.1433,14528.3,56244.069,2023-08-01
601298.SH,2020-09-29,5.7,5.74,5.69,5.71,5.69,0.02,0.3515,31641.02,18080.228,2023-08-01
002967.SZ,2020-09-29,30.72,31.2,30.3,30.85,30.63,0.22,0.7183,21767.8,66991.125,2023-08-01
300890.SZ,2020-09-29,48.75,49.9,47.3,47.39,47.3,0.09,0.1903,52243.06,253292.947,2023-08-01
300795.SZ,2020-09-29,24.6,25.58,23.96,25.24,24.5,0.74,3.0204,57898.96,143189.196,2023-08-01
300772.SZ,2020-09-29,13.04,13.31,12.91,13.16,13.04,0.12,0.9202,21515.68,28313.601,2023-08-01
002943.SZ,2020-09-29,22.38,23.15,21.91,22.74,22.26,0.48,2.1563,14966.11,33919.537,2023-08-01
300763.SZ,2020-09-29,107.01,111.0,106.0,107.03,107.45,-0.42,-0.3909,12385.1,134298.961,2023-08-01
002938.SZ,2020-09-29,57.7,58.41,55.95,57.23,56.89,0.34,0.5976,79666.19,456445.54,2023-08-01
601916.SH,2020-09-29,4.22,4.23,4.2,4.22,4.2,0.02,0.4762,283147.22,119344.417,2023-08-01
300789.SZ,2020-09-29,61.05,62.5,60.71,61.85,60.94,0.91,1.4933,2406.08,14830.863,2023-08-01
300750.SZ,2020-09-29,195.49,206.25,195.43,204.99,192.91,12.08,6.262,202435.51,4072131.575,2023-08-01
603351.SH,2020-09-29,25.6,25.87,25.37,25.42,25.6,-0.18,-0.7031,5645.52,14432.237,2023-08-01
002950.SZ,2020-09-29,24.54,24.54,24.02,24.34,24.3,0.04,0.1646,34557.43,84085.13,2023-08-01
300594.SZ,2020-09-29,26.96,27.73,26.96,27.49,27.01,0.48,1.7771,13795.6,37855.108,2023-08-01
002949.SZ,2020-09-29,27.0,27.17,25.23,26.0,26.67,-0.67,-2.5122,47477.56,124140.178,2023-08-01
603863.SH,2020-09-29,12.12,12.21,12.08,12.15,12.06,0.09,0.7463,13823.0,16812.136,2023-08-01
300770.SZ,2020-09-29,93.95,94.8,92.68,93.55,93.37,0.18,0.1928,11020.28,103298.952,2023-08-01
002951.SZ,2020-09-29,14.53,14.8,14.51,14.68,14.52,0.16,1.1019,12577.0,18467.494,2023-08-01
001965.SZ,2020-09-29,6.67,6.69,6.63,6.65,6.65,0.0,0.0,12674.89,8443.155,2023-08-01
300779.SZ,2020-09-29,20.87,21.12,20.49,20.83,20.88,-0.05,-0.2395,14133.0,29522.386,2023-08-01
002956.SZ,2020-09-29,43.43,43.85,43.1,43.55,43.28,0.27,0.6238,5993.0,26075.27,2023-08-01
600929.SH,2020-09-29,6.76,6.76,6.6,6.74,6.73,0.01,0.1486,51570.0,34448.788,2023-08-01
300823.SZ,2020-09-29,32.58,33.71,32.33,32.75,32.6,0.15,0.4601,8278.0,27362.513,2023-08-01
000715.SZ,2020-09-29,5.73,5.85,5.72,5.82,5.72,0.1,1.7483,8665.16,5034.004,2023-08-01
000716.SZ,2020-09-29,3.61,3.63,3.56,3.59,3.61,-0.02,-0.554,53722.0,19360.963,2023-08-01
000717.SZ,2020-09-29,4.21,4.28,4.2,4.22,4.22,0.0,0.0,128951.54,54662.016,2023-08-01
000718.SZ,2020-09-29,3.18,3.25,3.17,3.2,3.18,0.02,0.6289,87474.14,28071.506,2023-08-01
000719.SZ,2020-09-29,7.59,7.72,7.57,7.72,7.57,0.15,1.9815,28143.74,21603.874,2023-08-01
000720.SZ,2020-09-29,3.63,3.75,3.61,3.74,3.63,0.11,3.0303,80933.56,29980.91,2023-08-01
000721.SZ,2020-09-29,5.45,5.54,5.24,5.32,5.58,-0.26,-4.6595,403470.29,216171.834,2023-08-01
000722.SZ,2020-09-29,6.73,6.8,6.71,6.74,6.71,0.03,0.4471,30557.48,20615.91,2023-08-01
000723.SZ,2020-09-29,6.4,6.41,6.24,6.28,6.37,-0.09,-1.4129,400171.27,252158.063,2023-08-01
000725.SZ,2020-09-29,4.91,5.11,4.89,5.02,4.87,0.15,3.0801,5847544.3,2936451.997,2023-08-01
000726.SZ,2020-09-29,7.23,7.26,7.14,7.26,7.25,0.01,0.1379,34956.71,25217.542,2023-08-01
000727.SZ,2020-09-29,2.46,2.49,2.34,2.36,2.46,-0.1,-4.065,644055.74,153412.116,2023-08-01
000728.SZ,2020-09-29,11.94,12.33,11.77,11.99,11.79,0.2,1.6964,1141922.31,1371882.452,2023-08-01
000729.SZ,2020-09-29,7.95,8.34,7.95,8.29,7.95,0.34,4.2767,183778.32,151289.283,2023-08-01
000731.SZ,2020-09-29,4.96,5.0,4.93,4.97,4.94,0.03,0.6073,22789.54,11336.911,2023-08-01
000732.SZ,2020-09-29,4.51,4.56,4.16,4.5,4.57,-0.07,-1.5317,279122.99,124423.638,2023-08-01
000733.SZ,2020-09-29,44.39,47.66,43.9,47.25,43.33,3.92,9.0468,167414.92,784184.296,2023-08-01
000735.SZ,2020-09-29,9.56,10.45,9.5,10.45,9.5,0.95,10.0,811660.18,835633.252,2023-08-01
000736.SZ,2020-09-29,6.74,6.82,6.7,6.71,6.74,-0.03,-0.4451,19692.79,13281.601,2023-08-01
000738.SZ,2020-09-29,19.12,19.88,19.06,19.7,19.03,0.67,3.5208,150746.85,295354.129,2023-08-01
000739.SZ,2020-09-29,23.3,24.5,22.73,23.82,23.49,0.33,1.4049,126153.42,298762.527,2023-08-01
000001.SZ,2020-09-29,15.39,15.41,14.76,14.8,15.31,-0.51,-3.3312,1182374.4,1766848.544,2023-08-01
000002.SZ,2020-09-29,28.43,28.77,28.29,28.29,28.4,-0.11,-0.3873,412967.07,1176463.958,2023-08-01
000004.SZ,2020-09-29,22.81,23.12,22.6,23.0,22.94,0.06,0.2616,12458.0,28558.691,2023-08-01
000005.SZ,2020-09-29,2.52,2.57,2.51,2.54,2.53,0.01,0.3953,73782.5,18744.372,2023-08-01
000006.SZ,2020-09-29,6.17,6.55,6.14,6.47,6.22,0.25,4.0193,314071.18,200084.828,2023-08-01
000007.SZ,2020-09-29,9.01,9.08,8.8,8.99,9.0,-0.01,-0.1111,43283.4,38642.597,2023-08-01
000008.SZ,2020-09-29,2.9,2.93,2.9,2.91,2.9,0.01,0.3448,92882.03,27094.536,2023-08-01
000009.SZ,2020-09-29,6.85,7.02,6.84,6.96,6.81,0.15,2.2026,326872.25,227122.359,2023-08-01
000010.SZ,2020-09-29,3.91,3.99,3.8,3.8,3.89,-0.09,-2.3136,52822.02,20381.341,2023-08-01
000011.SZ,2020-09-29,16.91,17.96,16.6,17.65,16.68,0.97,5.8153,170315.47,295640.252,2023-08-01
000012.SZ,2020-09-29,5.48,5.49,5.3,5.4,5.44,-0.04,-0.7353,165192.31,89503.842,2023-08-01
000014.SZ,2020-09-29,10.16,10.5,10.05,10.37,10.17,0.2,1.9666,37231.94,38490.675,2023-08-01
000016.SZ,2020-09-29,6.05,6.14,6.0,6.04,6.01,0.03,0.4992,116084.34,70425.431,2023-08-01
000017.SZ,2020-09-29,2.46,2.48,2.45,2.45,2.46,-0.01,-0.4065,10738.0,2642.777,2023-08-01
000019.SZ,2020-09-29,8.34,8.46,8.3,8.34,8.31,0.03,0.361,42091.36,35244.638,2023-08-01
000020.SZ,2020-09-29,12.25,12.3,11.74,11.88,11.99,-0.11,-0.9174,15596.01,18552.353,2023-08-01
000021.SZ,2020-09-29,19.48,20.96,19.38,20.78,19.28,1.5,7.7801,395420.4,810415.202,2023-08-01
001872.SZ,2020-09-29,15.4,15.69,15.4,15.5,15.36,0.14,0.9115,9859.0,15316.439,2023-08-01
000023.SZ,2020-09-29,17.56,17.9,17.24,17.42,17.6,-0.18,-1.0227,7567.01,13304.216,2023-08-01
000025.SZ,2020-09-29,20.45,20.69,20.31,20.46,20.4,0.06,0.2941,35501.51,72607.527,2023-08-01
000026.SZ,2020-09-29,16.61,16.69,15.98,16.21,16.69,-0.48,-2.876,68494.1,111434.745,2023-08-01
000027.SZ,2020-09-29,5.55,5.57,5.41,5.44,5.55,-0.11,-1.982,173973.22,94964.262,2023-08-01
000028.SZ,2020-09-29,46.22,46.7,45.2,46.37,46.08,0.29,0.6293,26798.8,123596.859,2023-08-01
600956.SH,2020-09-29,8.53,9.34,8.53,9.34,8.49,0.85,10.0118,110004.8,98825.173,2023-08-01
002980.SZ,2020-09-29,55.96,56.45,55.7,55.7,55.75,-0.05,-0.0897,7006.55,39211.834,2023-08-01
600577.SH,2020-09-29,3.32,3.36,3.27,3.3,3.29,0.01,0.304,184206.67,61084.985,2023-08-01
600371.SH,2020-09-29,14.12,15.55,14.12,14.75,14.21,0.54,3.8001,141303.76,209633.927,2023-08-01
600560.SH,2020-09-29,9.19,9.33,9.18,9.29,9.18,0.11,1.1983,12990.58,12048.461,2023-08-01
600557.SH,2020-09-29,12.24,12.35,12.17,12.2,12.27,-0.07,-0.5705,25235.8,30895.61,2023-08-01
600351.SH,2020-09-29,5.52,5.58,5.43,5.52,5.52,0.0,0.0,106096.09,58385.047,2023-08-01
000875.SZ,2020-09-29,3.92,4.0,3.92,3.97,3.92,0.05,1.2755,103935.97,41316.452,2023-08-01
600587.SH,2020-09-29,16.16,16.4,15.99,16.23,16.09,0.14,0.8701,24435.98,39743.408,2023-08-01
300826.SZ,2020-09-29,36.18,36.38,35.95,36.07,35.88,0.19,0.5295,3674.0,13278.685,2023-08-01
300830.SZ,2020-09-29,15.97,16.28,15.25,15.39,16.03,-0.64,-3.9925,104582.94,163943.163,2023-08-01
600499.SH,2020-09-29,4.02,4.07,4.01,4.05,4.0,0.05,1.25,25720.0,10410.908,2023-08-01
600050.SH,2020-09-29,4.87,4.9,4.85,4.86,4.86,0.0,0.0,591327.74,288109.979,2023-08-01
600522.SH,2020-09-29,10.33,10.54,10.32,10.47,10.2,0.27,2.6471,240830.35,252383.372,2023-08-01
605128.SH,2020-09-29,28.15,28.39,27.73,27.78,28.0,-0.22,-0.7857,17390.11,48697.568,2023-08-01
300892.SZ,2020-09-29,57.78,60.25,56.5,56.57,57.64,-1.07,-1.8563,63719.77,369051.918,2023-08-01
300821.SZ,2020-09-29,11.39,11.59,11.32,11.41,11.32,0.09,0.7951,151926.53,173929.959,2023-08-01
300812.SZ,2020-09-29,45.7,46.38,45.21,46.0,45.7,0.3,0.6565,4441.0,20403.313,2023-08-01
600559.SH,2020-09-29,10.81,10.9,10.73,10.8,10.8,0.0,0.0,71738.78,77640.181,2023-08-01
600532.SH,2020-09-29,9.73,10.02,9.61,9.93,9.75,0.18,1.8462,47264.28,46659.218,2023-08-01
600571.SH,2020-09-29,8.32,8.36,8.22,8.23,8.22,0.01,0.1217,32805.0,27187.383,2023-08-01
600552.SH,2020-09-29,6.21,6.3,6.21,6.26,6.19,0.07,1.1309,44896.4,28131.317,2023-08-01
600721.SH,2020-09-29,4.77,4.82,4.76,4.79,4.76,0.03,0.6303,5089.1,2439.032,2023-08-01
600722.SH,2020-09-29,3.8,3.84,3.78,3.81,3.8,0.01,0.2632,26970.04,10285.3,2023-08-01
600723.SH,2020-09-29,9.62,9.62,9.28,9.36,9.45,-0.09,-0.9524,49450.0,46390.15,2023-08-01
600724.SH,2020-09-29,3.86,3.91,3.84,3.88,3.84,0.04,1.0417,23108.57,8986.852,2023-08-01
600725.SH,2020-09-29,1.96,1.98,1.95,1.97,1.95,0.02,1.0256,17836.68,3507.383,2023-08-01
600726.SH,2020-09-29,2.17,2.2,2.15,2.18,2.17,0.01,0.4608,73954.35,16116.962,2023-08-01
600727.SH,2020-09-29,7.04,7.08,7.01,7.03,7.03,0.0,0.0,20914.0,14729.655,2023-08-01
600728.SH,2020-09-29,9.04,9.15,9.04,9.07,9.01,0.06,0.6659,91746.74,83549.86,2023-08-01
600729.SH,2020-09-29,34.9,35.26,34.12,34.29,34.82,-0.53,-1.5221,31404.27,108546.066,2023-08-01
600730.SH,2020-09-29,4.6,4.65,4.55,4.6,4.57,0.03,0.6565,26399.02,12175.401,2023-08-01
600731.SH,2020-09-29,9.38,9.66,9.38,9.57,9.6,-0.03,-0.3125,56074.95,53526.04,2023-08-01
600732.SH,2020-09-29,13.57,13.57,13.0,13.26,13.65,-0.39,-2.8571,91673.36,121145.072,2023-08-01
600733.SH,2020-09-29,5.87,5.98,5.84,5.95,5.87,0.08,1.3629,59745.27,35432.536,2023-08-01
600734.SH,2020-09-29,1.63,1.66,1.6,1.64,1.63,0.01,0.6135,56825.45,9279.812,2023-08-01
600735.SH,2020-09-29,6.17,6.17,5.89,5.96,6.01,-0.05,-0.8319,41349.0,24536.705,2023-08-01
600736.SH,2020-09-29,4.96,4.98,4.93,4.93,4.93,0.0,0.0,35460.81,17547.031,2023-08-01
600737.SH,2020-09-29,8.71,8.85,8.65,8.79,8.68,0.11,1.2673,134823.6,118146.624,2023-08-01
600738.SH,2020-09-29,5.84,5.87,5.71,5.76,5.9,-0.14,-2.3729,81575.04,47057.833,2023-08-01
600739.SH,2020-09-29,24.01,24.29,23.68,23.85,24.18,-0.33,-1.3648,233821.27,561110.91,2023-08-01
600740.SH,2020-09-29,4.58,4.64,4.53,4.55,4.57,-0.02,-0.4376,56743.8,25905.971,2023-08-01
600741.SH,2020-09-29,25.5,25.59,24.87,25.02,25.41,-0.39,-1.5348,145079.08,364745.686,2023-08-01
600742.SH,2020-09-29,10.29,10.47,10.22,10.36,10.25,0.11,1.0732,57561.02,59641.572,2023-08-01
600743.SH,2020-09-29,2.2,2.21,2.17,2.19,2.19,0.0,0.0,75804.86,16606.755,2023-08-01
002137.SZ,2020-09-29,7.2,7.3,7.18,7.21,7.16,0.05,0.6983,45248.16,32781.884,2023-08-01
002138.SZ,2020-09-29,23.35,23.68,23.25,23.38,23.24,0.14,0.6024,72733.21,170709.569,2023-08-01
002170.SZ,2020-09-29,3.81,3.86,3.8,3.84,3.79,0.05,1.3193,51833.63,19903.777,2023-08-01
002140.SZ,2020-09-29,7.02,7.14,7.01,7.07,7.03,0.04,0.569,15653.0,11087.849,2023-08-01
002261.SZ,2020-09-29,7.87,7.94,7.81,7.83,7.87,-0.04,-0.5083,78192.0,61606.147,2023-08-01
601919.SH,2020-09-29,5.7,5.94,5.7,5.89,5.69,0.2,3.5149,511143.19,300618.674,2023-08-01
002263.SZ,2020-09-29,2.47,2.53,2.47,2.49,2.47,0.02,0.8097,110707.04,27640.353,2023-08-01
601168.SH,2020-09-29,8.85,9.24,8.83,8.83,8.76,0.07,0.7991,356044.3,321349.881,2023-08-01
002144.SZ,2020-09-29,10.99,11.3,10.83,11.26,10.93,0.33,3.0192,53984.73,60305.567,2023-08-01
002142.SZ,2020-09-29,33.34,33.46,32.07,32.41,33.14,-0.73,-2.2028,319685.83,1043966.684,2023-08-01
601009.SH,2020-09-29,8.08,8.08,7.89,7.96,8.04,-0.08,-0.995,343328.67,273976.542,2023-08-01
002371.SZ,2020-09-29,157.59,164.89,156.17,161.09,154.76,6.33,4.0902,64453.19,1041937.473,2023-08-01
002159.SZ,2020-09-29,12.0,12.0,11.65,11.75,11.73,0.02,0.1705,8881.6,10461.121,2023-08-01
002148.SZ,2020-09-29,4.7,4.8,4.68,4.74,4.67,0.07,1.4989,45677.4,21701.968,2023-08-01
002152.SZ,2020-09-29,12.27,12.39,12.16,12.19,12.14,0.05,0.4119,136337.98,167284.821,2023-08-01
002150.SZ,2020-09-29,6.28,6.33,6.23,6.29,6.23,0.06,0.9631,15196.2,9562.035,2023-08-01
002705.SZ,2020-09-29,41.7,42.41,40.7,41.1,41.86,-0.76,-1.8156,34971.93,144651.349,2023-08-01
002232.SZ,2020-09-29,11.78,11.81,11.59,11.69,11.69,0.0,0.0,50901.0,59607.863,2023-08-01
002183.SZ,2020-09-29,4.94,5.03,4.94,4.97,4.92,0.05,1.0163,125802.01,62825.052,2023-08-01
002270.SZ,2020-09-29,5.83,5.88,5.75,5.85,5.8,0.05,0.8621,51601.7,30113.217,2023-08-01
002446.SZ,2020-09-29,7.46,7.58,7.42,7.51,7.42,0.09,1.2129,82441.2,62106.621,2023-08-01
002269.SZ,2020-09-29,2.27,2.29,2.23,2.23,2.25,-0.02,-0.8889,115615.65,26129.552,2023-08-01
002272.SZ,2020-09-29,4.55,4.59,4.51,4.54,4.54,0.0,0.0,29819.6,13602.981,2023-08-01
002275.SZ,2020-09-29,14.07,14.1,13.87,13.91,14.05,-0.14,-0.9964,13078.37,18277.892,2023-08-01
002266.SZ,2020-09-29,4.97,5.02,4.88,4.94,4.99,-0.05,-1.002,124606.3,61588.28,2023-08-01
603323.SH,2020-09-29,4.64,4.67,4.63,4.64,4.63,0.01,0.216,66119.31,30673.023,2023-08-01
002273.SZ,2020-09-29,13.4,13.68,13.4,13.47,13.42,0.05,0.3726,203224.53,275329.786,2023-08-01
002396.SZ,2020-09-29,25.5,26.16,25.45,25.8,25.34,0.46,1.8153,60721.57,157134.897,2023-08-01
002490.SZ,2020-09-29,3.7,3.73,3.53,3.56,3.53,0.03,0.8499,49864.01,18029.17,2023-08-01
601107.SH,2020-09-29,3.59,3.6,3.53,3.55,3.59,-0.04,-1.1142,56319.58,20010.194,2023-08-01
601788.SH,2020-09-29,22.61,22.9,22.31,22.36,22.47,-0.11,-0.4895,534091.4,1205665.604,2023-08-01
601766.SH,2020-09-29,5.51,5.54,5.5,5.51,5.49,0.02,0.3643,196450.58,108449.418,2023-08-01
002307.SZ,2020-09-29,5.64,5.74,5.58,5.64,5.68,-0.04,-0.7042,143629.28,81368.133,2023-08-01
300859.SZ,2020-09-29,36.11,36.95,33.53,34.42,37.67,-3.25,-8.6276,115080.55,401094.945,2023-08-01
603199.SH,2020-09-29,21.51,21.58,21.1,21.23,21.59,-0.36,-1.6674,7128.0,15171.567,2023-08-01
601010.SH,2020-09-29,3.21,3.27,3.21,3.25,3.21,0.04,1.2461,44841.0,14528.295,2023-08-01
601128.SH,2020-09-29,8.24,8.24,8.0,8.02,8.2,-0.18,-2.1951,243619.91,196980.389,2023-08-01
300040.SZ,2020-09-29,7.98,8.02,7.76,7.81,7.89,-0.08,-1.0139,150678.56,118127.43,2023-08-01
002276.SZ,2020-09-29,7.71,7.75,7.52,7.53,7.66,-0.13,-1.6971,152435.98,116284.67,2023-08-01
600908.SH,2020-09-29,5.62,5.67,5.62,5.63,5.64,-0.01,-0.1773,71317.65,40240.831,2023-08-01
002284.SZ,2020-09-29,4.85,4.92,4.79,4.81,4.81,0.0,0.0,37831.72,18274.988,2023-08-01
002282.SZ,2020-09-29,11.19,11.19,10.75,10.81,11.14,-0.33,-2.9623,25731.0,28003.107,2023-08-01
002362.SZ,2020-09-29,20.4,21.9,20.4,21.83,20.45,1.38,6.7482,120166.24,255476.945,2023-08-01
002283.SZ,2020-09-29,5.75,5.84,5.68,5.7,5.74,-0.04,-0.6969,79054.42,45316.707,2023-08-01
002807.SZ,2020-09-29,4.13,4.17,4.13,4.14,4.14,0.0,0.0,69093.74,28653.712,2023-08-01
002422.SZ,2020-09-29,22.42,22.65,22.26,22.46,22.4,0.06,0.2679,57849.56,130167.072,2023-08-01
002428.SZ,2020-09-29,12.18,12.36,12.06,12.25,12.0,0.25,2.0833,126413.98,155017.559,2023-08-01
002423.SZ,2020-09-29,9.98,10.19,9.98,10.06,9.98,0.08,0.8016,27952.35,28210.073,2023-08-01
002442.SZ,2020-09-29,4.14,4.19,4.12,4.14,4.12,0.02,0.4854,61025.01,25371.946,2023-08-01
002424.SZ,2020-09-29,8.43,8.51,8.3,8.41,8.36,0.05,0.5981,68151.18,57328.292,2023-08-01
002427.SZ,2020-09-29,4.95,5.02,4.9,4.9,5.02,-0.12,-2.3904,13846.3,6851.914,2023-08-01
002426.SZ,2020-09-29,1.79,1.84,1.78,1.79,1.8,-0.01,-0.5556,483211.0,87780.301,2023-08-01
601188.SH,2020-09-29,2.73,2.75,2.71,2.74,2.73,0.01,0.3663,16829.59,4603.351,2023-08-01
601518.SH,2020-09-29,2.35,2.37,2.34,2.35,2.35,0.0,0.0,12649.99,2978.445,2023-08-01
002431.SZ,2020-09-29,3.69,3.72,3.63,3.65,3.7,-0.05,-1.3514,105979.43,38801.706,2023-08-01
002456.SZ,2020-09-29,14.52,14.68,14.5,14.56,14.46,0.1,0.6916,320204.8,467180.746,2023-08-01
002447.SZ,2020-09-29,2.04,2.06,2.01,2.02,1.97,0.05,2.5381,81368.15,16521.553,2023-08-01
002459.SZ,2020-09-29,33.82,35.75,33.1,34.75,33.65,1.1,3.2689,241478.1,832815.726,2023-08-01
002644.SZ,2020-09-29,7.82,7.89,7.72,7.84,7.75,0.09,1.1613,17455.26,13655.833,2023-08-01
002430.SZ,2020-09-29,22.56,23.19,22.45,22.72,22.59,0.13,0.5755,52446.1,119816.948,2023-08-01
300070.SZ,2020-09-29,8.76,8.88,8.75,8.78,8.7,0.08,0.9195,178091.35,157062.139,2023-08-01
300073.SZ,2020-09-29,42.04,44.88,41.93,44.2,41.23,2.97,7.2035,176408.16,771195.376,2023-08-01
002432.SZ,2020-09-29,10.57,10.62,10.5,10.51,10.52,-0.01,-0.0951,55103.03,58096.918,2023-08-01
002429.SZ,2020-09-29,6.2,6.32,6.17,6.23,6.15,0.08,1.3008,263224.26,164699.422,2023-08-01
002434.SZ,2020-09-29,9.74,9.89,9.67,9.8,9.68,0.12,1.2397,82660.86,80796.455,2023-08-01
002436.SZ,2020-09-29,10.83,11.05,10.81,10.94,10.76,0.18,1.6729,121154.18,132894.422,2023-08-01
300076.SZ,2020-09-29,5.62,5.82,5.57,5.72,5.58,0.14,2.509,79483.02,45435.747,2023-08-01
300072.SZ,2020-09-29,5.69,6.82,5.67,6.8,5.68,1.12,19.7183,828575.91,533370.943,2023-08-01
300105.SZ,2020-09-29,4.89,4.95,4.81,4.94,4.84,0.1,2.0661,59016.0,28935.207,2023-08-01
300069.SZ,2020-09-29,15.27,15.76,15.06,15.6,15.25,0.35,2.2951,8347.51,12905.408,2023-08-01
300067.SZ,2020-09-29,4.86,5.01,4.83,4.93,4.79,0.14,2.9228,292718.22,144295.673,2023-08-01
002435.SZ,2020-09-29,3.82,3.86,3.8,3.83,3.81,0.02,0.5249,14631.6,5612.536,2023-08-01
002440.SZ,2020-09-29,9.13,9.23,9.12,9.17,9.1,0.07,0.7692,31401.39,28832.572,2023-08-01
002437.SZ,2020-09-29,3.09,3.13,3.06,3.08,3.09,-0.01,-0.3236,280918.73,87017.859,2023-08-01
002443.SZ,2020-09-29,7.67,7.95,7.67,7.75,7.67,0.08,1.043,131852.91,103178.393,2023-08-01
300075.SZ,2020-09-29,13.28,13.52,13.28,13.39,13.22,0.17,1.2859,37517.0,50366.033,2023-08-01
300080.SZ,2020-09-29,6.24,6.36,5.57,6.09,6.37,-0.28,-4.3956,524007.78,312191.354,2023-08-01
002622.SZ,2020-09-29,3.11,3.15,3.09,3.09,3.1,-0.01,-0.3226,98069.6,30601.527,2023-08-01
300079.SZ,2020-09-29,5.1,5.19,5.09,5.14,5.08,0.06,1.1811,183472.38,94528.226,2023-08-01
300074.SZ,2020-09-29,4.85,5.04,4.82,4.97,4.82,0.15,3.112,114638.84,56737.494,2023-08-01
300083.SZ,2020-09-29,9.72,9.85,9.5,9.6,9.59,0.01,0.1043,192640.52,186303.721,2023-08-01
300078.SZ,2020-09-29,11.83,11.98,11.73,11.86,11.72,0.14,1.1945,50049.05,59369.613,2023-08-01
002613.SZ,2020-09-29,4.02,4.06,3.98,4.0,4.02,-0.02,-0.4975,54692.0,22002.25,2023-08-01
002439.SZ,2020-09-29,34.6,35.02,34.45,34.63,34.5,0.13,0.3768,63953.45,222618.222,2023-08-01
603002.SH,2020-09-29,4.82,4.93,4.82,4.87,4.82,0.05,1.0373,36046.73,17604.595,2023-08-01
601012.SH,2020-09-29,75.1,75.9,73.31,75.09,74.0,1.09,1.473,410293.27,3072972.383,2023-08-01
300077.SZ,2020-09-29,8.6,8.73,8.51,8.59,8.48,0.11,1.2972,138620.0,119571.921,2023-08-01
300082.SZ,2020-09-29,8.51,8.8,8.44,8.68,8.5,0.18,2.1176,79797.47,69029.098,2023-08-01
002469.SZ,2020-09-29,4.96,5.05,4.94,5.02,4.96,0.06,1.2097,21666.06,10840.502,2023-08-01
002441.SZ,2020-09-29,8.07,8.18,8.05,8.09,8.07,0.02,0.2478,24900.0,20156.901,2023-08-01
601579.SH,2020-09-29,8.23,8.24,8.14,8.2,8.16,0.04,0.4902,4795.01,3932.549,2023-08-01
002748.SZ,2020-09-29,7.34,7.34,7.25,7.29,7.36,-0.07,-0.9511,9511.0,6926.501,2023-08-01
300546.SZ,2020-09-29,22.55,22.55,22.1,22.27,22.33,-0.06,-0.2687,7306.0,16333.059,2023-08-01
300377.SZ,2020-09-29,10.65,11.12,10.55,10.85,10.93,-0.08,-0.7319,511681.78,556258.816,2023-08-01
300391.SZ,2020-09-29,19.19,19.98,19.03,19.75,19.14,0.61,3.187,92939.96,183595.436,2023-08-01
002838.SZ,2020-09-29,27.97,28.27,27.86,27.94,27.87,0.07,0.2512,33229.25,93205.982,2023-08-01
603023.SH,2020-09-29,4.62,4.64,4.56,4.57,4.56,0.01,0.2193,23066.21,10607.843,2023-08-01
603609.SH,2020-09-29,13.59,13.82,13.56,13.71,13.56,0.15,1.1062,34170.46,46852.88,2023-08-01
300385.SZ,2020-09-29,8.77,8.96,8.46,8.53,8.77,-0.24,-2.7366,108588.97,93851.628,2023-08-01
300820.SZ,2020-09-29,52.3,53.18,51.21,52.1,51.72,0.38,0.7347,6299.5,32954.604,2023-08-01
300376.SZ,2020-09-29,9.13,9.19,8.6,8.99,8.92,0.07,0.7848,992388.27,888581.535,2023-08-01
300419.SZ,2020-09-29,7.41,7.47,7.27,7.47,7.36,0.11,1.4946,81713.18,60351.88,2023-08-01
002171.SZ,2020-09-29,9.3,10.02,9.23,9.89,9.2,0.69,7.5,406071.98,395811.006,2023-08-01
002167.SZ,2020-09-29,5.61,5.73,5.6,5.66,5.59,0.07,1.2522,32949.38,18719.038,2023-08-01
002175.SZ,2020-09-29,1.3,1.33,1.29,1.31,1.29,0.02,1.5504,43179.65,5672.452,2023-08-01
002728.SZ,2020-09-29,13.44,13.52,13.32,13.34,13.41,-0.07,-0.522,4990.02,6687.823,2023-08-01
002724.SZ,2020-09-29,6.96,7.34,6.96,7.2,6.92,0.28,4.0462,56933.55,40570.245,2023-08-01
002726.SZ,2020-09-29,9.98,10.2,9.88,10.13,9.98,0.15,1.503,137727.04,139002.121,2023-08-01
300380.SZ,2020-09-29,21.47,22.08,21.29,21.8,21.35,0.45,2.1077,21499.46,46760.363,2023-08-01
603005.SH,2020-09-29,62.99,64.8,62.99,63.59,62.6,0.99,1.5815,41289.37,264186.324,2023-08-01
300365.SZ,2020-09-29,10.8,11.46,10.68,11.11,10.7,0.41,3.8318,99322.01,110584.32,2023-08-01
300399.SZ,2020-09-29,20.05,20.28,19.8,19.95,19.77,0.18,0.9105,37239.67,74702.485,2023-08-01
300359.SZ,2020-09-29,7.23,7.4,7.15,7.3,7.17,0.13,1.8131,128609.96,93759.074,2023-08-01
300379.SZ,2020-09-29,36.11,37.22,36.11,36.91,35.63,1.28,3.5925,55175.55,202977.083,2023-08-01
603100.SH,2020-09-29,9.42,9.57,9.38,9.53,9.41,0.12,1.2752,13954.48,13239.644,2023-08-01
601326.SH,2020-09-29,2.58,2.61,2.55,2.59,2.58,0.01,0.3876,66362.63,17131.961,2023-08-01
002905.SZ,2020-09-29,11.26,11.28,11.08,11.14,11.24,-0.1,-0.8897,28713.63,32070.753,2023-08-01
002712.SZ,2020-09-29,7.45,7.45,7.45,7.45,8.28,-0.83,-10.0242,3278.0,2442.11,2023-08-01
002165.SZ,2020-09-29,5.75,6.28,5.75,6.28,5.71,0.57,9.9825,198842.96,120790.237,2023-08-01
002192.SZ,2020-09-29,16.06,16.75,16.06,16.17,15.96,0.21,1.3158,13846.0,22632.265,2023-08-01
300386.SZ,2020-09-29,25.29,26.22,24.84,25.74,24.89,0.85,3.415,127149.42,326692.155,2023-08-01
300405.SZ,2020-09-29,11.38,11.46,10.73,10.82,11.22,-0.4,-3.5651,245053.83,270384.432,2023-08-01
300387.SZ,2020-09-29,9.21,9.3,9.12,9.21,9.15,0.06,0.6557,27918.6,25793.742,2023-08-01
300378.SZ,2020-09-29,27.15,28.02,26.65,27.55,26.9,0.65,2.4164,46688.03,128009.301,2023-08-01
002773.SZ,2020-09-29,44.64,45.5,44.07,45.24,44.55,0.69,1.5488,27328.17,122801.266,2023-08-01
300390.SZ,2020-09-29,14.79,15.42,14.75,15.18,14.76,0.42,2.8455,95288.66,144315.655,2023-08-01
603099.SH,2020-09-29,8.4,8.45,8.27,8.35,8.37,-0.02,-0.2389,10175.0,8515.87,2023-08-01
603111.SH,2020-09-29,6.35,6.43,6.32,6.37,6.35,0.02,0.315,24418.0,15538.419,2023-08-01
002166.SZ,2020-09-29,8.31,8.36,8.12,8.2,8.31,-0.11,-1.3237,83221.08,68587.555,2023-08-01
002360.SZ,2020-09-29,5.97,6.09,5.84,5.99,5.98,0.01,0.1672,69234.65,41246.912,2023-08-01
002281.SZ,2020-09-29,34.03,35.18,33.9,35.1,33.6,1.5,4.4643,121951.14,423537.974,2023-08-01
002174.SZ,2020-09-29,17.95,18.16,17.89,17.93,17.88,0.05,0.2796,69528.68,125221.586,2023-08-01
002173.SZ,2020-09-29,6.52,6.68,6.35,6.55,6.45,0.1,1.5504,24702.82,16141.612,2023-08-01
601169.SH,2020-09-29,4.74,4.74,4.71,4.71,4.72,-0.01,-0.2119,210143.93,99269.92,2023-08-01
002329.SZ,2020-09-29,5.81,5.89,5.75,5.85,5.81,0.04,0.6885,52523.03,30518.099,2023-08-01
300851.SZ,2020-09-29,43.3,44.0,43.3,43.39,43.01,0.38,0.8835,3609.36,15761.989,2023-08-01
300798.SZ,2020-09-29,14.04,14.37,13.91,14.15,13.98,0.17,1.216,19850.26,28174.65,2023-08-01
603786.SH,2020-09-29,69.7,69.7,68.03,68.64,68.85,-0.21,-0.305,3898.44,26791.625,2023-08-01
002957.SZ,2020-09-29,23.8,23.93,23.36,23.79,23.74,0.05,0.2106,7820.92,18560.542,2023-08-01
688300.SH,2020-09-29,50.3,51.4,50.05,50.98,50.21,0.77,1.5336,2708.95,13792.979,2023-08-01
603982.SH,2020-09-29,16.3,16.38,16.13,16.16,16.13,0.03,0.186,13149.0,21363.721,2023-08-01
603212.SH,2020-09-29,29.68,30.16,29.51,29.75,29.6,0.15,0.5068,12792.32,38031.994,2023-08-01
603530.SH,2020-09-29,21.77,22.22,21.77,22.03,21.75,0.28,1.2874,6005.0,13233.773,2023-08-01
603956.SH,2020-09-29,18.01,18.65,17.71,18.47,18.01,0.46,2.5541,18251.0,33354.406,2023-08-01
603867.SH,2020-09-29,27.63,27.97,27.18,27.21,27.63,-0.42,-1.5201,42123.68,115847.384,2023-08-01
300765.SZ,2020-09-29,21.0,21.48,20.76,21.34,20.88,0.46,2.2031,22376.51,47542.721,2023-08-01
603236.SH,2020-09-29,188.96,194.95,187.88,191.95,187.63,4.32,2.3024,12899.63,247582.146,2023-08-01
601698.SH,2020-09-29,18.93,19.49,18.87,19.38,18.87,0.51,2.7027,98341.93,189933.805,2023-08-01
603927.SH,2020-09-29,42.18,43.46,41.47,43.41,41.91,1.5,3.5791,33968.05,144885.672,2023-08-01
600989.SH,2020-09-29,10.59,10.69,10.49,10.62,10.53,0.09,0.8547,119748.95,127167.585,2023-08-01
300824.SZ,2020-09-29,28.58,29.29,27.8,28.64,28.2,0.44,1.5603,27524.04,79005.102,2023-08-01
603687.SH,2020-09-29,11.84,11.97,11.75,11.81,11.71,0.1,0.854,8019.07,9502.474,2023-08-01
603327.SH,2020-09-29,24.42,24.45,24.14,24.16,24.14,0.02,0.0829,8101.14,19666.077,2023-08-01
603115.SH,2020-09-29,16.55,16.79,16.26,16.62,16.51,0.11,0.6663,34224.26,56611.852,2023-08-01
601077.SH,2020-09-29,5.02,5.03,5.0,5.0,5.01,-0.01,-0.1996,72439.6,36330.271,2023-08-01
601138.SH,2020-09-29,13.32,13.69,13.3,13.56,13.28,0.28,2.1084,341770.27,464058.56,2023-08-01
601615.SH,2020-09-29,15.45,15.57,15.0,15.38,15.26,0.12,0.7864,136924.34,210880.009,2023-08-01
300782.SZ,2020-09-29,368.0,374.86,366.0,367.02,365.5,1.52,0.4159,11693.59,433014.073,2023-08-01
603992.SH,2020-09-29,15.31,15.5,15.2,15.32,15.3,0.02,0.1307,6876.0,10563.528,2023-08-01
002984.SZ,2020-09-29,22.66,23.56,22.66,23.02,22.66,0.36,1.5887,57623.12,133972.474,2023-08-01
300792.SZ,2020-09-29,132.0,137.88,130.01,136.43,132.07,4.36,3.3013,9984.3,135833.667,2023-08-01
002962.SZ,2020-09-29,21.6,21.88,21.48,21.73,21.49,0.24,1.1168,11287.9,24501.303,2023-08-01
002933.SZ,2020-09-29,37.82,39.15,37.82,39.09,37.93,1.16,3.0583,19192.59,74398.307,2023-08-01
300790.SZ,2020-09-29,20.97,21.09,20.72,20.74,20.73,0.01,0.0482,9463.0,19760.597,2023-08-01
002959.SZ,2020-09-29,119.0,126.49,117.2,126.16,118.35,7.81,6.5991,20656.01,252906.392,2023-08-01
300796.SZ,2020-09-29,20.95,21.54,20.83,21.15,20.95,0.2,0.9547,9920.0,21081.478,2023-08-01
603815.SH,2020-09-29,16.07,16.75,15.84,16.4,15.91,0.49,3.0798,17128.49,28053.483,2023-08-01
603551.SH,2020-09-29,15.75,15.91,15.63,15.82,15.66,0.16,1.0217,9861.0,15583.386,2023-08-01
002955.SZ,2020-09-29,26.63,26.87,26.45,26.54,26.63,-0.09,-0.338,7894.93,21039.047,2023-08-01
603995.SH,2020-09-29,30.9,31.23,30.63,31.03,30.66,0.37,1.2068,8399.39,26019.647,2023-08-01
300793.SZ,2020-09-29,22.82,22.9,22.43,22.45,22.61,-0.16,-0.7077,15522.6,35061.172,2023-08-01
003816.SZ,2020-09-29,2.85,2.87,2.84,2.85,2.84,0.01,0.3521,152268.4,43479.086,2023-08-01
603053.SH,2020-09-29,14.44,14.45,14.32,14.33,14.33,0.0,0.0,13475.0,19382.203,2023-08-01
300805.SZ,2020-09-29,21.35,21.66,21.2,21.27,21.27,0.0,0.0,16113.08,34488.619,2023-08-01
002963.SZ,2020-09-29,23.78,24.03,23.55,23.6,23.76,-0.16,-0.6734,5776.0,13720.592,2023-08-01
002973.SZ,2020-09-29,24.3,24.78,24.29,24.41,24.31,0.1,0.4114,14424.62,35398.256,2023-08-01
300860.SZ,2020-09-29,135.07,135.89,133.6,133.79,133.98,-0.19,-0.1418,6084.32,81898.144,2023-08-01
300797.SZ,2020-09-29,17.25,17.62,16.96,17.31,17.3,0.01,0.0578,44480.38,77122.199,2023-08-01
002968.SZ,2020-09-29,57.11,57.5,56.3,56.62,56.51,0.11,0.1947,1794.76,10187.047,2023-08-01
603390.SH,2020-09-29,12.49,12.54,12.34,12.43,12.36,0.07,0.5663,17812.31,22165.345,2023-08-01
000030.SZ,2020-09-29,6.73,6.83,6.57,6.7,6.67,0.03,0.4498,86037.6,57713.194,2023-08-01
000031.SZ,2020-09-29,4.77,4.79,4.66,4.68,4.77,-0.09,-1.8868,121678.0,57324.441,2023-08-01
000032.SZ,2020-09-29,20.74,20.98,20.47,20.5,20.72,-0.22,-1.0618,21515.36,44509.68,2023-08-01
000034.SZ,2020-09-29,23.48,25.18,23.08,24.96,22.89,2.07,9.0433,240255.45,587755.87,2023-08-01
000035.SZ,2020-09-29,4.71,4.78,4.7,4.74,4.71,0.03,0.6369,61538.32,29187.259,2023-08-01
000036.SZ,2020-09-29,3.99,4.03,3.99,4.0,4.0,0.0,0.0,40544.52,16255.159,2023-08-01
000037.SZ,2020-09-29,14.89,15.12,14.5,14.64,14.85,-0.21,-1.4141,25360.45,37383.018,2023-08-01
000038.SZ,2020-09-29,11.45,11.56,11.36,11.45,11.4,0.05,0.4386,30721.61,35275.226,2023-08-01
000039.SZ,2020-09-29,8.97,9.07,8.88,8.93,8.96,-0.03,-0.3348,56513.24,50613.243,2023-08-01
000040.SZ,2020-09-29,3.13,3.17,3.11,3.13,3.12,0.01,0.3205,172725.94,54228.55,2023-08-01
000042.SZ,2020-09-29,9.28,9.38,9.26,9.35,9.28,0.07,0.7543,11993.71,11166.693,2023-08-01
001914.SZ,2020-09-29,26.61,27.25,26.3,26.4,26.35,0.05,0.1898,50580.82,134822.04,2023-08-01
000045.SZ,2020-09-29,8.0,8.05,7.87,8.0,7.91,0.09,1.1378,26496.77,21115.396,2023-08-01
000046.SZ,2020-09-29,4.38,4.41,4.28,4.29,4.36,-0.07,-1.6055,147911.39,64238.708,2023-08-01
000048.SZ,2020-09-29,38.83,39.08,38.14,38.38,38.34,0.04,0.1043,29731.4,114777.018,2023-08-01
000049.SZ,2020-09-29,48.33,49.49,48.33,49.39,48.28,1.11,2.2991,12504.81,61481.465,2023-08-01
000050.SZ,2020-09-29,14.88,15.04,14.82,14.83,14.76,0.07,0.4743,105678.0,157729.239,2023-08-01
000055.SZ,2020-09-29,4.66,4.74,4.66,4.71,4.66,0.05,1.073,48858.47,22976.006,2023-08-01
000056.SZ,2020-09-29,3.32,3.32,3.26,3.27,3.29,-0.02,-0.6079,60129.54,19767.176,2023-08-01
000058.SZ,2020-09-29,7.91,8.25,7.67,8.13,7.98,0.15,1.8797,186600.03,148540.185,2023-08-01
000059.SZ,2020-09-29,4.82,4.84,4.8,4.83,4.79,0.04,0.8351,30901.84,14912.492,2023-08-01
000060.SZ,2020-09-29,4.18,4.23,4.16,4.17,4.16,0.01,0.2404,133168.94,55833.78,2023-08-01
000061.SZ,2020-09-29,7.1,7.35,7.1,7.31,7.09,0.22,3.103,72638.99,52781.125,2023-08-01
000062.SZ,2020-09-29,13.37,13.7,13.37,13.44,13.32,0.12,0.9009,30697.48,41540.103,2023-08-01
000063.SZ,2020-09-29,32.73,33.18,32.67,32.91,32.59,0.32,0.9819,252184.27,831631.73,2023-08-01
000065.SZ,2020-09-29,7.48,7.57,7.48,7.51,7.48,0.03,0.4011,13487.0,10152.114,2023-08-01
000066.SZ,2020-09-29,16.23,16.48,16.07,16.27,16.05,0.22,1.3707,248642.12,405570.286,2023-08-01
000068.SZ,2020-09-29,3.12,3.26,3.12,3.19,3.18,0.01,0.3145,89786.57,28677.265,2023-08-01
000069.SZ,2020-09-29,6.88,6.92,6.78,6.78,6.9,-0.12,-1.7391,266269.6,182488.71,2023-08-01
000070.SZ,2020-09-29,9.7,9.94,9.7,9.71,9.61,0.1,1.0406,75961.07,74421.445,2023-08-01
000078.SZ,2020-09-29,4.12,4.16,4.07,4.12,4.12,0.0,0.0,135970.8,56046.543,2023-08-01
000088.SZ,2020-09-29,6.88,7.03,6.59,6.93,6.73,0.2,2.9718,282507.03,194096.983,2023-08-01
000089.SZ,2020-09-29,8.77,8.82,8.73,8.73,8.76,-0.03,-0.3425,91519.54,80224.7,2023-08-01
000090.SZ,2020-09-29,6.95,7.07,6.9,7.02,6.94,0.08,1.1527,128070.8,89730.144,2023-08-01
000096.SZ,2020-09-29,10.6,10.77,10.53,10.54,10.57,-0.03,-0.2838,12326.76,13079.549,2023-08-01
000099.SZ,2020-09-29,7.34,7.61,7.34,7.46,7.29,0.17,2.332,51027.93,38231.052,2023-08-01
000150.SZ,2020-09-29,3.51,3.52,3.45,3.48,3.55,-0.07,-1.9718,65501.23,22838.529,2023-08-01
000151.SZ,2020-09-29,9.0,9.06,8.8,8.93,8.86,0.07,0.7901,24652.47,22015.392,2023-08-01
000153.SZ,2020-09-29,9.03,9.09,8.95,8.96,9.01,-0.05,-0.5549,60133.04,54144.516,2023-08-01
000155.SZ,2020-09-29,4.6,4.71,4.55,4.61,4.51,0.1,2.2173,99771.0,46379.011,2023-08-01
000156.SZ,2020-09-29,9.86,10.06,9.86,9.97,9.87,0.1,1.0132,43710.29,43642.852,2023-08-01
000157.SZ,2020-09-29,8.12,8.12,7.97,8.01,8.05,-0.04,-0.4969,403107.68,323516.688,2023-08-01
000158.SZ,2020-09-29,7.53,7.73,7.5,7.61,7.5,0.11,1.4667,140507.47,107269.918,2023-08-01
000159.SZ,2020-09-29,5.87,5.89,5.69,5.78,5.75,0.03,0.5217,120776.84,70098.937,2023-08-01
600744.SH,2020-09-29,2.39,2.43,2.39,2.4,2.39,0.01,0.4184,26143.43,6292.307,2023-08-01
600745.SH,2020-09-29,120.47,120.88,118.3,118.72,119.62,-0.9,-0.7524,67674.2,808482.236,2023-08-01
600746.SH,2020-09-29,5.99,6.09,5.99,6.04,6.0,0.04,0.6667,11298.76,6839.929,2023-08-01
600748.SH,2020-09-29,5.72,5.77,5.64,5.7,5.72,-0.02,-0.3497,131620.82,74943.952,2023-08-01
600749.SH,2020-09-29,9.91,9.96,9.7,9.87,9.95,-0.08,-0.804,18648.03,18339.15,2023-08-01
600750.SH,2020-09-29,11.59,11.77,11.55,11.72,11.58,0.14,1.209,37522.35,43834.006,2023-08-01
600751.SH,2020-09-29,3.97,3.99,3.91,3.92,3.94,-0.02,-0.5076,442052.61,174503.402,2023-08-01
600753.SH,2020-09-29,14.5,15.1,13.99,14.68,14.39,0.29,2.0153,25534.24,37048.428,2023-08-01
600754.SH,2020-09-29,40.93,41.32,40.15,41.0,40.94,0.06,0.1466,42090.71,171865.658,2023-08-01
600755.SH,2020-09-29,6.81,6.87,6.79,6.8,6.81,-0.01,-0.1468,71022.0,48495.317,2023-08-01
600756.SH,2020-09-29,17.78,17.9,17.67,17.67,17.63,0.04,0.2269,19616.26,34885.313,2023-08-01
600757.SH,2020-09-29,5.5,5.58,5.5,5.52,5.48,0.04,0.7299,48892.46,27085.819,2023-08-01
600758.SH,2020-09-29,3.2,3.22,3.2,3.21,3.21,0.0,0.0,41655.13,13363.795,2023-08-01
600759.SH,2020-09-29,1.97,2.0,1.96,1.98,1.97,0.01,0.5076,79859.0,15818.909,2023-08-01
600760.SH,2020-09-29,54.9,57.78,54.59,57.31,54.1,3.21,5.9335,204306.17,1159214.054,2023-08-01
600761.SH,2020-09-29,13.33,13.55,13.19,13.24,13.27,-0.03,-0.2261,52849.35,70445.18,2023-08-01
600763.SH,2020-09-29,196.71,205.97,196.1,204.0,195.58,8.42,4.3051,21844.41,439757.265,2023-08-01
600764.SH,2020-09-29,37.4,39.45,37.19,38.49,36.99,1.5,4.0552,62293.3,240353.006,2023-08-01
600765.SH,2020-09-29,13.9,14.63,13.88,14.34,13.93,0.41,2.9433,155220.81,222423.356,2023-08-01
600767.SH,2020-09-29,3.58,3.59,3.5,3.5,3.55,-0.05,-1.4085,17489.03,6173.797,2023-08-01
600768.SH,2020-09-29,9.64,9.8,9.58,9.71,9.58,0.13,1.357,15094.0,14668.01,2023-08-01
600769.SH,2020-09-29,6.03,6.04,5.93,6.0,6.0,0.0,0.0,15756.68,9434.104,2023-08-01
600770.SH,2020-09-29,5.93,6.06,5.91,5.93,5.9,0.03,0.5085,108082.72,64683.085,2023-08-01
600771.SH,2020-09-29,15.8,15.95,15.66,15.85,15.76,0.09,0.5711,44846.05,70921.152,2023-08-01
600773.SH,2020-09-29,5.86,5.91,5.82,5.86,5.84,0.02,0.3425,28610.0,16807.24,2023-08-01
600774.SH,2020-09-29,11.92,11.99,11.3,11.62,11.92,-0.3,-2.5168,10968.65,12734.552,2023-08-01
600775.SH,2020-09-29,7.58,7.73,7.57,7.62,7.56,0.06,0.7937,24490.78,18752.29,2023-08-01
600776.SH,2020-09-29,12.73,13.4,12.63,12.91,12.57,0.34,2.7049,82531.05,107456.927,2023-08-01
600777.SH,2020-09-29,1.67,1.68,1.65,1.66,1.67,-0.01,-0.5988,424532.61,70856.564,2023-08-01
600778.SH,2020-09-29,5.19,5.21,5.06,5.13,5.1,0.03,0.5882,47199.56,24288.258,2023-08-01
600779.SH,2020-09-29,64.95,65.66,64.0,64.23,64.96,-0.73,-1.1238,20525.54,133087.739,2023-08-01
600780.SH,2020-09-29,3.27,3.29,3.27,3.28,3.27,0.01,0.3058,13004.0,4265.556,2023-08-01
600781.SH,2020-09-29,3.91,4.01,3.91,3.99,3.92,0.07,1.7857,35584.28,14090.621,2023-08-01
600782.SH,2020-09-29,4.05,4.09,4.04,4.07,4.04,0.03,0.7426,120553.81,49092.812,2023-08-01
600783.SH,2020-09-29,15.18,15.35,15.11,15.11,15.12,-0.01,-0.0661,20061.81,30552.893,2023-08-01
600784.SH,2020-09-29,5.32,5.43,5.27,5.27,5.3,-0.03,-0.566,30856.96,16512.878,2023-08-01
600785.SH,2020-09-29,15.1,15.29,15.06,15.19,15.11,0.08,0.5295,6061.52,9214.615,2023-08-01
600787.SH,2020-09-29,4.67,4.76,4.65,4.68,4.65,0.03,0.6452,54902.27,25802.742,2023-08-01
600789.SH,2020-09-29,9.19,9.24,9.01,9.14,9.18,-0.04,-0.4357,150634.61,137594.764,2023-08-01
600790.SH,2020-09-29,3.19,3.21,3.18,3.19,3.18,0.01,0.3145,52128.57,16675.31,2023-08-01
600791.SH,2020-09-29,4.02,4.09,3.98,4.04,3.99,0.05,1.2531,26129.0,10576.655,2023-08-01
600792.SH,2020-09-29,2.94,2.94,2.89,2.91,2.94,-0.03,-1.0204,26407.94,7670.208,2023-08-01
600793.SH,2020-09-29,10.98,11.03,10.78,10.88,10.98,-0.1,-0.9107,9349.42,10157.44,2023-08-01
600794.SH,2020-09-29,3.4,3.42,3.36,3.36,3.38,-0.02,-0.5917,93043.0,31449.843,2023-08-01
002438.SZ,2020-09-29,11.6,11.74,11.47,11.6,11.5,0.1,0.8696,31544.01,36585.239,2023-08-01
300002.SZ,2020-09-29,5.61,5.74,5.58,5.66,5.58,0.08,1.4337,217597.15,123505.853,2023-08-01
601633.SH,2020-09-29,18.5,18.6,17.4,18.01,18.31,-0.3,-1.6384,318178.69,567751.136,2023-08-01
002277.SZ,2020-09-29,4.5,4.51,4.44,4.48,4.45,0.03,0.6742,124117.47,55592.845,2023-08-01
002278.SZ,2020-09-29,7.2,7.2,6.83,6.85,7.07,-0.22,-3.1117,54454.23,37958.731,2023-08-01
601727.SH,2020-09-29,5.07,5.11,5.03,5.06,5.04,0.02,0.3968,187355.58,95018.356,2023-08-01
002461.SZ,2020-09-29,9.47,9.68,9.43,9.57,9.47,0.1,1.056,48632.64,46553.983,2023-08-01
002599.SZ,2020-09-29,4.22,4.27,4.17,4.18,4.17,0.01,0.2398,23327.4,9832.812,2023-08-01
002279.SZ,2020-09-29,6.13,6.21,6.12,6.13,6.12,0.01,0.1634,30793.71,18988.244,2023-08-01
002280.SZ,2020-09-29,1.44,1.44,1.39,1.4,1.38,0.02,1.4493,412121.46,58383.051,2023-08-01
002285.SZ,2020-09-29,6.48,7.0,6.33,6.86,6.43,0.43,6.6874,679845.69,457789.458,2023-08-01
002286.SZ,2020-09-29,14.6,14.75,14.12,14.24,14.5,-0.26,-1.7931,117153.85,168655.734,2023-08-01
002287.SZ,2020-09-29,25.5,25.78,23.92,25.35,25.92,-0.57,-2.1991,76810.18,191183.877,2023-08-01
002289.SZ,2020-09-29,11.6,11.74,11.41,11.64,11.47,0.17,1.4821,17894.5,20783.659,2023-08-01
002290.SZ,2020-09-29,4.96,4.96,4.88,4.89,4.9,-0.01,-0.2041,8739.31,4293.41,2023-08-01
002300.SZ,2020-09-29,6.15,6.24,6.13,6.21,6.13,0.08,1.3051,29500.85,18274.345,2023-08-01
002291.SZ,2020-09-29,20.0,20.45,19.74,19.76,19.95,-0.19,-0.9524,179038.61,358669.875,2023-08-01
002292.SZ,2020-09-29,6.73,7.39,6.66,7.12,6.72,0.4,5.9524,476292.2,338568.46,2023-08-01
002293.SZ,2020-09-29,10.64,10.96,10.6,10.82,10.69,0.13,1.2161,19700.9,21378.728,2023-08-01
002294.SZ,2020-09-29,34.6,35.78,34.4,34.73,34.45,0.28,0.8128,45310.39,158578.362,2023-08-01
600999.SH,2020-09-29,21.8,22.1,21.64,21.88,21.77,0.11,0.5053,286354.05,626535.369,2023-08-01
002297.SZ,2020-09-29,7.08,7.34,7.08,7.24,7.08,0.16,2.2599,74779.01,54084.933,2023-08-01
002298.SZ,2020-09-29,10.86,11.04,10.8,11.04,10.79,0.25,2.317,112786.02,123369.158,2023-08-01
002506.SZ,2020-09-29,3.84,3.85,3.66,3.71,3.8,-0.09,-2.3684,2165649.83,813230.301,2023-08-01
601888.SH,2020-09-29,224.0,226.94,220.0,224.3,224.9,-0.6,-0.2668,93855.51,2098176.738,2023-08-01
002299.SZ,2020-09-29,21.8,22.29,21.78,22.22,21.77,0.45,2.0671,60156.0,133143.237,2023-08-01
002489.SZ,2020-09-29,4.36,4.43,4.36,4.38,4.35,0.03,0.6897,93882.74,41259.158,2023-08-01
002301.SZ,2020-09-29,14.45,14.77,14.2,14.56,14.45,0.11,0.7612,53097.02,77198.04,2023-08-01
601989.SH,2020-09-29,4.31,4.4,4.31,4.35,4.3,0.05,1.1628,570219.02,248682.01,2023-08-01
002306.SZ,2020-09-29,2.75,2.75,2.69,2.69,2.72,-0.03,-1.1029,9925.0,2675.421,2023-08-01
002365.SZ,2020-09-29,11.63,11.84,11.5,11.73,11.63,0.1,0.8598,24975.12,29235.096,2023-08-01
002302.SZ,2020-09-29,9.78,9.88,9.65,9.78,9.78,0.0,0.0,166853.5,162914.445,2023-08-01
002315.SZ,2020-09-29,18.52,18.68,18.3,18.5,18.38,0.12,0.6529,64126.23,118646.589,2023-08-01
002305.SZ,2020-09-29,2.46,2.48,2.44,2.46,2.46,0.0,0.0,72000.12,17670.559,2023-08-01
002303.SZ,2020-09-29,4.51,4.6,4.47,4.56,4.49,0.07,1.559,66263.03,30155.591,2023-08-01
002308.SZ,2020-09-29,6.32,6.54,6.31,6.42,6.31,0.11,1.7433,63438.22,40937.056,2023-08-01
002756.SZ,2020-09-29,16.23,16.56,16.23,16.41,16.23,0.18,1.1091,11270.44,18520.412,2023-08-01
002310.SZ,2020-09-29,4.67,4.74,4.65,4.69,4.65,0.04,0.8602,97447.83,45794.731,2023-08-01
002309.SZ,2020-09-29,6.45,6.48,6.28,6.41,6.4,0.01,0.1563,168069.76,107132.326,2023-08-01
002311.SZ,2020-09-29,59.41,60.94,58.5,60.16,58.4,1.76,3.0137,86435.34,520528.878,2023-08-01
002523.SZ,2020-09-29,2.6,2.62,2.58,2.6,2.59,0.01,0.3861,39873.52,10365.946,2023-08-01
002312.SZ,2020-09-29,6.23,6.28,5.99,6.2,6.23,-0.03,-0.4815,269566.14,164091.882,2023-08-01
002839.SZ,2020-09-29,6.01,6.05,6.0,6.0,6.01,-0.01,-0.1664,100546.0,60545.023,2023-08-01
601618.SH,2020-09-29,2.71,2.72,2.66,2.68,2.71,-0.03,-1.107,408431.12,109881.247,2023-08-01
002313.SZ,2020-09-29,15.38,15.42,15.24,15.27,15.38,-0.11,-0.7152,10780.63,16533.651,2023-08-01
300235.SZ,2020-09-29,15.2,15.6,15.1,15.37,15.07,0.3,1.9907,35643.64,55016.223,2023-08-01
300084.SZ,2020-09-29,4.62,4.8,4.55,4.74,4.59,0.15,3.268,95052.0,44761.416,2023-08-01
002444.SZ,2020-09-29,20.41,20.41,19.33,19.35,20.41,-1.06,-5.1935,222395.33,434750.485,2023-08-01
002492.SZ,2020-09-29,5.59,5.64,5.53,5.61,5.56,0.05,0.8993,25034.55,14016.236,2023-08-01
002466.SZ,2020-09-29,20.36,21.09,20.33,20.35,19.91,0.44,2.2099,326884.03,672534.935,2023-08-01
002445.SZ,2020-09-29,2.12,2.13,2.07,2.07,2.11,-0.04,-1.8957,50800.6,10650.851,2023-08-01
300238.SZ,2020-09-29,25.31,25.67,24.13,24.73,25.62,-0.89,-3.4738,101852.53,252941.63,2023-08-01
601118.SH,2020-09-29,4.92,5.1,4.92,5.06,4.92,0.14,2.8455,225277.17,113588.919,2023-08-01
002449.SZ,2020-09-29,11.15,11.3,11.1,11.16,11.08,0.08,0.722,64089.25,71756.315,2023-08-01
300086.SZ,2020-09-29,6.73,7.24,6.65,7.05,6.72,0.33,4.9107,230402.68,161680.012,2023-08-01
300101.SZ,2020-09-29,14.85,15.95,14.77,15.91,14.66,1.25,8.5266,303700.61,469410.269,2023-08-01
300091.SZ,2020-09-29,5.62,5.76,5.34,5.69,5.54,0.15,2.7076,827635.16,463004.965,2023-08-01
300081.SZ,2020-09-29,8.28,8.41,8.22,8.3,8.2,0.1,1.2195,45723.45,38073.341,2023-08-01
002458.SZ,2020-09-29,11.96,12.87,11.95,12.39,11.94,0.45,3.7688,136047.32,169438.907,2023-08-01
002451.SZ,2020-09-29,7.28,7.41,7.26,7.34,7.26,0.08,1.1019,26732.01,19626.214,2023-08-01
300272.SZ,2020-09-29,5.39,5.53,5.32,5.48,5.38,0.1,1.8587,58176.58,31587.372,2023-08-01
300088.SZ,2020-09-29,10.13,10.28,10.12,10.13,10.1,0.03,0.297,374237.93,381411.599,2023-08-01
300096.SZ,2020-09-29,10.55,10.83,10.33,10.65,10.47,0.18,1.7192,167426.69,177632.482,2023-08-01
002457.SZ,2020-09-29,8.25,8.31,8.15,8.17,8.2,-0.03,-0.3659,44193.0,36326.662,2023-08-01
002529.SZ,2020-09-29,5.85,5.89,5.78,5.84,5.78,0.06,1.0381,11347.75,6620.678,2023-08-01
601000.SH,2020-09-29,2.51,2.54,2.5,2.51,2.51,0.0,0.0,209046.46,52665.721,2023-08-01
002452.SZ,2020-09-29,6.44,6.58,6.41,6.48,6.42,0.06,0.9346,23832.0,15482.483,2023-08-01
002460.SZ,2020-09-29,53.0,55.3,52.81,54.73,51.5,3.23,6.2718,242829.37,1320110.917,2023-08-01
002454.SZ,2020-09-29,5.57,5.67,5.53,5.61,5.57,0.04,0.7181,37475.98,21027.866,2023-08-01
002453.SZ,2020-09-29,5.17,5.25,5.15,5.19,5.25,-0.06,-1.1429,44910.0,23346.093,2023-08-01
300085.SZ,2020-09-29,24.11,24.49,23.62,23.83,23.53,0.3,1.275,296450.93,712295.849,2023-08-01
601717.SH,2020-09-29,9.24,9.46,9.05,9.16,9.22,-0.06,-0.6508,248458.25,230178.369,2023-08-01
300179.SZ,2020-09-29,7.28,7.53,7.18,7.34,7.24,0.1,1.3812,251716.65,185509.245,2023-08-01
300097.SZ,2020-09-29,12.16,12.39,12.05,12.28,12.09,0.19,1.5715,38827.82,47649.987,2023-08-01
002462.SZ,2020-09-29,14.6,14.68,14.48,14.5,14.54,-0.04,-0.2751,10713.83,15591.617,2023-08-01
002734.SZ,2020-09-29,14.62,14.81,14.56,14.64,14.58,0.06,0.4115,25091.43,36798.248,2023-08-01
002596.SZ,2020-09-29,5.86,6.42,5.84,6.42,5.84,0.58,9.9315,283098.63,177315.964,2023-08-01
002626.SZ,2020-09-29,36.16,36.3,35.35,35.65,35.84,-0.19,-0.5301,85318.6,305304.834,2023-08-01
002601.SZ,2020-09-29,24.2,24.65,23.91,24.12,23.97,0.15,0.6258,124233.52,300385.146,2023-08-01
002600.SZ,2020-09-29,11.09,11.3,11.06,11.15,11.0,0.15,1.3636,329379.17,368735.533,2023-08-01
002597.SZ,2020-09-29,32.26,33.67,32.02,32.36,31.72,0.64,2.0177,59822.93,197280.058,2023-08-01
002598.SZ,2020-09-29,6.52,6.52,6.39,6.45,6.49,-0.04,-0.6163,17461.86,11246.436,2023-08-01
300241.SZ,2020-09-29,7.05,7.27,6.99,7.17,6.97,0.2,2.8694,80443.35,57681.863,2023-08-01
300258.SZ,2020-09-29,15.85,15.85,15.06,15.36,15.73,-0.37,-2.3522,35862.21,55013.01,2023-08-01
300242.SZ,2020-09-29,6.5,6.56,6.41,6.41,6.41,0.0,0.0,130061.0,84209.831,2023-08-01
002607.SZ,2020-09-29,32.73,33.45,31.91,32.68,32.08,0.6,1.8703,75340.65,247462.294,2023-08-01
002602.SZ,2020-09-29,9.8,9.87,9.7,9.73,9.72,0.01,0.1029,289021.59,282308.856,2023-08-01
300243.SZ,2020-09-29,11.27,11.67,11.2,11.44,11.24,0.2,1.7794,21159.06,24234.935,2023-08-01
300244.SZ,2020-09-29,39.2,40.69,39.19,39.78,39.66,0.12,0.3026,52696.22,210843.436,2023-08-01
002603.SZ,2020-09-29,26.3,27.38,25.89,27.09,26.13,0.96,3.6739,175064.91,469108.932,2023-08-01
002176.SZ,2020-09-29,2.07,2.08,2.02,2.04,2.07,-0.03,-1.4493,119163.09,24389.989,2023-08-01
002295.SZ,2020-09-29,7.1,7.21,7.08,7.18,7.1,0.08,1.1268,8119.0,5822.061,2023-08-01
002179.SZ,2020-09-29,44.75,45.84,44.7,45.55,44.59,0.96,2.1529,50370.32,228566.316,2023-08-01
002177.SZ,2020-09-29,5.42,5.48,5.3,5.32,5.33,-0.01,-0.1876,227252.33,122105.605,2023-08-01
002288.SZ,2020-09-29,7.6,7.97,7.5,7.71,7.43,0.28,3.7685,183780.87,142585.257,2023-08-01
002180.SZ,2020-09-29,28.93,29.39,28.77,28.9,28.7,0.2,0.6969,61383.82,178274.107,2023-08-01
601939.SH,2020-09-29,6.19,6.2,6.14,6.14,6.19,-0.05,-0.8078,436192.88,268616.68,2023-08-01
002178.SZ,2020-09-29,4.33,4.37,4.31,4.31,4.32,-0.01,-0.2315,36960.98,15998.465,2023-08-01
601808.SH,2020-09-29,11.68,11.77,11.62,11.75,11.59,0.16,1.3805,34540.49,40423.718,2023-08-01
000333.SZ,2020-09-29,71.0,72.9,71.0,72.45,70.9,1.55,2.1862,233913.59,1692268.567,2023-08-01
601068.SH,2020-09-29,3.71,3.74,3.66,3.71,3.69,0.02,0.542,34341.07,12736.622,2023-08-01
601811.SH,2020-09-29,10.73,10.85,10.61,10.62,10.77,-0.15,-1.3928,16704.68,17881.474,2023-08-01
600023.SH,2020-09-29,3.68,3.73,3.67,3.72,3.68,0.04,1.087,165418.04,61420.536,2023-08-01
603069.SH,2020-09-29,27.02,27.72,25.94,26.79,27.72,-0.93,-3.355,206799.4,554348.255,2023-08-01
603158.SH,2020-09-29,20.6,20.83,20.15,20.62,20.45,0.17,0.8313,13239.37,27265.627,2023-08-01
002801.SZ,2020-09-29,31.2,31.68,31.08,31.65,31.33,0.32,1.0214,15467.9,48655.746,2023-08-01
603309.SH,2020-09-29,13.9,14.41,13.81,14.21,13.75,0.46,3.3455,26944.1,38201.644,2023-08-01
603117.SH,2020-09-29,3.68,3.71,3.65,3.65,3.66,-0.01,-0.2732,24226.77,8923.923,2023-08-01
603979.SH,2020-09-29,10.44,10.69,10.41,10.51,10.43,0.08,0.767,28401.55,29999.85,2023-08-01
603997.SH,2020-09-29,7.35,7.45,7.35,7.41,7.38,0.03,0.4065,29058.5,21541.283,2023-08-01
002798.SZ,2020-09-29,27.04,27.54,26.95,27.38,27.22,0.16,0.5878,43448.6,118472.852,2023-08-01
002802.SZ,2020-09-29,26.07,26.4,25.05,25.22,26.18,-0.96,-3.6669,14874.07,38092.906,2023-08-01
601595.SH,2020-09-29,13.64,13.64,13.32,13.36,13.54,-0.18,-1.3294,24982.2,33493.81,2023-08-01
603389.SH,2020-09-29,3.92,3.94,3.88,3.9,3.91,-0.01,-0.2558,5547.2,2164.299,2023-08-01
603611.SH,2020-09-29,17.71,17.87,17.59,17.79,17.58,0.21,1.1945,17573.59,31197.001,2023-08-01
603843.SH,2020-09-29,4.38,4.44,4.35,4.36,4.38,-0.02,-0.4566,33135.2,14571.323,2023-08-01
603010.SH,2020-09-29,20.62,21.38,20.21,21.03,20.47,0.56,2.7357,67440.69,141704.692,2023-08-01
603988.SH,2020-09-29,13.41,13.9,13.29,13.71,13.46,0.25,1.8574,48803.33,66711.781,2023-08-01
002796.SZ,2020-09-29,16.05,16.28,16.02,16.14,16.03,0.11,0.6862,13311.94,21527.026,2023-08-01
300579.SZ,2020-09-29,48.96,50.57,48.72,49.94,48.72,1.22,2.5041,25098.69,125218.517,2023-08-01
300521.SZ,2020-09-29,24.33,24.76,23.84,24.27,24.1,0.17,0.7054,14494.2,35349.385,2023-08-01
300491.SZ,2020-09-29,14.64,15.39,14.56,15.22,14.6,0.62,4.2466,54961.84,82743.546,2023-08-01
300596.SZ,2020-09-29,31.55,32.16,31.55,31.65,31.49,0.16,0.5081,11168.0,35568.795,2023-08-01
300435.SZ,2020-09-29,13.04,13.22,12.81,13.06,12.91,0.15,1.1619,44975.6,58695.131,2023-08-01
300527.SZ,2020-09-29,10.71,12.72,10.71,12.72,10.6,2.12,20.0,489107.67,602161.178,2023-08-01
300476.SZ,2020-09-29,20.3,20.43,20.08,20.21,20.07,0.14,0.6976,34097.29,68966.292,2023-08-01
300475.SZ,2020-09-29,11.48,11.75,11.15,11.24,11.2,0.04,0.3571,41620.4,47280.16,2023-08-01
300438.SZ,2020-09-29,16.85,17.18,16.81,16.9,16.65,0.25,1.5015,49054.79,83314.347,2023-08-01
300393.SZ,2020-09-29,9.18,9.24,8.8,9.01,9.15,-0.14,-1.5301,283785.61,256632.956,2023-08-01
002757.SZ,2020-09-29,20.69,20.93,20.43,20.55,20.59,-0.04,-0.1943,24640.06,50946.915,2023-08-01
300430.SZ,2020-09-29,9.07,9.3,8.66,9.3,9.06,0.24,2.649,93955.18,84299.484,2023-08-01
002800.SZ,2020-09-29,21.41,21.89,20.95,21.58,21.3,0.28,1.3146,11261.43,24202.395,2023-08-01
603889.SH,2020-09-29,5.09,5.14,5.09,5.11,5.09,0.02,0.3929,10109.6,5172.957,2023-08-01
300421.SZ,2020-09-29,7.22,7.36,7.16,7.33,7.18,0.15,2.0891,41862.8,30471.323,2023-08-01
002739.SZ,2020-09-29,17.22,17.34,16.98,17.11,17.19,-0.08,-0.4654,95763.85,163782.321,2023-08-01
603719.SH,2020-09-29,60.7,62.94,60.0,62.51,60.6,1.91,3.1518,14661.02,91107.564,2023-08-01
002969.SZ,2020-09-29,7.02,7.18,6.94,7.06,7.02,0.04,0.5698,74860.88,52938.649,2023-08-01
300869.SZ,2020-09-29,113.15,113.8,102.44,105.4,112.62,-7.22,-6.4109,100378.59,1075266.421,2023-08-01
300802.SZ,2020-09-29,41.88,43.76,41.87,42.06,41.71,0.35,0.8391,20469.0,87549.613,2023-08-01
300819.SZ,2020-09-29,25.8,26.29,25.7,25.9,25.71,0.19,0.739,7083.0,18394.434,2023-08-01
300808.SZ,2020-09-29,18.54,18.79,18.38,18.5,18.43,0.07,0.3798,8864.0,16444.861,2023-08-01
603489.SH,2020-09-29,160.0,161.07,157.6,158.0,158.19,-0.19,-0.1201,3741.43,59436.309,2023-08-01
603950.SH,2020-09-29,25.99,26.1,24.91,24.92,25.0,-0.08,-0.32,40437.0,102142.609,2023-08-01
603610.SH,2020-09-29,29.29,29.6,28.97,29.32,29.22,0.1,0.3422,6614.05,19352.613,2023-08-01
688006.SH,2020-09-29,50.8,51.5,50.2,51.0,50.75,0.25,0.4926,14114.06,71937.378,2023-08-01
300809.SZ,2020-09-29,19.5,19.7,19.4,19.53,19.37,0.16,0.826,5976.68,11695.845,2023-08-01
601609.SH,2020-09-29,9.92,9.95,9.83,9.83,9.83,0.0,0.0,46735.0,46197.563,2023-08-01
002971.SZ,2020-09-29,22.8,23.0,22.66,22.69,22.8,-0.11,-0.4825,5695.31,12998.019,2023-08-01
300815.SZ,2020-09-29,110.14,112.1,109.8,110.5,110.26,0.24,0.2177,4134.27,45821.105,2023-08-01
300825.SZ,2020-09-29,24.28,24.76,24.0,24.25,24.28,-0.03,-0.1236,42761.42,103790.932,2023-08-01
603195.SH,2020-09-29,151.51,152.67,150.44,151.3,151.0,0.3,0.1987,8032.45,121666.238,2023-08-01
300837.SZ,2020-09-29,61.19,62.06,60.05,61.3,60.8,0.5,0.8224,5001.84,30569.167,2023-08-01
603697.SH,2020-09-29,24.22,24.74,23.75,23.81,24.34,-0.53,-2.1775,53777.26,129519.343,2023-08-01
002883.SZ,2020-09-29,14.4,15.22,14.3,14.8,14.45,0.35,2.4221,14726.16,21793.373,2023-08-01
300676.SZ,2020-09-29,144.95,144.95,141.89,142.73,143.6,-0.87,-0.6058,27047.72,388307.172,2023-08-01
300715.SZ,2020-09-29,52.69,53.47,50.3,51.11,51.58,-0.47,-0.9112,24149.13,123805.989,2023-08-01
603226.SH,2020-09-29,10.39,10.59,10.26,10.47,10.37,0.1,0.9643,19496.21,20386.039,2023-08-01
300653.SZ,2020-09-29,63.5,65.0,62.64,64.61,63.39,1.22,1.9246,10410.95,66652.122,2023-08-01
603110.SH,2020-09-29,18.96,19.38,18.0,18.24,18.6,-0.36,-1.9355,38379.08,71168.616,2023-08-01
603963.SH,2020-09-29,8.31,8.37,8.26,8.32,8.31,0.01,0.1203,7172.69,5966.813,2023-08-01
001979.SZ,2020-09-29,15.43,15.46,15.2,15.21,15.31,-0.1,-0.6532,83056.8,126816.423,2023-08-01
002909.SZ,2020-09-29,9.55,9.84,9.43,9.51,9.4,0.11,1.1702,44505.42,42749.121,2023-08-01
300641.SZ,2020-09-29,5.41,5.56,5.27,5.44,5.33,0.11,2.0638,26302.96,14286.022,2023-08-01
603916.SH,2020-09-29,28.86,29.29,28.11,28.46,28.39,0.07,0.2466,39946.82,113977.12,2023-08-01
603648.SH,2020-09-29,8.81,8.91,8.77,8.8,8.81,-0.01,-0.1135,11690.59,10304.777,2023-08-01
300649.SZ,2020-09-29,17.99,18.18,17.77,17.84,17.9,-0.06,-0.3352,5697.48,10224.43,2023-08-01
603329.SH,2020-09-29,12.7,13.0,12.7,12.88,12.7,0.18,1.4173,11284.25,14520.941,2023-08-01
688056.SH,2020-09-29,35.65,36.19,35.56,35.56,35.55,0.01,0.0281,4811.94,17264.248,2023-08-01
603933.SH,2020-09-29,12.57,12.77,12.5,12.56,12.57,-0.01,-0.0796,7300.59,9215.619,2023-08-01
603809.SH,2020-09-29,25.4,27.47,25.01,27.47,24.97,2.5,10.012,39563.38,105882.201,2023-08-01
300703.SZ,2020-09-29,12.45,12.8,12.15,12.64,12.45,0.19,1.5261,34780.69,43769.282,2023-08-01
300690.SZ,2020-09-29,37.02,38.79,36.8,38.05,36.9,1.15,3.1165,36954.84,139541.455,2023-08-01
300642.SZ,2020-09-29,55.6,56.25,54.71,55.5,55.1,0.4,0.726,5744.15,31789.65,2023-08-01
300680.SZ,2020-09-29,24.2,25.45,23.42,25.0,23.7,1.3,5.4852,45803.8,113994.724,2023-08-01
603683.SH,2020-09-29,14.51,14.51,13.67,13.76,14.26,-0.5,-3.5063,26395.0,36809.209,2023-08-01
300554.SZ,2020-09-29,20.36,21.1,19.8,20.78,19.74,1.04,5.2685,32472.0,67034.478,2023-08-01
300658.SZ,2020-09-29,33.51,34.58,33.27,33.96,33.48,0.48,1.4337,41397.0,140551.334,2023-08-01
603286.SH,2020-09-29,16.02,16.49,15.96,16.3,16.05,0.25,1.5576,18895.35,30712.895,2023-08-01
300604.SZ,2020-09-29,25.48,26.15,25.03,25.85,25.39,0.46,1.8117,33645.63,86645.033,2023-08-01
300651.SZ,2020-09-29,31.85,32.15,31.22,31.68,31.76,-0.08,-0.2519,9510.7,30181.727,2023-08-01
000301.SZ,2020-09-29,6.28,6.28,6.15,6.17,6.22,-0.05,-0.8039,71416.01,44250.968,2023-08-01
000400.SZ,2020-09-29,13.7,13.92,13.62,13.88,13.61,0.27,1.9838,74299.18,102641.084,2023-08-01
000401.SZ,2020-09-29,15.81,15.98,15.71,15.73,15.76,-0.03,-0.1904,85637.08,135586.932,2023-08-01
000402.SZ,2020-09-29,6.69,6.79,6.66,6.66,6.72,-0.06,-0.8929,48134.17,32311.826,2023-08-01
000403.SZ,2020-09-29,33.88,35.39,33.0,34.65,33.89,0.76,2.2425,24214.64,82932.292,2023-08-01
000404.SZ,2020-09-29,3.93,3.94,3.89,3.91,3.89,0.02,0.5141,23494.25,9208.885,2023-08-01
000407.SZ,2020-09-29,3.6,3.65,3.55,3.61,3.58,0.03,0.838,58563.6,21129.695,2023-08-01
000408.SZ,2020-09-29,7.17,7.17,6.92,7.02,7.12,-0.1,-1.4045,50231.6,35294.237,2023-08-01
000409.SZ,2020-09-29,4.15,4.17,4.12,4.16,4.15,0.01,0.241,15317.1,6356.413,2023-08-01
000410.SZ,2020-09-29,4.49,4.49,4.36,4.41,4.46,-0.05,-1.1211,33068.0,14573.178,2023-08-01
000411.SZ,2020-09-29,18.19,20.11,17.38,19.37,19.28,0.09,0.4668,299391.11,549723.08,2023-08-01
000413.SZ,2020-09-29,2.91,2.94,2.89,2.9,2.89,0.01,0.346,397824.0,115949.771,2023-08-01
000415.SZ,2020-09-29,2.8,2.84,2.79,2.81,2.82,-0.01,-0.3546,110691.48,31149.389,2023-08-01
000416.SZ,2020-09-29,6.13,6.61,6.13,6.41,6.12,0.29,4.7386,173388.35,110909.798,2023-08-01
000417.SZ,2020-09-29,5.41,5.44,5.35,5.42,5.39,0.03,0.5566,19258.34,10416.774,2023-08-01
000419.SZ,2020-09-29,4.58,4.62,4.57,4.58,4.58,0.0,0.0,17894.29,8219.331,2023-08-01
000420.SZ,2020-09-29,2.04,2.06,2.04,2.05,2.04,0.01,0.4902,76537.0,15684.188,2023-08-01
000421.SZ,2020-09-29,6.32,6.5,6.29,6.41,6.29,0.12,1.9078,69803.89,44857.719,2023-08-01
000422.SZ,2020-09-29,2.57,2.58,2.54,2.54,2.56,-0.02,-0.7813,23135.45,5918.556,2023-08-01
000423.SZ,2020-09-29,39.84,40.29,39.5,39.88,39.49,0.39,0.9876,54788.88,218532.766,2023-08-01
000425.SZ,2020-09-29,5.64,5.67,5.61,5.65,5.64,0.01,0.1773,433229.13,244319.867,2023-08-01
000426.SZ,2020-09-29,6.91,7.08,6.83,6.84,6.82,0.02,0.2933,95613.0,66286.566,2023-08-01
000428.SZ,2020-09-29,3.33,3.36,3.21,3.27,3.27,0.0,0.0,302259.01,99432.087,2023-08-01
000429.SZ,2020-09-29,6.77,6.82,6.77,6.82,6.77,0.05,0.7386,11090.16,7532.62,2023-08-01
000430.SZ,2020-09-29,5.51,5.58,5.2,5.41,5.51,-0.1,-1.8149,73343.86,39157.882,2023-08-01
000488.SZ,2020-09-29,5.27,5.32,5.23,5.24,5.24,0.0,0.0,153298.08,80746.412,2023-08-01
000498.SZ,2020-09-29,5.19,5.25,5.16,5.2,5.2,0.0,0.0,31660.99,16529.13,2023-08-01
000501.SZ,2020-09-29,14.99,15.34,14.78,15.22,14.94,0.28,1.8742,167035.54,253054.184,2023-08-01
000502.SZ,2020-09-29,7.72,7.91,7.54,7.72,7.8,-0.08,-1.0256,56558.0,43633.963,2023-08-01
000503.SZ,2020-09-29,11.15,11.19,11.03,11.09,11.1,-0.01,-0.0901,43165.56,47861.512,2023-08-01
000504.SZ,2020-09-29,13.78,14.02,13.78,13.83,13.85,-0.02,-0.1444,2915.01,4034.273,2023-08-01
000505.SZ,2020-09-29,10.19,10.41,9.93,10.19,10.18,0.01,0.0982,304982.66,310510.202,2023-08-01
000506.SZ,2020-09-29,2.55,2.6,2.54,2.57,2.55,0.02,0.7843,60368.54,15569.996,2023-08-01
000507.SZ,2020-09-29,5.6,5.64,5.55,5.55,5.59,-0.04,-0.7156,36216.29,20261.227,2023-08-01
000509.SZ,2020-09-29,1.9,1.92,1.87,1.88,1.89,-0.01,-0.5291,49948.0,9457.782,2023-08-01
000510.SZ,2020-09-29,4.27,4.34,4.23,4.28,4.23,0.05,1.182,28613.52,12265.785,2023-08-01
000513.SZ,2020-09-29,47.55,48.77,47.03,48.3,47.58,0.72,1.5132,70601.24,339274.563,2023-08-01
000514.SZ,2020-09-29,3.89,3.92,3.87,3.89,3.89,0.0,0.0,14057.12,5481.682,2023-08-01
000516.SZ,2020-09-29,6.74,6.88,6.66,6.81,6.67,0.14,2.099,221438.55,150509.961,2023-08-01
000517.SZ,2020-09-29,2.86,2.88,2.81,2.83,2.86,-0.03,-1.049,127037.26,35999.389,2023-08-01
000518.SZ,2020-09-29,4.8,4.85,4.67,4.75,4.81,-0.06,-1.2474,154412.81,73276.679,2023-08-01
000519.SZ,2020-09-29,10.17,10.52,10.17,10.4,10.1,0.3,2.9703,319443.26,332065.683,2023-08-01
000520.SZ,2020-09-29,3.41,3.45,3.41,3.41,3.41,0.0,0.0,20481.97,7015.394,2023-08-01
600091.SH,2020-09-29,2.71,2.76,2.71,2.71,2.85,-0.14,-4.9123,11299.0,3062.449,2023-08-01
600093.SH,2020-09-29,10.46,10.96,10.45,10.53,10.35,0.18,1.7391,96879.68,103302.83,2023-08-01
600795.SH,2020-09-29,2.05,2.06,2.03,2.03,2.05,-0.02,-0.9756,308849.37,62981.459,2023-08-01
600796.SH,2020-09-29,5.47,5.5,5.38,5.42,5.42,0.0,0.0,16475.1,8951.798,2023-08-01
600797.SH,2020-09-29,8.61,8.68,8.57,8.57,8.57,0.0,0.0,67178.27,57931.598,2023-08-01
600798.SH,2020-09-29,2.97,2.99,2.96,2.96,2.96,0.0,0.0,23257.85,6913.741,2023-08-01
600800.SH,2020-09-29,4.51,4.54,4.48,4.5,4.51,-0.01,-0.2217,20876.2,9415.708,2023-08-01
600801.SH,2020-09-29,25.69,25.97,25.6,25.64,25.7,-0.06,-0.2335,54018.63,139105.272,2023-08-01
600802.SH,2020-09-29,9.32,9.37,9.27,9.31,9.29,0.02,0.2153,27302.88,25448.749,2023-08-01
600803.SH,2020-09-29,11.52,11.58,11.22,11.26,11.47,-0.21,-1.8309,99477.4,113084.036,2023-08-01
600804.SH,2020-09-29,7.64,7.78,7.64,7.7,7.64,0.06,0.7853,147160.33,113804.525,2023-08-01
600805.SH,2020-09-29,4.06,4.11,4.03,4.07,4.05,0.02,0.4938,25985.91,10582.039,2023-08-01
600807.SH,2020-09-29,3.73,3.79,3.7,3.75,3.72,0.03,0.8065,45082.14,16926.196,2023-08-01
600808.SH,2020-09-29,2.69,2.71,2.68,2.69,2.68,0.01,0.3731,135345.71,36452.877,2023-08-01
600809.SH,2020-09-29,198.61,199.49,195.5,196.68,196.6,0.08,0.0407,19211.02,377940.919,2023-08-01
600810.SH,2020-09-29,7.67,7.68,7.58,7.58,7.63,-0.05,-0.6553,29661.5,22620.785,2023-08-01
600811.SH,2020-09-29,3.83,3.9,3.81,3.85,3.82,0.03,0.7853,302666.13,116769.349,2023-08-01
600812.SH,2020-09-29,12.11,12.18,11.81,12.01,11.98,0.03,0.2504,157233.68,188956.19,2023-08-01
600814.SH,2020-09-29,6.08,6.12,5.99,6.09,6.05,0.04,0.6612,23412.48,14191.976,2023-08-01
600815.SH,2020-09-29,2.39,2.39,2.37,2.37,2.38,-0.01,-0.4202,8997.0,2140.06,2023-08-01
600816.SH,2020-09-29,1.9,1.95,1.87,1.94,1.89,0.05,2.6455,119269.07,22687.651,2023-08-01
600817.SH,2020-09-29,11.16,11.18,10.82,11.02,11.16,-0.14,-1.2545,11700.0,12834.863,2023-08-01
600818.SH,2020-09-29,9.48,9.77,9.23,9.33,10.06,-0.73,-7.2565,50258.68,47393.287,2023-08-01
600819.SH,2020-09-29,4.44,4.48,4.39,4.43,4.41,0.02,0.4535,13641.2,6045.119,2023-08-01
600820.SH,2020-09-29,5.62,5.67,5.61,5.63,5.61,0.02,0.3565,46475.19,26213.368,2023-08-01
600821.SH,2020-09-29,4.58,4.69,4.58,4.59,4.59,0.0,0.0,34429.97,15915.227,2023-08-01
600822.SH,2020-09-29,11.67,11.67,11.43,11.53,11.54,-0.01,-0.0867,41793.01,48285.919,2023-08-01
600823.SH,2020-09-29,6.13,6.42,6.1,6.3,6.07,0.23,3.7891,148126.49,93156.355,2023-08-01
600824.SH,2020-09-29,4.03,4.07,3.98,4.02,4.03,-0.01,-0.2481,27832.75,11173.323,2023-08-01
600825.SH,2020-09-29,6.43,6.58,6.33,6.57,6.38,0.19,2.9781,77223.27,49766.884,2023-08-01
600826.SH,2020-09-29,9.94,10.0,9.91,9.99,9.94,0.05,0.503,9129.8,9088.308,2023-08-01
600827.SH,2020-09-29,17.4,17.45,16.69,17.12,17.42,-0.3,-1.7222,205921.44,352225.831,2023-08-01
600828.SH,2020-09-29,4.04,4.05,4.0,4.01,4.02,-0.01,-0.2488,19224.4,7732.885,2023-08-01
600829.SH,2020-09-29,7.16,7.2,7.09,7.16,7.14,0.02,0.2801,9375.0,6696.209,2023-08-01
600830.SH,2020-09-29,5.94,5.97,5.89,5.9,5.91,-0.01,-0.1692,19898.53,11797.413,2023-08-01
600831.SH,2020-09-29,7.47,7.53,7.4,7.46,7.46,0.0,0.0,59627.06,44623.637,2023-08-01
600833.SH,2020-09-29,10.77,10.82,10.6,10.71,10.61,0.1,0.9425,11037.34,11839.126,2023-08-01
600834.SH,2020-09-29,10.2,10.28,10.1,10.15,10.15,0.0,0.0,28324.0,28901.366,2023-08-01
600835.SH,2020-09-29,16.57,16.87,16.41,16.68,16.52,0.16,0.9685,21569.47,36000.376,2023-08-01
600836.SH,2020-09-29,4.68,4.68,4.68,4.68,4.93,-0.25,-5.071,8349.0,3907.332,2023-08-01
600837.SH,2020-09-29,14.53,14.62,14.39,14.43,14.47,-0.04,-0.2764,438668.03,635984.714,2023-08-01
600838.SH,2020-09-29,6.99,7.04,6.94,6.97,6.96,0.01,0.1437,14142.0,9881.272,2023-08-01
600839.SH,2020-09-29,2.9,2.93,2.89,2.9,2.89,0.01,0.346,242197.92,70569.879,2023-08-01
600841.SH,2020-09-29,8.72,8.88,8.67,8.81,8.72,0.09,1.0321,17256.0,15151.713,2023-08-01
600377.SH,2020-09-29,9.48,9.57,9.45,9.51,9.5,0.01,0.1053,24580.0,23383.252,2023-08-01
600378.SH,2020-09-29,19.18,19.49,19.0,19.3,19.18,0.12,0.6257,21002.0,40534.054,2023-08-01
600379.SH,2020-09-29,5.62,5.72,5.62,5.69,5.66,0.03,0.53,8435.0,4792.437,2023-08-01
002314.SZ,2020-09-29,4.31,4.35,4.25,4.27,4.31,-0.04,-0.9281,120829.72,51796.044,2023-08-01
002356.SZ,2020-09-29,1.23,1.24,1.21,1.21,1.22,-0.01,-0.8197,16114.0,1963.73,2023-08-01
002316.SZ,2020-09-29,5.55,5.68,5.54,5.58,5.52,0.06,1.087,21958.0,12308.254,2023-08-01
601117.SH,2020-09-29,5.42,5.44,5.38,5.39,5.43,-0.04,-0.7366,108764.48,58816.819,2023-08-01
002327.SZ,2020-09-29,7.52,7.6,7.46,7.52,7.51,0.01,0.1332,39784.89,29935.18,2023-08-01
002318.SZ,2020-09-29,8.45,8.76,8.39,8.58,8.38,0.2,2.3866,94328.11,81338.965,2023-08-01
002317.SZ,2020-09-29,13.5,13.76,13.22,13.63,13.34,0.29,2.1739,60767.59,82390.623,2023-08-01
002319.SZ,2020-09-29,8.06,8.27,8.06,8.19,8.06,0.13,1.6129,4574.02,3740.817,2023-08-01
002474.SZ,2020-09-29,7.28,7.36,7.26,7.31,7.28,0.03,0.4121,32949.58,24143.627,2023-08-01
002321.SZ,2020-09-29,3.57,3.84,3.54,3.71,3.55,0.16,4.507,201516.73,74089.415,2023-08-01
002331.SZ,2020-09-29,10.24,10.35,10.1,10.15,10.23,-0.08,-0.782,49556.62,50650.742,2023-08-01
002325.SZ,2020-09-29,3.12,3.14,3.1,3.11,3.1,0.01,0.3226,54493.47,16996.98,2023-08-01
300001.SZ,2020-09-29,17.55,18.39,17.4,17.8,17.25,0.55,3.1884,142399.29,255508.235,2023-08-01
300004.SZ,2020-09-29,7.21,7.5,7.15,7.37,7.15,0.22,3.0769,118724.0,87464.711,2023-08-01
300010.SZ,2020-09-29,18.08,18.34,17.78,18.0,17.83,0.17,0.9534,100910.81,181952.158,2023-08-01
300008.SZ,2020-09-29,7.03,7.94,7.02,7.76,6.96,0.8,11.4943,1393338.05,1051182.081,2023-08-01
300006.SZ,2020-09-29,7.06,7.16,6.95,7.07,7.06,0.01,0.1416,95204.77,67356.084,2023-08-01
300003.SZ,2020-09-29,33.13,33.77,32.8,33.53,32.88,0.65,1.9769,163672.5,546682.07,2023-08-01
300005.SZ,2020-09-29,4.92,5.51,4.91,5.18,5.54,-0.36,-6.4982,390338.09,204643.884,2023-08-01
300009.SZ,2020-09-29,15.95,16.44,15.75,16.24,15.95,0.29,1.8182,139744.85,225890.811,2023-08-01
300007.SZ,2020-09-29,16.33,16.66,16.31,16.59,16.31,0.28,1.7167,75068.53,124055.7,2023-08-01
300011.SZ,2020-09-29,6.79,7.23,6.71,7.07,6.69,0.38,5.6801,150447.46,105237.717,2023-08-01
300013.SZ,2020-09-29,7.26,7.7,7.16,7.59,7.16,0.43,6.0056,180348.98,134380.736,2023-08-01
300014.SZ,2020-09-29,49.79,50.58,49.0,50.13,49.58,0.55,1.1093,189212.98,947215.952,2023-08-01
601801.SH,2020-09-29,5.3,5.38,5.26,5.33,5.26,0.07,1.3308,76175.61,40598.962,2023-08-01
002328.SZ,2020-09-29,5.18,5.24,5.15,5.18,5.14,0.04,0.7782,42999.22,22326.472,2023-08-01
300023.SZ,2020-09-29,9.6,9.87,9.49,9.6,9.55,0.05,0.5236,39925.0,38541.226,2023-08-01
300012.SZ,2020-09-29,24.38,25.07,24.3,24.41,24.25,0.16,0.6598,146252.65,359517.008,2023-08-01
300018.SZ,2020-09-29,7.31,7.31,6.3,6.54,7.31,-0.77,-10.5335,426096.65,284614.2,2023-08-01
300016.SZ,2020-09-29,11.69,11.92,11.61,11.71,11.69,0.02,0.1711,39924.23,47019.384,2023-08-01
002320.SZ,2020-09-29,10.0,10.3,9.91,10.09,9.97,0.12,1.2036,128100.93,129735.602,2023-08-01
601877.SH,2020-09-29,30.73,30.79,29.89,30.0,30.71,-0.71,-2.312,82723.94,250200.252,2023-08-01
300017.SZ,2020-09-29,8.1,8.19,8.06,8.1,8.03,0.07,0.8717,263390.32,214292.927,2023-08-01
300015.SZ,2020-09-29,48.7,49.83,48.22,49.53,48.64,0.89,1.8298,167924.7,823620.671,2023-08-01
300020.SZ,2020-09-29,10.92,11.03,10.73,10.85,10.86,-0.01,-0.0921,178497.13,194259.807,2023-08-01
300019.SZ,2020-09-29,13.59,13.83,13.31,13.6,13.36,0.24,1.7964,39651.47,53927.137,2023-08-01
300022.SZ,2020-09-29,5.95,6.06,5.83,5.88,5.95,-0.07,-1.1765,172384.1,102459.361,2023-08-01
300021.SZ,2020-09-29,5.26,5.35,5.18,5.24,5.21,0.03,0.5758,142955.21,75263.362,2023-08-01
002185.SZ,2020-09-29,13.41,13.88,13.38,13.77,13.32,0.45,3.3784,506719.52,693020.086,2023-08-01
601088.SH,2020-09-29,16.65,16.69,16.48,16.51,16.58,-0.07,-0.4222,219825.89,364426.335,2023-08-01
002304.SZ,2020-09-29,126.55,127.17,124.6,125.27,126.05,-0.78,-0.6188,32452.34,407779.49,2023-08-01
002189.SZ,2020-09-29,18.33,19.05,18.33,18.87,18.3,0.57,3.1148,26852.81,50509.181,2023-08-01
601857.SH,2020-09-29,4.11,4.11,4.09,4.09,4.1,-0.01,-0.2439,375787.62,154065.254,2023-08-01
002188.SZ,2020-09-29,3.42,3.43,3.31,3.31,3.4,-0.09,-2.6471,22892.0,7668.105,2023-08-01
300250.SZ,2020-09-29,13.56,13.81,13.35,13.67,13.5,0.17,1.2593,25490.85,34791.931,2023-08-01
300248.SZ,2020-09-29,13.36,13.59,13.13,13.38,13.24,0.14,1.0574,114144.38,152672.399,2023-08-01
300246.SZ,2020-09-29,35.39,35.69,34.9,34.9,35.14,-0.24,-0.683,28369.06,99743.325,2023-08-01
603456.SH,2020-09-29,30.0,30.96,29.53,30.41,29.61,0.8,2.7018,38082.3,116000.333,2023-08-01
002620.SZ,2020-09-29,5.84,5.93,5.8,5.88,5.8,0.08,1.3793,21415.0,12597.852,2023-08-01
300251.SZ,2020-09-29,16.0,16.05,15.6,15.63,15.9,-0.27,-1.6981,327397.1,516588.76,2023-08-01
002911.SZ,2020-09-29,15.74,15.85,15.56,15.66,15.62,0.04,0.2561,5390.92,8486.231,2023-08-01
002608.SZ,2020-09-29,6.43,6.47,6.39,6.41,6.39,0.02,0.313,8021.0,5153.762,2023-08-01
002627.SZ,2020-09-29,6.3,6.53,6.22,6.49,6.3,0.19,3.0159,122220.58,78735.842,2023-08-01
300254.SZ,2020-09-29,8.2,8.75,8.1,8.55,8.08,0.47,5.8168,76784.6,65012.311,2023-08-01
300256.SZ,2020-09-29,7.26,7.37,7.15,7.27,7.2,0.07,0.9722,171649.44,125023.2,2023-08-01
300255.SZ,2020-09-29,6.7,6.92,6.58,6.79,6.68,0.11,1.6467,124270.6,84276.52,2023-08-01
601636.SH,2020-09-29,8.4,8.44,8.18,8.34,8.37,-0.03,-0.3584,299053.84,248672.223,2023-08-01
300252.SZ,2020-09-29,11.2,12.15,11.11,12.0,11.16,0.84,7.5269,250554.53,297157.904,2023-08-01
300260.SZ,2020-09-29,20.09,21.5,20.09,20.62,19.83,0.79,3.9839,80910.47,168611.43,2023-08-01
002830.SZ,2020-09-29,12.36,13.15,11.93,12.73,12.41,0.32,2.5786,36876.97,46407.018,2023-08-01
300259.SZ,2020-09-29,5.14,5.24,5.08,5.21,5.07,0.14,2.7613,92724.45,48090.185,2023-08-01
300265.SZ,2020-09-29,12.01,12.9,11.61,12.85,11.8,1.05,8.8983,338895.17,424289.682,2023-08-01
300267.SZ,2020-09-29,5.15,5.25,4.99,5.01,5.13,-0.12,-2.3392,372243.26,189540.796,2023-08-01
002717.SZ,2020-09-29,3.98,4.07,3.96,4.02,3.99,0.03,0.7519,102605.67,41175.237,2023-08-01
002618.SZ,2020-09-29,8.2,8.34,8.08,8.22,8.13,0.09,1.107,81770.72,67116.675,2023-08-01
603197.SH,2020-09-29,26.91,27.16,26.74,26.9,26.93,-0.03,-0.1114,8802.98,23725.963,2023-08-01
300303.SZ,2020-09-29,6.4,6.45,6.32,6.37,6.33,0.04,0.6319,198125.92,126736.763,2023-08-01
002610.SZ,2020-09-29,2.62,2.62,2.44,2.45,2.56,-0.11,-4.2969,1491267.67,374818.435,2023-08-01
002629.SZ,2020-09-29,2.36,2.36,2.25,2.28,2.37,-0.09,-3.7975,28637.44,6537.423,2023-08-01
300284.SZ,2020-09-29,7.91,8.05,7.85,7.99,7.89,0.1,1.2674,42098.04,33583.957,2023-08-01
601908.SH,2020-09-29,5.13,5.16,5.05,5.08,5.1,-0.02,-0.3922,172322.88,87652.918,2023-08-01
601886.SH,2020-09-29,5.85,6.05,5.84,5.88,5.85,0.03,0.5128,48200.02,28528.615,2023-08-01
300261.SZ,2020-09-29,7.73,7.9,7.65,7.79,7.69,0.1,1.3004,353871.7,275388.874,2023-08-01
300273.SZ,2020-09-29,7.24,7.35,7.12,7.24,7.19,0.05,0.6954,83123.26,60370.154,2023-08-01
300269.SZ,2020-09-29,4.72,4.74,4.55,4.65,4.61,0.04,0.8677,193179.83,90141.27,2023-08-01
603518.SH,2020-09-29,6.43,6.52,6.38,6.47,6.41,0.06,0.936,10954.76,7078.274,2023-08-01
002611.SZ,2020-09-29,4.63,4.69,4.59,4.65,4.61,0.04,0.8677,63830.27,29750.891,2023-08-01
300268.SZ,2020-09-29,11.37,11.65,11.28,11.44,11.25,0.19,1.6889,17060.0,19572.632,2023-08-01
300263.SZ,2020-09-29,8.69,9.05,8.61,8.89,8.61,0.28,3.252,207458.0,184540.465,2023-08-01
002616.SZ,2020-09-29,10.17,10.46,10.17,10.36,10.17,0.19,1.8682,28986.15,29990.785,2023-08-01
002612.SZ,2020-09-29,8.66,9.34,8.64,9.1,8.67,0.43,4.9596,51935.48,46816.046,2023-08-01
601677.SH,2020-09-29,10.54,11.16,10.51,11.08,10.48,0.6,5.7252,147376.69,161308.575,2023-08-01
300262.SZ,2020-09-29,5.7,6.1,5.38,5.39,5.66,-0.27,-4.7703,405426.25,229373.659,2023-08-01
300270.SZ,2020-09-29,7.28,7.41,7.25,7.25,7.28,-0.03,-0.4121,40794.0,29919.782,2023-08-01
603123.SH,2020-09-29,9.07,9.13,9.02,9.06,9.04,0.02,0.2212,14635.2,13266.962,2023-08-01
603333.SH,2020-09-29,7.11,7.2,7.06,7.08,7.17,-0.09,-1.2552,62837.0,44895.891,2023-08-01
601965.SH,2020-09-29,11.79,11.86,11.64,11.68,11.8,-0.12,-1.0169,34554.29,40534.708,2023-08-01
002799.SZ,2020-09-29,17.75,17.89,17.25,17.81,17.43,0.38,2.1801,34163.14,60330.279,2023-08-01
300411.SZ,2020-09-29,11.62,12.71,11.4,12.44,11.52,0.92,7.9861,158351.8,193611.447,2023-08-01
603818.SH,2020-09-29,9.65,9.76,9.4,9.42,9.65,-0.23,-2.3834,13149.02,12581.453,2023-08-01
300436.SZ,2020-09-29,32.78,33.04,32.51,32.63,32.78,-0.15,-0.4576,7266.83,23825.072,2023-08-01
300505.SZ,2020-09-29,19.01,19.01,18.54,18.54,18.88,-0.34,-1.8008,10949.0,20469.093,2023-08-01
002779.SZ,2020-09-29,13.37,13.7,13.28,13.63,13.33,0.3,2.2506,13416.99,18165.315,2023-08-01
603701.SH,2020-09-29,8.97,9.11,8.92,9.04,8.94,0.1,1.1186,12182.86,11037.9,2023-08-01
603788.SH,2020-09-29,16.88,17.15,16.51,17.02,16.69,0.33,1.9772,25340.96,42782.515,2023-08-01
603355.SH,2020-09-29,34.52,35.3,33.62,34.93,34.51,0.42,1.217,20396.66,70584.412,2023-08-01
002770.SZ,2020-09-29,1.72,1.74,1.71,1.73,1.72,0.01,0.5814,65348.1,11294.93,2023-08-01
603789.SH,2020-09-29,13.15,13.43,13.03,13.41,13.16,0.25,1.8997,18148.4,23907.562,2023-08-01
300536.SZ,2020-09-29,13.62,14.1,13.06,13.36,13.85,-0.49,-3.5379,53662.69,72953.565,2023-08-01
002781.SZ,2020-09-29,21.01,21.74,20.8,21.48,21.0,0.48,2.2857,15289.28,32583.016,2023-08-01
603030.SH,2020-09-29,5.88,5.94,5.81,5.84,5.84,0.0,0.0,33187.18,19476.961,2023-08-01
601226.SH,2020-09-29,3.86,3.89,3.83,3.83,3.83,0.0,0.0,15740.37,6054.497,2023-08-01
603828.SH,2020-09-29,5.58,5.68,5.44,5.45,5.67,-0.22,-3.8801,68691.57,38024.206,2023-08-01
601689.SH,2020-09-29,39.34,40.6,38.82,40.22,38.95,1.27,3.2606,56288.23,225142.296,2023-08-01
603227.SH,2020-09-29,3.99,4.06,3.93,4.01,3.97,0.04,1.0076,92523.75,37087.664,2023-08-01
603899.SH,2020-09-29,67.0,67.97,66.7,66.9,66.98,-0.08,-0.1194,14641.64,98312.374,2023-08-01
603860.SH,2020-09-29,26.52,26.65,25.99,26.2,26.3,-0.1,-0.3802,3232.0,8510.724,2023-08-01
300467.SZ,2020-09-29,16.94,17.72,16.72,17.41,16.85,0.56,3.3234,52287.31,91087.434,2023-08-01
300501.SZ,2020-09-29,22.53,22.9,21.01,21.75,22.99,-1.24,-5.3936,59258.11,129872.334,2023-08-01
300437.SZ,2020-09-29,12.53,13.15,12.43,13.07,12.64,0.43,3.4019,142372.64,182039.63,2023-08-01
300415.SZ,2020-09-29,13.03,14.5,12.83,14.38,12.97,1.41,10.8712,123203.4,172063.148,2023-08-01
300409.SZ,2020-09-29,12.55,12.75,12.45,12.69,12.43,0.26,2.0917,61194.2,77283.043,2023-08-01
300530.SZ,2020-09-29,40.68,41.25,37.8,37.85,40.41,-2.56,-6.3351,13280.4,51916.509,2023-08-01
300417.SZ,2020-09-29,16.66,16.88,16.43,16.75,16.53,0.22,1.3309,14780.83,24641.479,2023-08-01
300452.SZ,2020-09-29,25.46,25.57,24.89,25.32,25.37,-0.05,-0.1971,17679.56,44644.562,2023-08-01
002740.SZ,2020-09-29,5.76,5.8,5.68,5.73,5.76,-0.03,-0.5208,29324.85,16868.176,2023-08-01
603369.SH,2020-09-29,43.6,44.67,43.1,44.46,43.27,1.19,2.7502,70361.86,310203.729,2023-08-01
603011.SH,2020-09-29,5.33,5.37,5.27,5.29,5.29,0.0,0.0,34586.0,18402.997,2023-08-01
603698.SH,2020-09-29,11.3,11.49,11.23,11.43,11.27,0.16,1.4197,11027.37,12577.679,2023-08-01
601021.SH,2020-09-29,45.54,46.05,44.73,45.01,45.19,-0.18,-0.3983,38327.39,173352.5,2023-08-01
603320.SH,2020-09-29,12.38,12.56,12.27,12.46,12.31,0.15,1.2185,7296.5,9086.405,2023-08-01
603606.SH,2020-09-29,23.42,23.93,23.2,23.64,23.14,0.5,2.1608,100292.29,237000.684,2023-08-01
002742.SZ,2020-09-29,6.72,7.17,6.72,7.08,6.77,0.31,4.579,33309.0,23140.476,2023-08-01
300463.SZ,2020-09-29,49.87,52.17,48.5,51.32,49.79,1.53,3.0729,67316.95,339502.544,2023-08-01
300398.SZ,2020-09-29,20.69,22.5,20.69,21.98,20.27,1.71,8.4361,216858.03,476968.17,2023-08-01
603696.SH,2020-09-29,11.15,11.86,11.07,11.61,11.09,0.52,4.6889,52134.44,60167.913,2023-08-01
002730.SZ,2020-09-29,11.47,11.9,11.37,11.69,11.67,0.02,0.1714,180330.56,210261.447,2023-08-01
601828.SH,2020-09-29,9.67,9.72,9.61,9.65,9.66,-0.01,-0.1035,16711.49,16169.338,2023-08-01
603013.SH,2020-09-29,13.99,14.65,13.99,14.13,14.95,-0.82,-5.4849,41385.34,58761.146,2023-08-01
002761.SZ,2020-09-29,8.93,9.05,8.9,8.91,8.95,-0.04,-0.4469,16203.1,14526.793,2023-08-01
603318.SH,2020-09-29,8.21,8.54,8.08,8.25,8.14,0.11,1.3514,57266.8,47703.16,2023-08-01
300523.SZ,2020-09-29,41.41,41.9,41.05,41.12,41.5,-0.38,-0.9157,11538.99,47673.231,2023-08-01
300443.SZ,2020-09-29,30.2,33.58,29.24,32.38,30.11,2.27,7.539,417776.53,1296519.515,2023-08-01
002887.SZ,2020-09-29,12.51,12.57,12.39,12.46,12.4,0.06,0.4839,10082.35,12591.529,2023-08-01
603326.SH,2020-09-29,10.98,11.1,10.87,11.02,11.0,0.02,0.1818,35097.44,38437.799,2023-08-01
300655.SZ,2020-09-29,39.1,42.86,39.1,42.86,35.72,7.14,19.9888,263567.54,1113502.516,2023-08-01
603260.SH,2020-09-29,27.88,28.45,27.43,28.15,27.63,0.52,1.882,15874.57,44648.672,2023-08-01
601949.SH,2020-09-29,5.23,5.26,5.18,5.22,5.2,0.02,0.3846,70920.79,37035.264,2023-08-01
603980.SH,2020-09-29,6.74,6.82,6.72,6.77,6.74,0.03,0.4451,10661.8,7220.827,2023-08-01
300666.SZ,2020-09-29,55.28,57.99,55.18,56.69,54.78,1.91,3.4867,43223.12,245693.136,2023-08-01
603757.SH,2020-09-29,24.98,26.26,24.58,24.71,24.71,0.0,0.0,25390.0,64109.309,2023-08-01
601619.SH,2020-09-29,3.07,3.1,3.02,3.05,3.07,-0.02,-0.6515,51070.0,15626.792,2023-08-01
002890.SZ,2020-09-29,32.97,33.61,32.05,32.6,32.47,0.13,0.4004,24526.15,79927.146,2023-08-01
300660.SZ,2020-09-29,20.15,20.59,20.11,20.35,20.1,0.25,1.2438,13039.39,26575.286,2023-08-01
603458.SH,2020-09-29,14.7,14.86,14.67,14.71,14.69,0.02,0.1361,13552.56,20001.148,2023-08-01
603813.SH,2020-09-29,17.95,18.17,17.32,17.54,17.88,-0.34,-1.9016,4787.7,8395.011,2023-08-01
300667.SZ,2020-09-29,24.0,24.55,23.83,24.28,23.85,0.43,1.8029,23421.5,56772.272,2023-08-01
002827.SZ,2020-09-29,12.2,12.48,12.03,12.22,12.08,0.14,1.1589,36443.86,44886.007,2023-08-01
603722.SH,2020-09-29,32.71,34.85,32.16,33.7,32.48,1.22,3.7562,25121.89,84390.691,2023-08-01
603617.SH,2020-09-29,11.65,11.99,11.55,11.85,11.8,0.05,0.4237,33772.29,39757.574,2023-08-01
300656.SZ,2020-09-29,27.0,27.75,26.86,27.05,26.72,0.33,1.235,23718.87,64573.466,2023-08-01
603882.SH,2020-09-29,100.01,102.8,99.52,101.29,99.64,1.65,1.656,38691.51,392353.942,2023-08-01
002826.SZ,2020-09-29,11.19,11.75,11.19,11.65,11.11,0.54,4.8605,34424.39,39674.605,2023-08-01
603136.SH,2020-09-29,27.75,27.75,26.9,27.43,27.11,0.32,1.1804,9604.8,26301.439,2023-08-01
300791.SZ,2020-09-29,88.15,89.4,87.59,88.0,88.83,-0.83,-0.9344,4180.0,36914.219,2023-08-01
300671.SZ,2020-09-29,50.88,50.88,49.2,49.3,49.28,0.02,0.0406,17781.0,88455.345,2023-08-01
002888.SZ,2020-09-29,18.4,18.95,18.4,18.77,18.46,0.31,1.6793,8962.41,16867.841,2023-08-01
603801.SH,2020-09-29,31.09,31.33,30.3,30.98,30.84,0.14,0.454,26129.34,80568.84,2023-08-01
300693.SZ,2020-09-29,22.24,22.99,21.68,22.6,21.95,0.65,2.9613,26507.81,59614.267,2023-08-01
300640.SZ,2020-09-29,8.28,8.45,8.23,8.31,8.28,0.03,0.3623,21966.5,18342.693,2023-08-01
603707.SH,2020-09-29,43.58,44.28,42.31,43.73,43.34,0.39,0.8999,56712.76,247669.446,2023-08-01
300706.SZ,2020-09-29,25.97,26.85,25.62,25.86,25.5,0.36,1.4118,24773.36,64689.762,2023-08-01
300761.SZ,2020-09-29,35.97,36.48,35.53,35.77,35.62,0.15,0.4211,8685.45,31333.576,2023-08-01
002885.SZ,2020-09-29,15.2,15.36,15.12,15.18,15.19,-0.01,-0.0658,8912.25,13583.383,2023-08-01
603305.SH,2020-09-29,36.14,36.83,36.14,36.35,36.15,0.2,0.5533,16690.86,60902.118,2023-08-01
002898.SZ,2020-09-29,12.04,12.18,11.92,12.03,12.02,0.01,0.0832,3869.0,4668.623,2023-08-01
300835.SZ,2020-09-29,53.0,53.27,52.31,52.47,52.77,-0.3,-0.5685,6659.0,35087.583,2023-08-01
603922.SH,2020-09-29,18.8,19.03,17.0,17.5,18.8,-1.3,-6.9149,57118.0,105170.672,2023-08-01
603380.SH,2020-09-29,21.08,21.52,20.83,21.12,20.82,0.3,1.4409,15566.0,33125.413,2023-08-01
002881.SZ,2020-09-29,20.54,20.75,20.41,20.46,20.52,-0.06,-0.2924,5623.4,11569.69,2023-08-01
300681.SZ,2020-09-29,28.93,29.58,28.47,29.2,28.93,0.27,0.9333,3708.0,10786.577,2023-08-01
603595.SH,2020-09-29,25.95,26.24,25.8,25.99,25.8,0.19,0.7364,12513.12,32585.71,2023-08-01
300832.SZ,2020-09-29,160.03,166.85,158.0,164.99,159.0,5.99,3.7673,15750.95,258078.897,2023-08-01
603129.SH,2020-09-29,133.64,134.38,121.64,129.0,134.14,-5.14,-3.8318,17069.16,218160.821,2023-08-01
002932.SZ,2020-09-29,74.88,77.68,73.82,76.41,74.91,1.5,2.0024,16817.0,128535.333,2023-08-01
300688.SZ,2020-09-29,22.13,22.49,22.1,22.13,22.11,0.02,0.0905,9159.8,20396.426,2023-08-01
300677.SZ,2020-09-29,150.0,152.0,142.91,145.0,148.99,-3.99,-2.678,46593.89,676507.098,2023-08-01
603365.SH,2020-09-29,13.8,14.27,13.8,14.16,13.8,0.36,2.6087,11923.12,16763.1,2023-08-01
600094.SH,2020-09-29,5.76,5.81,5.69,5.78,5.75,0.03,0.5217,388574.77,223798.083,2023-08-01
600095.SH,2020-09-29,17.0,17.46,16.9,17.4,16.71,0.69,4.1293,429388.57,740659.239,2023-08-01
600096.SH,2020-09-29,4.95,4.99,4.93,4.94,4.93,0.01,0.2028,37822.01,18715.412,2023-08-01
600097.SH,2020-09-29,9.42,9.53,9.38,9.49,9.41,0.08,0.8502,6366.2,6029.85,2023-08-01
600098.SH,2020-09-29,5.75,5.77,5.68,5.68,5.74,-0.06,-1.0453,20689.32,11825.359,2023-08-01
600099.SH,2020-09-29,6.7,6.95,6.62,6.81,6.67,0.14,2.099,32323.01,22084.494,2023-08-01
600100.SH,2020-09-29,7.09,7.17,7.08,7.13,7.07,0.06,0.8487,64891.43,46222.102,2023-08-01
600101.SH,2020-09-29,5.82,5.86,5.81,5.82,5.81,0.01,0.1721,10174.0,5935.443,2023-08-01
600103.SH,2020-09-29,1.99,2.01,1.99,2.0,1.99,0.01,0.5025,94052.97,18801.474,2023-08-01
600104.SH,2020-09-29,19.37,19.41,19.08,19.13,19.29,-0.16,-0.8294,207443.46,398441.792,2023-08-01
600105.SH,2020-09-29,5.79,5.91,5.65,5.69,5.75,-0.06,-1.0435,260882.47,149693.543,2023-08-01
600106.SH,2020-09-29,2.74,2.76,2.73,2.74,2.75,-0.01,-0.3636,68530.67,18785.142,2023-08-01
600107.SH,2020-09-29,9.95,9.95,9.7,9.72,9.89,-0.17,-1.7189,58346.0,57120.116,2023-08-01
600108.SH,2020-09-29,3.34,3.37,3.32,3.34,3.31,0.03,0.9063,112176.54,37582.864,2023-08-01
600110.SH,2020-09-29,5.39,5.41,5.3,5.31,5.37,-0.06,-1.1173,187039.31,99848.882,2023-08-01
600111.SH,2020-09-29,10.8,10.89,10.78,10.8,10.74,0.06,0.5587,196240.91,212595.333,2023-08-01
600112.SH,2020-09-29,1.63,1.64,1.61,1.63,1.62,0.01,0.6173,13862.41,2245.785,2023-08-01
600113.SH,2020-09-29,6.3,6.36,6.28,6.32,6.3,0.02,0.3175,17082.0,10812.455,2023-08-01
600115.SH,2020-09-29,4.99,5.02,4.91,4.94,4.97,-0.03,-0.6036,316751.77,157029.56,2023-08-01
600116.SH,2020-09-29,9.53,9.57,9.1,9.14,9.35,-0.21,-2.246,54595.03,50921.971,2023-08-01
600117.SH,2020-09-29,3.25,3.27,3.22,3.25,3.23,0.02,0.6192,24829.1,8067.781,2023-08-01
600118.SH,2020-09-29,33.1,33.74,33.0,33.55,32.69,0.86,2.6308,128811.23,431198.086,2023-08-01
600119.SH,2020-09-29,8.5,8.62,8.36,8.52,8.5,0.02,0.2353,4142.0,3524.632,2023-08-01
600120.SH,2020-09-29,6.84,7.24,6.81,7.19,6.78,0.41,6.0472,314059.04,223473.386,2023-08-01
600121.SH,2020-09-29,2.09,2.09,2.02,2.03,2.08,-0.05,-2.4038,162429.68,33083.646,2023-08-01
600122.SH,2020-09-29,1.21,1.22,1.2,1.21,1.21,0.0,0.0,46558.0,5643.216,2023-08-01
600123.SH,2020-09-29,5.12,5.14,5.07,5.1,5.1,0.0,0.0,55491.2,28319.341,2023-08-01
600125.SH,2020-09-29,5.19,5.25,5.15,5.18,5.19,-0.01,-0.1927,59139.76,30803.971,2023-08-01
600126.SH,2020-09-29,6.19,6.37,6.17,6.3,6.22,0.08,1.2862,177949.7,111881.806,2023-08-01
600127.SH,2020-09-29,11.31,11.55,11.23,11.31,11.3,0.01,0.0885,163770.39,186271.623,2023-08-01
600128.SH,2020-09-29,6.57,6.68,6.53,6.57,6.52,0.05,0.7669,25671.53,16941.524,2023-08-01
600129.SH,2020-09-29,17.94,18.17,15.92,15.92,17.69,-1.77,-10.0057,132455.0,216940.76,2023-08-01
600130.SH,2020-09-29,4.07,4.2,4.05,4.14,4.05,0.09,2.2222,114961.68,47470.107,2023-08-01
600131.SH,2020-09-29,17.99,18.99,17.99,18.44,18.0,0.44,2.4444,49511.56,91510.728,2023-08-01
600132.SH,2020-09-29,105.28,105.28,101.0,104.09,104.33,-0.24,-0.23,19303.38,200155.853,2023-08-01
600133.SH,2020-09-29,5.89,5.95,5.81,5.89,5.95,-0.06,-1.0084,80034.14,47133.448,2023-08-01
600135.SH,2020-09-29,6.56,6.61,6.52,6.55,6.52,0.03,0.4601,17583.0,11571.802,2023-08-01
600136.SH,2020-09-29,6.68,7.04,6.61,6.87,6.67,0.2,2.9985,82125.0,56499.109,2023-08-01
600137.SH,2020-09-29,15.55,15.93,15.3,15.43,15.45,-0.02,-0.1294,7329.0,11407.557,2023-08-01
600138.SH,2020-09-29,11.05,11.11,10.94,10.96,11.0,-0.04,-0.3636,96494.69,106171.241,2023-08-01
600139.SH,2020-09-29,3.38,3.45,3.36,3.4,3.36,0.04,1.1905,117819.21,40318.882,2023-08-01
600141.SH,2020-09-29,10.02,10.07,9.88,9.95,9.97,-0.02,-0.2006,78425.27,78143.864,2023-08-01
600145.SH,2020-09-29,1.57,1.59,1.54,1.54,1.62,-0.08,-4.9383,162043.71,25095.426,2023-08-01
600146.SH,2020-09-29,1.72,1.73,1.66,1.72,1.75,-0.03,-1.7143,184598.01,31440.844,2023-08-01
600380.SH,2020-09-29,16.75,17.28,16.39,17.0,16.62,0.38,2.2864,173684.31,294200.858,2023-08-01
600381.SH,2020-09-29,4.9,5.12,4.87,5.07,4.94,0.13,2.6316,68181.92,34142.922,2023-08-01
600382.SH,2020-09-29,5.04,5.07,5.02,5.05,5.03,0.02,0.3976,24943.42,12589.268,2023-08-01
600383.SH,2020-09-29,14.99,15.0,14.6,14.7,14.79,-0.09,-0.6085,166538.94,245163.752,2023-08-01
600385.SH,2020-09-29,6.46,6.63,6.41,6.58,6.51,0.07,1.0753,6039.21,3952.331,2023-08-01
600386.SH,2020-09-29,3.59,3.64,3.58,3.6,3.59,0.01,0.2786,33765.02,12190.196,2023-08-01
600388.SH,2020-09-29,9.88,10.01,9.69,9.71,9.78,-0.07,-0.7157,102751.75,100909.22,2023-08-01
600389.SH,2020-09-29,21.75,21.87,21.22,21.24,21.68,-0.44,-2.0295,18838.0,40493.384,2023-08-01
600390.SH,2020-09-29,7.17,7.27,7.14,7.19,7.14,0.05,0.7003,84689.23,61116.21,2023-08-01
600391.SH,2020-09-29,22.35,23.19,22.29,22.91,22.18,0.73,3.2913,70414.68,160846.104,2023-08-01
600393.SH,2020-09-29,2.71,2.73,2.7,2.7,2.71,-0.01,-0.369,80628.0,21859.985,2023-08-01
600395.SH,2020-09-29,6.05,6.09,5.98,6.0,6.07,-0.07,-1.1532,69088.49,41615.243,2023-08-01
600396.SH,2020-09-29,2.6,2.65,2.58,2.61,2.59,0.02,0.7722,61310.0,16074.419,2023-08-01
600398.SH,2020-09-29,6.26,6.43,6.25,6.38,6.24,0.14,2.2436,65047.52,41486.001,2023-08-01
600399.SH,2020-09-29,7.16,7.49,7.15,7.49,7.18,0.31,4.3175,132693.3,98030.385,2023-08-01
600400.SH,2020-09-29,3.28,3.32,3.27,3.29,3.28,0.01,0.3049,27538.24,9068.287,2023-08-01
600415.SH,2020-09-29,5.68,5.75,5.62,5.66,5.65,0.01,0.177,206799.11,117620.693,2023-08-01
600418.SH,2020-09-29,7.25,7.28,7.13,7.15,7.07,0.08,1.1315,261849.52,188140.794,2023-08-01
600419.SH,2020-09-29,15.13,15.38,15.11,15.22,15.18,0.04,0.2635,46273.93,70429.772,2023-08-01
600422.SH,2020-09-29,9.76,9.82,9.73,9.74,9.71,0.03,0.309,33587.89,32846.403,2023-08-01
600428.SH,2020-09-29,3.29,3.35,3.27,3.34,3.28,0.06,1.8293,55178.65,18334.998,2023-08-01
600448.SH,2020-09-29,3.95,4.01,3.86,4.0,3.96,0.04,1.0101,154384.31,60777.691,2023-08-01
600456.SH,2020-09-29,28.79,31.31,28.76,30.65,28.46,2.19,7.695,122043.06,372170.632,2023-08-01
600466.SH,2020-09-29,5.19,5.2,5.08,5.1,5.19,-0.09,-1.7341,212528.16,109074.069,2023-08-01
600468.SH,2020-09-29,4.94,5.12,4.84,4.85,5.0,-0.15,-3.0,149451.81,73827.564,2023-08-01
600486.SH,2020-09-29,89.37,90.69,87.52,88.35,89.28,-0.93,-1.0417,22276.42,198275.763,2023-08-01
600488.SH,2020-09-29,4.69,4.74,4.69,4.71,4.63,0.08,1.7279,27123.72,12775.393,2023-08-01
600498.SH,2020-09-29,23.67,24.2,23.67,23.85,23.59,0.26,1.1022,55429.28,132871.826,2023-08-01
600500.SH,2020-09-29,5.2,5.25,5.17,5.18,5.15,0.03,0.5825,83599.23,43469.007,2023-08-01
600501.SH,2020-09-29,10.43,10.73,10.38,10.6,10.39,0.21,2.0212,51718.58,54856.578,2023-08-01
600506.SH,2020-09-29,9.37,10.29,9.33,10.29,9.35,0.94,10.0535,86999.03,86130.245,2023-08-01
600508.SH,2020-09-29,8.93,8.95,8.81,8.84,8.96,-0.12,-1.3393,45565.79,40382.729,2023-08-01
600509.SH,2020-09-29,3.92,3.93,3.86,3.86,3.9,-0.04,-1.0256,108726.78,42197.831,2023-08-01
600518.SH,2020-09-29,3.25,3.3,3.15,3.21,3.3,-0.09,-2.7273,516023.11,165806.539,2023-08-01
600519.SH,2020-09-29,1669.33,1669.4,1652.3,1652.3,1661.0,-8.7,-0.5238,17430.78,2895081.366,2023-08-01
600520.SH,2020-09-29,7.95,8.3,7.92,8.07,7.96,0.11,1.3819,38441.01,31241.818,2023-08-01
600523.SH,2020-09-29,16.75,17.69,16.74,17.24,16.77,0.47,2.8026,49447.95,85538.793,2023-08-01
600528.SH,2020-09-29,9.15,9.25,9.14,9.16,9.15,0.01,0.1093,42043.52,38693.851,2023-08-01
600530.SH,2020-09-29,2.77,2.8,2.75,2.78,2.77,0.01,0.361,27652.5,7677.736,2023-08-01
600533.SH,2020-09-29,3.3,3.33,3.29,3.31,3.3,0.01,0.303,34732.0,11490.084,2023-08-01
600536.SH,2020-09-29,83.01,84.48,83.0,83.7,82.8,0.9,1.087,56557.45,474278.179,2023-08-01
600539.SH,2020-09-29,7.2,7.2,7.13,7.16,7.14,0.02,0.2801,2948.0,2111.884,2023-08-01
600548.SH,2020-09-29,8.65,8.75,8.65,8.72,8.65,0.07,0.8092,23500.87,20422.2,2023-08-01
600550.SH,2020-09-29,4.49,4.57,4.48,4.48,4.49,-0.01,-0.2227,37507.86,16922.974,2023-08-01
600555.SH,2020-09-29,1.81,1.86,1.81,1.86,1.81,0.05,2.7624,61416.38,11309.068,2023-08-01
002187.SZ,2020-09-29,10.26,11.28,10.02,11.28,10.25,1.03,10.0488,112458.29,122058.153,2023-08-01
603861.SH,2020-09-29,8.18,8.32,8.16,8.18,8.19,-0.01,-0.1221,5264.0,4328.236,2023-08-01
002186.SZ,2020-09-29,10.68,10.84,10.6,10.76,10.65,0.11,1.0329,10815.68,11582.681,2023-08-01
002544.SZ,2020-09-29,15.0,15.57,14.5,15.25,15.04,0.21,1.3963,43943.48,67094.249,2023-08-01
002182.SZ,2020-09-29,9.46,9.55,9.36,9.38,9.36,0.02,0.2137,66627.07,62995.011,2023-08-01
002184.SZ,2020-09-29,13.8,14.09,13.7,13.78,13.64,0.14,1.0264,26990.0,37551.159,2023-08-01
002196.SZ,2020-09-29,5.2,5.36,5.15,5.16,5.14,0.02,0.3891,61857.5,32248.343,2023-08-01
002208.SZ,2020-09-29,11.15,11.26,10.95,11.08,10.99,0.09,0.8189,51247.4,56853.061,2023-08-01
002193.SZ,2020-09-29,6.68,6.83,6.66,6.76,6.68,0.08,1.1976,15302.11,10343.1,2023-08-01
002190.SZ,2020-09-29,26.18,27.14,26.04,26.78,26.0,0.78,3.0,36277.66,96881.923,2023-08-01
002191.SZ,2020-09-29,9.14,9.21,9.08,9.15,9.08,0.07,0.7709,89853.87,82287.444,2023-08-01
002195.SZ,2020-09-29,2.84,2.87,2.83,2.84,2.83,0.01,0.3534,401257.54,114385.697,2023-08-01
002181.SZ,2020-09-29,4.53,4.56,4.49,4.54,4.48,0.06,1.3393,16110.11,7288.469,2023-08-01
002194.SZ,2020-09-29,13.95,15.29,13.95,15.29,13.9,1.39,10.0,78780.61,117244.847,2023-08-01
002199.SZ,2020-09-29,7.6,7.8,7.56,7.76,7.58,0.18,2.3747,32327.0,24963.489,2023-08-01
002198.SZ,2020-09-29,5.41,5.7,5.35,5.6,5.4,0.2,3.7037,129908.01,72519.156,2023-08-01
601390.SH,2020-09-29,5.45,5.47,5.43,5.44,5.43,0.01,0.1842,366584.42,199769.572,2023-08-01
601918.SH,2020-09-29,2.53,2.55,2.49,2.51,2.52,-0.01,-0.3968,125044.82,31459.918,2023-08-01
002197.SZ,2020-09-29,9.44,9.55,9.4,9.46,9.36,0.1,1.0684,36628.38,34748.522,2023-08-01
002407.SZ,2020-09-29,12.95,13.5,12.75,13.16,12.64,0.52,4.1139,568169.97,743232.669,2023-08-01
002201.SZ,2020-09-29,15.28,15.68,14.8,14.88,14.93,-0.05,-0.3349,181001.53,277047.365,2023-08-01
002203.SZ,2020-09-29,8.19,8.3,7.87,7.88,8.15,-0.27,-3.3129,105645.42,85365.343,2023-08-01
601999.SH,2020-09-29,5.93,6.04,5.93,5.93,5.94,-0.01,-0.1684,14085.44,8412.674,2023-08-01
002202.SZ,2020-09-29,10.03,10.07,9.95,9.99,9.95,0.04,0.402,221657.54,221859.432,2023-08-01
601866.SH,2020-09-29,2.06,2.11,2.05,2.09,2.05,0.04,1.9512,279947.94,58432.308,2023-08-01
002204.SZ,2020-09-29,3.82,3.88,3.81,3.83,3.81,0.02,0.5249,110939.6,42697.227,2023-08-01
002205.SZ,2020-09-29,8.75,8.92,8.75,8.82,8.81,0.01,0.1135,12913.81,11410.522,2023-08-01
601601.SH,2020-09-29,31.65,31.83,31.44,31.45,31.46,-0.01,-0.0318,252769.4,800006.718,2023-08-01
601139.SH,2020-09-29,6.99,7.09,6.97,7.01,6.98,0.03,0.4298,44230.47,31126.268,2023-08-01
002206.SZ,2020-09-29,3.69,3.75,3.69,3.73,3.69,0.04,1.084,44333.0,16523.519,2023-08-01
002209.SZ,2020-09-29,6.49,6.84,6.44,6.64,6.49,0.15,2.3112,43878.01,29360.949,2023-08-01
002391.SZ,2020-09-29,7.64,7.67,7.6,7.65,7.61,0.04,0.5256,20367.5,15575.279,2023-08-01
002210.SZ,2020-09-29,2.09,2.11,2.06,2.07,2.17,-0.1,-4.6083,289116.04,59873.915,2023-08-01
300024.SZ,2020-09-29,14.61,14.81,14.54,14.65,14.51,0.14,0.9649,111107.63,163372.239,2023-08-01
002397.SZ,2020-09-29,5.04,5.14,5.0,5.09,5.03,0.06,1.1928,52001.0,26403.113,2023-08-01
002213.SZ,2020-09-29,15.28,15.49,15.18,15.31,15.31,0.0,0.0,5225.0,8008.609,2023-08-01
002212.SZ,2020-09-29,22.8,23.38,22.65,22.81,22.88,-0.07,-0.3059,73498.71,168579.814,2023-08-01
601899.SH,2020-09-29,6.32,6.42,6.16,6.19,6.19,0.0,0.0,2081150.87,1300959.855,2023-08-01
002215.SZ,2020-09-29,6.02,6.07,6.01,6.06,6.0,0.06,1.0,40489.36,24494.854,2023-08-01
601099.SH,2020-09-29,4.2,4.26,4.19,4.2,4.2,0.0,0.0,1524028.0,643005.664,2023-08-01
002218.SZ,2020-09-29,4.35,4.39,4.21,4.28,4.39,-0.11,-2.5057,547700.3,234590.414,2023-08-01
002214.SZ,2020-09-29,24.56,24.73,24.28,24.53,24.47,0.06,0.2452,45094.87,110665.0,2023-08-01
002226.SZ,2020-09-29,6.62,6.88,6.59,6.67,6.62,0.05,0.7553,77192.38,51607.898,2023-08-01
002217.SZ,2020-09-29,5.09,5.14,5.08,5.09,5.08,0.01,0.1969,148020.21,75672.541,2023-08-01
002222.SZ,2020-09-29,13.52,13.93,13.5,13.8,13.43,0.37,2.755,50596.14,69677.057,2023-08-01
002675.SZ,2020-09-29,21.43,22.92,21.43,22.62,21.36,1.26,5.8989,126657.68,283091.733,2023-08-01
300327.SZ,2020-09-29,34.16,35.21,34.16,35.04,34.0,1.04,3.0588,80741.62,281556.416,2023-08-01
300311.SZ,2020-09-29,7.29,7.43,7.17,7.27,7.23,0.04,0.5533,245179.91,179120.642,2023-08-01
002677.SZ,2020-09-29,18.39,18.5,18.15,18.27,18.25,0.02,0.1096,28815.9,52833.74,2023-08-01
002676.SZ,2020-09-29,3.21,3.29,3.18,3.26,3.2,0.06,1.875,61447.0,19948.428,2023-08-01
300308.SZ,2020-09-29,50.44,50.82,49.91,50.09,49.9,0.19,0.3808,32913.97,165966.309,2023-08-01
300330.SZ,2020-09-29,12.13,12.7,11.98,12.57,11.95,0.62,5.1883,69281.0,86228.117,2023-08-01
300302.SZ,2020-09-29,15.54,15.84,15.43,15.54,15.34,0.2,1.3038,63409.33,99239.407,2023-08-01
300315.SZ,2020-09-29,7.07,7.09,6.89,6.92,7.0,-0.08,-1.1429,701058.48,488992.929,2023-08-01
300312.SZ,2020-09-29,7.29,8.4,7.22,7.43,7.44,-0.01,-0.1344,540612.49,418943.053,2023-08-01
300317.SZ,2020-09-29,5.65,6.1,5.59,5.88,5.61,0.27,4.8128,445966.94,263900.951,2023-08-01
601038.SH,2020-09-29,10.59,11.17,10.57,10.83,10.5,0.33,3.1429,54345.75,59267.462,2023-08-01
300299.SZ,2020-09-29,8.22,8.44,8.09,8.33,8.12,0.21,2.5862,162405.72,134410.654,2023-08-01
603000.SH,2020-09-29,18.92,19.08,18.81,18.82,18.9,-0.08,-0.4233,49592.15,93805.345,2023-08-01
002671.SZ,2020-09-29,4.74,4.79,4.72,4.73,4.72,0.01,0.2119,13641.99,6473.566,2023-08-01
603128.SH,2020-09-29,7.13,7.18,6.99,7.06,7.04,0.02,0.2841,291241.76,206103.74,2023-08-01
002665.SZ,2020-09-29,2.54,2.6,2.54,2.57,2.55,0.02,0.7843,205116.23,52798.632,2023-08-01
002696.SZ,2020-09-29,5.87,5.97,5.83,5.91,5.84,0.07,1.1986,22477.72,13301.078,2023-08-01
002685.SZ,2020-09-29,4.97,5.07,4.97,5.06,5.02,0.04,0.7968,63458.73,31930.16,2023-08-01
002699.SZ,2020-09-29,6.85,6.88,6.67,6.69,6.84,-0.15,-2.193,83897.4,56559.082,2023-08-01
002682.SZ,2020-09-29,3.86,3.91,3.84,3.89,3.85,0.04,1.039,19891.5,7725.562,2023-08-01
603077.SH,2020-09-29,1.43,1.45,1.42,1.43,1.43,0.0,0.0,1076328.7,154407.982,2023-08-01
603168.SH,2020-09-29,8.86,9.53,8.86,9.43,8.89,0.54,6.0742,90986.91,84414.198,2023-08-01
002692.SZ,2020-09-29,3.0,3.02,2.99,3.0,3.0,0.0,0.0,4657.0,1399.066,2023-08-01
603366.SH,2020-09-29,5.15,5.18,5.08,5.12,5.13,-0.01,-0.1949,31712.0,16291.098,2023-08-01
300319.SZ,2020-09-29,9.84,10.03,9.77,9.86,9.76,0.1,1.0246,68282.23,67679.014,2023-08-01
300316.SZ,2020-09-29,30.83,31.4,30.2,30.2,30.46,-0.26,-0.8536,249626.67,769132.523,2023-08-01
002690.SZ,2020-09-29,47.83,49.48,47.61,48.01,47.8,0.21,0.4393,25395.05,123041.818,2023-08-01
300746.SZ,2020-09-29,13.88,13.95,13.66,13.77,13.68,0.09,0.6579,15688.0,21650.514,2023-08-01
002678.SZ,2020-09-29,7.64,7.64,7.46,7.51,7.48,0.03,0.4011,6035.4,4552.212,2023-08-01
002691.SZ,2020-09-29,5.17,5.25,5.09,5.14,5.14,0.0,0.0,23963.59,12367.608,2023-08-01
002158.SZ,2020-09-29,12.17,12.31,12.15,12.26,12.15,0.11,0.9053,24428.93,29926.786,2023-08-01
002851.SZ,2020-09-29,32.61,33.59,31.91,33.25,32.54,0.71,2.1819,58855.46,193571.739,2023-08-01
300342.SZ,2020-09-29,13.98,14.26,13.85,14.07,13.83,0.24,1.7354,98827.47,139332.752,2023-08-01
300322.SZ,2020-09-29,16.22,16.46,16.05,16.15,16.14,0.01,0.062,83797.1,136214.245,2023-08-01
300400.SZ,2020-09-29,15.18,15.45,15.15,15.23,15.13,0.1,0.6609,31656.0,48366.624,2023-08-01
300339.SZ,2020-09-29,13.2,13.38,13.06,13.1,13.06,0.04,0.3063,258542.93,341128.152,2023-08-01
300333.SZ,2020-09-29,10.13,10.4,10.09,10.18,10.05,0.13,1.2935,70443.83,72144.642,2023-08-01
002689.SZ,2020-09-29,3.38,3.39,3.34,3.35,3.34,0.01,0.2994,33783.8,11375.159,2023-08-01
002679.SZ,2020-09-29,11.59,11.59,11.15,11.2,11.51,-0.31,-2.6933,26441.8,29885.222,2023-08-01
300336.SZ,2020-09-29,4.7,4.78,4.68,4.68,4.74,-0.06,-1.2658,157254.5,74242.429,2023-08-01
603008.SH,2020-09-29,12.49,12.49,12.12,12.4,12.33,0.07,0.5677,38865.7,47603.125,2023-08-01
300334.SZ,2020-09-29,8.0,8.24,7.96,8.17,8.01,0.16,1.9975,43469.01,35392.632,2023-08-01
300348.SZ,2020-09-29,23.33,23.98,23.17,23.75,23.02,0.73,3.1712,180029.96,425625.672,2023-08-01
300397.SZ,2020-09-29,23.71,25.38,23.71,24.83,23.56,1.27,5.3905,228717.33,564297.668,2023-08-01
300455.SZ,2020-09-29,15.2,15.68,15.07,15.44,15.04,0.4,2.6596,33662.93,52026.143,2023-08-01
300449.SZ,2020-09-29,11.69,12.0,11.49,11.79,11.46,0.33,2.8796,106603.19,125497.057,2023-08-01
603726.SH,2020-09-29,13.38,13.74,13.25,13.5,13.48,0.02,0.1484,27487.96,37223.965,2023-08-01
002768.SZ,2020-09-29,33.5,33.78,33.18,33.46,33.45,0.01,0.0299,19062.41,63910.661,2023-08-01
603015.SH,2020-09-29,6.92,7.05,6.86,6.98,6.9,0.08,1.1594,25989.18,18110.925,2023-08-01
603959.SH,2020-09-29,11.86,12.67,11.81,11.93,11.9,0.03,0.2521,70105.12,85499.813,2023-08-01
603368.SH,2020-09-29,23.35,23.5,23.28,23.39,23.41,-0.02,-0.0854,17246.06,40351.466,2023-08-01
002791.SZ,2020-09-29,124.23,130.5,122.94,129.5,123.97,5.53,4.4608,16782.26,214747.436,2023-08-01
002732.SZ,2020-09-29,24.57,25.17,24.57,24.9,24.61,0.29,1.1784,8763.93,21783.119,2023-08-01
002808.SZ,2020-09-29,10.52,10.62,10.4,10.51,10.5,0.01,0.0952,35096.06,36888.308,2023-08-01
300384.SZ,2020-09-29,17.17,17.34,16.94,16.99,16.98,0.01,0.0589,22550.8,38672.938,2023-08-01
603383.SH,2020-09-29,38.35,38.98,38.23,38.56,38.22,0.34,0.8896,9086.37,35192.553,2023-08-01
300406.SZ,2020-09-29,19.29,19.42,19.03,19.12,19.3,-0.18,-0.9326,18488.84,35475.906,2023-08-01
603188.SH,2020-09-29,5.51,5.51,5.42,5.44,5.46,-0.02,-0.3663,9939.0,5419.091,2023-08-01
300511.SZ,2020-09-29,15.5,16.6,15.4,16.36,15.45,0.91,5.89,140490.26,228145.576,2023-08-01
300441.SZ,2020-09-29,9.35,9.35,9.08,9.25,9.3,-0.05,-0.5376,60553.08,55956.26,2023-08-01
603116.SH,2020-09-29,6.89,6.97,6.82,6.85,6.9,-0.05,-0.7246,7953.4,5472.448,2023-08-01
300513.SZ,2020-09-29,14.4,14.79,14.4,14.5,14.36,0.14,0.9749,113609.88,165950.177,2023-08-01
002786.SZ,2020-09-29,7.84,7.9,7.79,7.83,7.81,0.02,0.2561,20955.0,16444.868,2023-08-01
603866.SH,2020-09-29,58.77,60.99,58.31,59.46,58.6,0.86,1.4676,33446.86,200797.08,2023-08-01
600959.SH,2020-09-29,3.71,3.77,3.71,3.73,3.71,0.02,0.5391,65572.08,24561.127,2023-08-01
002776.SZ,2020-09-29,7.76,7.83,7.73,7.75,7.76,-0.01,-0.1289,26171.13,20337.501,2023-08-01
002771.SZ,2020-09-29,12.79,13.08,12.71,12.9,12.78,0.12,0.939,13710.9,17720.837,2023-08-01
300448.SZ,2020-09-29,10.05,10.31,9.99,10.08,10.01,0.07,0.6993,111230.56,113263.541,2023-08-01
603730.SH,2020-09-29,27.33,28.7,26.96,28.31,27.28,1.03,3.7757,20575.94,57619.412,2023-08-01
603101.SH,2020-09-29,5.59,5.65,5.53,5.56,5.58,-0.02,-0.3584,16479.66,9175.951,2023-08-01
002818.SZ,2020-09-29,14.07,14.27,13.88,14.0,14.1,-0.1,-0.7092,14382.14,20215.521,2023-08-01
002767.SZ,2020-09-29,13.21,13.45,13.03,13.4,13.38,0.02,0.1495,11991.9,15894.045,2023-08-01
603883.SH,2020-09-29,82.12,83.3,79.92,81.13,82.01,-0.88,-1.073,23941.88,194619.843,2023-08-01
603528.SH,2020-09-29,9.54,10.18,9.47,10.11,9.46,0.65,6.871,52554.22,52155.619,2023-08-01
603885.SH,2020-09-29,11.0,11.03,10.78,10.8,10.92,-0.12,-1.0989,87797.68,95372.716,2023-08-01
002735.SZ,2020-09-29,39.5,39.99,38.63,39.64,39.25,0.39,0.9936,12192.7,48134.888,2023-08-01
603909.SH,2020-09-29,17.4,17.75,17.22,17.42,17.34,0.08,0.4614,10297.6,17972.768,2023-08-01
603567.SH,2020-09-29,12.44,12.5,12.35,12.43,12.37,0.06,0.485,5701.75,7093.3,2023-08-01
002780.SZ,2020-09-29,18.4,18.4,17.65,17.98,18.28,-0.3,-1.6411,38137.52,68355.45,2023-08-01
603017.SH,2020-09-29,12.0,12.18,11.97,11.99,12.0,-0.01,-0.0833,18971.9,22883.818,2023-08-01
300445.SZ,2020-09-29,15.43,15.8,15.0,15.5,15.31,0.19,1.241,6458.96,9970.304,2023-08-01
002741.SZ,2020-09-29,14.07,15.07,14.02,14.69,13.89,0.8,5.7595,77986.0,113931.676,2023-08-01
603798.SH,2020-09-29,10.6,10.85,10.53,10.79,10.6,0.19,1.7925,10149.56,10880.852,2023-08-01
300374.SZ,2020-09-29,15.69,16.1,15.44,15.77,15.79,-0.02,-0.1267,20258.7,31937.166,2023-08-01
300407.SZ,2020-09-29,8.46,8.65,8.46,8.52,8.47,0.05,0.5903,16904.0,14486.096,2023-08-01
300440.SZ,2020-09-29,9.03,9.08,8.65,8.74,8.96,-0.22,-2.4554,74162.0,65639.9,2023-08-01
300418.SZ,2020-09-29,26.71,26.86,26.31,26.71,26.4,0.31,1.1742,155259.0,414230.708,2023-08-01
603901.SH,2020-09-29,9.19,9.43,9.02,9.28,8.97,0.31,3.456,59807.43,55428.154,2023-08-01
300552.SZ,2020-09-29,44.5,45.72,44.5,44.62,44.41,0.21,0.4729,20714.8,93379.89,2023-08-01
300712.SZ,2020-09-29,14.78,14.87,14.35,14.59,14.51,0.08,0.5513,18134.2,26550.529,2023-08-01
603106.SH,2020-09-29,8.36,8.52,8.36,8.36,8.32,0.04,0.4808,26978.63,22733.083,2023-08-01
603527.SH,2020-09-29,8.82,8.95,8.82,8.88,8.8,0.08,0.9091,8307.36,7388.487,2023-08-01
603348.SH,2020-09-29,22.76,23.86,22.43,23.51,22.74,0.77,3.3861,26762.4,62170.878,2023-08-01
002891.SZ,2020-09-29,42.82,44.1,42.6,43.09,42.82,0.27,0.6305,12662.79,54737.149,2023-08-01
300672.SZ,2020-09-29,52.85,53.4,52.21,52.37,52.2,0.17,0.3257,13398.89,70630.278,2023-08-01
300691.SZ,2020-09-29,14.92,15.05,14.76,14.78,14.75,0.03,0.2034,14485.0,21559.055,2023-08-01
300668.SZ,2020-09-29,16.64,16.76,16.43,16.67,16.48,0.19,1.1529,5705.0,9487.127,2023-08-01
300669.SZ,2020-09-29,37.5,37.55,36.41,36.82,37.25,-0.43,-1.1544,24594.49,90856.51,2023-08-01
600901.SH,2020-09-29,5.67,5.75,5.63,5.66,5.6,0.06,1.0714,79496.51,45334.99,2023-08-01
688058.SH,2020-09-29,121.2,124.48,119.03,120.88,118.7,2.18,1.8366,3796.03,46260.291,2023-08-01
002897.SZ,2020-09-29,33.3,34.26,33.13,33.92,33.28,0.64,1.9231,19268.81,65332.13,2023-08-01
603500.SH,2020-09-29,13.66,13.91,13.45,13.54,13.58,-0.04,-0.2946,36442.51,49883.532,2023-08-01
300673.SZ,2020-09-29,37.52,38.08,37.08,37.79,37.26,0.53,1.4224,12564.02,47352.606,2023-08-01
002895.SZ,2020-09-29,11.63,12.02,11.55,11.82,11.53,0.29,2.5152,21696.7,25618.658,2023-08-01
603976.SH,2020-09-29,60.13,68.76,58.24,64.96,64.71,0.25,0.3863,154061.23,945286.996,2023-08-01
002901.SZ,2020-09-29,89.0,91.79,88.1,90.43,88.89,1.54,1.7325,14034.69,126818.466,2023-08-01
603605.SH,2020-09-29,137.98,140.4,136.1,138.81,137.0,1.81,1.3212,12362.27,171482.803,2023-08-01
603363.SH,2020-09-29,18.89,19.27,18.6,19.0,18.72,0.28,1.4957,30170.64,57468.952,2023-08-01
603321.SH,2020-09-29,7.35,7.48,7.32,7.44,7.37,0.07,0.9498,20006.0,14847.684,2023-08-01
603181.SH,2020-09-29,17.1,17.21,16.5,16.91,17.04,-0.13,-0.7629,51080.14,86124.04,2023-08-01
300683.SZ,2020-09-29,46.05,47.88,45.8,47.47,46.2,1.27,2.7489,9700.18,45740.318,2023-08-01
603557.SH,2020-09-29,13.97,14.15,13.3,14.07,13.68,0.39,2.8509,271158.07,374456.082,2023-08-01
603183.SH,2020-09-29,8.51,8.65,8.42,8.6,8.5,0.1,1.1765,33659.17,28741.475,2023-08-01
603386.SH,2020-09-29,18.24,18.5,17.71,17.97,18.25,-0.28,-1.5342,66916.0,120662.378,2023-08-01
300687.SZ,2020-09-29,22.11,22.57,22.0,22.13,21.88,0.25,1.1426,45155.5,100723.735,2023-08-01
300679.SZ,2020-09-29,37.33,37.91,36.53,37.05,36.83,0.22,0.5973,54809.44,202963.914,2023-08-01
603087.SH,2020-09-29,117.6,118.6,115.5,116.99,117.55,-0.56,-0.4764,14400.65,168802.598,2023-08-01
002892.SZ,2020-09-29,22.56,22.66,22.31,22.52,22.46,0.06,0.2671,5863.16,13196.276,2023-08-01
002920.SZ,2020-09-29,72.0,72.0,66.68,70.7,71.57,-0.87,-1.2156,51348.55,358985.362,2023-08-01
603083.SH,2020-09-29,19.8,20.35,19.62,20.12,19.55,0.57,2.9156,30502.0,61277.57,2023-08-01
603499.SH,2020-09-29,9.8,10.27,9.77,10.2,10.11,0.09,0.8902,34010.39,34265.299,2023-08-01
603076.SH,2020-09-29,42.64,42.64,38.77,39.13,42.37,-3.24,-7.6469,23423.0,93850.661,2023-08-01
002918.SZ,2020-09-29,35.86,36.38,35.28,35.83,35.76,0.07,0.1957,29941.59,107260.51,2023-08-01
603659.SH,2020-09-29,105.95,109.59,104.28,107.75,103.26,4.49,4.3482,35007.83,376192.787,2023-08-01
603967.SH,2020-09-29,14.15,14.37,14.13,14.27,14.14,0.13,0.9194,6357.54,9061.025,2023-08-01
603429.SH,2020-09-29,36.14,36.76,36.02,36.12,36.26,-0.14,-0.3861,19546.17,71068.031,2023-08-01
600025.SH,2020-09-29,4.05,4.28,4.04,4.26,4.04,0.22,5.4455,773787.66,322287.194,2023-08-01
603533.SH,2020-09-29,25.01,26.61,24.88,26.33,24.99,1.34,5.3621,61543.57,159867.306,2023-08-01
603283.SH,2020-09-29,52.12,54.16,51.58,51.85,51.96,-0.11,-0.2117,20418.0,107783.669,2023-08-01
002970.SZ,2020-09-29,49.9,51.89,49.83,51.53,49.8,1.73,3.4739,13206.49,67440.689,2023-08-01
300689.SZ,2020-09-29,37.93,38.48,37.5,37.7,37.73,-0.03,-0.0795,4444.0,16839.956,2023-08-01
300723.SZ,2020-09-29,41.03,43.19,40.34,42.74,41.01,1.73,4.2185,11956.71,50471.701,2023-08-01
300803.SZ,2020-09-29,56.12,57.57,55.25,55.3,55.79,-0.49,-0.8783,58223.22,327462.511,2023-08-01
300743.SZ,2020-09-29,19.4,19.77,19.11,19.45,19.45,0.0,0.0,21853.53,42575.453,2023-08-01
600148.SH,2020-09-29,13.83,14.21,13.79,14.01,13.79,0.22,1.5954,11712.55,16471.279,2023-08-01
600149.SH,2020-09-29,4.78,4.85,4.75,4.81,4.78,0.03,0.6276,9982.0,4801.417,2023-08-01
600150.SH,2020-09-29,18.16,18.6,18.16,18.45,18.12,0.33,1.8212,71814.56,132580.707,2023-08-01
600151.SH,2020-09-29,6.96,7.04,6.71,6.9,6.9,0.0,0.0,359146.21,248226.076,2023-08-01
600152.SH,2020-09-29,6.13,6.29,6.11,6.23,6.12,0.11,1.7974,38141.58,23748.282,2023-08-01
600153.SH,2020-09-29,8.6,8.74,8.59,8.67,8.57,0.1,1.1669,90802.69,78752.588,2023-08-01
600155.SH,2020-09-29,13.09,13.12,12.74,12.75,12.84,-0.09,-0.7009,147795.45,190541.853,2023-08-01
600156.SH,2020-09-29,4.69,4.79,4.63,4.69,4.7,-0.01,-0.2128,44260.06,20829.128,2023-08-01
600157.SH,2020-09-29,1.38,1.38,1.38,1.38,1.45,-0.07,-4.8276,163473.0,22559.274,2023-08-01
600158.SH,2020-09-29,12.0,12.45,11.93,12.14,11.88,0.26,2.1886,261535.1,318735.521,2023-08-01
600159.SH,2020-09-29,2.54,2.57,2.52,2.55,2.54,0.01,0.3937,36383.0,9282.384,2023-08-01
600161.SH,2020-09-29,40.16,40.16,37.1,38.66,40.2,-1.54,-3.8308,178212.44,679582.252,2023-08-01
600162.SH,2020-09-29,2.1,2.1,2.08,2.08,2.1,-0.02,-0.9524,51633.14,10789.95,2023-08-01
600163.SH,2020-09-29,3.59,3.65,3.58,3.61,3.59,0.02,0.5571,21587.0,7829.247,2023-08-01
600165.SH,2020-09-29,7.05,7.61,6.98,7.55,6.92,0.63,9.104,565282.29,418977.28,2023-08-01
600166.SH,2020-09-29,2.47,2.5,2.44,2.45,2.47,-0.02,-0.8097,477912.18,117720.79,2023-08-01
600167.SH,2020-09-29,12.63,12.91,12.55,12.8,12.63,0.17,1.346,42834.79,54871.023,2023-08-01
600168.SH,2020-09-29,7.12,7.33,7.09,7.28,7.15,0.13,1.8182,34225.53,24821.093,2023-08-01
600169.SH,2020-09-29,2.04,2.04,2.02,2.02,2.03,-0.01,-0.4926,70089.55,14233.45,2023-08-01
600170.SH,2020-09-29,3.12,3.13,3.11,3.11,3.11,0.0,0.0,125350.61,39084.96,2023-08-01
600171.SH,2020-09-29,15.99,16.15,15.92,16.04,15.88,0.16,1.0076,38342.04,61617.818,2023-08-01
600172.SH,2020-09-29,3.12,3.25,3.07,3.12,3.07,0.05,1.6287,568775.59,179019.088,2023-08-01
600173.SH,2020-09-29,4.74,5.05,4.72,4.95,4.74,0.21,4.4304,48952.17,24009.562,2023-08-01
600176.SH,2020-09-29,14.79,14.85,14.51,14.69,14.62,0.07,0.4788,271653.87,399938.659,2023-08-01
600177.SH,2020-09-29,6.79,6.83,6.76,6.8,6.76,0.04,0.5917,93653.89,63676.654,2023-08-01
600178.SH,2020-09-29,7.64,7.74,7.25,7.56,7.62,-0.06,-0.7874,237408.37,177863.657,2023-08-01
600179.SH,2020-09-29,5.28,5.4,5.26,5.36,5.36,0.0,0.0,52549.79,28096.536,2023-08-01
600180.SH,2020-09-29,6.18,6.24,6.13,6.17,6.15,0.02,0.3252,19149.3,11809.573,2023-08-01
600182.SH,2020-09-29,13.85,13.87,13.71,13.85,13.75,0.1,0.7273,5878.01,8121.854,2023-08-01
600183.SH,2020-09-29,23.27,23.63,23.18,23.42,23.11,0.31,1.3414,143719.84,336914.144,2023-08-01
600185.SH,2020-09-29,11.09,11.45,11.05,11.14,11.1,0.04,0.3604,153625.8,172707.47,2023-08-01
600186.SH,2020-09-29,2.67,2.69,2.64,2.67,2.65,0.02,0.7547,63283.01,16876.769,2023-08-01
600187.SH,2020-09-29,2.48,2.52,2.48,2.5,2.48,0.02,0.8065,69239.34,17335.234,2023-08-01
600188.SH,2020-09-29,9.69,9.7,9.48,9.56,9.64,-0.08,-0.8299,252639.34,241393.781,2023-08-01
600189.SH,2020-09-29,5.65,5.69,5.53,5.65,5.58,0.07,1.2545,39182.9,22074.582,2023-08-01
600190.SH,2020-09-29,2.94,2.95,2.91,2.91,2.92,-0.01,-0.3425,26376.97,7722.858,2023-08-01
600191.SH,2020-09-29,5.64,5.69,5.56,5.6,5.62,-0.02,-0.3559,47856.47,26958.256,2023-08-01
600192.SH,2020-09-29,4.89,4.93,4.84,4.89,4.87,0.02,0.4107,14058.0,6892.17,2023-08-01
600193.SH,2020-09-29,4.65,4.82,4.65,4.7,4.65,0.05,1.0753,5544.69,2608.124,2023-08-01
600195.SH,2020-09-29,14.43,14.86,13.99,14.7,14.41,0.29,2.0125,159266.77,231166.412,2023-08-01
600196.SH,2020-09-29,50.29,50.43,48.81,50.09,50.55,-0.46,-0.91,397685.17,1976496.962,2023-08-01
600197.SH,2020-09-29,17.71,17.9,17.57,17.8,17.71,0.09,0.5082,50757.32,90083.677,2023-08-01
600198.SH,2020-09-29,10.4,10.78,10.4,10.66,10.37,0.29,2.7965,116471.7,124093.005,2023-08-01
600199.SH,2020-09-29,6.2,6.21,6.12,6.17,6.17,0.0,0.0,30313.79,18716.869,2023-08-01
600556.SH,2020-09-29,18.06,18.12,17.66,17.71,17.75,-0.04,-0.2254,37432.71,66651.906,2023-08-01
600558.SH,2020-09-29,3.15,3.17,3.13,3.15,3.14,0.01,0.3185,57113.25,17996.928,2023-08-01
600566.SH,2020-09-29,21.53,21.95,21.5,21.86,21.57,0.29,1.3445,27819.46,60569.775,2023-08-01
600567.SH,2020-09-29,3.13,3.14,3.11,3.12,3.12,0.0,0.0,233976.4,73074.28,2023-08-01
600568.SH,2020-09-29,1.72,1.73,1.66,1.68,1.71,-0.03,-1.7544,106662.2,18060.034,2023-08-01
600569.SH,2020-09-29,2.06,2.07,2.05,2.06,2.06,0.0,0.0,33844.97,6976.152,2023-08-01
600578.SH,2020-09-29,2.99,3.12,2.96,3.06,2.99,0.07,2.3411,84146.1,25566.348,2023-08-01
600582.SH,2020-09-29,3.08,3.11,3.06,3.07,3.07,0.0,0.0,136168.0,42047.466,2023-08-01
600583.SH,2020-09-29,4.54,4.55,4.52,4.53,4.54,-0.01,-0.2203,78788.72,35736.482,2023-08-01
600585.SH,2020-09-29,56.41,56.74,55.76,55.85,56.28,-0.43,-0.764,183886.79,1031597.709,2023-08-01
600588.SH,2020-09-29,38.4,39.3,38.0,39.08,37.79,1.29,3.4136,177073.74,687994.525,2023-08-01
600589.SH,2020-09-29,3.94,3.95,3.82,3.89,3.94,-0.05,-1.269,128276.0,49816.082,2023-08-01
600596.SH,2020-09-29,8.6,8.68,8.6,8.64,8.56,0.08,0.9346,25757.63,22253.242,2023-08-01
600598.SH,2020-09-29,18.66,19.1,18.44,18.78,18.56,0.22,1.1853,160039.51,301296.5,2023-08-01
600599.SH,2020-09-29,5.09,5.2,5.09,5.12,5.09,0.03,0.5894,9266.16,4764.08,2023-08-01
600600.SH,2020-09-29,71.98,72.5,71.17,72.08,71.49,0.59,0.8253,46406.43,334363.803,2023-08-01
600601.SH,2020-09-29,4.2,4.3,4.2,4.23,4.25,-0.02,-0.4706,226461.14,96142.734,2023-08-01
600602.SH,2020-09-29,6.58,6.66,6.57,6.59,6.56,0.03,0.4573,20048.75,13251.693,2023-08-01
600603.SH,2020-09-29,5.07,5.12,5.02,5.07,5.05,0.02,0.396,50998.28,25872.837,2023-08-01
600604.SH,2020-09-29,7.48,7.55,7.45,7.5,7.48,0.02,0.2674,72195.7,54197.452,2023-08-01
600605.SH,2020-09-29,12.35,12.57,12.21,12.25,12.25,0.0,0.0,9387.86,11606.513,2023-08-01
600606.SH,2020-09-29,6.57,6.61,6.44,6.46,6.54,-0.08,-1.2232,311595.08,203013.475,2023-08-01
600608.SH,2020-09-29,4.33,4.35,4.3,4.34,4.33,0.01,0.2309,6797.0,2945.739,2023-08-01
600609.SH,2020-09-29,6.66,6.73,6.62,6.63,6.65,-0.02,-0.3008,58808.79,39187.733,2023-08-01
600610.SH,2020-09-29,4.6,4.67,4.56,4.58,4.59,-0.01,-0.2179,23904.61,11021.386,2023-08-01
600611.SH,2020-09-29,3.64,3.68,3.63,3.65,3.64,0.01,0.2747,35803.1,13081.426,2023-08-01
600612.SH,2020-09-29,47.98,48.14,46.88,47.12,47.41,-0.29,-0.6117,13612.74,64398.755,2023-08-01
600613.SH,2020-09-29,6.68,6.74,6.6,6.66,6.63,0.03,0.4525,10648.0,7108.09,2023-08-01
600615.SH,2020-09-29,7.99,8.19,7.93,8.07,7.95,0.12,1.5094,12924.0,10451.673,2023-08-01
600616.SH,2020-09-29,4.53,4.54,4.46,4.51,4.48,0.03,0.6696,16204.32,7301.098,2023-08-01
600617.SH,2020-09-29,4.57,4.79,4.39,4.64,4.8,-0.16,-3.3333,111506.26,51176.404,2023-08-01
600618.SH,2020-09-29,7.26,7.38,7.23,7.32,7.25,0.07,0.9655,17181.68,12566.123,2023-08-01
600619.SH,2020-09-29,7.48,7.64,7.48,7.58,7.47,0.11,1.4726,13648.22,10336.558,2023-08-01
600620.SH,2020-09-29,7.85,7.93,7.8,7.87,7.87,0.0,0.0,14205.0,11187.307,2023-08-01
600621.SH,2020-09-29,20.11,20.18,19.93,19.98,20.01,-0.03,-0.1499,98844.12,198254.688,2023-08-01
600622.SH,2020-09-29,3.84,3.85,3.8,3.82,3.82,0.0,0.0,48519.77,18577.836,2023-08-01
600623.SH,2020-09-29,5.57,5.65,5.56,5.62,5.55,0.07,1.2613,33334.97,18734.953,2023-08-01
600624.SH,2020-09-29,8.55,8.61,8.51,8.55,8.53,0.02,0.2345,28072.1,24048.482,2023-08-01
600626.SH,2020-09-29,4.3,4.34,4.28,4.31,4.3,0.01,0.2326,30084.42,12969.921,2023-08-01
600628.SH,2020-09-29,9.4,9.54,9.34,9.44,9.35,0.09,0.9626,15408.87,14564.965,2023-08-01
600629.SH,2020-09-29,8.58,8.66,8.45,8.58,8.49,0.09,1.0601,8034.6,6902.236,2023-08-01
600630.SH,2020-09-29,6.38,6.4,6.32,6.36,6.35,0.01,0.1575,12046.0,7670.218,2023-08-01
600633.SH,2020-09-29,9.89,10.02,9.87,9.89,9.84,0.05,0.5081,51055.59,50728.691,2023-08-01
600634.SH,2020-09-29,1.08,1.09,1.07,1.07,1.08,-0.01,-0.9259,57273.53,6155.925,2023-08-01
601898.SH,2020-09-29,4.0,4.0,3.95,3.97,3.99,-0.02,-0.5013,70886.8,28165.845,2023-08-01
002221.SZ,2020-09-29,8.75,8.92,8.75,8.8,8.74,0.06,0.6865,53406.04,47160.897,2023-08-01
601958.SH,2020-09-29,6.0,6.06,5.98,6.0,5.98,0.02,0.3344,40201.88,24199.249,2023-08-01
002224.SZ,2020-09-29,5.96,6.05,5.95,5.99,5.96,0.03,0.5034,27075.14,16263.445,2023-08-01
002219.SZ,2020-09-29,1.7,1.76,1.66,1.71,1.74,-0.03,-1.7241,129419.17,22065.917,2023-08-01
601186.SH,2020-09-29,8.39,8.42,8.35,8.35,8.36,-0.01,-0.1196,190212.53,159478.426,2023-08-01
002223.SZ,2020-09-29,32.72,32.84,32.24,32.46,32.62,-0.16,-0.4905,80295.64,261691.547,2023-08-01
002225.SZ,2020-09-29,4.63,4.72,4.62,4.69,4.63,0.06,1.2959,44266.01,20723.236,2023-08-01
002228.SZ,2020-09-29,4.98,5.08,4.89,4.9,4.99,-0.09,-1.8036,233078.84,115807.708,2023-08-01
002227.SZ,2020-09-29,12.05,12.28,12.05,12.1,12.04,0.06,0.4983,5432.55,6598.244,2023-08-01
002244.SZ,2020-09-29,4.81,4.89,4.79,4.82,4.84,-0.02,-0.4132,139619.04,67512.853,2023-08-01
002237.SZ,2020-09-29,14.28,14.49,14.12,14.16,14.14,0.02,0.1414,80621.42,115225.234,2023-08-01
002230.SZ,2020-09-29,34.25,34.76,34.21,34.49,34.05,0.44,1.2922,115126.78,397405.919,2023-08-01
002235.SZ,2020-09-29,7.3,7.39,7.23,7.3,7.27,0.03,0.4127,118117.97,86575.493,2023-08-01
002231.SZ,2020-09-29,6.33,6.43,6.29,6.33,6.25,0.08,1.28,20828.0,13233.839,2023-08-01
002229.SZ,2020-09-29,6.72,6.92,6.71,6.86,6.7,0.16,2.3881,50729.13,34767.095,2023-08-01
002249.SZ,2020-09-29,3.8,3.84,3.75,3.8,3.78,0.02,0.5291,159766.32,60823.636,2023-08-01
002253.SZ,2020-09-29,14.98,15.09,14.85,15.08,14.85,0.23,1.5488,14729.94,22081.987,2023-08-01
002246.SZ,2020-09-29,7.61,7.69,7.56,7.67,7.55,0.12,1.5894,17040.0,13033.484,2023-08-01
002234.SZ,2020-09-29,18.23,18.64,18.1,18.42,18.1,0.32,1.768,34519.64,63706.958,2023-08-01
002233.SZ,2020-09-29,14.05,14.06,13.84,13.89,13.94,-0.05,-0.3587,93654.43,130509.652,2023-08-01
002243.SZ,2020-09-29,12.72,12.99,12.72,12.93,12.78,0.15,1.1737,26075.88,33601.064,2023-08-01
002236.SZ,2020-09-29,20.42,20.67,20.23,20.43,20.21,0.22,1.0886,197651.15,403702.843,2023-08-01
002240.SZ,2020-09-29,11.3,12.14,11.17,12.07,11.14,0.93,8.3483,178038.14,210558.219,2023-08-01
002252.SZ,2020-09-29,8.24,8.3,8.15,8.27,8.23,0.04,0.486,157623.2,129776.292,2023-08-01
002265.SZ,2020-09-29,7.97,8.02,7.85,7.95,7.91,0.04,0.5057,12534.01,9985.674,2023-08-01
002239.SZ,2020-09-29,4.58,4.62,4.41,4.42,4.52,-0.1,-2.2124,649088.38,290746.797,2023-08-01
002238.SZ,2020-09-29,6.62,6.71,6.62,6.65,6.62,0.03,0.4532,16687.78,11127.629,2023-08-01
002247.SZ,2020-09-29,1.87,1.93,1.87,1.89,1.87,0.02,1.0695,31150.02,5915.919,2023-08-01
002241.SZ,2020-09-29,41.0,41.28,40.4,40.64,40.51,0.13,0.3209,389672.96,1590577.251,2023-08-01
002245.SZ,2020-09-29,6.06,6.23,5.94,6.06,6.19,-0.13,-2.1002,506957.01,308533.491,2023-08-01
002242.SZ,2020-09-29,40.46,41.54,40.13,40.35,40.28,0.07,0.1738,21522.56,87642.849,2023-08-01
601126.SH,2020-09-29,6.37,6.44,6.33,6.38,6.32,0.06,0.9494,27152.62,17353.228,2023-08-01
002448.SZ,2020-09-29,5.42,5.42,5.37,5.39,5.36,0.03,0.5597,22102.5,11936.274,2023-08-01
002251.SZ,2020-09-29,10.77,10.87,10.68,10.7,10.8,-0.1,-0.9259,22468.0,24183.347,2023-08-01
002467.SZ,2020-09-29,6.62,6.72,6.6,6.67,6.6,0.07,1.0606,108352.82,72302.647,2023-08-01
002274.SZ,2020-09-29,4.84,4.86,4.81,4.81,4.82,-0.01,-0.2075,48149.0,23267.401,2023-08-01
601901.SH,2020-09-29,8.49,8.55,8.45,8.46,8.48,-0.02,-0.2358,149769.04,127234.675,2023-08-01
002797.SZ,2020-09-29,10.98,11.2,10.95,11.03,10.89,0.14,1.2856,1442030.62,1596246.323,2023-08-01
600918.SH,2020-09-29,15.5,15.92,15.5,15.67,15.4,0.27,1.7532,373897.74,587674.549,2023-08-01
600909.SH,2020-09-29,8.97,9.06,8.87,8.92,8.86,0.06,0.6772,874574.15,782735.698,2023-08-01
601878.SH,2020-09-29,16.98,17.87,16.95,17.28,16.74,0.54,3.2258,1416524.79,2474200.577,2023-08-01
002673.SZ,2020-09-29,9.76,9.8,9.61,9.62,9.69,-0.07,-0.7224,288714.76,279518.912,2023-08-01
002926.SZ,2020-09-29,12.19,12.33,12.16,12.21,12.16,0.05,0.4112,173558.51,212594.721,2023-08-01
601375.SH,2020-09-29,5.55,5.62,5.53,5.53,5.55,-0.02,-0.3604,163288.84,90946.09,2023-08-01
002701.SZ,2020-09-29,5.46,5.53,5.39,5.42,5.4,0.02,0.3704,99937.36,54403.342,2023-08-01
300338.SZ,2020-09-29,8.13,8.67,8.11,8.47,8.13,0.34,4.182,44682.0,37695.169,2023-08-01
603399.SH,2020-09-29,6.0,6.14,5.95,6.05,6.0,0.05,0.8333,61689.55,37459.984,2023-08-01
300337.SZ,2020-09-29,6.34,6.74,6.24,6.45,6.28,0.17,2.707,552115.82,357894.316,2023-08-01
002687.SZ,2020-09-29,5.8,5.85,5.73,5.8,5.73,0.07,1.2216,27726.88,16054.893,2023-08-01
002694.SZ,2020-09-29,2.93,2.98,2.9,2.94,2.92,0.02,0.6849,84132.4,24857.524,2023-08-01
300349.SZ,2020-09-29,14.8,15.02,14.8,14.85,14.74,0.11,0.7463,22059.18,32920.828,2023-08-01
300332.SZ,2020-09-29,5.84,5.95,5.64,5.67,5.9,-0.23,-3.8983,221670.35,127634.65,2023-08-01
300328.SZ,2020-09-29,10.36,10.56,10.32,10.42,10.3,0.12,1.165,79054.54,82723.939,2023-08-01
300344.SZ,2020-09-29,5.26,5.88,5.19,5.67,5.11,0.56,10.9589,187649.45,105286.375,2023-08-01
002698.SZ,2020-09-29,12.36,12.76,12.25,12.63,12.3,0.33,2.6829,46422.27,58525.094,2023-08-01
300335.SZ,2020-09-29,5.56,5.65,5.47,5.58,5.47,0.11,2.011,73879.24,41179.643,2023-08-01
002752.SZ,2020-09-29,5.9,5.93,5.75,5.81,5.9,-0.09,-1.5254,22883.5,13292.69,2023-08-01
603766.SH,2020-09-29,3.8,3.82,3.75,3.78,3.77,0.01,0.2653,74785.03,28348.698,2023-08-01
300347.SZ,2020-09-29,100.09,104.28,99.8,102.9,100.58,2.32,2.3066,49630.84,507587.32,2023-08-01
300323.SZ,2020-09-29,10.58,10.94,10.38,10.74,10.58,0.16,1.5123,143204.73,153120.084,2023-08-01
002681.SZ,2020-09-29,5.2,5.38,5.18,5.28,5.18,0.1,1.9305,121648.2,63931.451,2023-08-01
002686.SZ,2020-09-29,5.3,5.4,5.23,5.3,5.24,0.06,1.145,15659.8,8324.826,2023-08-01
300341.SZ,2020-09-29,9.03,9.2,8.96,9.09,8.97,0.12,1.3378,40960.0,37273.041,2023-08-01
002683.SZ,2020-09-29,49.37,51.89,49.35,50.46,48.83,1.63,3.3381,98602.77,500421.411,2023-08-01
300346.SZ,2020-09-29,38.0,38.68,37.48,37.61,37.3,0.31,0.8311,149593.06,570517.729,2023-08-01
300343.SZ,2020-09-29,3.41,3.56,3.35,3.4,3.44,-0.04,-1.1628,557230.38,191924.354,2023-08-01
603126.SH,2020-09-29,4.57,4.61,4.52,4.54,4.56,-0.02,-0.4386,42154.0,19218.508,2023-08-01
603993.SH,2020-09-29,3.75,3.78,3.74,3.75,3.72,0.03,0.8065,609527.67,229062.084,2023-08-01
002693.SZ,2020-09-29,4.89,4.95,4.82,4.89,4.89,0.0,0.0,16526.0,8103.699,2023-08-01
002684.SZ,2020-09-29,4.1,4.11,3.94,3.94,4.15,-0.21,-5.0602,81037.11,32394.007,2023-08-01
300383.SZ,2020-09-29,22.3,22.69,22.25,22.45,22.15,0.3,1.3544,137499.06,309301.823,2023-08-01
603288.SH,2020-09-29,158.0,159.05,156.3,158.32,156.92,1.4,0.8922,32790.52,518433.804,2023-08-01
002254.SZ,2020-09-29,14.6,15.17,14.46,14.99,14.47,0.52,3.5936,62837.01,93877.546,2023-08-01
002713.SZ,2020-09-29,7.75,7.91,7.62,7.65,7.75,-0.1,-1.2903,15271.78,11784.755,2023-08-01
002727.SZ,2020-09-29,39.8,40.43,38.38,39.7,39.5,0.2,0.5063,59009.3,234479.631,2023-08-01
002792.SZ,2020-09-29,21.05,21.46,21.05,21.14,21.03,0.11,0.5231,13617.11,28946.38,2023-08-01
002723.SZ,2020-09-29,11.16,11.24,10.58,10.58,11.19,-0.61,-5.4513,29216.0,31242.24,2023-08-01
002716.SZ,2020-09-29,1.95,1.98,1.93,1.94,1.94,0.0,0.0,52271.4,10188.825,2023-08-01
002715.SZ,2020-09-29,17.51,18.24,17.34,17.46,17.59,-0.13,-0.7391,7361.01,13104.73,2023-08-01
002718.SZ,2020-09-29,14.73,15.66,14.64,15.38,14.72,0.66,4.4837,10062.5,15359.902,2023-08-01
300389.SZ,2020-09-29,10.44,10.66,10.28,10.57,10.37,0.2,1.9286,36468.0,38384.405,2023-08-01
300371.SZ,2020-09-29,16.08,16.46,15.96,16.26,16.06,0.2,1.2453,9612.77,15616.649,2023-08-01
002160.SZ,2020-09-29,3.66,3.85,3.65,3.76,3.64,0.12,3.2967,153334.62,57743.047,2023-08-01
601608.SH,2020-09-29,3.74,3.77,3.7,3.72,3.71,0.01,0.2695,90099.03,33676.837,2023-08-01
601238.SH,2020-09-29,9.58,9.64,9.5,9.57,9.58,-0.01,-0.1044,119062.65,113907.718,2023-08-01
300352.SZ,2020-09-29,7.01,7.1,6.9,6.98,6.92,0.06,0.8671,296342.08,207295.05,2023-08-01
002145.SZ,2020-09-29,5.27,5.37,5.27,5.29,5.27,0.02,0.3795,83014.98,44162.877,2023-08-01
002709.SZ,2020-09-29,51.85,51.98,50.0,51.0,51.2,-0.2,-0.3906,106905.41,547153.781,2023-08-01
002725.SZ,2020-09-29,10.35,10.63,10.2,10.5,10.36,0.14,1.3514,40512.66,42303.314,2023-08-01
300429.SZ,2020-09-29,16.74,17.77,16.7,17.07,16.59,0.48,2.8933,255563.8,440946.894,2023-08-01
300529.SZ,2020-09-29,66.16,69.18,65.98,68.4,66.19,2.21,3.3389,46462.91,314987.319,2023-08-01
603998.SH,2020-09-29,6.49,6.55,6.43,6.44,6.43,0.01,0.1555,10693.13,6932.722,2023-08-01
002729.SZ,2020-09-29,47.8,47.81,46.1,46.5,47.3,-0.8,-1.6913,8738.0,40885.685,2023-08-01
002733.SZ,2020-09-29,18.4,18.6,18.33,18.38,18.36,0.02,0.1089,23094.95,42605.484,2023-08-01
603918.SH,2020-09-29,11.84,11.87,11.49,11.56,11.73,-0.17,-1.4493,33802.4,39337.966,2023-08-01
002747.SZ,2020-09-29,18.43,19.28,18.22,19.15,18.42,0.73,3.9631,80774.25,152664.5,2023-08-01
603703.SH,2020-09-29,10.66,11.08,10.52,10.84,10.7,0.14,1.3084,20760.21,22542.643,2023-08-01
603608.SH,2020-09-29,8.28,8.33,8.2,8.25,8.28,-0.03,-0.3623,29518.4,24415.726,2023-08-01
603031.SH,2020-09-29,27.05,28.4,27.02,28.4,27.69,0.71,2.5641,5878.28,16374.926,2023-08-01
002831.SZ,2020-09-29,34.19,34.19,32.8,33.64,33.8,-0.16,-0.4734,48796.76,163509.153,2023-08-01
603585.SH,2020-09-29,17.36,17.51,17.36,17.44,17.37,0.07,0.403,2588.0,4516.94,2023-08-01
002845.SZ,2020-09-29,32.51,32.85,31.3,31.33,32.5,-1.17,-3.6,36754.9,117303.882,2023-08-01
300565.SZ,2020-09-29,13.47,14.12,13.42,14.0,13.52,0.48,3.5503,27561.75,38303.839,2023-08-01
603517.SH,2020-09-29,80.9,84.83,79.8,82.71,80.0,2.71,3.3875,35074.38,290055.171,2023-08-01
603298.SH,2020-09-29,15.51,15.57,15.3,15.56,15.51,0.05,0.3224,30678.45,47466.13,2023-08-01
300587.SZ,2020-09-29,14.9,16.46,14.72,15.89,14.97,0.92,6.1456,163674.14,255774.554,2023-08-01
603966.SH,2020-09-29,15.85,16.09,15.65,15.69,15.85,-0.16,-1.0095,21977.1,34775.41,2023-08-01
603990.SH,2020-09-29,43.48,43.48,41.72,42.39,42.67,-0.28,-0.6562,13596.34,57279.759,2023-08-01
603668.SH,2020-09-29,8.91,9.26,8.91,9.06,8.9,0.16,1.7978,57717.96,52576.325,2023-08-01
603577.SH,2020-09-29,9.88,10.02,9.84,9.9,9.87,0.03,0.304,10504.2,10453.082,2023-08-01
603388.SH,2020-09-29,7.98,8.44,7.98,8.29,7.98,0.31,3.8847,39804.8,32994.859,2023-08-01
603833.SH,2020-09-29,108.98,109.49,106.22,106.32,107.37,-1.05,-0.9779,8530.47,91460.826,2023-08-01
002837.SZ,2020-09-29,20.73,21.5,20.56,21.1,20.51,0.59,2.8766,34560.82,73061.689,2023-08-01
300686.SZ,2020-09-29,19.38,20.19,19.3,19.93,19.11,0.82,4.2909,34239.81,67669.441,2023-08-01
300504.SZ,2020-09-29,19.11,19.44,18.9,19.21,19.03,0.18,0.9459,23890.39,46032.194,2023-08-01
300566.SZ,2020-09-29,34.48,36.2,34.17,34.4,34.8,-0.4,-1.1494,20905.27,72957.061,2023-08-01
300567.SZ,2020-09-29,50.85,52.88,50.06,51.8,50.07,1.73,3.4552,46187.54,239747.507,2023-08-01
603928.SH,2020-09-29,11.77,12.12,11.75,12.04,11.75,0.29,2.4681,12394.0,14813.869,2023-08-01
603877.SH,2020-09-29,28.44,28.65,27.75,27.86,28.0,-0.14,-0.5,9307.05,26249.862,2023-08-01
002848.SZ,2020-09-29,13.3,13.45,13.15,13.36,13.27,0.09,0.6782,24529.5,32714.736,2023-08-01
603637.SH,2020-09-29,10.55,11.5,10.32,10.45,10.65,-0.2,-1.8779,89959.09,98634.464,2023-08-01
002857.SZ,2020-09-29,12.78,13.14,12.5,12.82,12.79,0.03,0.2346,4969.0,6391.045,2023-08-01
002841.SZ,2020-09-29,95.67,97.8,95.22,96.99,95.5,1.49,1.5602,8868.04,85952.259,2023-08-01
603086.SH,2020-09-29,16.94,17.18,16.87,17.13,16.91,0.22,1.301,5937.88,10147.171,2023-08-01
603218.SH,2020-09-29,21.49,22.43,21.49,21.66,21.4,0.26,1.215,95328.32,208513.166,2023-08-01
300615.SZ,2020-09-29,14.26,14.45,13.95,14.3,14.0,0.3,2.1429,14648.4,20913.676,2023-08-01
603638.SH,2020-09-29,58.25,59.77,56.37,59.25,57.06,2.19,3.8381,17503.23,102633.031,2023-08-01
603579.SH,2020-09-29,32.94,33.35,32.65,32.93,32.94,-0.01,-0.0304,4641.0,15349.319,2023-08-01
603823.SH,2020-09-29,14.75,14.9,14.55,14.59,14.75,-0.16,-1.0847,11228.2,16482.269,2023-08-01
603228.SH,2020-09-29,33.29,33.84,33.01,33.04,33.26,-0.22,-0.6615,28633.64,95779.389,2023-08-01
002960.SZ,2020-09-29,36.0,36.58,35.49,35.84,35.56,0.28,0.7874,14522.0,51954.766,2023-08-01
601020.SH,2020-09-29,11.05,11.78,10.9,11.01,10.89,0.12,1.1019,216703.18,244022.239,2023-08-01
688377.SH,2020-09-29,25.15,25.38,24.97,25.13,24.95,0.18,0.7214,4563.33,11470.229,2023-08-01
002858.SZ,2020-09-29,13.48,13.57,13.21,13.31,13.48,-0.17,-1.2611,23037.0,30782.636,2023-08-01
300697.SZ,2020-09-29,18.48,18.65,18.1,18.47,18.37,0.1,0.5444,12605.56,23133.293,2023-08-01
300692.SZ,2020-09-29,15.48,16.08,15.47,15.65,15.37,0.28,1.8217,27797.62,43815.823,2023-08-01
300698.SZ,2020-09-29,16.78,17.15,16.73,16.78,16.77,0.01,0.0596,14704.3,24934.84,2023-08-01
300713.SZ,2020-09-29,16.83,17.59,16.61,17.18,16.81,0.37,2.2011,107700.02,184122.663,2023-08-01
300696.SZ,2020-09-29,55.9,60.4,55.02,58.88,55.9,2.98,5.3309,20188.48,118383.314,2023-08-01
300717.SZ,2020-09-29,16.98,17.13,16.62,17.0,16.74,0.26,1.5532,15126.13,25590.705,2023-08-01
300813.SZ,2020-09-29,65.56,65.56,61.01,61.65,65.56,-3.91,-5.964,14220.0,88577.465,2023-08-01
300720.SZ,2020-09-29,17.13,17.62,16.8,17.33,16.95,0.38,2.2419,6383.0,11060.272,2023-08-01
002919.SZ,2020-09-29,45.78,46.25,43.55,43.55,44.96,-1.41,-3.1361,19129.5,85345.882,2023-08-01
603045.SH,2020-09-29,12.92,13.0,12.51,12.62,12.94,-0.32,-2.473,29608.78,37425.765,2023-08-01
603277.SH,2020-09-29,11.81,11.89,11.28,11.28,11.85,-0.57,-4.8101,36231.91,41353.968,2023-08-01
603103.SH,2020-09-29,18.08,18.37,17.6,18.2,18.08,0.12,0.6637,34213.36,61343.895,2023-08-01
603709.SH,2020-09-29,24.41,24.56,24.01,24.39,24.4,-0.01,-0.041,3579.0,8700.399,2023-08-01
605108.SH,2020-09-29,23.12,23.45,22.72,23.31,23.0,0.31,1.3478,26692.29,61643.942,2023-08-01
002896.SZ,2020-09-29,28.0,28.86,28.0,28.23,28.1,0.13,0.4626,8810.17,24971.666,2023-08-01
002899.SZ,2020-09-29,14.85,14.96,14.53,14.55,14.83,-0.28,-1.8881,16812.88,24695.55,2023-08-01
002903.SZ,2020-09-29,13.81,13.95,13.57,13.85,13.8,0.05,0.3623,19158.0,26363.45,2023-08-01
603214.SH,2020-09-29,28.8,30.2,28.18,29.64,28.61,1.03,3.6001,12912.97,37931.345,2023-08-01
002921.SZ,2020-09-29,20.17,20.93,20.07,20.48,20.16,0.32,1.5873,8391.88,17223.045,2023-08-01
002929.SZ,2020-09-29,26.27,26.44,26.2,26.27,26.08,0.19,0.7285,6658.82,17531.059,2023-08-01
603917.SH,2020-09-29,12.0,12.06,11.45,11.78,11.98,-0.2,-1.6694,55437.9,64922.348,2023-08-01
603392.SH,2020-09-29,179.82,185.29,174.0,185.17,179.5,5.67,3.1588,12501.21,226708.894,2023-08-01
603507.SH,2020-09-29,26.27,26.68,25.9,26.09,26.24,-0.15,-0.5716,7793.28,20437.088,2023-08-01
688060.SH,2020-09-29,127.0,128.44,126.04,126.27,126.01,0.26,0.2063,2443.3,31068.808,2023-08-01
300654.SZ,2020-09-29,10.07,10.66,9.94,10.33,9.93,0.4,4.0282,35022.15,36286.144,2023-08-01
300878.SZ,2020-09-29,62.51,63.0,60.43,60.61,61.91,-1.3,-2.0998,20007.88,123826.454,2023-08-01
300709.SZ,2020-09-29,64.1,65.26,62.6,63.03,63.01,0.02,0.0317,15702.94,100348.45,2023-08-01
300886.SZ,2020-09-29,59.99,60.66,57.98,58.4,59.95,-1.55,-2.5855,24447.96,145779.946,2023-08-01
603506.SH,2020-09-29,22.88,23.35,22.61,23.01,22.88,0.13,0.5682,10653.29,24601.325,2023-08-01
600968.SH,2020-09-29,2.36,2.37,2.35,2.35,2.36,-0.01,-0.4237,91831.16,21667.239,2023-08-01
603466.SH,2020-09-29,18.93,18.97,18.6,18.71,18.77,-0.06,-0.3197,29177.0,54734.482,2023-08-01
300730.SZ,2020-09-29,20.48,20.88,19.16,19.31,20.97,-1.66,-7.9161,214805.63,426801.179,2023-08-01
002912.SZ,2020-09-29,66.94,69.18,66.94,68.21,66.87,1.34,2.0039,15290.32,104552.717,2023-08-01
603829.SH,2020-09-29,13.01,13.07,12.4,12.68,13.07,-0.39,-2.9839,32412.44,41034.235,2023-08-01
603655.SH,2020-09-29,40.47,42.39,40.36,41.95,40.5,1.45,3.5802,22096.67,92377.632,2023-08-01
603937.SH,2020-09-29,10.43,10.62,10.42,10.51,10.46,0.05,0.478,11607.62,12226.595,2023-08-01
688588.SH,2020-09-29,30.86,31.49,30.86,31.18,30.76,0.42,1.3654,4817.38,15068.349,2023-08-01
002908.SZ,2020-09-29,12.65,12.82,12.53,12.7,12.53,0.17,1.3567,11801.0,14977.591,2023-08-01
002930.SZ,2020-09-29,18.31,19.58,18.31,19.39,18.28,1.11,6.0722,69487.5,133229.993,2023-08-01
002907.SZ,2020-09-29,16.1,16.33,16.01,16.19,16.18,0.01,0.0618,5871.67,9513.234,2023-08-01
600933.SH,2020-09-29,14.23,14.75,14.06,14.2,14.06,0.14,0.9957,34771.0,49950.811,2023-08-01
002922.SZ,2020-09-29,13.72,14.1,13.71,13.95,13.69,0.26,1.8992,11278.0,15767.606,2023-08-01
300702.SZ,2020-09-29,100.0,100.78,90.0,91.8,99.89,-8.09,-8.0989,45003.88,422711.536,2023-08-01
603912.SH,2020-09-29,16.94,17.37,16.58,16.97,16.75,0.22,1.3134,18914.96,32139.258,2023-08-01
603895.SH,2020-09-29,19.7,19.75,19.18,19.38,19.5,-0.12,-0.6154,9544.2,18596.797,2023-08-01
600200.SH,2020-09-29,5.99,6.04,5.98,5.99,6.0,-0.01,-0.1667,39840.72,23918.083,2023-08-01
600201.SH,2020-09-29,27.07,27.28,26.7,26.92,26.99,-0.07,-0.2594,80518.63,217167.536,2023-08-01
600202.SH,2020-09-29,4.25,4.36,4.2,4.26,4.24,0.02,0.4717,24944.41,10720.302,2023-08-01
600203.SH,2020-09-29,7.2,7.33,7.15,7.23,7.29,-0.06,-0.823,76311.7,55243.509,2023-08-01
600206.SH,2020-09-29,13.16,13.39,13.12,13.23,13.07,0.16,1.2242,88837.59,118034.715,2023-08-01
600207.SH,2020-09-29,4.86,4.91,4.84,4.86,4.83,0.03,0.6211,25398.81,12372.54,2023-08-01
600208.SH,2020-09-29,3.49,3.49,3.37,3.39,3.38,0.01,0.2959,446492.22,152050.187,2023-08-01
600209.SH,2020-09-29,5.15,5.24,5.14,5.14,5.18,-0.04,-0.7722,16242.01,8404.315,2023-08-01
600210.SH,2020-09-29,4.81,4.81,4.45,4.46,4.59,-0.13,-2.8322,400173.44,184640.126,2023-08-01
600211.SH,2020-09-29,79.02,80.5,74.01,77.18,81.5,-4.32,-5.3006,182606.33,1400472.145,2023-08-01
600212.SH,2020-09-29,2.99,3.01,2.95,2.97,2.96,0.01,0.3378,12608.0,3758.606,2023-08-01
600213.SH,2020-09-29,7.02,7.06,6.92,6.95,6.96,-0.01,-0.1437,18230.0,12708.67,2023-08-01
600215.SH,2020-09-29,5.07,5.09,5.01,5.05,5.04,0.01,0.1984,10502.64,5301.162,2023-08-01
600216.SH,2020-09-29,15.2,15.37,15.0,15.1,15.13,-0.03,-0.1983,123438.16,187170.966,2023-08-01
600217.SH,2020-09-29,5.06,5.13,5.06,5.07,5.04,0.03,0.5952,34252.2,17427.743,2023-08-01
600218.SH,2020-09-29,10.03,10.19,10.0,10.05,10.01,0.04,0.3996,69751.39,70344.56,2023-08-01
600219.SH,2020-09-29,2.3,2.31,2.28,2.29,2.28,0.01,0.4386,573889.78,131894.685,2023-08-01
600220.SH,2020-09-29,2.55,2.55,2.55,2.55,2.83,-0.28,-9.894,107133.0,27318.915,2023-08-01
600221.SH,2020-09-29,1.8,1.81,1.76,1.77,1.79,-0.02,-1.1173,1180791.89,209181.256,2023-08-01
600222.SH,2020-09-29,5.69,5.69,5.59,5.63,5.64,-0.01,-0.1773,23643.02,13314.743,2023-08-01
600223.SH,2020-09-29,9.86,10.15,9.73,9.74,9.79,-0.05,-0.5107,141326.93,139396.56,2023-08-01
600225.SH,2020-09-29,1.8,1.8,1.72,1.73,1.81,-0.08,-4.4199,85394.9,14756.135,2023-08-01
600226.SH,2020-09-29,1.67,1.69,1.6,1.61,1.67,-0.06,-3.5928,330002.64,53854.522,2023-08-01
600227.SH,2020-09-29,2.95,3.06,2.93,3.04,2.92,0.12,4.1096,148753.98,44610.161,2023-08-01
600228.SH,2020-09-29,12.11,12.19,11.88,11.9,12.06,-0.16,-1.3267,13371.0,16031.365,2023-08-01
600229.SH,2020-09-29,7.18,7.21,7.13,7.15,7.12,0.03,0.4213,15252.04,10931.052,2023-08-01
600230.SH,2020-09-29,9.87,10.23,9.85,10.11,9.81,0.3,3.0581,58926.6,59262.897,2023-08-01
600231.SH,2020-09-29,2.22,2.25,2.22,2.22,2.22,0.0,0.0,35891.86,8024.342,2023-08-01
600232.SH,2020-09-29,5.57,5.63,5.52,5.6,5.57,0.03,0.5386,18517.0,10321.616,2023-08-01
600233.SH,2020-09-29,14.02,14.08,13.93,13.96,13.97,-0.01,-0.0716,120120.66,167953.426,2023-08-01
600234.SH,2020-09-29,9.16,9.16,9.04,9.04,9.07,-0.03,-0.3308,2151.02,1958.111,2023-08-01
600235.SH,2020-09-29,4.83,4.96,4.82,4.88,4.82,0.06,1.2448,40425.0,19768.097,2023-08-01
600236.SH,2020-09-29,4.77,4.93,4.75,4.92,4.78,0.14,2.9289,115367.45,56354.148,2023-08-01
600237.SH,2020-09-29,4.24,4.58,4.24,4.58,4.16,0.42,10.0962,277137.16,125484.236,2023-08-01
600238.SH,2020-09-29,4.36,4.45,4.36,4.4,4.38,0.02,0.4566,6150.0,2720.685,2023-08-01
600239.SH,2020-09-29,3.34,3.41,3.33,3.34,3.34,0.0,0.0,68624.36,23074.549,2023-08-01
600241.SH,2020-09-29,3.7,3.73,3.63,3.65,3.65,0.0,0.0,9305.0,3404.909,2023-08-01
600242.SH,2020-09-29,2.88,2.91,2.87,2.91,2.77,0.14,5.0542,113143.95,32852.117,2023-08-01
600243.SH,2020-09-29,2.77,2.79,2.76,2.78,2.75,0.03,1.0909,4445.0,1233.401,2023-08-01
600246.SH,2020-09-29,7.75,8.5,7.74,8.25,8.39,-0.14,-1.6687,326651.14,265509.565,2023-08-01
600247.SH,2020-09-29,1.78,1.81,1.77,1.79,1.78,0.01,0.5618,20270.99,3628.705,2023-08-01
600248.SH,2020-09-29,4.0,4.02,3.99,4.0,4.0,0.0,0.0,11047.6,4422.298,2023-08-01
600250.SH,2020-09-29,5.51,5.87,5.4,5.59,5.51,0.08,1.4519,58759.72,33518.359,2023-08-01
600252.SH,2020-09-29,3.28,3.31,3.26,3.28,3.28,0.0,0.0,91087.46,29922.398,2023-08-01
600255.SH,2020-09-29,1.31,1.31,1.29,1.3,1.3,0.0,0.0,85826.0,11164.299,2023-08-01
600635.SH,2020-09-29,4.32,4.35,4.3,4.32,4.31,0.01,0.232,64128.48,27751.39,2023-08-01
600636.SH,2020-09-29,12.1,12.92,12.09,12.56,12.1,0.46,3.8017,60022.21,75570.539,2023-08-01
600637.SH,2020-09-29,9.81,9.86,9.76,9.8,9.77,0.03,0.3071,63979.01,62775.585,2023-08-01
600638.SH,2020-09-29,6.27,6.36,6.25,6.31,6.27,0.04,0.638,14541.02,9169.044,2023-08-01
600639.SH,2020-09-29,12.42,12.65,12.4,12.49,12.38,0.11,0.8885,19387.48,24279.326,2023-08-01
600640.SH,2020-09-29,15.7,16.07,15.7,15.83,15.66,0.17,1.0856,20499.91,32656.678,2023-08-01
600641.SH,2020-09-29,18.37,18.78,18.0,18.04,17.97,0.07,0.3895,100770.65,184061.258,2023-08-01
600642.SH,2020-09-29,5.76,5.87,5.74,5.76,5.75,0.01,0.1739,142031.37,82402.198,2023-08-01
600643.SH,2020-09-29,8.5,8.57,8.43,8.43,8.47,-0.04,-0.4723,60932.46,51750.841,2023-08-01
600644.SH,2020-09-29,5.17,5.22,5.14,5.18,5.17,0.01,0.1934,9248.0,4794.969,2023-08-01
600645.SH,2020-09-29,24.76,25.02,24.43,24.75,24.62,0.13,0.528,38273.98,94982.673,2023-08-01
600647.SH,2020-09-29,13.94,14.39,13.9,14.26,13.93,0.33,2.369,5897.1,8395.237,2023-08-01
600648.SH,2020-09-29,14.05,14.17,14.0,14.09,14.01,0.08,0.571,14579.12,20532.067,2023-08-01
600649.SH,2020-09-29,5.7,5.73,5.68,5.7,5.7,0.0,0.0,40803.02,23263.288,2023-08-01
600650.SH,2020-09-29,9.46,9.59,9.4,9.42,9.46,-0.04,-0.4228,10142.83,9607.481,2023-08-01
600651.SH,2020-09-29,3.87,3.9,3.84,3.85,3.87,-0.02,-0.5168,33442.4,12916.859,2023-08-01
600652.SH,2020-09-29,2.06,2.09,2.05,2.08,2.07,0.01,0.4831,37746.45,7821.613,2023-08-01
600653.SH,2020-09-29,1.89,1.91,1.89,1.89,1.89,0.0,0.0,59320.08,11273.782,2023-08-01
600654.SH,2020-09-29,1.63,1.65,1.61,1.61,1.63,-0.02,-1.227,39815.0,6480.187,2023-08-01
300885.SZ,2020-09-29,40.36,40.92,39.18,39.38,39.88,-0.5,-1.2538,23364.02,93238.767,2023-08-01
002997.SZ,2020-09-29,20.01,20.16,19.33,19.55,19.97,-0.42,-2.1032,45779.66,89580.673,2023-08-01
600325.SH,2020-09-29,6.7,6.74,6.66,6.67,6.69,-0.02,-0.299,116760.72,78221.036,2023-08-01
600493.SH,2020-09-29,5.48,5.53,5.41,5.5,5.47,0.03,0.5484,21231.01,11634.93,2023-08-01
603893.SH,2020-09-29,74.43,75.68,73.53,73.53,74.0,-0.47,-0.6351,11451.0,85382.641,2023-08-01
688138.SH,2020-09-29,27.7,29.38,27.7,29.0,27.6,1.4,5.0725,35104.01,101051.975,2023-08-01
300829.SZ,2020-09-29,95.0,95.52,92.52,93.85,93.39,0.46,0.4926,8105.46,76273.392,2023-08-01
003003.SZ,2020-09-29,17.92,17.92,17.92,17.92,19.91,-1.99,-9.995,10885.0,19505.92,2023-08-01
605388.SH,2020-09-29,20.66,21.02,20.4,20.75,20.6,0.15,0.7282,38207.94,79059.344,2023-08-01
605066.SH,2020-09-29,13.8,13.85,13.57,13.63,13.75,-0.12,-0.8727,16374.8,22401.112,2023-08-01
605222.SH,2020-09-29,22.85,22.98,22.43,22.52,22.69,-0.17,-0.7492,14180.62,32213.398,2023-08-01
300857.SZ,2020-09-29,35.0,35.49,33.9,35.41,34.89,0.52,1.4904,39807.22,139245.395,2023-08-01
603408.SH,2020-09-29,18.14,18.22,17.91,18.01,18.06,-0.05,-0.2769,10575.07,19111.875,2023-08-01
688466.SH,2020-09-29,35.09,35.5,34.59,34.97,34.94,0.03,0.0859,4266.77,15018.639,2023-08-01
605116.SH,2020-09-29,17.93,18.23,17.49,17.49,19.43,-1.94,-9.9846,86617.99,153099.933,2023-08-01
605009.SH,2020-09-29,195.0,200.5,187.0,187.0,196.5,-9.5,-4.8346,50737.03,977079.815,2023-08-01
300875.SZ,2020-09-29,105.0,120.0,104.0,116.8,103.43,13.37,12.9266,47809.66,550206.882,2023-08-01
605318.SH,2020-09-29,20.84,20.84,18.59,18.95,20.66,-1.71,-8.2769,71040.08,135363.038,2023-08-01
300889.SZ,2020-09-29,41.62,41.97,40.1,40.18,41.22,-1.04,-2.523,51201.49,209220.751,2023-08-01
300880.SZ,2020-09-29,36.43,36.63,35.0,35.08,35.65,-0.57,-1.5989,42003.95,149850.785,2023-08-01
605158.SH,2020-09-29,11.49,11.59,11.43,11.47,11.45,0.02,0.1747,15963.94,18329.655,2023-08-01
688118.SH,2020-09-29,38.0,38.0,36.02,36.13,37.43,-1.3,-3.4731,14824.3,54506.816,2023-08-01
688069.SH,2020-09-29,92.0,94.01,91.2,93.5,91.03,2.47,2.7134,1559.45,14491.057,2023-08-01
688090.SH,2020-09-29,52.54,53.26,51.88,52.63,51.94,0.69,1.3285,1817.59,9603.087,2023-08-01
688528.SH,2020-09-29,21.18,21.59,21.05,21.25,21.04,0.21,0.9981,3989.54,8520.533,2023-08-01
300817.SZ,2020-09-29,31.8,33.18,31.34,33.16,31.45,1.71,5.4372,27188.15,88750.83,2023-08-01
601198.SH,2020-09-29,13.2,13.29,13.01,13.09,13.08,0.01,0.0765,178853.51,234760.814,2023-08-01
601288.SH,2020-09-29,3.19,3.19,3.17,3.17,3.19,-0.02,-0.627,965496.68,306809.422,2023-08-01
601838.SH,2020-09-29,10.08,10.1,9.78,9.83,10.01,-0.18,-1.7982,289101.75,286937.346,2023-08-01
601997.SH,2020-09-29,7.84,7.88,7.8,7.83,7.83,0.0,0.0,104802.99,82100.73,2023-08-01
601229.SH,2020-09-29,8.23,8.27,8.19,8.21,8.21,0.0,0.0,118366.47,97427.74,2023-08-01
002256.SZ,2020-09-29,1.23,1.29,1.22,1.28,1.23,0.05,4.065,234447.0,29627.391,2023-08-01
002255.SZ,2020-09-29,4.26,4.31,4.23,4.28,4.26,0.02,0.4695,58382.3,24939.725,2023-08-01
002262.SZ,2020-09-29,15.75,15.8,15.47,15.49,15.69,-0.2,-1.2747,83383.11,129931.104,2023-08-01
002259.SZ,2020-09-29,3.45,3.5,3.41,3.47,3.48,-0.01,-0.2874,29364.01,10139.084,2023-08-01
002258.SZ,2020-09-29,19.85,20.03,19.68,19.76,19.75,0.01,0.0506,37492.89,74291.922,2023-08-01
002264.SZ,2020-09-29,4.87,4.91,4.84,4.9,4.85,0.05,1.0309,23622.0,11546.066,2023-08-01
002419.SZ,2020-09-29,9.13,9.27,9.13,9.15,9.12,0.03,0.3289,39136.4,35942.842,2023-08-01
601162.SH,2020-09-29,6.65,6.72,6.5,6.61,6.73,-0.12,-1.7831,1253853.65,830933.206,2023-08-01
002267.SZ,2020-09-29,6.39,6.43,6.35,6.39,6.36,0.03,0.4717,18972.74,12122.085,2023-08-01
601668.SH,2020-09-29,5.08,5.09,5.05,5.05,5.08,-0.03,-0.5906,1184085.3,600188.608,2023-08-01
002271.SZ,2020-09-29,55.63,56.1,53.18,54.08,55.5,-1.42,-2.5586,197617.25,1070729.047,2023-08-01
002268.SZ,2020-09-29,18.48,18.88,18.47,18.67,18.43,0.24,1.3022,48996.89,91670.955,2023-08-01
688013.SH,2020-09-29,39.7,41.5,36.15,36.25,40.71,-4.46,-10.9555,79723.34,308675.333,2023-08-01
688536.SH,2020-09-29,260.93,261.0,242.6,246.0,259.99,-13.99,-5.381,30361.0,770131.081,2023-08-01
688561.SH,2020-09-29,100.58,100.93,97.56,97.8,98.0,-0.2,-0.2041,13263.85,131127.715,2023-08-01
601399.SH,2020-09-29,3.8,3.93,3.79,3.85,3.82,0.03,0.7853,79421.54,30588.618,2023-08-01
688981.SH,2020-09-29,50.18,50.65,49.45,50.09,49.94,0.15,0.3004,288846.98,1449882.621,2023-08-01
600027.SH,2020-09-29,3.67,3.67,3.6,3.62,3.67,-0.05,-1.3624,171618.96,62335.337,2023-08-01
002039.SZ,2020-09-29,15.27,15.36,15.12,15.28,15.27,0.01,0.0655,9257.4,14127.66,2023-08-01
002040.SZ,2020-09-29,6.31,6.39,6.29,6.32,6.3,0.02,0.3175,9767.0,6193.033,2023-08-01
600970.SH,2020-09-29,6.98,7.1,6.9,7.04,7.0,0.04,0.5714,265206.47,186387.643,2023-08-01
002041.SZ,2020-09-29,17.15,17.59,17.03,17.23,17.03,0.2,1.1744,105431.02,182459.047,2023-08-01
002042.SZ,2020-09-29,5.98,6.33,5.9,6.2,5.95,0.25,4.2017,280643.22,173279.525,2023-08-01
002043.SZ,2020-09-29,10.03,10.08,9.81,9.86,9.86,0.0,0.0,79315.5,78599.308,2023-08-01
002044.SZ,2020-09-29,13.98,14.18,13.75,13.97,13.9,0.07,0.5036,247793.75,345260.148,2023-08-01
002045.SZ,2020-09-29,8.91,9.5,8.91,9.42,8.97,0.45,5.0167,125064.38,116629.163,2023-08-01
002046.SZ,2020-09-29,8.13,8.38,8.13,8.17,8.08,0.09,1.1139,38556.89,31735.057,2023-08-01
002047.SZ,2020-09-29,4.34,4.36,4.26,4.26,4.33,-0.07,-1.6166,71323.74,30647.485,2023-08-01
002048.SZ,2020-09-29,17.3,17.48,17.23,17.28,17.22,0.06,0.3484,68166.01,118343.281,2023-08-01
002049.SZ,2020-09-29,115.19,120.83,114.55,117.89,113.99,3.9,3.4214,131428.4,1555566.991,2023-08-01
002050.SZ,2020-09-29,21.61,22.3,21.6,22.18,21.67,0.51,2.3535,168806.56,371115.583,2023-08-01
002051.SZ,2020-09-29,7.31,7.41,7.3,7.34,7.27,0.07,0.9629,24634.56,18115.91,2023-08-01
002052.SZ,2020-09-29,1.44,1.46,1.43,1.46,1.39,0.07,5.036,65963.21,9609.147,2023-08-01
002053.SZ,2020-09-29,7.31,7.38,7.24,7.3,7.31,-0.01,-0.1368,11463.0,8380.921,2023-08-01
601001.SH,2020-09-29,4.89,4.95,4.76,4.84,4.85,-0.01,-0.2062,205602.25,99577.216,2023-08-01
601988.SH,2020-09-29,3.24,3.25,3.2,3.2,3.24,-0.04,-1.2346,950137.73,306542.626,2023-08-01
002054.SZ,2020-09-29,7.25,7.27,7.1,7.1,7.22,-0.12,-1.662,58887.39,42177.644,2023-08-01
002141.SZ,2020-09-29,3.06,3.06,3.02,3.03,3.03,0.0,0.0,47793.0,14542.52,2023-08-01
002055.SZ,2020-09-29,15.88,16.06,15.77,15.85,15.7,0.15,0.9554,54466.52,86626.858,2023-08-01
002057.SZ,2020-09-29,7.14,7.19,7.12,7.13,7.12,0.01,0.1404,35306.0,25260.543,2023-08-01
603555.SH,2020-09-29,1.99,2.12,1.94,2.02,2.04,-0.02,-0.9804,65184.2,12943.979,2023-08-01
002746.SZ,2020-09-29,12.37,12.63,12.31,12.51,12.37,0.14,1.1318,37075.05,46402.394,2023-08-01
002708.SZ,2020-09-29,6.76,6.81,6.56,6.56,6.65,-0.09,-1.3534,41868.2,27910.143,2023-08-01
002695.SZ,2020-09-29,23.15,23.83,22.88,23.48,23.02,0.46,1.9983,40916.87,95872.027,2023-08-01
300382.SZ,2020-09-29,8.35,8.88,8.35,8.73,8.33,0.4,4.8019,92079.11,79558.913,2023-08-01
002161.SZ,2020-09-29,6.45,6.87,6.45,6.68,6.44,0.24,3.7267,71831.71,47971.959,2023-08-01
603185.SH,2020-09-29,70.89,72.13,69.65,70.8,69.78,1.02,1.4617,17323.69,122777.114,2023-08-01
002714.SZ,2020-09-29,72.43,74.29,71.15,74.0,70.67,3.33,4.712,244999.56,1798383.307,2023-08-01
002815.SZ,2020-09-29,17.29,17.6,17.29,17.44,17.29,0.15,0.8676,27064.54,47354.391,2023-08-01
002722.SZ,2020-09-29,12.93,12.99,12.81,12.85,12.93,-0.08,-0.6187,8329.0,10738.614,2023-08-01
002703.SZ,2020-09-29,4.54,4.56,4.47,4.51,4.52,-0.01,-0.2212,35745.45,16148.065,2023-08-01
300356.SZ,2020-09-29,5.86,5.97,5.79,5.92,5.81,0.11,1.8933,116293.22,68524.526,2023-08-01
603699.SH,2020-09-29,14.95,15.11,14.27,14.9,14.78,0.12,0.8119,48604.53,71496.255,2023-08-01
601016.SH,2020-09-29,2.68,2.7,2.66,2.68,2.68,0.0,0.0,209291.98,56207.851,2023-08-01
603166.SH,2020-09-29,6.76,6.78,6.68,6.73,6.73,0.0,0.0,20748.21,13965.013,2023-08-01
300507.SZ,2020-09-29,13.0,13.29,12.86,13.03,13.08,-0.05,-0.3823,82580.96,107902.042,2023-08-01
300369.SZ,2020-09-29,19.49,19.59,19.19,19.39,19.32,0.07,0.3623,59134.23,114761.937,2023-08-01
300370.SZ,2020-09-29,3.3,3.39,3.27,3.31,3.3,0.01,0.303,360706.23,120376.869,2023-08-01
002624.SZ,2020-09-29,33.21,33.47,32.8,33.26,33.21,0.05,0.1506,126910.35,421688.509,2023-08-01
002621.SZ,2020-09-29,6.5,6.55,6.44,6.5,6.5,0.0,0.0,19831.28,12871.436,2023-08-01
002619.SZ,2020-09-29,2.45,2.48,2.43,2.44,2.44,0.0,0.0,188160.64,46088.798,2023-08-01
002745.SZ,2020-09-29,14.14,14.29,13.55,13.62,14.01,-0.39,-2.7837,238095.09,329043.626,2023-08-01
002617.SZ,2020-09-29,7.29,7.44,7.16,7.26,7.19,0.07,0.9736,893004.25,652027.452,2023-08-01
601669.SH,2020-09-29,3.84,3.86,3.82,3.82,3.82,0.0,0.0,144194.3,55327.851,2023-08-01
002641.SZ,2020-09-29,7.46,7.69,7.46,7.53,7.51,0.02,0.2663,50998.18,38642.737,2023-08-01
300266.SZ,2020-09-29,3.75,3.9,3.74,3.81,3.81,0.0,0.0,286699.27,109495.734,2023-08-01
300274.SZ,2020-09-29,28.23,28.5,26.66,26.85,27.74,-0.89,-3.2084,568002.83,1545605.028,2023-08-01
601100.SH,2020-09-29,72.57,72.88,70.2,71.64,72.25,-0.61,-0.8443,35596.22,254410.462,2023-08-01
300275.SZ,2020-09-29,11.66,11.86,11.21,11.42,11.71,-0.29,-2.4765,57325.64,65574.384,2023-08-01
300283.SZ,2020-09-29,6.0,6.05,5.84,5.95,5.93,0.02,0.3373,148498.0,88632.273,2023-08-01
002625.SZ,2020-09-29,22.55,23.39,22.22,22.86,22.5,0.36,1.6,530176.07,1209534.93,2023-08-01
002628.SZ,2020-09-29,3.96,3.97,3.94,3.95,3.94,0.01,0.2538,33249.39,13151.597,2023-08-01
603686.SH,2020-09-29,21.99,21.99,21.4,21.61,21.63,-0.02,-0.0925,54524.23,117884.01,2023-08-01
601225.SH,2020-09-29,8.73,8.78,8.61,8.63,8.73,-0.1,-1.1455,323133.71,280175.766,2023-08-01
002623.SZ,2020-09-29,32.81,33.95,31.9,33.79,32.43,1.36,4.1936,38389.6,126755.316,2023-08-01
002637.SZ,2020-09-29,13.91,14.72,13.9,14.52,13.78,0.74,5.3701,133442.13,192108.581,2023-08-01
002636.SZ,2020-09-29,8.32,8.46,8.32,8.37,8.3,0.07,0.8434,13371.76,11224.682,2023-08-01
601555.SH,2020-09-29,10.65,10.91,10.65,10.77,10.62,0.15,1.4124,464657.32,500741.447,2023-08-01
002634.SZ,2020-09-29,7.77,7.83,7.55,7.56,7.77,-0.21,-2.7027,59764.5,45732.2,2023-08-01
002640.SZ,2020-09-29,6.15,6.26,6.08,6.17,6.1,0.07,1.1475,164690.99,101826.85,2023-08-01
300278.SZ,2020-09-29,6.0,6.36,5.94,6.17,5.93,0.24,4.0472,341765.96,212039.138,2023-08-01
002631.SZ,2020-09-29,7.09,7.17,7.08,7.08,7.08,0.0,0.0,18860.0,13432.771,2023-08-01
002633.SZ,2020-09-29,8.46,8.77,8.43,8.65,8.46,0.19,2.2459,9745.0,8417.912,2023-08-01
300276.SZ,2020-09-29,5.13,5.16,5.03,5.06,5.07,-0.01,-0.1972,178852.62,91044.299,2023-08-01
300280.SZ,2020-09-29,45.78,52.5,45.78,47.21,52.21,-5.0,-9.5767,60283.74,289132.36,2023-08-01
603177.SH,2020-09-29,9.23,9.31,9.05,9.06,9.25,-0.19,-2.0541,20138.0,18477.179,2023-08-01
603677.SH,2020-09-29,11.7,11.9,11.6,11.7,11.72,-0.02,-0.1706,8772.4,10298.785,2023-08-01
603538.SH,2020-09-29,38.31,38.83,37.15,37.5,38.25,-0.75,-1.9608,35084.23,131782.005,2023-08-01
603811.SH,2020-09-29,20.9,21.45,20.54,21.29,20.89,0.4,1.9148,11220.75,23673.503,2023-08-01
603037.SH,2020-09-29,16.05,16.2,15.81,15.83,16.05,-0.22,-1.3707,13043.91,20777.095,2023-08-01
603039.SH,2020-09-29,91.2,91.5,88.5,88.75,89.69,-0.94,-1.0481,4511.84,40443.933,2023-08-01
300682.SZ,2020-09-29,18.69,18.95,18.55,18.58,18.53,0.05,0.2698,49223.5,92280.431,2023-08-01
603881.SH,2020-09-29,73.75,80.28,73.75,76.38,73.0,3.38,4.6301,70521.08,546791.081,2023-08-01
603626.SH,2020-09-29,16.29,16.36,15.58,15.85,16.3,-0.45,-2.7607,77982.61,123737.184,2023-08-01
300606.SZ,2020-09-29,27.03,27.37,26.78,26.91,26.9,0.01,0.0372,32523.0,88106.551,2023-08-01
300619.SZ,2020-09-29,21.64,21.95,21.43,21.78,21.53,0.25,1.1612,5001.63,10867.171,2023-08-01
002861.SZ,2020-09-29,24.49,24.8,24.17,24.47,24.36,0.11,0.4516,7355.0,18029.947,2023-08-01
002850.SZ,2020-09-29,68.99,70.32,67.81,69.66,68.52,1.14,1.6637,11481.69,79801.601,2023-08-01
603038.SH,2020-09-29,10.28,10.49,10.15,10.3,10.27,0.03,0.2921,7667.64,7918.48,2023-08-01
603040.SH,2020-09-29,31.1,31.44,30.55,31.03,31.32,-0.29,-0.9259,7884.28,24486.186,2023-08-01
603358.SH,2020-09-29,17.11,17.42,16.74,16.79,17.17,-0.38,-2.2132,14377.98,24445.87,2023-08-01
601228.SH,2020-09-29,3.15,3.19,3.15,3.17,3.16,0.01,0.3165,46366.19,14714.865,2023-08-01
603303.SH,2020-09-29,12.95,13.23,12.95,13.13,12.99,0.14,1.0778,13800.49,18063.612,2023-08-01
002867.SZ,2020-09-29,25.5,25.59,24.75,24.76,25.37,-0.61,-2.4044,29676.63,74465.946,2023-08-01
300580.SZ,2020-09-29,20.75,20.94,20.5,20.65,20.58,0.07,0.3401,8726.0,18091.237,2023-08-01
603717.SH,2020-09-29,7.57,7.63,7.47,7.62,7.49,0.13,1.7356,11952.2,9037.759,2023-08-01
603081.SH,2020-09-29,11.73,11.79,11.65,11.72,11.72,0.0,0.0,10045.0,11756.046,2023-08-01
300616.SZ,2020-09-29,60.86,61.98,60.86,61.26,61.24,0.02,0.0327,6929.11,42624.722,2023-08-01
300613.SZ,2020-09-29,139.0,141.49,138.05,138.2,138.0,0.2,0.1449,6331.33,88336.894,2023-08-01
300618.SZ,2020-09-29,61.7,62.7,61.12,61.67,61.1,0.57,0.9329,34083.21,211521.135,2023-08-01
002872.SZ,2020-09-29,6.16,6.16,6.09,6.15,6.14,0.01,0.1629,23663.05,14485.394,2023-08-01
603721.SH,2020-09-29,17.59,18.2,17.41,17.43,17.6,-0.17,-0.9659,21135.0,37331.678,2023-08-01
300588.SZ,2020-09-29,14.18,14.56,13.43,13.52,14.17,-0.65,-4.5872,192983.2,266526.199,2023-08-01
002863.SZ,2020-09-29,8.56,8.72,7.95,8.45,8.57,-0.12,-1.4002,292550.5,244279.394,2023-08-01
300590.SZ,2020-09-29,25.1,25.64,25.01,25.35,25.08,0.27,1.0766,16014.0,40719.634,2023-08-01
603728.SH,2020-09-29,19.44,19.83,19.0,19.45,19.54,-0.09,-0.4606,19982.52,38773.886,2023-08-01
002871.SZ,2020-09-29,21.04,21.04,18.92,18.92,21.02,-2.1,-9.9905,92394.8,182596.19,2023-08-01
603776.SH,2020-09-29,20.7,20.86,20.6,20.74,20.6,0.14,0.6796,15178.72,31497.249,2023-08-01
002873.SZ,2020-09-29,17.31,17.88,17.07,17.39,17.14,0.25,1.4586,11155.1,19543.546,2023-08-01
603496.SH,2020-09-29,19.5,20.54,19.39,20.44,19.5,0.94,4.8205,32766.38,66375.35,2023-08-01
300675.SZ,2020-09-29,18.55,21.35,18.02,20.53,18.49,2.04,11.033,117198.0,226625.683,2023-08-01
300607.SZ,2020-09-29,41.35,42.11,41.12,41.86,40.99,0.87,2.1225,37863.82,158182.35,2023-08-01
300639.SZ,2020-09-29,44.82,45.78,44.22,44.95,45.07,-0.12,-0.2663,27794.54,124865.848,2023-08-01
603225.SH,2020-09-29,10.0,10.13,9.98,9.99,10.01,-0.02,-0.1998,18559.15,18616.681,2023-08-01
603679.SH,2020-09-29,23.3,23.81,23.15,23.6,23.28,0.32,1.3746,5666.6,13326.07,2023-08-01
300602.SZ,2020-09-29,24.83,25.36,24.7,25.07,24.75,0.32,1.2929,26264.72,65970.022,2023-08-01
603488.SH,2020-09-29,9.49,9.57,9.33,9.46,9.48,-0.02,-0.211,20200.12,19085.401,2023-08-01
300632.SZ,2020-09-29,18.21,18.27,17.95,18.19,18.0,0.19,1.0556,25883.46,46958.419,2023-08-01
603335.SH,2020-09-29,4.6,4.66,4.56,4.57,4.57,0.0,0.0,41321.75,19035.019,2023-08-01
603331.SH,2020-09-29,10.5,10.56,10.39,10.47,10.49,-0.02,-0.1907,7244.2,7584.131,2023-08-01
002999.SZ,2020-09-29,11.84,12.04,11.69,11.79,11.79,0.0,0.0,56722.4,67239.931,2023-08-01
300769.SZ,2020-09-29,84.47,86.95,82.45,85.13,82.41,2.72,3.3006,7455.48,63354.563,2023-08-01
603583.SH,2020-09-29,66.2,66.2,63.33,64.84,65.57,-0.73,-1.1133,42259.32,273715.012,2023-08-01
300719.SZ,2020-09-29,23.01,26.5,22.24,26.49,22.58,3.91,17.3162,436820.88,1047222.942,2023-08-01
002915.SZ,2020-09-29,18.99,19.55,18.84,19.11,18.93,0.18,0.9509,15720.8,30161.812,2023-08-01
002913.SZ,2020-09-29,60.15,61.19,60.07,60.86,60.38,0.48,0.795,5191.04,31493.443,2023-08-01
002939.SZ,2020-09-29,13.37,13.44,13.21,13.26,13.3,-0.04,-0.3008,148607.96,197754.959,2023-08-01
002925.SZ,2020-09-29,59.03,60.45,58.4,58.5,58.76,-0.26,-0.4425,18496.33,109803.18,2023-08-01
002945.SZ,2020-09-29,14.48,14.59,14.33,14.34,14.38,-0.04,-0.2782,62508.0,90353.115,2023-08-01
603848.SH,2020-09-29,16.0,16.24,15.65,16.03,15.89,0.14,0.8811,24612.71,39179.209,2023-08-01
300726.SZ,2020-09-29,41.13,44.58,40.86,44.15,40.84,3.31,8.1048,92184.08,397444.378,2023-08-01
300705.SZ,2020-09-29,21.51,21.95,21.02,21.43,21.57,-0.14,-0.649,23985.81,51642.362,2023-08-01
300707.SZ,2020-09-29,16.69,16.91,16.39,16.42,16.63,-0.21,-1.2628,32355.5,53927.984,2023-08-01
603080.SH,2020-09-29,14.81,14.85,14.09,14.21,15.13,-0.92,-6.0806,102314.62,147337.79,2023-08-01
002958.SZ,2020-09-29,5.18,5.21,5.13,5.13,5.16,-0.03,-0.5814,229340.62,118528.853,2023-08-01
300827.SZ,2020-09-29,57.0,57.64,55.01,55.29,56.63,-1.34,-2.3662,13567.56,75933.105,2023-08-01
300777.SZ,2020-09-29,50.07,53.5,49.45,53.01,49.52,3.49,7.0477,53608.36,279352.104,2023-08-01
603607.SH,2020-09-29,14.34,14.54,14.24,14.28,14.23,0.05,0.3514,10945.76,15718.35,2023-08-01
603685.SH,2020-09-29,13.18,13.32,13.06,13.26,13.1,0.16,1.2214,4739.9,6257.614,2023-08-01
603356.SH,2020-09-29,12.27,12.34,12.14,12.21,12.17,0.04,0.3287,13453.0,16482.422,2023-08-01
300674.SZ,2020-09-29,41.59,41.66,40.89,40.95,41.2,-0.25,-0.6068,25222.6,104175.845,2023-08-01
002966.SZ,2020-09-29,7.82,7.85,7.72,7.72,7.82,-0.1,-1.2788,211595.86,164766.126,2023-08-01
603676.SH,2020-09-29,10.18,10.33,10.15,10.29,10.18,0.11,1.0806,6460.72,6627.788,2023-08-01
603661.SH,2020-09-29,67.9,69.89,66.74,66.76,67.47,-0.71,-1.0523,5568.0,37730.505,2023-08-01
300729.SZ,2020-09-29,60.0,61.75,58.33,60.66,58.68,1.98,3.3742,33036.1,199100.428,2023-08-01
002910.SZ,2020-09-29,10.32,10.58,10.32,10.38,10.37,0.01,0.0964,27962.71,29191.56,2023-08-01
601860.SH,2020-09-29,4.14,4.17,4.12,4.14,4.13,0.01,0.2421,105401.79,43617.283,2023-08-01
300716.SZ,2020-09-29,9.4,9.69,9.33,9.46,9.4,0.06,0.6383,28767.5,27298.415,2023-08-01
600903.SH,2020-09-29,11.12,11.22,11.09,11.14,11.12,0.02,0.1799,33246.87,37051.664,2023-08-01
002948.SZ,2020-09-29,5.15,5.17,5.1,5.11,5.15,-0.04,-0.7767,115483.21,59206.132,2023-08-01
300710.SZ,2020-09-29,30.02,32.65,30.02,31.7,30.8,0.9,2.9221,16182.23,51479.588,2023-08-01
603278.SH,2020-09-29,8.31,8.43,8.29,8.33,8.31,0.02,0.2407,7077.4,5910.007,2023-08-01
300799.SZ,2020-09-29,58.93,60.86,58.93,59.67,58.65,1.02,1.7391,6381.19,38226.898,2023-08-01
603871.SH,2020-09-29,30.1,30.48,29.59,29.94,30.09,-0.15,-0.4985,25168.35,75152.195,2023-08-01
300727.SZ,2020-09-29,16.51,16.68,16.15,16.55,16.34,0.21,1.2852,11895.0,19526.198,2023-08-01
300742.SZ,2020-09-29,25.97,27.61,25.45,26.91,25.41,1.5,5.9032,39153.0,104847.606,2023-08-01
300731.SZ,2020-09-29,31.81,31.95,30.87,31.15,31.75,-0.6,-1.8898,11558.7,36202.317,2023-08-01
002917.SZ,2020-09-29,10.65,10.83,10.63,10.7,10.65,0.05,0.4695,12896.5,13842.051,2023-08-01
300711.SZ,2020-09-29,16.8,19.33,16.51,18.7,16.4,2.3,14.0244,300051.68,526900.165,2023-08-01
002936.SZ,2020-09-29,3.79,3.82,3.77,3.78,3.78,0.0,0.0,115340.6,43753.705,2023-08-01
601577.SH,2020-09-29,8.85,8.98,8.84,8.88,8.82,0.06,0.6803,78577.72,70065.871,2023-08-01
603712.SH,2020-09-29,45.4,45.93,44.5,45.1,44.71,0.39,0.8723,26689.3,120887.503,2023-08-01
300738.SZ,2020-09-29,42.85,45.65,42.65,44.63,42.61,2.02,4.7407,41541.32,185760.192,2023-08-01
603590.SH,2020-09-29,39.68,40.0,39.0,39.38,39.55,-0.17,-0.4298,9304.95,36667.884,2023-08-01
600256.SH,2020-09-29,2.96,2.97,2.91,2.91,2.96,-0.05,-1.6892,278280.09,81594.376,2023-08-01
600257.SH,2020-09-29,4.14,4.19,4.11,4.12,4.1,0.02,0.4878,43519.5,18031.691,2023-08-01
600258.SH,2020-09-29,17.58,17.96,17.5,17.93,17.46,0.47,2.6919,85128.14,151288.113,2023-08-01
600259.SH,2020-09-29,29.4,29.84,29.3,29.3,29.32,-0.02,-0.0682,16362.43,48426.814,2023-08-01
600260.SH,2020-09-29,11.33,11.79,11.28,11.66,11.27,0.39,3.4605,138684.09,160953.144,2023-08-01
600261.SH,2020-09-29,3.92,3.94,3.87,3.9,3.91,-0.01,-0.2558,50264.88,19657.104,2023-08-01
600262.SH,2020-09-29,17.6,17.69,17.28,17.54,17.46,0.08,0.4582,6268.22,10973.139,2023-08-01
600265.SH,2020-09-29,19.68,19.76,19.13,19.33,19.66,-0.33,-1.6785,3650.1,7067.908,2023-08-01
600266.SH,2020-09-29,5.76,5.79,5.72,5.74,5.76,-0.02,-0.3472,66552.03,38330.721,2023-08-01
600267.SH,2020-09-29,16.61,16.69,16.15,16.23,16.56,-0.33,-1.9928,95377.0,155776.534,2023-08-01
600268.SH,2020-09-29,6.49,6.56,6.46,6.49,6.46,0.03,0.4644,35879.04,23365.609,2023-08-01
600269.SH,2020-09-29,3.43,3.45,3.42,3.42,3.43,-0.01,-0.2915,32406.02,11119.635,2023-08-01
600272.SH,2020-09-29,7.74,7.87,7.7,7.7,7.74,-0.04,-0.5168,9713.1,7549.53,2023-08-01
600275.SH,2020-09-29,3.6,3.76,3.6,3.63,3.61,0.02,0.554,59815.0,21995.433,2023-08-01
600276.SH,2020-09-29,89.28,90.4,88.9,89.89,88.58,1.31,1.4789,177814.46,1597437.968,2023-08-01
600277.SH,2020-09-29,3.3,3.39,3.3,3.34,3.32,0.02,0.6024,100924.47,33762.076,2023-08-01
600278.SH,2020-09-29,9.46,9.6,9.39,9.53,9.48,0.05,0.5274,17121.0,16247.899,2023-08-01
600279.SH,2020-09-29,3.75,3.79,3.75,3.77,3.75,0.02,0.5333,13409.89,5060.343,2023-08-01
600280.SH,2020-09-29,1.78,1.84,1.75,1.75,1.78,-0.03,-1.6854,46841.0,8357.165,2023-08-01
600281.SH,2020-09-29,4.11,4.12,4.04,4.04,4.1,-0.06,-1.4634,34724.05,14125.451,2023-08-01
600282.SH,2020-09-29,3.06,3.08,3.06,3.06,3.05,0.01,0.3279,137402.31,42196.939,2023-08-01
600283.SH,2020-09-29,10.32,10.44,10.27,10.27,10.28,-0.01,-0.0973,11631.0,12023.582,2023-08-01
600285.SH,2020-09-29,10.15,10.27,10.06,10.19,10.1,0.09,0.8911,35298.26,35897.383,2023-08-01
600287.SH,2020-09-29,5.51,5.56,5.49,5.52,5.5,0.02,0.3636,12457.0,6882.091,2023-08-01
600288.SH,2020-09-29,11.07,11.24,11.06,11.2,11.07,0.13,1.1743,15113.15,16894.007,2023-08-01
600289.SH,2020-09-29,4.3,4.42,4.25,4.27,4.31,-0.04,-0.9281,11880.44,5127.012,2023-08-01
600290.SH,2020-09-29,1.5,1.57,1.49,1.53,1.5,0.03,2.0,179615.36,27746.558,2023-08-01
600291.SH,2020-09-29,5.86,6.03,5.79,5.87,5.85,0.02,0.3419,262292.04,154687.903,2023-08-01
600292.SH,2020-09-29,5.41,5.48,5.4,5.42,5.4,0.02,0.3704,22200.81,12053.77,2023-08-01
600293.SH,2020-09-29,2.39,2.43,2.38,2.41,2.4,0.01,0.4167,53713.0,12934.56,2023-08-01
600295.SH,2020-09-29,8.72,8.75,8.47,8.52,8.62,-0.1,-1.1601,69041.17,59234.368,2023-08-01
600297.SH,2020-09-29,3.35,3.35,3.3,3.32,3.32,0.0,0.0,419992.78,139572.901,2023-08-01
600298.SH,2020-09-29,56.98,61.38,56.98,60.5,56.37,4.13,7.3266,161535.59,970042.157,2023-08-01
600299.SH,2020-09-29,12.88,13.15,12.78,13.07,12.75,0.32,2.5098,37212.26,48425.109,2023-08-01
600300.SH,2020-09-29,3.8,3.8,3.71,3.74,3.76,-0.02,-0.5319,152317.15,57251.459,2023-08-01
600301.SH,2020-09-29,6.42,6.42,6.33,6.4,6.36,0.04,0.6289,5131.8,3266.525,2023-08-01
600302.SH,2020-09-29,4.35,4.4,4.29,4.3,4.32,-0.02,-0.463,21786.0,9457.515,2023-08-01
600303.SH,2020-09-29,5.07,5.07,4.16,4.18,4.61,-0.43,-9.3275,1668163.01,766709.544,2023-08-01
600305.SH,2020-09-29,20.4,20.81,20.1,20.75,20.33,0.42,2.0659,107736.98,222103.23,2023-08-01
600306.SH,2020-09-29,3.9,3.93,3.88,3.89,3.93,-0.04,-1.0178,11008.0,4298.378,2023-08-01
600307.SH,2020-09-29,1.59,1.6,1.58,1.59,1.58,0.01,0.6329,154529.7,24578.877,2023-08-01
600308.SH,2020-09-29,5.0,5.04,4.99,5.0,4.98,0.02,0.4016,70667.5,35390.432,2023-08-01
600309.SH,2020-09-29,70.85,71.59,70.32,70.34,70.32,0.02,0.0284,110822.36,784896.675,2023-08-01
600310.SH,2020-09-29,3.91,3.92,3.88,3.88,3.89,-0.01,-0.2571,22103.65,8613.633,2023-08-01
600311.SH,2020-09-29,1.74,1.74,1.71,1.71,1.71,0.0,0.0,44159.25,7565.513,2023-08-01
300870.SZ,2020-09-29,78.99,81.43,78.99,79.93,78.98,0.95,1.2028,21897.34,175522.039,2023-08-01
300873.SZ,2020-09-29,48.35,48.53,47.18,47.3,48.01,-0.71,-1.4789,28285.37,135098.719,2023-08-01
605003.SH,2020-09-29,28.99,29.58,28.75,28.91,29.13,-0.22,-0.7552,16557.42,48296.081,2023-08-01
605218.SH,2020-09-29,17.38,17.38,17.38,17.38,15.8,1.58,10.0,959.67,1667.906,2023-08-01
605369.SH,2020-09-29,59.12,63.1,59.12,60.78,65.41,-4.63,-7.0784,67536.35,410603.824,2023-08-01
605199.SH,2020-09-29,26.5,27.37,26.04,26.42,26.95,-0.53,-1.9666,29482.3,78647.902,2023-08-01
605123.SH,2020-09-29,69.58,74.55,67.1,73.49,69.58,3.91,5.6194,25695.83,184600.77,2023-08-01
605399.SH,2020-09-29,18.88,19.09,18.69,18.75,18.87,-0.12,-0.6359,16665.87,31480.665,2023-08-01
688266.SH,2020-09-29,81.22,87.45,80.72,86.3,80.44,5.86,7.2849,16095.0,136943.35,2023-08-01
688365.SH,2020-09-29,39.2,40.18,38.8,39.42,38.61,0.81,2.0979,10136.42,40059.025,2023-08-01
688555.SH,2020-09-29,49.8,51.26,49.8,50.59,49.79,0.8,1.6067,2098.29,10654.105,2023-08-01
003002.SZ,2020-09-29,13.46,14.18,13.08,13.52,13.51,0.01,0.074,113023.84,155015.145,2023-08-01
003000.SZ,2020-09-29,16.5,18.87,16.15,18.87,17.15,1.72,10.0292,284492.75,522181.42,2023-08-01
300864.SZ,2020-09-29,117.08,118.69,115.5,117.1,115.99,1.11,0.957,9578.91,112161.891,2023-08-01
605255.SH,2020-09-29,16.62,16.84,16.52,16.61,16.62,-0.01,-0.0602,23962.4,39904.434,2023-08-01
600438.SH,2020-09-29,27.25,27.26,26.27,26.9,26.78,0.12,0.4481,632111.96,1688198.07,2023-08-01
688228.SH,2020-09-29,61.8,62.3,61.2,61.2,61.2,0.0,0.0,2691.72,16594.866,2023-08-01
002996.SZ,2020-09-29,12.75,12.97,12.55,12.58,12.62,-0.04,-0.317,35158.39,44782.999,2023-08-01
300882.SZ,2020-09-29,32.06,32.37,30.66,30.77,32.19,-1.42,-4.4113,65195.84,203432.56,2023-08-01
300893.SZ,2020-09-29,37.9,39.06,34.68,34.73,38.8,-4.07,-10.4897,103739.12,376248.868,2023-08-01
003005.SZ,2020-09-29,54.68,56.36,52.52,52.91,55.5,-2.59,-4.6667,76267.19,410659.562,2023-08-01
688004.SH,2020-09-29,65.08,66.48,64.97,65.4,65.04,0.36,0.5535,1550.09,10205.504,2023-08-01
603112.SH,2020-09-29,12.05,12.56,11.85,12.05,12.2,-0.15,-1.2295,107612.81,131825.813,2023-08-01
300891.SZ,2020-09-29,17.19,17.34,16.21,16.32,17.02,-0.7,-4.1128,191918.4,320036.835,2023-08-01
003007.SZ,2020-09-29,34.5,35.49,33.43,33.53,36.7,-3.17,-8.6376,61598.86,211906.859,2023-08-01
688408.SH,2020-09-29,109.55,109.97,102.05,105.65,108.22,-2.57,-2.3748,9337.24,98687.453,2023-08-01
300881.SZ,2020-09-29,36.96,37.2,35.92,36.2,36.2,0.0,0.0,36997.6,135024.828,2023-08-01
300879.SZ,2020-09-29,34.0,34.57,33.0,33.29,33.46,-0.17,-0.5081,48333.75,163114.948,2023-08-01
300876.SZ,2020-09-29,50.51,50.94,45.52,45.57,51.02,-5.45,-10.6821,70158.37,328584.9,2023-08-01
600452.SH,2020-09-29,19.28,19.32,18.85,18.92,19.11,-0.19,-0.9942,39842.37,75730.458,2023-08-01
600470.SH,2020-09-29,3.41,3.46,3.39,3.43,3.41,0.02,0.5865,37888.01,12988.411,2023-08-01
688566.SH,2020-09-29,32.15,32.88,32.15,32.46,32.24,0.22,0.6824,2820.0,9214.869,2023-08-01
688085.SH,2020-09-29,53.88,53.88,52.7,53.07,53.26,-0.19,-0.3567,5395.83,28686.455,2023-08-01
688189.SH,2020-09-29,52.8,53.3,52.11,53.0,52.8,0.2,0.3788,5743.21,30388.247,2023-08-01
688396.SH,2020-09-29,54.12,57.07,54.0,56.45,53.82,2.63,4.8867,194725.76,1087403.494,2023-08-01
688165.SH,2020-09-29,15.46,15.95,15.4,15.73,15.35,0.38,2.4756,27429.58,43123.53,2023-08-01
688081.SH,2020-09-29,38.25,39.34,38.0,38.75,37.89,0.86,2.2697,2687.64,10431.364,2023-08-01
688579.SH,2020-09-29,18.97,19.42,18.97,19.0,18.89,0.11,0.5823,5796.1,11131.034,2023-08-01
688518.SH,2020-09-29,18.91,19.1,18.82,18.82,18.84,-0.02,-0.1062,8518.62,16148.288,2023-08-01
688360.SH,2020-09-29,41.56,42.27,40.72,41.66,41.25,0.41,0.9939,1985.92,8296.987,2023-08-01
688516.SH,2020-09-29,77.43,77.48,73.56,74.61,75.89,-1.28,-1.6867,9216.91,69211.084,2023-08-01
688500.SH,2020-09-29,53.04,54.37,53.0,53.38,53.0,0.38,0.717,4046.59,21766.741,2023-08-01
300877.SZ,2020-09-29,62.56,63.06,58.22,58.39,61.85,-3.46,-5.5942,63931.34,381248.706,2023-08-01
605018.SH,2020-09-29,11.66,14.0,11.66,14.0,9.72,4.28,44.0329,6033.4,8438.336,2023-08-01
603931.SH,2020-09-29,50.76,51.44,49.0,50.01,49.92,0.09,0.1803,34744.0,174313.319,2023-08-01
300872.SZ,2020-09-29,46.91,47.4,45.42,45.8,46.2,-0.4,-0.8658,57408.36,266422.99,2023-08-01
002058.SZ,2020-09-29,16.27,16.76,15.95,16.4,16.06,0.34,2.1171,12594.94,20554.094,2023-08-01
002059.SZ,2020-09-29,5.44,5.62,5.29,5.5,5.38,0.12,2.2305,75118.79,40969.943,2023-08-01
002065.SZ,2020-09-29,10.25,10.4,10.23,10.32,10.2,0.12,1.1765,157493.2,162555.273,2023-08-01
002153.SZ,2020-09-29,38.56,39.0,38.28,38.68,38.56,0.12,0.3112,23887.47,92394.981,2023-08-01
002063.SZ,2020-09-29,8.47,8.5,8.41,8.42,8.41,0.01,0.1189,56260.52,47543.131,2023-08-01
002056.SZ,2020-09-29,13.21,13.55,13.12,13.39,13.09,0.3,2.2918,332613.93,445805.674,2023-08-01
002066.SZ,2020-09-29,9.91,10.07,9.85,9.94,10.15,-0.21,-2.069,21675.0,21566.228,2023-08-01
002146.SZ,2020-09-29,7.82,7.83,7.73,7.75,7.78,-0.03,-0.3856,128057.46,99619.559,2023-08-01
600048.SH,2020-09-29,16.12,16.18,16.03,16.07,16.15,-0.08,-0.4954,498309.32,802059.02,2023-08-01
601666.SH,2020-09-29,5.89,5.97,5.6,5.65,5.85,-0.2,-3.4188,184597.06,106456.373,2023-08-01
002076.SZ,2020-09-29,1.7,1.75,1.64,1.73,1.7,0.03,1.7647,120341.93,20290.763,2023-08-01
601006.SH,2020-09-29,6.38,6.4,6.36,6.38,6.38,0.0,0.0,123589.08,78856.692,2023-08-01
002071.SZ,2020-09-29,1.48,1.48,1.44,1.45,1.47,-0.02,-1.3605,80877.16,11814.565,2023-08-01
002068.SZ,2020-09-29,5.05,5.29,5.05,5.23,5.14,0.09,1.751,65006.0,33820.911,2023-08-01
002060.SZ,2020-09-29,3.15,3.17,3.13,3.13,3.12,0.01,0.3205,47276.0,14855.269,2023-08-01
002061.SZ,2020-09-29,5.77,5.82,5.72,5.78,5.74,0.04,0.6969,63653.37,36726.508,2023-08-01
002062.SZ,2020-09-29,4.41,4.47,4.41,4.43,4.4,0.03,0.6818,24657.3,10967.165,2023-08-01
601111.SH,2020-09-29,7.23,7.26,7.08,7.09,7.18,-0.09,-1.2535,568057.73,405746.359,2023-08-01
002064.SZ,2020-09-29,7.14,7.48,7.14,7.36,7.11,0.25,3.5162,166849.63,122376.752,2023-08-01
002069.SZ,2020-09-29,3.95,3.98,3.84,3.86,3.99,-0.13,-3.2581,99576.61,38894.324,2023-08-01
002082.SZ,2020-09-29,14.76,15.14,14.65,14.75,14.89,-0.14,-0.9402,77400.78,115314.101,2023-08-01
002067.SZ,2020-09-29,3.37,3.41,3.34,3.37,3.37,0.0,0.0,101781.08,34350.648,2023-08-01
601699.SH,2020-09-29,6.36,6.37,6.25,6.26,6.33,-0.07,-1.1058,172799.02,108667.776,2023-08-01
002084.SZ,2020-09-29,9.8,10.14,9.59,9.97,9.65,0.32,3.3161,114769.21,113842.376,2023-08-01
002081.SZ,2020-09-29,9.66,9.72,9.43,9.45,9.62,-0.17,-1.7672,285491.5,271598.317,2023-08-01
002172.SZ,2020-09-29,2.64,2.7,2.62,2.65,2.63,0.02,0.7605,82933.06,21983.979,2023-08-01
002168.SZ,2020-09-29,7.63,7.64,7.42,7.45,7.41,0.04,0.5398,47446.92,35501.78,2023-08-01
600018.SH,2020-09-29,4.19,4.22,4.17,4.19,4.18,0.01,0.2392,98961.85,41544.076,2023-08-01
002085.SZ,2020-09-29,6.87,6.9,6.73,6.85,6.84,0.01,0.1462,200909.57,136736.031,2023-08-01
002080.SZ,2020-09-29,19.42,20.1,19.07,19.95,19.28,0.67,3.4751,203867.82,402797.94,2023-08-01
002072.SZ,2020-09-29,4.53,4.59,4.49,4.55,4.51,0.04,0.8869,13621.0,6201.021,2023-08-01
601588.SH,2020-09-29,2.59,2.62,2.59,2.6,2.59,0.01,0.3861,42777.01,11149.058,2023-08-01
002073.SZ,2020-09-29,4.1,4.15,4.07,4.11,4.09,0.02,0.489,44666.08,18370.756,2023-08-01
002154.SZ,2020-09-29,3.21,3.25,3.2,3.22,3.21,0.01,0.3115,88118.07,28409.228,2023-08-01
002086.SZ,2020-09-29,1.76,1.79,1.73,1.76,1.77,-0.01,-0.565,51268.4,9028.359,2023-08-01
600017.SH,2020-09-29,2.76,2.8,2.75,2.77,2.76,0.01,0.3623,85458.92,23724.876,2023-08-01
002074.SZ,2020-09-29,22.33,22.85,22.0,22.2,21.85,0.35,1.6018,175056.42,391401.371,2023-08-01
601398.SH,2020-09-29,4.94,4.95,4.91,4.91,4.94,-0.03,-0.6073,1156134.49,570003.173,2023-08-01
002075.SZ,2020-09-29,11.87,12.24,11.76,12.08,11.79,0.29,2.4597,443050.85,532566.235,2023-08-01
002088.SZ,2020-09-29,10.69,10.78,10.47,10.65,10.61,0.04,0.377,40160.09,42593.274,2023-08-01
002087.SZ,2020-09-29,3.68,3.75,3.68,3.7,3.68,0.02,0.5435,78722.32,29222.069,2023-08-01
002092.SZ,2020-09-29,5.01,5.24,5.01,5.17,5.02,0.15,2.988,221581.09,113723.452,2023-08-01
002089.SZ,2020-09-29,2.54,2.54,2.5,2.5,2.5,0.0,0.0,64058.54,16102.456,2023-08-01
002077.SZ,2020-09-29,6.66,6.68,6.55,6.64,6.57,0.07,1.0654,31706.0,21037.201,2023-08-01
002079.SZ,2020-09-29,10.19,10.32,10.14,10.25,10.11,0.14,1.3848,59842.75,61392.412,2023-08-01
603001.SH,2020-09-29,8.03,8.07,7.75,7.75,8.01,-0.26,-3.2459,25025.0,19737.626,2023-08-01
300293.SZ,2020-09-29,23.94,24.48,22.95,23.01,23.47,-0.46,-1.9599,195810.68,461209.563,2023-08-01
601800.SH,2020-09-29,7.51,7.54,7.46,7.48,7.5,-0.02,-0.2667,102350.77,76835.924,2023-08-01
002635.SZ,2020-09-29,22.31,22.55,22.08,22.14,22.13,0.01,0.0452,56996.38,127307.462,2023-08-01
002648.SZ,2020-09-29,20.56,20.95,20.3,20.45,20.44,0.01,0.0489,91890.53,188700.431,2023-08-01
002632.SZ,2020-09-29,7.64,7.74,7.59,7.65,7.64,0.01,0.1309,25857.04,19833.181,2023-08-01
300279.SZ,2020-09-29,5.95,6.16,5.92,6.1,5.95,0.15,2.521,116642.08,70835.98,2023-08-01
002646.SZ,2020-09-29,9.87,9.98,9.8,9.82,9.83,-0.01,-0.1017,12686.49,12513.468,2023-08-01
002639.SZ,2020-09-29,6.7,6.75,6.61,6.66,6.67,-0.01,-0.1499,53061.9,35550.219,2023-08-01
002645.SZ,2020-09-29,8.4,9.02,8.38,8.8,8.36,0.44,5.2632,39871.68,34789.438,2023-08-01
300285.SZ,2020-09-29,36.67,37.66,36.63,37.06,36.54,0.52,1.4231,93958.18,349074.823,2023-08-01
300281.SZ,2020-09-29,6.78,6.94,6.78,6.85,6.83,0.02,0.2928,58138.02,39962.735,2023-08-01
601928.SH,2020-09-29,7.27,7.35,7.23,7.33,7.26,0.07,0.9642,62408.53,45664.349,2023-08-01
002647.SZ,2020-09-29,56.15,56.74,56.0,56.18,55.84,0.34,0.6089,79637.62,449014.001,2023-08-01
002638.SZ,2020-09-29,1.44,1.46,1.43,1.44,1.44,0.0,0.0,47453.5,6846.204,2023-08-01
300286.SZ,2020-09-29,14.45,14.8,14.45,14.6,14.42,0.18,1.2483,9041.5,13205.6,2023-08-01
300295.SZ,2020-09-29,14.25,14.53,14.1,14.21,14.13,0.08,0.5662,46564.05,66357.878,2023-08-01
300288.SZ,2020-09-29,14.4,14.4,13.61,13.66,14.32,-0.66,-4.6089,177289.34,246165.263,2023-08-01
002668.SZ,2020-09-29,4.63,4.68,4.59,4.63,4.6,0.03,0.6522,151755.05,70468.392,2023-08-01
002642.SZ,2020-09-29,5.8,5.89,5.75,5.85,5.75,0.1,1.7391,42194.0,24612.685,2023-08-01
002651.SZ,2020-09-29,10.92,11.77,10.66,11.57,10.84,0.73,6.7343,180327.15,205358.209,2023-08-01
603599.SH,2020-09-29,17.86,18.55,17.8,18.4,17.86,0.54,3.0235,41271.2,75483.349,2023-08-01
300324.SZ,2020-09-29,6.4,6.53,6.39,6.43,6.36,0.07,1.1006,199764.34,129241.606,2023-08-01
300350.SZ,2020-09-29,5.04,5.24,4.94,5.1,4.99,0.11,2.2044,122401.68,62482.685,2023-08-01
002149.SZ,2020-09-29,7.67,8.12,7.67,8.02,7.74,0.28,3.6176,92733.43,74015.133,2023-08-01
002296.SZ,2020-09-29,7.4,7.86,7.4,7.7,7.37,0.33,4.4776,113232.0,86547.054,2023-08-01
002147.SZ,2020-09-29,1.37,1.42,1.37,1.39,1.38,0.01,0.7246,34366.64,4787.372,2023-08-01
002157.SZ,2020-09-29,17.93,18.49,17.72,18.37,17.78,0.59,3.3183,341613.91,622553.619,2023-08-01
601360.SH,2020-09-29,16.81,17.05,16.8,16.87,16.8,0.07,0.4167,77838.65,131717.524,2023-08-01
300287.SZ,2020-09-29,5.09,5.24,5.03,5.13,5.01,0.12,2.3952,583850.43,300338.181,2023-08-01
300290.SZ,2020-09-29,7.64,7.71,7.46,7.67,7.59,0.08,1.054,63301.73,47877.568,2023-08-01
002649.SZ,2020-09-29,9.28,9.35,9.23,9.29,9.22,0.07,0.7592,46333.04,43106.227,2023-08-01
002664.SZ,2020-09-29,15.68,16.42,15.68,16.3,15.66,0.64,4.0868,51955.46,84071.491,2023-08-01
300298.SZ,2020-09-29,35.55,36.29,34.9,35.07,35.38,-0.31,-0.8762,69482.9,246197.563,2023-08-01
002655.SZ,2020-09-29,7.95,8.54,7.85,8.37,7.91,0.46,5.8154,181405.78,149498.51,2023-08-01
002656.SZ,2020-09-29,1.82,1.86,1.82,1.83,1.83,0.0,0.0,23262.48,4273.039,2023-08-01
601368.SH,2020-09-29,5.41,5.42,5.34,5.37,5.36,0.01,0.1866,9552.04,5144.739,2023-08-01
002667.SZ,2020-09-29,9.01,9.12,8.76,8.91,8.95,-0.04,-0.4469,25604.9,22797.185,2023-08-01
300289.SZ,2020-09-29,7.92,8.18,7.6,7.96,7.93,0.03,0.3783,256167.54,201556.318,2023-08-01
300483.SZ,2020-09-29,36.68,37.25,35.72,36.56,36.33,0.23,0.6331,5759.0,21020.697,2023-08-01
300532.SZ,2020-09-29,11.51,11.6,11.35,11.38,11.42,-0.04,-0.3503,31617.84,36272.789,2023-08-01
002662.SZ,2020-09-29,4.06,4.1,4.0,4.05,4.01,0.04,0.9975,157229.0,63595.514,2023-08-01
002688.SZ,2020-09-29,6.85,6.94,6.83,6.84,6.88,-0.04,-0.5814,41613.03,28583.815,2023-08-01
002652.SZ,2020-09-29,3.73,3.83,3.6,3.82,3.71,0.11,2.965,22405.74,8375.191,2023-08-01
603729.SH,2020-09-29,16.2,16.6,15.98,16.23,16.12,0.11,0.6824,9625.85,15725.573,2023-08-01
300599.SZ,2020-09-29,12.8,12.91,12.57,12.8,12.59,0.21,1.668,18776.83,24003.17,2023-08-01
300591.SZ,2020-09-29,8.09,8.59,7.86,8.36,8.11,0.25,3.0826,168743.15,140151.372,2023-08-01
603056.SH,2020-09-29,15.2,15.2,14.77,14.89,14.99,-0.1,-0.6671,49738.25,74258.722,2023-08-01
300645.SZ,2020-09-29,16.98,17.49,16.6,17.39,16.74,0.65,3.8829,29739.1,51130.024,2023-08-01
603856.SH,2020-09-29,16.5,16.87,16.28,16.3,16.35,-0.05,-0.3058,29800.5,49229.888,2023-08-01
300608.SZ,2020-09-29,16.88,17.37,16.8,17.1,16.88,0.22,1.3033,10999.54,18855.251,2023-08-01
300605.SZ,2020-09-29,14.32,14.59,14.2,14.42,14.28,0.14,0.9804,14414.42,20849.667,2023-08-01
300638.SZ,2020-09-29,59.6,61.6,59.51,60.83,59.78,1.05,1.7564,25025.57,151877.345,2023-08-01
300584.SZ,2020-09-29,25.2,26.37,24.8,25.87,25.24,0.63,2.496,12291.0,31539.315,2023-08-01
603316.SH,2020-09-29,8.36,8.6,8.33,8.54,8.4,0.14,1.6667,19546.0,16606.367,2023-08-01
002965.SZ,2020-09-29,35.85,36.49,35.52,36.04,35.5,0.54,1.5211,7897.0,28423.992,2023-08-01
300595.SZ,2020-09-29,61.49,62.36,60.48,61.43,60.86,0.57,0.9366,39018.43,240594.579,2023-08-01
300610.SZ,2020-09-29,17.79,19.1,17.49,18.58,17.41,1.17,6.7203,78571.5,144279.111,2023-08-01
300498.SZ,2020-09-29,19.86,20.2,19.75,19.93,19.7,0.23,1.1675,186166.42,372388.522,2023-08-01
300736.SZ,2020-09-29,10.99,11.54,10.92,11.08,10.82,0.26,2.403,56950.76,63713.234,2023-08-01
300663.SZ,2020-09-29,28.7,29.19,28.62,28.84,28.3,0.54,1.9081,45137.87,130610.862,2023-08-01
300662.SZ,2020-09-29,59.0,60.0,58.0,59.22,58.42,0.8,1.3694,8473.24,50116.409,2023-08-01
300622.SZ,2020-09-29,13.67,13.96,13.47,13.66,13.67,-0.01,-0.0732,22877.85,31491.537,2023-08-01
601108.SH,2020-09-29,14.53,14.86,14.53,14.6,14.44,0.16,1.108,586666.75,860059.269,2023-08-01
603938.SH,2020-09-29,24.11,25.15,24.1,24.53,24.07,0.46,1.9111,7643.0,18888.01,2023-08-01
603587.SH,2020-09-29,20.45,20.47,20.13,20.29,20.29,0.0,0.0,17432.65,35422.106,2023-08-01
300699.SZ,2020-09-29,69.01,71.51,68.15,71.24,68.33,2.91,4.2587,44865.4,315329.031,2023-08-01
300635.SZ,2020-09-29,23.05,24.29,22.83,23.9,23.04,0.86,3.7326,20437.0,48224.455,2023-08-01
002884.SZ,2020-09-29,23.35,23.59,22.55,22.55,23.05,-0.5,-2.1692,22990.19,52683.984,2023-08-01
300625.SZ,2020-09-29,16.59,16.88,16.52,16.66,16.48,0.18,1.0922,15197.24,25397.74,2023-08-01
603725.SH,2020-09-29,8.41,8.66,8.32,8.33,8.41,-0.08,-0.9512,10000.91,8397.724,2023-08-01
603711.SH,2020-09-29,25.08,25.08,23.95,24.07,24.52,-0.45,-1.8352,9281.31,22480.598,2023-08-01
300767.SZ,2020-09-29,78.69,78.89,76.83,77.88,77.65,0.23,0.2962,8451.2,65960.617,2023-08-01
300630.SZ,2020-09-29,40.12,41.35,39.76,40.96,40.22,0.74,1.8399,32810.35,134131.828,2023-08-01
002879.SZ,2020-09-29,16.12,16.24,16.01,16.14,16.09,0.05,0.3108,7578.0,12238.124,2023-08-01
002982.SZ,2020-09-29,87.27,88.88,86.57,87.64,85.98,1.66,1.9307,10479.0,92129.026,2023-08-01
300611.SZ,2020-09-29,10.13,10.21,9.97,10.01,10.12,-0.11,-1.087,28101.0,28448.024,2023-08-01
300626.SZ,2020-09-29,9.56,9.85,9.42,9.6,9.36,0.24,2.5641,37700.8,36326.998,2023-08-01
603387.SH,2020-09-29,35.89,37.15,35.04,36.95,35.49,1.46,4.1138,32669.36,119152.994,2023-08-01
603079.SH,2020-09-29,26.86,27.12,26.65,26.77,26.8,-0.03,-0.1119,13434.73,36125.833,2023-08-01
300637.SZ,2020-09-29,11.06,12.0,11.06,11.81,10.93,0.88,8.0512,126017.8,146923.995,2023-08-01
300670.SZ,2020-09-29,7.86,8.06,7.73,7.9,7.83,0.07,0.894,39575.0,31330.767,2023-08-01
603880.SH,2020-09-29,13.45,14.0,13.34,13.81,13.5,0.31,2.2963,26786.32,36876.772,2023-08-01
300695.SZ,2020-09-29,68.0,68.6,67.62,68.0,67.35,0.65,0.9651,3037.0,20660.048,2023-08-01
300636.SZ,2020-09-29,33.8,33.96,33.09,33.24,33.24,0.0,0.0,8922.2,29864.896,2023-08-01
603767.SH,2020-09-29,7.83,7.95,7.51,7.52,7.96,-0.44,-5.5276,57704.4,44416.716,2023-08-01
603985.SH,2020-09-29,25.8,26.35,25.28,25.94,25.5,0.44,1.7255,33336.59,86201.153,2023-08-01
603619.SH,2020-09-29,11.64,11.66,11.51,11.52,11.55,-0.03,-0.2597,17394.0,20129.32,2023-08-01
300708.SZ,2020-09-29,28.58,28.85,27.51,27.7,28.11,-0.41,-1.4586,167329.99,471084.497,2023-08-01
300603.SZ,2020-09-29,17.65,17.96,17.4,17.68,17.5,0.18,1.0286,49977.43,88595.272,2023-08-01
688106.SH,2020-09-29,33.15,33.78,32.4,33.32,32.73,0.59,1.8026,44998.87,148559.408,2023-08-01
300718.SZ,2020-09-29,18.18,18.55,18.07,18.33,18.4,-0.07,-0.3804,23520.99,43127.629,2023-08-01
002864.SZ,2020-09-29,25.51,25.9,25.38,25.66,25.52,0.14,0.5486,5981.76,15333.905,2023-08-01
600928.SH,2020-09-29,5.4,5.43,5.33,5.35,5.36,-0.01,-0.1866,117974.41,63333.931,2023-08-01
603059.SH,2020-09-29,30.79,30.79,28.52,29.13,30.55,-1.42,-4.6481,13048.06,38045.23,2023-08-01
603109.SH,2020-09-29,27.2,27.95,26.3,26.34,27.05,-0.71,-2.6248,18228.79,49321.545,2023-08-01
002916.SZ,2020-09-29,118.55,119.79,117.08,117.13,117.47,-0.34,-0.2894,34746.1,411342.086,2023-08-01
603161.SH,2020-09-29,15.4,15.71,15.17,15.31,15.16,0.15,0.9894,30461.41,47020.447,2023-08-01
300733.SZ,2020-09-29,22.66,24.49,22.6,23.49,22.11,1.38,6.2415,129201.76,305133.074,2023-08-01
600312.SH,2020-09-29,7.1,7.2,7.09,7.15,7.09,0.06,0.8463,34440.53,24639.729,2023-08-01
600313.SH,2020-09-29,4.58,4.67,4.54,4.57,4.58,-0.01,-0.2183,215176.03,98929.038,2023-08-01
600315.SH,2020-09-29,36.68,38.0,36.07,37.66,36.38,1.28,3.5184,34400.94,128893.516,2023-08-01
600316.SH,2020-09-29,32.99,35.93,32.93,35.93,32.66,3.27,10.0122,330530.8,1161500.173,2023-08-01
600317.SH,2020-09-29,2.6,2.61,2.59,2.59,2.6,-0.01,-0.3846,62395.0,16215.374,2023-08-01
600318.SH,2020-09-29,11.33,11.68,11.3,11.31,11.31,0.0,0.0,180013.12,206749.819,2023-08-01
600319.SH,2020-09-29,4.63,4.67,4.6,4.66,4.61,0.05,1.0846,4115.76,1911.703,2023-08-01
600320.SH,2020-09-29,2.94,2.95,2.92,2.94,2.93,0.01,0.3413,33619.83,9880.01,2023-08-01
600321.SH,2020-09-29,2.05,2.07,2.03,2.06,2.05,0.01,0.4878,72057.27,14780.239,2023-08-01
600322.SH,2020-09-29,2.55,2.58,2.55,2.56,2.55,0.01,0.3922,40507.01,10406.061,2023-08-01
600323.SH,2020-09-29,28.28,28.92,28.08,28.65,28.1,0.55,1.9573,43073.32,123205.037,2023-08-01
600326.SH,2020-09-29,7.83,7.95,7.8,7.87,7.8,0.07,0.8974,103803.79,81896.066,2023-08-01
600328.SH,2020-09-29,7.24,7.27,7.21,7.21,7.2,0.01,0.1389,11343.01,8204.826,2023-08-01
600329.SH,2020-09-29,16.38,16.76,16.24,16.67,16.18,0.49,3.0284,40408.45,67011.375,2023-08-01
600330.SH,2020-09-29,9.72,10.07,9.71,9.95,9.68,0.27,2.7893,146586.03,145837.191,2023-08-01
600331.SH,2020-09-29,2.28,2.31,2.27,2.29,2.27,0.02,0.8811,80639.02,18508.957,2023-08-01
600332.SH,2020-09-29,30.12,30.39,30.03,30.15,29.99,0.16,0.5335,32199.65,97265.622,2023-08-01
600333.SH,2020-09-29,4.09,4.11,4.03,4.04,4.08,-0.04,-0.9804,20946.41,8505.036,2023-08-01
600335.SH,2020-09-29,5.29,5.35,5.26,5.3,5.27,0.03,0.5693,73629.25,39073.188,2023-08-01
600336.SH,2020-09-29,7.12,7.17,6.72,6.93,7.1,-0.17,-2.3944,256067.38,177756.787,2023-08-01
600337.SH,2020-09-29,5.58,5.58,5.38,5.38,5.45,-0.07,-1.2844,110694.8,60347.135,2023-08-01
600338.SH,2020-09-29,8.62,8.94,8.5,8.88,8.62,0.26,3.0162,114088.11,100300.454,2023-08-01
600339.SH,2020-09-29,3.07,3.1,3.0,3.08,3.06,0.02,0.6536,203144.82,62286.69,2023-08-01
600345.SH,2020-09-29,19.85,20.2,19.8,20.02,19.79,0.23,1.1622,12700.99,25443.325,2023-08-01
600346.SH,2020-09-29,18.78,19.0,18.58,18.96,18.66,0.3,1.6077,165335.59,310574.881,2023-08-01
600350.SH,2020-09-29,5.63,5.75,5.57,5.73,5.56,0.17,3.0576,45052.38,25676.774,2023-08-01
600356.SH,2020-09-29,8.6,8.67,8.4,8.59,8.48,0.11,1.2972,15473.81,13225.823,2023-08-01
600358.SH,2020-09-29,2.93,2.97,2.93,2.94,2.93,0.01,0.3413,6537.2,1924.853,2023-08-01
600359.SH,2020-09-29,8.25,8.47,8.06,8.31,8.34,-0.03,-0.3597,88673.02,74089.241,2023-08-01
600360.SH,2020-09-29,8.21,8.34,8.2,8.25,8.16,0.09,1.1029,100199.84,82945.998,2023-08-01
600361.SH,2020-09-29,4.26,4.34,4.22,4.31,4.26,0.05,1.1737,52039.66,22386.964,2023-08-01
600362.SH,2020-09-29,14.6,14.6,14.18,14.25,14.44,-0.19,-1.3158,217072.03,312028.926,2023-08-01
600363.SH,2020-09-29,22.12,22.5,21.75,22.45,21.8,0.65,2.9817,111859.3,248786.827,2023-08-01
600365.SH,2020-09-29,2.41,2.44,2.4,2.42,2.4,0.02,0.8333,24506.0,5939.1,2023-08-01
600366.SH,2020-09-29,5.86,5.93,5.84,5.89,5.85,0.04,0.6838,77246.01,45530.092,2023-08-01
600367.SH,2020-09-29,7.07,7.07,6.98,7.0,6.95,0.05,0.7194,9320.79,6524.27,2023-08-01
600368.SH,2020-09-29,3.42,3.45,3.42,3.43,3.42,0.01,0.2924,21263.91,7304.173,2023-08-01
600369.SH,2020-09-29,5.38,5.47,5.38,5.38,5.37,0.01,0.1862,240672.77,130208.751,2023-08-01
600372.SH,2020-09-29,16.02,16.55,16.02,16.37,15.9,0.47,2.956,214056.03,349604.532,2023-08-01
600373.SH,2020-09-29,11.89,11.96,11.63,11.65,11.85,-0.2,-1.6878,89605.51,105382.459,2023-08-01
600376.SH,2020-09-29,6.82,6.86,6.77,6.8,6.8,0.0,0.0,54007.94,36801.915,2023-08-01
000750.SZ,2020-09-29,5.45,5.53,5.43,5.47,5.41,0.06,1.1091,984458.38,539446.877,2023-08-01
000751.SZ,2020-09-29,2.77,2.79,2.77,2.78,2.76,0.02,0.7246,42195.19,11729.972,2023-08-01
000752.SZ,2020-09-29,3.5,3.53,3.49,3.5,3.51,-0.01,-0.2849,6687.41,2345.093,2023-08-01
000753.SZ,2020-09-29,2.94,3.08,2.94,3.05,2.94,0.11,3.7415,99821.19,30146.473,2023-08-01
601658.SH,2020-09-29,4.5,4.54,4.49,4.53,4.5,0.03,0.6667,311841.84,140680.155,2023-08-01
603155.SH,2020-09-29,32.93,33.47,32.83,33.03,32.71,0.32,0.9783,18025.62,59844.521,2023-08-01
600035.SH,2020-09-29,2.9,2.91,2.88,2.89,2.9,-0.01,-0.3448,28067.12,8128.262,2023-08-01
600479.SH,2020-09-29,9.12,9.17,9.07,9.1,9.1,0.0,0.0,17805.21,16235.009,2023-08-01
600284.SH,2020-09-29,6.22,6.24,6.14,6.2,6.19,0.01,0.1616,26559.74,16471.584,2023-08-01
688096.SH,2020-09-29,25.61,25.72,25.28,25.49,25.38,0.11,0.4334,2437.54,6222.567,2023-08-01
688339.SH,2020-09-29,157.94,164.44,157.94,160.9,157.94,2.96,1.8741,5971.71,96407.107,2023-08-01
688177.SH,2020-09-29,44.19,44.75,43.7,43.76,43.73,0.03,0.0686,6229.33,27540.389,2023-08-01
688222.SH,2020-09-29,37.61,38.4,37.31,38.0,37.61,0.39,1.037,6863.29,25969.22,2023-08-01
688318.SH,2020-09-29,235.18,239.48,233.23,236.09,232.8,3.29,1.4132,4775.88,113333.177,2023-08-01
688037.SH,2020-09-29,105.8,108.46,105.0,106.06,104.21,1.85,1.7753,6857.72,73398.408,2023-08-01
600463.SH,2020-09-29,6.97,7.0,6.78,6.8,6.92,-0.12,-1.7341,28718.0,19705.298,2023-08-01
600594.SH,2020-09-29,5.94,5.99,5.91,5.95,5.92,0.03,0.5068,40117.62,23844.45,2023-08-01
688188.SH,2020-09-29,216.79,234.69,216.0,227.5,214.06,13.44,6.2786,7968.91,182034.89,2023-08-01
600543.SH,2020-09-29,7.1,7.27,7.03,7.11,7.09,0.02,0.2821,59264.0,42408.062,2023-08-01
600455.SH,2020-09-29,23.88,23.99,23.64,23.7,23.65,0.05,0.2114,5672.0,13514.111,2023-08-01
600405.SH,2020-09-29,5.2,5.35,5.18,5.27,5.16,0.11,2.1318,85037.91,44905.266,2023-08-01
600467.SH,2020-09-29,2.63,2.66,2.63,2.64,2.63,0.01,0.3802,72296.0,19121.156,2023-08-01
600960.SH,2020-09-29,3.25,3.3,3.23,3.26,3.22,0.04,1.2422,29459.44,9621.995,2023-08-01
600969.SH,2020-09-29,6.46,6.48,6.4,6.44,6.41,0.03,0.468,6262.0,4036.243,2023-08-01
600572.SH,2020-09-29,5.26,5.29,5.22,5.25,5.24,0.01,0.1908,98107.31,51632.175,2023-08-01
600988.SH,2020-09-29,17.85,18.27,17.47,17.54,17.33,0.21,1.2118,779703.53,1393591.544,2023-08-01
600976.SH,2020-09-29,24.86,25.29,24.49,24.72,24.88,-0.16,-0.6431,16002.0,39641.67,2023-08-01
688277.SH,2020-09-29,63.59,65.75,63.2,63.86,63.08,0.78,1.2365,9860.44,63766.325,2023-08-01
688200.SH,2020-09-29,246.22,256.0,246.22,253.16,245.0,8.16,3.3306,3547.15,89530.045,2023-08-01
600497.SH,2020-09-29,3.8,3.83,3.77,3.79,3.78,0.01,0.2646,110027.27,41856.986,2023-08-01
600986.SH,2020-09-29,5.16,5.21,5.11,5.12,5.12,0.0,0.0,256879.16,132496.016,2023-08-01
600410.SH,2020-09-29,12.17,12.3,12.11,12.14,12.09,0.05,0.4136,103875.85,126801.376,2023-08-01
600985.SH,2020-09-29,9.85,10.03,9.73,9.97,9.8,0.17,1.7347,91068.94,89932.453,2023-08-01
600990.SH,2020-09-29,42.19,43.22,42.0,42.84,41.95,0.89,2.1216,13964.57,59819.357,2023-08-01
600114.SH,2020-09-29,9.9,10.05,9.84,9.85,9.82,0.03,0.3055,64241.78,63822.958,2023-08-01
600980.SH,2020-09-29,13.38,13.51,13.23,13.38,13.24,0.14,1.0574,8912.01,11938.793,2023-08-01
600992.SH,2020-09-29,6.81,6.9,6.78,6.79,6.81,-0.02,-0.2937,14273.65,9743.211,2023-08-01
600993.SH,2020-09-29,21.3,21.33,20.73,21.08,20.84,0.24,1.1516,31556.14,66231.972,2023-08-01
600967.SH,2020-09-29,10.93,11.25,10.88,11.1,10.89,0.21,1.9284,181838.46,202136.956,2023-08-01
600491.SH,2020-09-29,7.65,7.65,7.53,7.59,7.63,-0.04,-0.5242,110819.17,84057.063,2023-08-01
600963.SH,2020-09-29,3.91,3.94,3.89,3.91,3.89,0.02,0.5141,59302.24,23241.132,2023-08-01
600495.SH,2020-09-29,4.0,4.05,4.0,4.0,4.0,0.0,0.0,37358.43,15037.709,2023-08-01
600483.SH,2020-09-29,7.82,7.91,7.82,7.87,7.83,0.04,0.5109,9761.0,7672.132,2023-08-01
600461.SH,2020-09-29,6.38,6.45,6.35,6.4,6.35,0.05,0.7874,37993.0,24348.516,2023-08-01
600997.SH,2020-09-29,5.04,5.07,4.98,5.01,5.02,-0.01,-0.1992,50522.83,25348.598,2023-08-01
600421.SH,2020-09-29,15.2,15.44,14.79,14.98,15.19,-0.21,-1.3825,7194.0,10828.967,2023-08-01
600966.SH,2020-09-29,11.9,11.98,11.06,11.51,11.9,-0.39,-3.2773,200642.87,230797.733,2023-08-01
688567.SH,2020-09-29,25.51,25.94,25.24,25.84,25.2,0.64,2.5397,28917.05,74086.579,2023-08-01
688520.SH,2020-09-29,58.27,60.36,57.5,58.6,57.7,0.9,1.5598,15519.41,91632.75,2023-08-01
002078.SZ,2020-09-29,14.33,14.69,14.21,14.41,14.36,0.05,0.3482,149599.4,216797.07,2023-08-01
002091.SZ,2020-09-29,5.76,5.81,5.71,5.73,5.69,0.04,0.703,38205.7,21982.834,2023-08-01
002094.SZ,2020-09-29,4.01,4.09,4.01,4.06,4.03,0.03,0.7444,30995.02,12583.254,2023-08-01
601872.SH,2020-09-29,5.74,5.81,5.73,5.76,5.72,0.04,0.6993,180708.19,104426.885,2023-08-01
002095.SZ,2020-09-29,18.95,19.15,18.92,18.96,18.94,0.02,0.1056,11677.24,22204.656,2023-08-01
002090.SZ,2020-09-29,8.75,8.87,8.75,8.79,8.79,0.0,0.0,19604.85,17276.201,2023-08-01
002083.SZ,2020-09-29,4.82,4.88,4.77,4.86,4.81,0.05,1.0395,64576.0,31205.611,2023-08-01
002350.SZ,2020-09-29,5.05,5.08,4.98,5.04,4.99,0.05,1.002,14380.33,7248.842,2023-08-01
002098.SZ,2020-09-29,5.4,5.45,5.36,5.39,5.43,-0.04,-0.7366,13472.04,7283.683,2023-08-01
002096.SZ,2020-09-29,9.18,9.54,9.12,9.41,9.18,0.23,2.5054,78493.17,73493.634,2023-08-01
002097.SZ,2020-09-29,8.19,8.56,8.19,8.49,8.17,0.32,3.9168,212470.58,178869.162,2023-08-01
002093.SZ,2020-09-29,7.88,7.99,7.83,7.91,7.84,0.07,0.8929,33268.72,26404.738,2023-08-01
002099.SZ,2020-09-29,7.7,7.75,7.61,7.69,7.73,-0.04,-0.5175,124982.66,96069.981,2023-08-01
002100.SZ,2020-09-29,14.27,14.63,14.12,14.5,14.24,0.26,1.8258,148104.08,214026.623,2023-08-01
002101.SZ,2020-09-29,6.89,6.94,6.83,6.85,6.85,0.0,0.0,13707.58,9421.384,2023-08-01
002200.SZ,2020-09-29,5.75,5.77,5.73,5.76,5.74,0.02,0.3484,4959.0,2851.71,2023-08-01
002102.SZ,2020-09-29,1.8,1.82,1.79,1.8,1.8,0.0,0.0,78589.03,14142.782,2023-08-01
601991.SH,2020-09-29,2.3,2.32,2.29,2.3,2.3,0.0,0.0,56138.0,12919.241,2023-08-01
002105.SZ,2020-09-29,7.83,7.83,7.71,7.71,7.79,-0.08,-1.027,21306.11,16566.631,2023-08-01
002103.SZ,2020-09-29,5.07,5.12,5.03,5.06,5.06,0.0,0.0,43164.8,21948.121,2023-08-01
002104.SZ,2020-09-29,8.38,8.55,8.38,8.48,8.33,0.15,1.8007,66979.0,56749.059,2023-08-01
002110.SZ,2020-09-29,6.54,6.66,6.53,6.61,6.52,0.09,1.3804,76929.15,50828.715,2023-08-01
601333.SH,2020-09-29,2.34,2.36,2.33,2.34,2.34,0.0,0.0,82750.36,19405.609,2023-08-01
002108.SZ,2020-09-29,4.77,4.79,4.67,4.7,4.74,-0.04,-0.8439,382052.94,180695.716,2023-08-01
002106.SZ,2020-09-29,13.52,13.83,13.41,13.6,13.41,0.19,1.4169,122608.36,167290.649,2023-08-01
002109.SZ,2020-09-29,3.19,3.21,3.15,3.17,3.18,-0.01,-0.3145,33730.0,10718.475,2023-08-01
601002.SH,2020-09-29,5.72,5.73,5.67,5.69,5.68,0.01,0.1761,28729.24,16388.982,2023-08-01
601628.SH,2020-09-29,46.1,46.27,45.38,45.49,45.57,-0.08,-0.1756,170684.48,779689.157,2023-08-01
002111.SZ,2020-09-29,15.37,15.85,15.37,15.69,15.25,0.44,2.8852,40337.0,63382.965,2023-08-01
002107.SZ,2020-09-29,9.29,9.33,9.02,9.1,9.24,-0.14,-1.5152,40486.13,37025.701,2023-08-01
002114.SZ,2020-09-29,6.08,6.09,6.01,6.02,6.03,-0.01,-0.1658,15120.72,9134.145,2023-08-01
002115.SZ,2020-09-29,7.71,7.86,7.71,7.76,7.73,0.03,0.3881,26013.01,20276.419,2023-08-01
002120.SZ,2020-09-29,18.52,18.84,18.52,18.74,18.46,0.28,1.5168,87783.28,164258.295,2023-08-01
002117.SZ,2020-09-29,10.57,10.66,10.39,10.59,10.5,0.09,0.8571,50560.59,53355.391,2023-08-01
002116.SZ,2020-09-29,7.2,7.2,7.1,7.15,7.19,-0.04,-0.5563,16357.51,11666.408,2023-08-01
002130.SZ,2020-09-29,5.02,5.12,5.02,5.07,4.99,0.08,1.6032,94249.9,47851.729,2023-08-01
300099.SZ,2020-09-29,8.59,9.39,8.55,9.12,8.56,0.56,6.5421,587483.05,532371.032,2023-08-01
300093.SZ,2020-09-29,11.0,11.17,10.9,10.9,11.0,-0.1,-0.9091,13318.0,14677.742,2023-08-01
601718.SH,2020-09-29,3.31,3.34,3.3,3.32,3.3,0.02,0.6061,114284.53,38015.495,2023-08-01
002464.SZ,2020-09-29,5.0,5.1,5.0,5.06,5.03,0.03,0.5964,49434.32,25030.932,2023-08-01
300124.SZ,2020-09-29,55.84,56.78,55.29,56.3,55.84,0.46,0.8238,90788.15,509546.183,2023-08-01
300089.SZ,2020-09-29,5.36,5.36,5.1,5.17,5.3,-0.13,-2.4528,39020.0,20295.949,2023-08-01
300094.SZ,2020-09-29,4.71,5.1,4.59,5.01,4.71,0.3,6.3694,321069.4,157990.335,2023-08-01
300253.SZ,2020-09-29,19.25,19.84,19.1,19.66,19.16,0.5,2.6096,206335.08,404447.595,2023-08-01
300152.SZ,2020-09-29,4.07,4.24,3.97,4.15,4.04,0.11,2.7228,341583.49,140599.1,2023-08-01
300291.SZ,2020-09-29,6.4,6.42,6.21,6.25,6.35,-0.1,-1.5748,94659.27,59578.571,2023-08-01
300477.SZ,2020-09-29,6.42,6.56,6.38,6.45,6.4,0.05,0.7813,113329.04,73275.757,2023-08-01
300297.SZ,2020-09-29,4.71,4.89,4.63,4.84,4.65,0.19,4.086,426082.63,204047.999,2023-08-01
002650.SZ,2020-09-29,7.15,7.38,7.08,7.3,7.32,-0.02,-0.2732,156793.0,113972.161,2023-08-01
300292.SZ,2020-09-29,5.01,5.11,4.98,5.02,4.98,0.04,0.8032,233661.66,117904.872,2023-08-01
002666.SZ,2020-09-29,5.54,5.63,5.51,5.56,5.51,0.05,0.9074,48325.0,26926.771,2023-08-01
601929.SH,2020-09-29,2.19,2.22,2.18,2.2,2.19,0.01,0.4566,114409.0,25125.68,2023-08-01
300307.SZ,2020-09-29,6.97,7.75,6.87,7.46,6.82,0.64,9.3842,163316.2,121220.686,2023-08-01
300358.SZ,2020-09-29,13.25,13.33,12.62,12.78,13.4,-0.62,-4.6269,166556.29,215917.245,2023-08-01
300310.SZ,2020-09-29,5.96,6.04,5.88,5.9,5.86,0.04,0.6826,221398.33,131700.447,2023-08-01
002654.SZ,2020-09-29,4.39,4.47,4.38,4.42,4.38,0.04,0.9132,47222.17,20916.021,2023-08-01
002653.SZ,2020-09-29,21.86,22.09,21.52,21.74,21.91,-0.17,-0.7759,13302.2,28985.067,2023-08-01
603359.SH,2020-09-29,18.5,18.7,18.37,18.43,18.45,-0.02,-0.1084,11689.52,21594.861,2023-08-01
601339.SH,2020-09-29,3.69,3.72,3.68,3.69,3.69,0.0,0.0,17616.88,6528.802,2023-08-01
300296.SZ,2020-09-29,7.67,7.93,7.63,7.83,7.58,0.25,3.2982,690981.92,538192.007,2023-08-01
300309.SZ,2020-09-29,3.97,4.04,3.89,3.92,3.94,-0.02,-0.5076,395309.41,156943.056,2023-08-01
300301.SZ,2020-09-29,4.7,4.74,4.45,4.45,4.71,-0.26,-5.5202,1073734.66,492723.458,2023-08-01
300304.SZ,2020-09-29,5.24,5.29,5.14,5.21,5.19,0.02,0.3854,161254.0,84516.619,2023-08-01
300306.SZ,2020-09-29,10.54,10.97,10.45,10.87,10.45,0.42,4.0191,26646.81,28747.623,2023-08-01
002672.SZ,2020-09-29,9.59,9.59,9.47,9.48,9.48,0.0,0.0,30324.04,28860.756,2023-08-01
002663.SZ,2020-09-29,2.26,2.28,2.24,2.27,2.26,0.01,0.4425,63535.21,14387.173,2023-08-01
601388.SH,2020-09-29,2.23,2.26,2.22,2.23,2.22,0.01,0.4505,243258.58,54492.661,2023-08-01
601515.SH,2020-09-29,6.04,6.1,6.01,6.01,6.0,0.01,0.1667,20877.2,12618.602,2023-08-01
300326.SZ,2020-09-29,21.1,21.42,20.65,21.38,21.04,0.34,1.616,194837.04,410584.678,2023-08-01
601231.SH,2020-09-29,25.52,26.06,25.05,25.52,25.13,0.39,1.5519,291271.27,742982.409,2023-08-01
002657.SZ,2020-09-29,13.45,13.7,13.43,13.54,13.41,0.13,0.9694,20620.1,28022.927,2023-08-01
002151.SZ,2020-09-29,50.38,52.15,50.38,51.4,50.14,1.26,2.513,154716.21,794805.326,2023-08-01
002156.SZ,2020-09-29,22.07,23.2,22.07,22.72,21.96,0.76,3.4608,260721.67,591355.821,2023-08-01
002658.SZ,2020-09-29,6.68,6.85,6.59,6.85,6.7,0.15,2.2388,43609.93,29152.641,2023-08-01
002669.SZ,2020-09-29,16.8,16.93,16.55,16.63,16.65,-0.02,-0.1201,48653.47,81288.329,2023-08-01
300300.SZ,2020-09-29,7.98,8.22,7.73,7.93,7.92,0.01,0.1263,383978.29,307177.577,2023-08-01
300755.SZ,2020-09-29,30.8,31.21,30.31,30.73,30.66,0.07,0.2283,22102.96,67752.673,2023-08-01
002660.SZ,2020-09-29,9.93,10.33,9.65,9.99,9.87,0.12,1.2158,246964.68,247782.4,2023-08-01
002659.SZ,2020-09-29,5.9,6.05,5.86,5.97,5.91,0.06,1.0152,72456.56,43146.871,2023-08-01
002674.SZ,2020-09-29,10.59,11.58,10.59,10.59,11.77,-1.18,-10.0255,51809.0,55761.315,2023-08-01
002661.SZ,2020-09-29,20.4,20.88,20.31,20.36,20.36,0.0,0.0,50959.05,104827.716,2023-08-01
002155.SZ,2020-09-29,8.67,8.74,8.53,8.6,8.63,-0.03,-0.3476,137332.93,118577.277,2023-08-01
300320.SZ,2020-09-29,5.99,6.14,5.95,6.06,5.94,0.12,2.0202,82333.0,49958.641,2023-08-01
300313.SZ,2020-09-29,20.2,20.89,19.3,19.41,19.99,-0.58,-2.9015,297013.77,593720.902,2023-08-01
300314.SZ,2020-09-29,18.49,18.55,18.02,18.3,18.26,0.04,0.2191,25216.07,46183.752,2023-08-01
002670.SZ,2020-09-29,9.86,9.99,9.86,9.86,9.85,0.01,0.1015,104997.39,104258.764,2023-08-01
300203.SZ,2020-09-29,15.21,15.41,15.1,15.26,15.25,0.01,0.0656,44972.83,68592.606,2023-08-01
002706.SZ,2020-09-29,26.15,26.5,25.6,26.17,25.93,0.24,0.9256,27011.3,70616.795,2023-08-01
300229.SZ,2020-09-29,10.24,10.54,10.18,10.42,10.13,0.29,2.8628,52601.44,54687.824,2023-08-01
002559.SZ,2020-09-29,5.49,5.83,5.49,5.56,5.47,0.09,1.6453,90197.16,50869.235,2023-08-01
603042.SH,2020-09-29,15.35,15.8,15.31,15.49,15.35,0.14,0.9121,14277.43,22238.276,2023-08-01
300701.SZ,2020-09-29,37.49,38.2,37.13,38.02,37.33,0.69,1.8484,14285.5,54063.47,2023-08-01
603187.SH,2020-09-29,53.0,53.06,51.3,51.9,51.73,0.17,0.3286,18159.05,95248.093,2023-08-01
300620.SZ,2020-09-29,43.58,44.17,43.06,43.88,43.33,0.55,1.2693,7487.0,32754.867,2023-08-01
603357.SH,2020-09-29,10.22,10.23,10.1,10.16,10.08,0.08,0.7937,14668.4,14892.147,2023-08-01
603196.SH,2020-09-29,7.21,7.27,6.91,6.95,7.45,-0.5,-6.7114,80890.0,56991.776,2023-08-01
300628.SZ,2020-09-29,60.19,61.75,60.19,60.48,60.48,0.0,0.0,28942.3,176789.346,2023-08-01
002935.SZ,2020-09-29,24.44,25.25,24.38,24.83,24.2,0.63,2.6033,20414.97,50822.564,2023-08-01
300609.SZ,2020-09-29,33.55,33.9,32.86,32.99,33.69,-0.7,-2.0778,10001.0,33204.276,2023-08-01
603157.SH,2020-09-29,2.13,2.13,2.05,2.11,2.15,-0.04,-1.8605,31454.19,6593.566,2023-08-01
002900.SZ,2020-09-29,10.68,10.68,10.44,10.47,10.49,-0.02,-0.1907,8110.0,8523.342,2023-08-01
300633.SZ,2020-09-29,25.95,27.5,25.92,26.52,25.61,0.91,3.5533,46887.37,124556.783,2023-08-01
688589.SH,2020-09-29,50.6,51.23,50.0,50.3,49.95,0.35,0.7007,9963.5,50512.266,2023-08-01
300621.SZ,2020-09-29,12.84,12.96,12.54,12.75,12.6,0.15,1.1905,23295.0,29905.99,2023-08-01
002866.SZ,2020-09-29,18.45,19.0,18.08,18.92,18.3,0.62,3.388,30884.85,57613.077,2023-08-01
002886.SZ,2020-09-29,27.16,27.46,27.07,27.11,27.07,0.04,0.1478,6935.5,18870.916,2023-08-01
300627.SZ,2020-09-29,23.46,24.58,23.32,23.96,23.28,0.68,2.921,68933.33,165676.68,2023-08-01
603978.SH,2020-09-29,20.37,20.59,20.34,20.34,20.33,0.01,0.0492,7869.68,16120.788,2023-08-01
300661.SZ,2020-09-29,286.0,288.8,278.02,285.15,286.0,-0.85,-0.2972,11909.28,338678.045,2023-08-01
688208.SH,2020-09-29,69.2,71.11,67.0,67.0,69.2,-2.2,-3.1792,10078.14,69883.191,2023-08-01
603063.SH,2020-09-29,10.15,10.65,10.08,10.46,10.12,0.34,3.3597,91318.81,94932.007,2023-08-01
002880.SZ,2020-09-29,58.0,58.71,57.01,57.07,58.14,-1.07,-1.8404,8529.16,49060.544,2023-08-01
002877.SZ,2020-09-29,7.62,7.74,7.57,7.61,7.62,-0.01,-0.1312,20513.0,15677.352,2023-08-01
603970.SH,2020-09-29,15.84,15.84,15.39,15.43,15.62,-0.19,-1.2164,17157.64,26689.58,2023-08-01
002893.SZ,2020-09-29,9.65,9.79,9.58,9.78,9.63,0.15,1.5576,13283.65,12891.787,2023-08-01
300700.SZ,2020-09-29,20.81,21.27,20.37,21.19,20.42,0.77,3.7708,37665.83,78790.84,2023-08-01
601155.SH,2020-09-29,35.89,35.91,35.14,35.39,35.21,0.18,0.5112,77110.54,274046.91,2023-08-01
300652.SZ,2020-09-29,22.22,22.72,21.81,22.3,22.16,0.14,0.6318,6678.73,14884.528,2023-08-01
300801.SZ,2020-09-29,28.6,30.46,28.39,29.75,28.3,1.45,5.1237,43136.1,128059.472,2023-08-01
300648.SZ,2020-09-29,29.2,30.2,28.5,29.66,28.75,0.91,3.1652,21585.0,63672.665,2023-08-01
603535.SH,2020-09-29,44.96,45.29,43.18,43.5,44.82,-1.32,-2.9451,29821.3,130895.49,2023-08-01
603055.SH,2020-09-29,9.05,9.18,8.73,8.93,8.99,-0.06,-0.6674,54255.07,48343.285,2023-08-01
300685.SZ,2020-09-29,73.6,74.75,72.43,73.77,73.77,0.0,0.0,18962.23,139077.05,2023-08-01
603233.SH,2020-09-29,81.82,82.7,80.1,80.88,82.39,-1.51,-1.8327,38255.29,310440.651,2023-08-01
601019.SH,2020-09-29,6.18,6.25,6.18,6.2,6.2,0.0,0.0,21820.59,13570.269,2023-08-01
603289.SH,2020-09-29,8.84,8.9,8.7,8.72,8.83,-0.11,-1.2458,15875.2,13914.152,2023-08-01
300514.SZ,2020-09-29,12.38,12.53,12.26,12.3,12.34,-0.04,-0.3241,21684.92,26857.792,2023-08-01
300650.SZ,2020-09-29,24.6,24.6,19.71,21.01,24.64,-3.63,-14.7321,94236.99,203244.741,2023-08-01
300643.SZ,2020-09-29,12.87,13.2,12.87,12.95,12.9,0.05,0.3876,23830.0,31098.7,2023-08-01
300578.SZ,2020-09-29,35.88,37.15,35.88,36.75,35.9,0.85,2.3677,18978.78,69782.097,2023-08-01
300571.SZ,2020-09-29,40.23,41.28,40.0,40.52,40.0,0.52,1.3,9954.95,40374.791,2023-08-01
300598.SZ,2020-09-29,138.4,140.9,137.0,137.03,137.85,-0.82,-0.5948,13501.27,186847.518,2023-08-01
603839.SH,2020-09-29,11.4,11.42,11.24,11.27,11.26,0.01,0.0888,9348.0,10594.396,2023-08-01
603165.SH,2020-09-29,13.44,14.26,13.24,13.97,13.44,0.53,3.9435,46362.61,63961.793,2023-08-01
603360.SH,2020-09-29,17.95,18.05,17.71,17.77,17.95,-0.18,-1.0028,14219.99,25312.954,2023-08-01
000755.SZ,2020-09-29,3.64,3.67,3.63,3.65,3.64,0.01,0.2747,19702.81,7187.671,2023-08-01
000756.SZ,2020-09-29,9.37,9.44,9.3,9.32,9.36,-0.04,-0.4274,19024.7,17814.661,2023-08-01
000757.SZ,2020-09-29,4.35,4.37,4.32,4.33,4.34,-0.01,-0.2304,31337.07,13635.373,2023-08-01
000758.SZ,2020-09-29,4.53,4.64,4.53,4.58,4.52,0.06,1.3274,76924.22,35334.101,2023-08-01
000759.SZ,2020-09-29,6.37,6.41,6.32,6.32,6.33,-0.01,-0.158,18357.0,11663.358,2023-08-01
000761.SZ,2020-09-29,3.43,3.46,3.42,3.45,3.43,0.02,0.5831,40068.42,13795.571,2023-08-01
000762.SZ,2020-09-29,9.64,9.78,9.42,9.43,9.64,-0.21,-2.1784,92513.69,88522.636,2023-08-01
000766.SZ,2020-09-29,4.55,4.62,4.51,4.58,4.57,0.01,0.2188,64315.6,29466.681,2023-08-01
000767.SZ,2020-09-29,2.37,2.55,2.37,2.48,2.36,0.12,5.0847,170476.88,42176.876,2023-08-01
000768.SZ,2020-09-29,22.11,23.01,22.07,22.82,21.98,0.84,3.8217,180531.55,409382.613,2023-08-01
000776.SZ,2020-09-29,15.97,16.06,15.91,15.94,15.91,0.03,0.1886,314877.65,503370.412,2023-08-01
000777.SZ,2020-09-29,12.69,12.92,12.69,12.89,12.69,0.2,1.576,29746.21,38212.395,2023-08-01
000778.SZ,2020-09-29,3.65,3.67,3.62,3.63,3.63,0.0,0.0,166757.11,60757.391,2023-08-01
000779.SZ,2020-09-29,10.71,10.9,10.63,10.72,10.6,0.12,1.1321,8584.0,9247.507,2023-08-01
000780.SZ,2020-09-29,2.6,2.64,2.58,2.64,2.61,0.03,1.1494,15900.02,4152.802,2023-08-01
000782.SZ,2020-09-29,3.45,3.46,3.38,3.39,3.42,-0.03,-0.8772,70523.7,24049.423,2023-08-01
000783.SZ,2020-09-29,8.15,8.24,8.12,8.13,8.13,0.0,0.0,258366.3,211369.197,2023-08-01
000785.SZ,2020-09-29,8.62,8.66,8.47,8.53,8.59,-0.06,-0.6985,22952.36,19608.157,2023-08-01
000786.SZ,2020-09-29,32.0,32.0,30.86,31.04,31.59,-0.55,-1.7411,144916.19,452144.891,2023-08-01
000788.SZ,2020-09-29,6.64,6.68,6.58,6.64,6.6,0.04,0.6061,18454.0,12269.333,2023-08-01
000789.SZ,2020-09-29,15.3,15.45,15.1,15.24,15.23,0.01,0.0657,81940.77,125015.594,2023-08-01
000790.SZ,2020-09-29,5.05,5.1,5.0,5.06,5.03,0.03,0.5964,38943.57,19652.486,2023-08-01
000791.SZ,2020-09-29,3.42,3.45,3.41,3.44,3.41,0.03,0.8798,52344.02,17973.53,2023-08-01
000793.SZ,2020-09-29,2.96,3.0,2.95,2.97,2.95,0.02,0.678,146559.76,43630.371,2023-08-01
000795.SZ,2020-09-29,5.62,5.68,5.61,5.61,5.6,0.01,0.1786,61667.0,34757.351,2023-08-01
000796.SZ,2020-09-29,16.81,16.99,16.36,16.4,16.79,-0.39,-2.3228,164630.24,273882.994,2023-08-01
000797.SZ,2020-09-29,3.51,3.55,3.51,3.52,3.51,0.01,0.2849,24742.53,8724.62,2023-08-01
000798.SZ,2020-09-29,6.39,6.53,6.39,6.44,6.38,0.06,0.9404,18039.02,11673.063,2023-08-01
000799.SZ,2020-09-29,83.05,83.28,81.32,81.66,82.25,-0.59,-0.7173,61350.02,503080.515,2023-08-01
000800.SZ,2020-09-29,12.33,12.64,12.19,12.21,12.31,-0.1,-0.8123,173466.83,214057.409,2023-08-01
000801.SZ,2020-09-29,5.8,5.89,5.75,5.88,5.77,0.11,1.9064,39614.74,23139.706,2023-08-01
000802.SZ,2020-09-29,8.53,8.56,7.8,8.02,8.46,-0.44,-5.2009,362268.11,293055.022,2023-08-01
000803.SZ,2020-09-29,14.51,15.19,14.51,14.55,14.69,-0.14,-0.953,1371.0,2013.761,2023-08-01
000806.SZ,2020-09-29,1.46,1.47,1.45,1.47,1.45,0.02,1.3793,36698.12,5356.408,2023-08-01
000807.SZ,2020-09-29,5.46,5.47,5.35,5.38,5.39,-0.01,-0.1855,313745.84,169802.632,2023-08-01
000809.SZ,2020-09-29,2.19,2.2,2.16,2.17,2.18,-0.01,-0.4587,31106.06,6784.702,2023-08-01
000810.SZ,2020-09-29,9.77,9.79,9.64,9.68,9.67,0.01,0.1034,28912.36,28095.903,2023-08-01
000811.SZ,2020-09-29,6.62,6.69,6.6,6.67,6.62,0.05,0.7553,30574.55,20313.249,2023-08-01
000812.SZ,2020-09-29,3.09,3.11,3.06,3.09,3.07,0.02,0.6515,36235.86,11201.855,2023-08-01
000813.SZ,2020-09-29,6.11,6.2,6.05,6.15,6.11,0.04,0.6547,174232.52,106426.782,2023-08-01
000815.SZ,2020-09-29,6.36,6.36,6.22,6.26,6.47,-0.21,-3.2457,79143.5,49640.87,2023-08-01
000816.SZ,2020-09-29,1.41,1.42,1.39,1.4,1.41,-0.01,-0.7092,94766.0,13312.56,2023-08-01
000818.SZ,2020-09-29,21.27,21.97,21.1,21.5,20.98,0.52,2.4786,81131.09,175012.117,2023-08-01
000819.SZ,2020-09-29,7.19,7.25,7.18,7.22,7.16,0.06,0.838,11348.33,8198.983,2023-08-01
000820.SZ,2020-09-29,1.12,1.14,1.11,1.11,1.14,-0.03,-2.6316,64311.01,7191.061,2023-08-01
600975.SH,2020-09-29,8.42,8.63,8.34,8.53,8.39,0.14,1.6687,84329.37,71833.305,2023-08-01
688521.SH,2020-09-29,93.22,97.4,93.0,94.4,91.2,3.2,3.5088,14054.59,133630.902,2023-08-01
600995.SH,2020-09-29,7.92,8.01,7.9,7.93,7.92,0.01,0.1263,20644.71,16411.778,2023-08-01
600420.SH,2020-09-29,9.61,9.65,9.56,9.58,9.58,0.0,0.0,32487.38,31214.752,2023-08-01
002001.SZ,2020-09-29,29.6,29.8,29.4,29.61,29.35,0.26,0.8859,99394.75,294490.892,2023-08-01
688180.SH,2020-09-29,85.77,86.17,84.38,85.15,84.33,0.82,0.9724,14286.28,122082.635,2023-08-01
002002.SZ,2020-09-29,3.88,3.91,3.85,3.88,3.86,0.02,0.5181,276468.41,107342.442,2023-08-01
688312.SH,2020-09-29,37.56,38.24,37.56,38.07,37.32,0.75,2.0096,3558.72,13536.895,2023-08-01
002003.SZ,2020-09-29,5.96,6.04,5.94,5.99,5.99,0.0,0.0,38724.17,23208.593,2023-08-01
002004.SZ,2020-09-29,5.06,5.11,5.03,5.06,5.04,0.02,0.3968,83317.25,42246.99,2023-08-01
600962.SH,2020-09-29,8.49,8.49,8.27,8.4,8.38,0.02,0.2387,22438.12,18859.496,2023-08-01
002005.SZ,2020-09-29,1.25,1.28,1.25,1.27,1.26,0.01,0.7937,54985.0,6964.931,2023-08-01
600143.SH,2020-09-29,15.38,15.68,15.34,15.53,15.31,0.22,1.437,223446.39,347123.396,2023-08-01
002006.SZ,2020-09-29,5.48,5.54,5.2,5.27,5.62,-0.35,-6.2278,336625.61,179600.525,2023-08-01
002007.SZ,2020-09-29,54.0,56.11,52.3,55.45,53.96,1.49,2.7613,308124.71,1677106.842,2023-08-01
002008.SZ,2020-09-29,33.2,33.58,33.1,33.14,33.0,0.14,0.4242,96404.82,320978.363,2023-08-01
002009.SZ,2020-09-29,8.58,8.76,8.53,8.67,8.49,0.18,2.1201,64375.0,55798.159,2023-08-01
600022.SH,2020-09-29,1.37,1.38,1.36,1.37,1.36,0.01,0.7353,520796.28,71359.84,2023-08-01
600981.SH,2020-09-29,3.44,3.47,3.42,3.44,3.43,0.01,0.2915,57423.94,19780.747,2023-08-01
002010.SZ,2020-09-29,5.84,5.95,5.79,5.8,5.8,0.0,0.0,203849.37,119787.596,2023-08-01
688488.SH,2020-09-29,28.59,29.15,28.59,28.7,28.44,0.26,0.9142,8762.88,25288.673,2023-08-01
002011.SZ,2020-09-29,3.72,3.75,3.7,3.72,3.71,0.01,0.2695,26458.02,9866.647,2023-08-01
002012.SZ,2020-09-29,5.65,5.76,5.61,5.74,5.61,0.13,2.3173,103261.0,58786.303,2023-08-01
002013.SZ,2020-09-29,11.0,11.99,11.0,11.8,10.9,0.9,8.2569,1189120.04,1402749.481,2023-08-01
002014.SZ,2020-09-29,11.01,11.06,10.81,10.95,11.03,-0.08,-0.7253,21903.48,23976.784,2023-08-01
688157.SH,2020-09-29,102.99,105.39,102.38,104.29,102.0,2.29,2.2451,3017.07,31394.818,2023-08-01
688598.SH,2020-09-29,102.22,102.96,100.73,101.2,101.08,0.12,0.1187,4315.6,43942.836,2023-08-01
600982.SH,2020-09-29,2.82,2.85,2.81,2.83,2.82,0.01,0.3546,24348.86,6889.26,2023-08-01
002015.SZ,2020-09-29,5.3,5.36,5.27,5.28,5.29,-0.01,-0.189,55359.76,29405.039,2023-08-01
600984.SH,2020-09-29,21.42,21.69,20.5,20.85,21.56,-0.71,-3.2931,171027.15,356368.46,2023-08-01
002016.SZ,2020-09-29,6.71,6.74,6.54,6.56,6.71,-0.15,-2.2355,37048.27,24494.794,2023-08-01
002017.SZ,2020-09-29,11.02,11.35,11.02,11.22,11.02,0.2,1.8149,30849.11,34667.681,2023-08-01
002019.SZ,2020-09-29,24.71,25.06,24.53,24.74,24.67,0.07,0.2837,65011.33,161304.514,2023-08-01
600965.SH,2020-09-29,6.28,6.35,6.21,6.25,6.26,-0.01,-0.1597,14625.02,9184.872,2023-08-01
600482.SH,2020-09-29,17.39,17.83,17.39,17.57,17.39,0.18,1.0351,37898.83,66977.651,2023-08-01
002020.SZ,2020-09-29,11.83,12.26,11.83,12.23,11.82,0.41,3.4687,121707.36,147702.6,2023-08-01
002021.SZ,2020-09-29,2.26,2.27,2.17,2.17,2.28,-0.11,-4.8246,48545.58,10704.081,2023-08-01
002022.SZ,2020-09-29,17.61,17.95,17.32,17.86,17.51,0.35,1.9989,83501.43,148154.153,2023-08-01
002023.SZ,2020-09-29,16.2,16.5,16.12,16.29,16.11,0.18,1.1173,129068.71,211038.493,2023-08-01
002024.SZ,2020-09-29,9.06,9.11,9.0,9.05,8.98,0.07,0.7795,140595.01,127328.857,2023-08-01
002025.SZ,2020-09-29,50.63,53.22,50.0,52.97,49.86,3.11,6.2375,62162.15,324618.34,2023-08-01
688309.SH,2020-09-29,43.3,44.4,42.86,43.06,42.95,0.11,0.2561,3225.34,14062.048,2023-08-01
002026.SZ,2020-09-29,10.18,10.18,9.7,9.77,10.11,-0.34,-3.363,103284.38,102212.038,2023-08-01
600983.SH,2020-09-29,7.13,7.43,7.05,7.17,7.04,0.13,1.8466,82577.63,59654.945,2023-08-01
601816.SH,2020-09-29,5.86,5.87,5.81,5.83,5.84,-0.01,-0.1712,451960.06,263745.207,2023-08-01
300321.SZ,2020-09-29,18.9,19.02,18.65,18.92,18.77,0.15,0.7991,5666.0,10698.925,2023-08-01
300245.SZ,2020-09-29,11.14,11.32,11.0,11.17,11.04,0.13,1.1775,47527.94,53199.553,2023-08-01
300095.SZ,2020-09-29,12.85,13.97,12.81,13.57,12.81,0.76,5.9329,207125.97,280433.355,2023-08-01
300100.SZ,2020-09-29,9.99,10.14,9.71,9.8,9.91,-0.11,-1.11,263110.04,261465.547,2023-08-01
300092.SZ,2020-09-29,10.27,10.52,10.21,10.5,10.17,0.33,3.2448,52331.59,54406.349,2023-08-01
002496.SZ,2020-09-29,3.34,3.52,3.34,3.4,3.36,0.04,1.1905,111185.59,38200.402,2023-08-01
300102.SZ,2020-09-29,8.5,8.8,8.21,8.44,8.29,0.15,1.8094,842615.43,717652.179,2023-08-01
300103.SZ,2020-09-29,12.78,13.23,12.66,12.95,12.65,0.3,2.3715,61090.61,79469.132,2023-08-01
002465.SZ,2020-09-29,11.6,11.75,11.57,11.62,11.5,0.12,1.0435,240841.36,281173.109,2023-08-01
002484.SZ,2020-09-29,9.75,10.01,9.7,9.88,9.68,0.2,2.0661,59740.17,59054.93,2023-08-01
601018.SH,2020-09-29,3.8,3.84,3.77,3.81,3.79,0.02,0.5277,69633.69,26571.785,2023-08-01
300126.SZ,2020-09-29,7.09,7.28,7.04,7.18,7.03,0.15,2.1337,35976.0,25862.804,2023-08-01
002468.SZ,2020-09-29,15.15,15.35,15.05,15.22,15.09,0.13,0.8615,71374.22,108564.082,2023-08-01
300173.SZ,2020-09-29,7.15,7.26,7.06,7.11,7.12,-0.01,-0.1404,63517.71,45516.12,2023-08-01
300110.SZ,2020-09-29,5.1,5.27,5.02,5.18,5.05,0.13,2.5743,304192.1,157214.997,2023-08-01
002470.SZ,2020-09-29,1.5,1.51,1.48,1.49,1.5,-0.01,-0.6667,131862.0,19742.044,2023-08-01
002476.SZ,2020-09-29,5.11,5.17,5.09,5.14,5.1,0.04,0.7843,35564.03,18274.387,2023-08-01
300107.SZ,2020-09-29,6.37,6.46,6.35,6.38,6.34,0.04,0.6309,56859.0,36467.193,2023-08-01
300305.SZ,2020-09-29,9.88,10.05,9.83,9.91,9.88,0.03,0.3036,17346.54,17236.218,2023-08-01
601177.SH,2020-09-29,8.15,8.19,8.07,8.07,8.15,-0.08,-0.9816,14242.1,11566.77,2023-08-01
601377.SH,2020-09-29,8.52,8.63,8.44,8.44,8.45,-0.01,-0.1183,747775.59,637483.699,2023-08-01
603003.SH,2020-09-29,7.97,8.13,7.89,8.06,7.93,0.13,1.6393,30778.64,24774.471,2023-08-01
300106.SZ,2020-09-29,12.95,13.38,12.63,12.65,13.05,-0.4,-3.0651,226070.85,292010.54,2023-08-01
300113.SZ,2020-09-29,17.9,18.18,17.8,17.87,17.76,0.11,0.6194,88562.13,159351.638,2023-08-01
300114.SZ,2020-09-29,15.75,16.69,15.56,16.55,15.57,0.98,6.2942,251979.05,410995.068,2023-08-01
300112.SZ,2020-09-29,8.95,9.1,8.67,9.0,8.76,0.24,2.7397,47101.0,42100.472,2023-08-01
300118.SZ,2020-09-29,15.9,16.04,15.33,15.81,15.9,-0.09,-0.566,199486.6,314148.327,2023-08-01
300129.SZ,2020-09-29,6.76,6.95,6.69,6.8,6.74,0.06,0.8902,416842.1,284919.83,2023-08-01
300133.SZ,2020-09-29,7.67,7.78,7.64,7.7,7.61,0.09,1.1827,143105.49,110260.862,2023-08-01
300117.SZ,2020-09-29,4.42,4.67,4.2,4.29,4.46,-0.17,-3.8117,503256.37,217771.14,2023-08-01
300111.SZ,2020-09-29,3.85,3.96,3.76,3.84,3.82,0.02,0.5236,297749.09,115395.71,2023-08-01
300109.SZ,2020-09-29,17.09,17.34,16.87,17.0,17.1,-0.1,-0.5848,40505.15,69353.103,2023-08-01
300116.SZ,2020-09-29,3.77,3.84,3.46,3.6,3.75,-0.15,-4.0,2263354.26,815562.585,2023-08-01
300108.SZ,2020-09-29,4.62,4.64,4.41,4.47,4.53,-0.06,-1.3245,294036.71,133037.286,2023-08-01
300115.SZ,2020-09-29,24.76,25.15,24.53,24.63,24.52,0.11,0.4486,178056.52,441753.411,2023-08-01
002478.SZ,2020-09-29,4.94,4.97,4.88,4.89,4.93,-0.04,-0.8114,39686.23,19547.157,2023-08-01
002471.SZ,2020-09-29,2.49,2.54,2.46,2.48,2.46,0.02,0.813,148439.62,36905.223,2023-08-01
002527.SZ,2020-09-29,5.45,5.51,5.38,5.47,5.42,0.05,0.9225,32573.67,17807.181,2023-08-01
002473.SZ,2020-09-29,5.61,5.63,5.48,5.53,5.63,-0.1,-1.7762,5517.0,3052.784,2023-08-01
002530.SZ,2020-09-29,9.3,9.51,9.27,9.47,9.31,0.16,1.7186,55393.25,52220.754,2023-08-01
002614.SZ,2020-09-29,15.27,15.4,14.8,15.08,15.09,-0.01,-0.0663,125853.8,189806.42,2023-08-01
002472.SZ,2020-09-29,6.6,6.65,6.4,6.47,6.58,-0.11,-1.6717,91467.02,59473.743,2023-08-01
002595.SZ,2020-09-29,26.86,27.39,26.75,27.2,26.87,0.33,1.2281,21275.44,57714.062,2023-08-01
002569.SZ,2020-09-29,16.2,16.49,16.18,16.18,17.03,-0.85,-4.9912,7766.0,12582.544,2023-08-01
601336.SH,2020-09-29,64.42,64.78,63.38,63.75,63.5,0.25,0.3937,115481.1,738338.575,2023-08-01
601789.SH,2020-09-29,4.35,4.38,4.31,4.34,4.32,0.02,0.463,54235.3,23569.115,2023-08-01
601216.SH,2020-09-29,7.52,7.56,7.25,7.27,7.34,-0.07,-0.9537,1548978.66,1139526.4,2023-08-01
300195.SZ,2020-09-29,7.8,7.87,7.72,7.86,7.77,0.09,1.1583,56697.79,44317.151,2023-08-01
300188.SZ,2020-09-29,18.9,18.94,18.63,18.68,18.93,-0.25,-1.3207,73879.59,138656.929,2023-08-01
002553.SZ,2020-09-29,7.26,7.3,7.05,7.05,7.26,-0.21,-2.8926,47908.93,34313.064,2023-08-01
300205.SZ,2020-09-29,13.11,13.32,12.72,12.77,13.15,-0.38,-2.8897,103486.94,134444.929,2023-08-01
300198.SZ,2020-09-29,5.1,5.23,5.01,5.2,5.07,0.13,2.5641,128939.21,66548.194,2023-08-01
300220.SZ,2020-09-29,27.51,28.35,26.85,26.92,26.92,0.0,0.0,20433.55,56323.505,2023-08-01
002556.SZ,2020-09-29,9.01,9.68,8.98,9.46,8.92,0.54,6.0538,231085.2,217458.363,2023-08-01
300185.SZ,2020-09-29,4.48,4.75,4.42,4.58,4.39,0.19,4.328,3118793.28,1436969.011,2023-08-01
300345.SZ,2020-09-29,8.2,8.46,8.2,8.33,8.26,0.07,0.8475,43272.42,35984.214,2023-08-01
300187.SZ,2020-09-29,7.38,7.62,7.14,7.32,7.35,-0.03,-0.4082,131916.26,97853.088,2023-08-01
300196.SZ,2020-09-29,14.35,14.89,14.22,14.6,14.2,0.4,2.8169,24640.4,35871.245,2023-08-01
300190.SZ,2020-09-29,8.62,8.79,8.6,8.74,8.62,0.12,1.3921,50270.01,43762.276,2023-08-01
601011.SH,2020-09-29,3.52,3.53,3.48,3.48,3.5,-0.02,-0.5714,79264.0,27796.478,2023-08-01
601258.SH,2020-09-29,1.08,1.13,1.08,1.12,1.08,0.04,3.7037,478514.84,52943.952,2023-08-01
002560.SZ,2020-09-29,9.42,10.25,9.37,10.13,9.38,0.75,7.9957,216544.5,216278.861,2023-08-01
002565.SZ,2020-09-29,4.8,4.84,4.76,4.76,4.78,-0.02,-0.4184,73901.58,35375.119,2023-08-01
002577.SZ,2020-09-29,13.1,13.84,13.0,13.52,13.07,0.45,3.443,41421.61,56073.172,2023-08-01
300189.SZ,2020-09-29,5.94,6.13,5.85,5.94,5.87,0.07,1.1925,671309.13,401543.34,2023-08-01
300192.SZ,2020-09-29,19.66,20.39,19.59,19.7,19.63,0.07,0.3566,51813.34,103035.35,2023-08-01
300211.SZ,2020-09-29,7.58,7.93,7.5,7.8,7.5,0.3,4.0,55624.7,43192.126,2023-08-01
300375.SZ,2020-09-29,4.8,4.93,4.75,4.88,4.78,0.1,2.0921,197916.94,96160.529,2023-08-01
601992.SH,2020-09-29,3.09,3.1,3.07,3.08,3.08,0.0,0.0,119678.22,36954.8,2023-08-01
002563.SZ,2020-09-29,7.7,7.85,7.59,7.79,7.62,0.17,2.231,102023.43,78869.311,2023-08-01
601199.SH,2020-09-29,3.95,3.98,3.93,3.96,3.93,0.03,0.7634,19412.0,7685.462,2023-08-01
300214.SZ,2020-09-29,9.0,9.33,8.95,9.16,8.93,0.23,2.5756,56783.0,51929.173,2023-08-01
300204.SZ,2020-09-29,10.5,10.77,10.35,10.54,10.53,0.01,0.095,14810.77,15650.415,2023-08-01
300200.SZ,2020-09-29,14.36,14.98,14.1,14.19,14.14,0.05,0.3536,366255.23,527866.766,2023-08-01
300199.SZ,2020-09-29,8.39,8.54,8.11,8.2,8.32,-0.12,-1.4423,145501.0,121424.297,2023-08-01
002562.SZ,2020-09-29,6.06,6.09,5.93,6.0,6.05,-0.05,-0.8264,124836.06,75027.637,2023-08-01
002564.SZ,2020-09-29,3.85,3.85,3.82,3.82,3.82,0.0,0.0,53401.44,20475.065,2023-08-01
002571.SZ,2020-09-29,6.79,7.14,6.75,7.04,6.78,0.26,3.8348,105668.1,73571.803,2023-08-01
002568.SZ,2020-09-29,63.95,64.84,62.37,62.92,63.95,-1.03,-1.6106,63883.64,404683.48,2023-08-01
300201.SZ,2020-09-29,4.16,4.24,4.1,4.16,4.13,0.03,0.7264,174244.35,72806.989,2023-08-01
300366.SZ,2020-09-29,13.05,13.33,12.89,13.0,13.06,-0.06,-0.4594,95294.05,124937.089,2023-08-01
603328.SH,2020-09-29,8.94,9.02,8.92,8.92,8.91,0.01,0.1122,28318.04,25386.174,2023-08-01
002579.SZ,2020-09-29,13.77,13.89,13.73,13.77,13.7,0.07,0.5109,14919.44,20629.583,2023-08-01
601218.SH,2020-09-29,3.42,3.72,3.39,3.72,3.38,0.34,10.0592,321883.17,115495.04,2023-08-01
002581.SZ,2020-09-29,17.71,19.49,16.94,19.49,17.72,1.77,9.9887,325114.02,607036.273,2023-08-01
002572.SZ,2020-09-29,26.88,27.03,26.39,26.59,26.77,-0.18,-0.6724,74501.63,198752.219,2023-08-01
002576.SZ,2020-09-29,12.01,13.09,11.86,13.09,11.9,1.19,10.0,87728.4,110057.693,2023-08-01
002574.SZ,2020-09-29,4.72,4.75,4.69,4.7,4.7,0.0,0.0,19749.8,9333.943,2023-08-01
002573.SZ,2020-09-29,5.59,5.69,5.58,5.62,5.56,0.06,1.0791,30547.42,17216.228,2023-08-01
300202.SZ,2020-09-29,12.01,12.49,12.01,12.23,12.13,0.1,0.8244,111277.47,136951.601,2023-08-01
002953.SZ,2020-09-29,22.64,22.84,22.3,22.3,22.5,-0.2,-0.8889,8704.56,19604.503,2023-08-01
603032.SH,2020-09-29,15.52,16.17,15.5,15.79,16.17,-0.38,-2.35,50046.71,78957.844,2023-08-01
300597.SZ,2020-09-29,11.58,11.72,11.46,11.63,11.46,0.17,1.4834,32164.34,37401.453,2023-08-01
603908.SH,2020-09-29,23.98,24.66,23.96,24.3,24.08,0.22,0.9136,4950.0,12062.865,2023-08-01
300576.SZ,2020-09-29,60.8,62.5,60.02,60.17,60.0,0.17,0.2833,73960.02,453596.189,2023-08-01
603208.SH,2020-09-29,110.0,114.6,106.61,107.05,110.08,-3.03,-2.7525,17537.0,190834.287,2023-08-01
300581.SZ,2020-09-29,19.33,23.4,19.32,23.4,19.5,3.9,20.0,186226.87,411422.663,2023-08-01
002855.SZ,2020-09-29,10.61,10.76,10.54,10.64,10.57,0.07,0.6623,11036.0,11768.804,2023-08-01
603665.SH,2020-09-29,23.8,25.15,23.22,24.99,25.8,-0.81,-3.1395,49315.38,116538.406,2023-08-01
300684.SZ,2020-09-29,28.66,29.33,28.43,29.25,28.49,0.76,2.6676,14789.29,42834.192,2023-08-01
603089.SH,2020-09-29,10.8,10.9,10.22,10.23,11.35,-1.12,-9.8678,59964.94,61870.541,2023-08-01
688393.SH,2020-09-29,43.24,43.9,42.93,43.18,43.3,-0.12,-0.2771,4396.05,19069.626,2023-08-01
002846.SZ,2020-09-29,14.85,15.05,14.78,14.92,14.8,0.12,0.8108,8826.71,13191.175,2023-08-01
300592.SZ,2020-09-29,20.55,20.92,20.1,20.2,20.6,-0.4,-1.9417,11129.0,22603.626,2023-08-01
300575.SZ,2020-09-29,40.47,41.38,39.18,40.74,40.06,0.68,1.6975,13527.23,55226.259,2023-08-01
002847.SZ,2020-09-29,140.0,150.34,140.0,148.28,139.17,9.11,6.546,18697.35,274246.709,2023-08-01
603217.SH,2020-09-29,28.85,29.16,28.7,28.98,28.8,0.18,0.625,3231.96,9382.412,2023-08-01
603238.SH,2020-09-29,35.67,36.47,34.7,34.94,35.58,-0.64,-1.7988,12004.0,42364.117,2023-08-01
603817.SH,2020-09-29,6.27,6.34,6.21,6.26,6.23,0.03,0.4815,10180.89,6395.268,2023-08-01
603337.SH,2020-09-29,24.47,25.59,24.47,24.96,24.4,0.56,2.2951,16254.64,40694.769,2023-08-01
300678.SZ,2020-09-29,26.76,27.12,26.48,26.58,26.6,-0.02,-0.0752,44700.69,119743.744,2023-08-01
300568.SZ,2020-09-29,17.72,18.12,17.65,17.72,17.63,0.09,0.5105,37873.47,67649.018,2023-08-01
603330.SH,2020-09-29,26.45,26.45,25.55,25.75,26.13,-0.38,-1.4543,12668.8,32596.719,2023-08-01
002853.SZ,2020-09-29,21.09,21.55,20.84,20.96,21.0,-0.04,-0.1905,9624.15,20338.201,2023-08-01
603615.SH,2020-09-29,9.61,9.74,9.48,9.51,9.65,-0.14,-1.4508,28373.99,27248.208,2023-08-01
603378.SH,2020-09-29,65.89,70.25,65.21,69.5,64.21,5.29,8.2386,33856.15,231852.441,2023-08-01
603656.SH,2020-09-29,14.45,14.45,14.1,14.18,14.13,0.05,0.3539,6404.72,9086.104,2023-08-01
603580.SH,2020-09-29,13.26,13.33,12.92,13.25,12.95,0.3,2.3166,5527.92,7297.778,2023-08-01
002849.SZ,2020-09-29,14.36,14.66,14.31,14.51,14.34,0.17,1.1855,7487.5,10868.729,2023-08-01
300617.SZ,2020-09-29,41.61,42.11,39.79,40.61,41.7,-1.09,-2.6139,26608.05,108358.145,2023-08-01
603955.SH,2020-09-29,16.15,16.6,16.06,16.48,16.03,0.45,2.8072,8343.6,13703.904,2023-08-01
603578.SH,2020-09-29,21.5,21.78,21.4,21.54,21.48,0.06,0.2793,5384.95,11633.495,2023-08-01
603630.SH,2020-09-29,16.2,16.48,15.88,16.08,16.1,-0.02,-0.1242,14162.5,22871.684,2023-08-01
603393.SH,2020-09-29,25.63,27.75,25.37,27.11,25.63,1.48,5.7745,107256.95,289078.962,2023-08-01
600996.SH,2020-09-29,7.06,7.14,7.03,7.11,7.05,0.06,0.8511,30254.24,21486.068,2023-08-01
300865.SZ,2020-09-29,57.91,58.88,50.94,52.27,57.43,-5.16,-8.9849,87659.21,473708.233,2023-08-01
300659.SZ,2020-09-29,46.17,46.44,45.06,45.4,46.17,-0.77,-1.6677,25125.51,114248.412,2023-08-01
002852.SZ,2020-09-29,17.49,17.94,17.35,17.8,17.39,0.41,2.3577,31916.13,56566.93,2023-08-01
603960.SH,2020-09-29,40.5,41.15,39.52,40.14,40.11,0.03,0.0748,14491.94,58467.338,2023-08-01
603896.SH,2020-09-29,41.5,42.09,41.26,41.69,41.36,0.33,0.7979,18903.0,78679.895,2023-08-01
603138.SH,2020-09-29,17.86,18.6,17.75,18.1,17.68,0.42,2.3756,41508.58,75816.064,2023-08-01
603903.SH,2020-09-29,11.35,11.63,11.31,11.56,11.34,0.22,1.94,11852.73,13629.566,2023-08-01
603768.SH,2020-09-29,16.91,17.1,16.48,16.51,16.91,-0.4,-2.3655,7170.0,12054.732,2023-08-01
603991.SH,2020-09-29,36.89,37.48,36.5,36.68,36.81,-0.13,-0.3532,3928.0,14499.213,2023-08-01
300647.SZ,2020-09-29,11.36,11.58,11.17,11.23,11.28,-0.05,-0.4433,110693.5,126103.298,2023-08-01
