security_code,trade_date,open,high,low,close,pre_close,change,pct_chg,vol,amount,data_date
300113.SZ,2013-01-25,25.83,26.18,25.5,25.89,25.8,0.09,0.35,4492.16,11598.1638,2023-08-01
000525.SZ,2013-01-25,12.76,12.93,12.41,12.87,12.74,0.13,1.02,48186.24,60901.0839,2023-08-01
600707.SH,2013-01-25,6.25,6.48,6.22,6.37,6.24,0.13,2.08,111775.25,71334.455,2023-08-01
600552.SH,2013-01-25,25.64,26.33,25.64,25.97,25.7,0.27,1.05,7984.38,20787.35,2023-08-01
601288.SH,2013-01-25,2.85,2.86,2.8,2.82,2.86,-0.04,-1.4,1816205.25,514305.868,2023-08-01
000548.SZ,2013-01-25,4.18,4.21,4.14,4.19,4.2,-0.01,-0.24,18502.61,7732.2398,2023-08-01
002430.SZ,2013-01-25,10.55,10.76,10.45,10.5,10.54,-0.04,-0.38,47245.57,49990.8356,2023-08-01
300317.SZ,2013-01-25,7.34,7.43,7.27,7.32,7.31,0.01,0.14,3189.71,2344.8784,2023-08-01
000697.SZ,2013-01-25,13.59,14.25,13.46,13.77,13.55,0.22,1.62,51656.21,71789.4293,2023-08-01
000731.SZ,2013-01-25,8.48,8.82,8.4,8.69,8.4,0.29,3.45,284441.33,245947.2942,2023-08-01
002108.SZ,2013-01-25,7.64,7.8,7.6,7.73,7.71,0.02,0.26,16236.93,12515.9104,2023-08-01
300186.SZ,2013-01-25,14.52,14.69,14.46,14.6,14.6,0.0,0.0,3512.31,5120.632,2023-08-01
000400.SZ,2013-01-25,27.88,29.67,27.31,29.42,27.75,1.67,6.02,104171.61,299737.8561,2023-08-01
600367.SH,2013-01-25,11.22,11.45,11.13,11.19,11.22,-0.03,-0.27,33705.32,38040.481,2023-08-01
600409.SH,2013-01-25,3.97,3.97,3.88,3.9,3.95,-0.05,-1.27,56150.79,21919.929,2023-08-01
002423.SZ,2013-01-25,13.1,13.1,12.07,12.21,13.37,-1.16,-8.68,264193.27,331464.3866,2023-08-01
002634.SZ,2013-01-25,11.35,11.61,11.06,11.21,11.3,-0.09,-0.8,32263.05,36501.8407,2023-08-01
002508.SZ,2013-01-25,22.1,23.1,21.91,22.82,22.15,0.67,3.02,28050.77,63779.9712,2023-08-01
002003.SZ,2013-01-25,9.54,9.55,9.2,9.2,9.56,-0.36,-3.77,45816.76,42603.6501,2023-08-01
002554.SZ,2013-01-25,10.3,10.54,10.23,10.38,10.33,0.05,0.48,36046.71,37368.5123,2023-08-01
600617.SH,2013-01-25,8.81,9.13,8.76,9.1,8.82,0.28,3.17,4896.12,4383.334,2023-08-01
000011.SZ,2013-01-25,7.42,7.53,7.22,7.33,7.56,-0.23,-3.04,74341.43,54709.9442,2023-08-01
600387.SH,2013-01-25,10.54,11.06,10.48,10.83,10.59,0.24,2.27,68788.94,74630.607,2023-08-01
600510.SH,2013-01-25,7.1,7.14,7.05,7.1,7.08,0.02,0.28,26754.54,18976.819,2023-08-01
603077.SH,2013-01-25,15.32,15.58,15.32,15.41,15.52,-0.11,-0.71,30429.08,47023.139,2023-08-01
002625.SZ,2013-01-25,8.23,8.3,8.15,8.18,8.17,0.01,0.12,11395.2,9377.8562,2023-08-01
600255.SH,2013-01-25,6.62,6.87,6.51,6.82,6.59,0.23,3.49,264241.81,177025.789,2023-08-01
300350.SZ,2013-01-25,15.1,15.35,15.01,15.15,15.07,0.08,0.53,13778.21,20915.3553,2023-08-01
002402.SZ,2013-01-25,11.35,11.52,11.29,11.35,11.3,0.05,0.44,9709.49,11076.6786,2023-08-01
002663.SZ,2013-01-25,28.15,28.85,28.11,28.83,28.36,0.47,1.66,17465.25,49943.6339,2023-08-01
002422.SZ,2013-01-25,62.5,65.25,62.21,64.85,62.0,2.85,4.6,15158.83,96422.782,2023-08-01
000923.SZ,2013-01-25,5.28,5.33,5.25,5.3,5.31,-0.01,-0.19,11727.8,6203.3492,2023-08-01
002210.SZ,2013-01-25,5.02,5.03,4.91,4.92,5.02,-0.1,-1.99,22044.84,10921.7836,2023-08-01
002182.SZ,2013-01-25,8.41,8.58,8.34,8.41,8.39,0.02,0.24,42027.53,35591.2642,2023-08-01
300238.SZ,2013-01-25,17.28,17.92,17.28,17.7,17.6,0.1,0.57,26593.34,47054.8031,2023-08-01
002493.SZ,2013-01-25,11.4,11.4,10.86,10.97,11.36,-0.39,-3.43,42213.5,46646.02,2023-08-01
600439.SH,2013-01-25,4.3,4.32,4.26,4.3,4.3,0.0,0.0,53865.03,23107.875,2023-08-01
000635.SZ,2013-01-25,8.41,8.58,8.41,8.46,8.47,-0.01,-0.12,8146.76,6918.5814,2023-08-01
600508.SH,2013-01-25,15.64,15.8,15.6,15.61,15.65,-0.04,-0.26,17951.4,28154.891,2023-08-01
300329.SZ,2013-01-25,18.0,18.49,17.7,18.19,18.0,0.19,1.06,13384.62,24224.6772,2023-08-01
000821.SZ,2013-01-25,3.79,3.87,3.74,3.74,3.8,-0.06,-1.58,38986.67,14815.7291,2023-08-01
600077.SH,2013-01-25,5.94,5.99,5.73,5.81,5.93,-0.12,-2.02,89676.63,52256.925,2023-08-01
600076.SH,2013-01-25,3.95,4.18,3.92,4.1,3.98,0.12,3.02,84742.12,34563.791,2023-08-01
601901.SH,2013-01-25,5.11,5.27,5.07,5.16,5.16,0.0,0.0,846144.58,438280.617,2023-08-01
601099.SH,2013-01-25,5.57,5.64,5.42,5.48,5.61,-0.13,-2.32,283673.03,156098.273,2023-08-01
600162.SH,2013-01-25,5.9,6.35,5.9,6.19,5.9,0.29,4.92,161007.37,99354.006,2023-08-01
002010.SZ,2013-01-25,8.03,8.15,8.02,8.03,8.07,-0.04,-0.5,11272.02,9096.3419,2023-08-01
002136.SZ,2013-01-25,9.12,9.12,8.78,8.78,9.14,-0.36,-3.94,55043.82,49079.9122,2023-08-01
002211.SZ,2013-01-25,5.1,5.18,5.09,5.13,5.12,0.01,0.2,30505.79,15684.1316,2023-08-01
000631.SZ,2013-01-25,6.75,6.81,6.51,6.58,6.76,-0.18,-2.66,68247.22,45456.3236,2023-08-01
000811.SZ,2013-01-25,7.2,7.33,7.13,7.28,7.25,0.03,0.41,46733.85,33907.9543,2023-08-01
600557.SH,2013-01-25,24.35,26.2,24.35,25.54,24.35,1.19,4.89,76150.31,194206.445,2023-08-01
600797.SH,2013-01-25,4.28,4.29,4.2,4.21,4.27,-0.06,-1.41,54264.82,22964.893,2023-08-01
002646.SZ,2013-01-25,21.4,21.48,20.79,21.3,21.58,-0.28,-1.3,52494.65,111121.3077,2023-08-01
600143.SH,2013-01-25,5.98,6.08,5.94,6.02,6.0,0.02,0.33,133787.87,80429.861,2023-08-01
000717.SZ,2013-01-25,2.28,2.29,2.25,2.26,2.3,-0.04,-1.74,76863.64,17441.154,2023-08-01
002085.SZ,2013-01-25,8.1,8.21,8.05,8.08,8.17,-0.09,-1.1,13893.47,11303.9688,2023-08-01
600178.SH,2013-01-25,5.65,5.69,5.51,5.56,5.65,-0.09,-1.59,29216.78,16363.484,2023-08-01
600566.SH,2013-01-25,6.88,6.97,6.8,6.81,6.89,-0.08,-1.16,8198.73,5640.636,2023-08-01
600225.SH,2013-01-25,4.45,4.51,4.35,4.36,4.45,-0.09,-2.02,37295.42,16486.444,2023-08-01
000627.SZ,2013-01-25,2.91,2.93,2.87,2.9,2.92,-0.02,-0.68,52333.27,15143.6513,2023-08-01
002472.SZ,2013-01-25,8.14,8.18,7.71,7.83,8.15,-0.32,-3.93,35669.4,28129.6248,2023-08-01
300223.SZ,2013-01-25,13.2,13.72,13.2,13.64,13.3,0.34,2.56,10285.74,13886.3126,2023-08-01
601890.SH,2013-01-25,8.41,8.48,8.06,8.07,8.57,-0.5,-5.83,115031.02,94560.976,2023-08-01
000626.SZ,2013-01-25,6.82,7.05,6.82,6.94,6.88,0.06,0.87,6709.16,4645.3604,2023-08-01
000799.SZ,2013-01-25,30.59,30.6,29.2,29.21,30.8,-1.59,-5.16,218960.8,647771.851,2023-08-01
000090.SZ,2013-01-25,7.71,7.83,7.59,7.78,7.72,0.06,0.78,82179.42,63370.5015,2023-08-01
600570.SH,2013-01-25,12.5,12.54,12.17,12.2,12.54,-0.34,-2.71,35470.04,43732.557,2023-08-01
600825.SH,2013-01-25,5.23,5.34,5.15,5.24,5.29,-0.05,-0.95,67313.94,35266.418,2023-08-01
002175.SZ,2013-01-25,8.75,8.81,8.69,8.71,8.75,-0.04,-0.46,3689.0,3223.8501,2023-08-01
000623.SZ,2013-01-25,17.63,17.73,17.42,17.43,17.51,-0.08,-0.46,72140.89,126464.5247,2023-08-01
000739.SZ,2013-01-25,9.26,9.43,9.2,9.33,9.25,0.08,0.86,37400.93,34934.6954,2023-08-01
600185.SH,2013-01-25,6.75,6.84,6.69,6.73,6.64,0.09,1.36,66569.74,45018.716,2023-08-01
002619.SZ,2013-01-25,10.8,11.04,10.63,10.7,10.88,-0.18,-1.65,17192.53,18645.2833,2023-08-01
002632.SZ,2013-01-25,14.3,14.45,14.18,14.36,14.3,0.06,0.42,5205.61,7464.4272,2023-08-01
300169.SZ,2013-01-25,6.79,6.95,6.76,6.85,6.76,0.09,1.33,29122.07,19966.2009,2023-08-01
002016.SZ,2013-01-25,9.1,9.15,8.64,8.99,9.1,-0.11,-1.21,80419.86,71080.1369,2023-08-01
300333.SZ,2013-01-25,17.83,18.09,17.61,17.87,17.94,-0.07,-0.39,16516.37,29463.2161,2023-08-01
002099.SZ,2013-01-25,6.43,6.52,6.38,6.47,6.43,0.04,0.62,29868.65,19290.8041,2023-08-01
600588.SH,2013-01-25,9.7,9.81,9.55,9.57,9.71,-0.14,-1.44,85394.37,82796.273,2023-08-01
600353.SH,2013-01-25,7.51,7.51,7.12,7.15,6.83,0.32,4.69,203157.68,149210.886,2023-08-01
000692.SZ,2013-01-25,5.4,5.58,5.4,5.57,5.45,0.12,2.2,16885.82,9246.746,2023-08-01
600657.SH,2013-01-25,4.18,4.22,4.09,4.11,4.2,-0.09,-2.14,46614.08,19302.717,2023-08-01
002601.SZ,2013-01-25,23.36,23.36,22.56,22.58,23.36,-0.78,-3.34,44172.05,100550.024,2023-08-01
000507.SZ,2013-01-25,5.12,5.12,5.01,5.03,5.12,-0.09,-1.76,50699.01,25595.2207,2023-08-01
002586.SZ,2013-01-25,16.31,16.65,16.31,16.35,16.38,-0.03,-0.18,13611.0,22414.3737,2023-08-01
601888.SH,2013-01-25,27.75,27.95,26.85,27.19,27.65,-0.46,-1.66,35449.61,96716.9,2023-08-01
600841.SH,2013-01-25,13.3,13.5,12.63,12.84,13.28,-0.44,-3.31,41376.81,53226.092,2023-08-01
002668.SZ,2013-01-25,16.66,16.66,15.7,16.03,16.67,-0.64,-3.84,40072.59,64527.484,2023-08-01
600511.SH,2013-01-25,16.8,17.3,16.68,17.2,16.8,0.4,2.38,32019.22,54813.283,2023-08-01
000953.SZ,2013-01-25,5.03,5.24,5.03,5.24,4.99,0.25,5.01,79026.41,41204.1103,2023-08-01
002160.SZ,2013-01-25,6.5,6.63,6.38,6.41,6.69,-0.28,-4.19,75623.38,49263.332,2023-08-01
600875.SH,2013-01-25,14.0,14.15,13.71,13.75,13.98,-0.23,-1.65,85849.84,118840.839,2023-08-01
600282.SH,2013-01-25,2.32,2.34,2.29,2.3,2.33,-0.03,-1.29,37378.81,8634.043,2023-08-01
600064.SH,2013-01-25,11.41,11.48,11.31,11.37,11.43,-0.06,-0.52,52802.09,60188.598,2023-08-01
600075.SH,2013-01-25,6.91,7.02,6.78,6.81,6.98,-0.17,-2.44,46787.56,32099.851,2023-08-01
002089.SZ,2013-01-25,6.86,6.88,6.7,6.74,6.86,-0.12,-1.75,39339.53,26595.8582,2023-08-01
002284.SZ,2013-01-25,5.75,5.81,5.71,5.74,5.72,0.02,0.35,8301.57,4777.0691,2023-08-01
600519.SH,2013-01-25,189.0,191.8,186.1,189.05,195.96,-6.91,-3.53,80007.86,1508197.81,2023-08-01
002679.SZ,2013-01-25,17.02,17.24,16.6,16.64,17.25,-0.61,-3.54,36837.17,62055.5312,2023-08-01
002144.SZ,2013-01-25,12.94,13.11,12.88,13.0,13.0,0.0,0.0,12099.77,15683.8987,2023-08-01
600618.SH,2013-01-25,8.15,8.2,8.05,8.11,8.17,-0.06,-0.73,22685.12,18439.441,2023-08-01
300230.SZ,2013-01-25,6.37,6.6,6.37,6.37,6.37,0.0,0.0,6049.17,3904.7729,2023-08-01
600482.SH,2013-01-25,7.52,7.67,7.52,7.64,7.58,0.06,0.79,26038.71,19825.627,2023-08-01
300213.SZ,2013-01-25,8.72,9.15,8.69,9.15,8.72,0.43,4.93,6133.32,5453.9537,2023-08-01
000922.SZ,2013-01-25,10.2,10.76,9.2,9.25,9.93,-0.68,-6.85,174420.68,173143.4352,2023-08-01
300141.SZ,2013-01-25,9.93,10.05,9.86,9.92,9.93,-0.01,-0.1,7457.51,7402.4743,2023-08-01
002372.SZ,2013-01-25,15.66,15.97,15.58,15.83,15.75,0.08,0.51,12151.15,19157.6213,2023-08-01
300046.SZ,2013-01-25,9.16,9.28,8.91,9.17,9.23,-0.06,-0.65,11136.93,10171.6643,2023-08-01
002587.SZ,2013-01-25,13.4,13.61,13.21,13.44,13.42,0.02,0.15,14811.45,19840.446,2023-08-01
600853.SH,2013-01-25,3.1,3.12,3.07,3.1,3.1,0.0,0.0,15087.42,4665.619,2023-08-01
002086.SZ,2013-01-25,10.76,10.85,10.62,10.68,10.78,-0.1,-0.93,45683.58,48957.2315,2023-08-01
002604.SZ,2013-01-25,15.3,15.62,15.12,15.3,15.25,0.05,0.33,17161.9,26318.6214,2023-08-01
002052.SZ,2013-01-25,10.81,10.99,10.66,10.87,10.82,0.05,0.46,73924.57,79967.9021,2023-08-01
600713.SH,2013-01-25,4.63,4.65,4.51,4.55,4.63,-0.08,-1.73,85958.75,39329.462,2023-08-01
300195.SZ,2013-01-25,28.71,29.1,27.01,28.17,27.21,0.96,3.53,33506.2,94181.4036,2023-08-01
000777.SZ,2013-01-25,19.02,19.2,18.66,18.69,19.16,-0.47,-2.45,18079.19,34042.6792,2023-08-01
600090.SH,2013-01-25,6.82,6.93,6.81,6.85,6.83,0.02,0.29,20100.37,13777.335,2023-08-01
002699.SZ,2013-01-25,18.11,18.47,18.05,18.29,18.23,0.06,0.33,12548.5,22964.8416,2023-08-01
600798.SH,2013-01-25,3.66,3.66,3.54,3.6,3.67,-0.07,-1.91,56760.67,20423.431,2023-08-01
300252.SZ,2013-01-25,12.88,13.02,12.43,12.48,12.88,-0.4,-3.11,12278.65,15476.264,2023-08-01
600815.SH,2013-01-25,6.67,6.72,6.57,6.61,6.7,-0.09,-1.34,139860.26,92680.123,2023-08-01
601098.SH,2013-01-25,8.9,8.94,8.7,8.83,8.9,-0.07,-0.79,67597.39,59438.91,2023-08-01
000737.SZ,2013-01-25,6.72,6.81,6.68,6.76,6.81,-0.05,-0.73,71520.2,48264.3227,2023-08-01
600612.SH,2013-01-25,22.82,23.17,22.6,22.8,22.79,0.01,0.04,17221.82,39439.16,2023-08-01
600642.SH,2013-01-25,4.38,4.4,4.37,4.37,4.37,0.0,0.0,70417.6,30864.684,2023-08-01
600889.SH,2013-01-25,5.27,5.48,5.05,5.15,5.27,-0.12,-2.28,123598.74,64311.084,2023-08-01
600375.SH,2013-01-25,8.69,8.78,8.55,8.6,8.71,-0.11,-1.26,12708.05,11013.977,2023-08-01
002060.SZ,2013-01-25,5.18,5.24,5.11,5.19,5.18,0.01,0.19,48922.22,25307.4011,2023-08-01
002279.SZ,2013-01-25,8.09,8.12,7.92,8.01,7.97,0.04,0.5,13751.15,11013.7718,2023-08-01
000921.SZ,2013-01-25,8.25,8.32,7.83,7.98,8.24,-0.26,-3.16,99268.75,79909.8313,2023-08-01
300258.SZ,2013-01-25,15.91,16.05,15.68,16.02,15.94,0.08,0.5,12745.44,20190.7713,2023-08-01
603399.SH,2013-01-25,13.1,14.15,13.02,13.76,12.97,0.79,6.09,138456.01,189415.009,2023-08-01
000018.SZ,2013-01-25,7.15,7.33,7.07,7.24,7.24,0.0,0.0,3607.05,2601.8978,2023-08-01
601336.SH,2013-01-25,27.29,27.29,25.77,25.99,27.18,-1.19,-4.38,81838.79,214847.225,2023-08-01
000661.SZ,2013-01-25,68.01,70.9,67.1,70.4,67.8,2.6,3.83,27027.57,188656.9577,2023-08-01
002124.SZ,2013-01-25,7.69,7.83,7.69,7.76,7.69,0.07,0.91,25045.02,19504.2005,2023-08-01
000933.SZ,2013-01-25,7.24,7.29,7.02,7.1,7.3,-0.2,-2.74,208062.23,148015.5196,2023-08-01
600209.SH,2013-01-25,9.4,9.49,9.08,9.13,9.52,-0.39,-4.1,224384.98,207690.192,2023-08-01
000667.SZ,2013-01-25,2.17,2.17,2.14,2.15,2.17,-0.02,-0.92,153170.81,32980.279,2023-08-01
000413.SZ,2013-01-25,11.96,12.08,11.76,11.97,12.03,-0.06,-0.5,13060.56,15536.162,2023-08-01
300017.SZ,2013-01-25,20.4,20.88,20.1,20.8,20.33,0.47,2.31,28735.93,58962.8787,2023-08-01
600469.SH,2013-01-25,8.61,8.86,8.61,8.71,8.65,0.06,0.69,28693.27,25056.564,2023-08-01
002532.SZ,2013-01-25,17.56,17.75,17.3,17.36,17.7,-0.34,-1.92,19654.72,34347.0872,2023-08-01
002159.SZ,2013-01-25,14.73,15.4,14.63,14.7,14.73,-0.03,-0.2,22694.57,34181.4958,2023-08-01
000620.SZ,2013-01-25,5.12,5.15,5.08,5.14,5.12,0.02,0.39,19488.8,9970.9174,2023-08-01
000852.SZ,2013-01-25,14.63,14.87,14.51,14.56,14.64,-0.08,-0.55,34788.13,51068.5505,2023-08-01
600266.SH,2013-01-25,13.32,13.45,13.22,13.31,13.39,-0.08,-0.6,57955.92,77291.665,2023-08-01
002111.SZ,2013-01-25,8.23,8.27,8.0,8.0,8.27,-0.27,-3.26,39044.36,31566.9629,2023-08-01
300071.SZ,2013-01-25,8.26,8.8,8.1,8.62,8.03,0.59,7.35,145555.91,123666.0724,2023-08-01
300273.SZ,2013-01-25,24.89,26.84,24.89,26.73,25.1,1.63,6.49,32513.78,85066.0006,2023-08-01
600995.SH,2013-01-25,5.69,5.74,5.66,5.7,5.7,0.0,0.0,34052.22,19431.418,2023-08-01
000718.SZ,2013-01-25,7.0,7.06,6.81,6.82,7.0,-0.18,-2.57,97833.99,67395.2681,2023-08-01
002439.SZ,2013-01-25,15.32,15.72,15.31,15.65,15.47,0.18,1.16,20705.85,32312.923,2023-08-01
600146.SH,2013-01-25,12.42,12.68,12.26,12.41,12.14,0.27,2.22,51827.72,64530.661,2023-08-01
300067.SZ,2013-01-25,6.81,6.89,6.7,6.89,6.81,0.08,1.17,12696.21,8660.7847,2023-08-01
000504.SZ,2013-01-25,7.04,7.33,6.69,7.18,7.04,0.14,1.99,146301.2,102244.9136,2023-08-01
600017.SH,2013-01-25,2.87,2.89,2.85,2.87,2.88,-0.01,-0.35,66307.0,19023.638,2023-08-01
600292.SH,2013-01-25,13.83,14.18,13.68,13.71,13.71,0.0,0.0,45133.64,62832.612,2023-08-01
300242.SZ,2013-01-25,8.95,9.0,8.86,8.87,8.94,-0.07,-0.78,3590.4,3198.6728,2023-08-01
002483.SZ,2013-01-25,7.7,7.75,7.61,7.63,7.72,-0.09,-1.17,14272.5,10973.1097,2023-08-01
000582.SZ,2013-01-25,9.18,9.24,9.12,9.22,9.29,-0.07,-0.75,6960.62,6387.4771,2023-08-01
600740.SH,2013-01-25,8.84,9.13,8.84,8.93,8.83,0.1,1.13,130055.53,116968.027,2023-08-01
002303.SZ,2013-01-25,21.54,22.2,21.48,21.85,21.85,0.0,0.0,10623.29,23165.0359,2023-08-01
002272.SZ,2013-01-25,5.99,6.08,5.86,5.89,6.01,-0.12,-2.0,58855.12,34969.494,2023-08-01
002398.SZ,2013-01-25,19.18,19.51,19.06,19.3,19.18,0.12,0.63,7452.67,14399.2873,2023-08-01
000008.SZ,2013-01-25,11.5,11.99,11.43,11.81,11.6,0.21,1.81,4521.07,5327.5571,2023-08-01
600120.SH,2013-01-25,9.28,9.3,9.04,9.14,9.38,-0.24,-2.56,108326.2,98940.096,2023-08-01
002167.SZ,2013-01-25,14.13,14.86,14.12,14.5,14.26,0.24,1.68,72011.4,105155.4753,2023-08-01
002354.SZ,2013-01-25,10.29,10.4,10.24,10.29,10.27,0.02,0.19,3648.65,3755.7683,2023-08-01
300094.SZ,2013-01-25,5.3,5.35,5.25,5.29,5.3,-0.01,-0.19,19054.33,10079.1779,2023-08-01
000882.SZ,2013-01-25,2.89,2.9,2.87,2.9,2.89,0.01,0.35,46941.52,13564.2882,2023-08-01
002138.SZ,2013-01-25,12.5,12.59,12.01,12.12,12.5,-0.38,-3.04,31698.1,38584.5056,2023-08-01
600651.SH,2013-01-25,4.67,4.7,4.62,4.65,4.66,-0.01,-0.21,44093.94,20503.534,2023-08-01
601166.SH,2013-01-25,18.41,18.64,18.04,18.33,18.39,-0.06,-0.33,684331.4,1252506.75,2023-08-01
600507.SH,2013-01-25,4.24,4.32,4.18,4.19,4.26,-0.07,-1.64,65311.98,27716.262,2023-08-01
002155.SZ,2013-01-25,18.6,18.96,18.52,18.64,18.69,-0.05,-0.27,84230.25,157514.3459,2023-08-01
600614.SH,2013-01-25,11.54,11.57,11.28,11.38,11.54,-0.16,-1.39,64989.3,74121.068,2023-08-01
600560.SH,2013-01-25,7.29,7.33,7.22,7.23,7.32,-0.09,-1.23,8444.66,6139.111,2023-08-01
600761.SH,2013-01-25,8.87,8.95,8.56,8.7,8.89,-0.19,-2.14,65442.51,56612.314,2023-08-01
000995.SZ,2013-01-25,10.6,10.87,10.33,10.68,10.6,0.08,0.75,22084.2,23413.6575,2023-08-01
300106.SZ,2013-01-25,12.98,13.02,12.72,12.93,12.71,0.22,1.73,13274.75,17092.0063,2023-08-01
600486.SH,2013-01-25,22.17,22.5,21.82,22.27,22.22,0.05,0.23,13078.73,29052.185,2023-08-01
002171.SZ,2013-01-25,8.6,8.86,8.57,8.7,8.65,0.05,0.58,22986.65,20048.7356,2023-08-01
600028.SH,2013-01-25,6.91,6.97,6.82,6.85,6.92,-0.07,-1.01,442018.08,304709.277,2023-08-01
300348.SZ,2013-01-25,26.52,26.97,26.35,26.65,26.7,-0.05,-0.19,12047.01,32162.8506,2023-08-01
300209.SZ,2013-01-25,9.84,10.0,9.8,9.89,9.78,0.11,1.12,7959.86,7870.9167,2023-08-01
002329.SZ,2013-01-25,10.08,10.28,9.85,10.08,10.15,-0.07,-0.69,30069.2,30292.9553,2023-08-01
600671.SH,2013-01-25,8.69,8.87,8.65,8.75,8.64,0.11,1.27,7459.46,6535.791,2023-08-01
300290.SZ,2013-01-25,16.16,16.28,15.88,16.0,16.08,-0.08,-0.5,6501.28,10433.2233,2023-08-01
603001.SH,2013-01-25,19.36,19.43,19.13,19.18,19.28,-0.1,-0.52,15389.49,29602.393,2023-08-01
300289.SZ,2013-01-25,23.23,24.19,23.23,23.98,23.4,0.58,2.48,9560.17,22800.9775,2023-08-01
300279.SZ,2013-01-25,7.98,7.98,7.65,7.66,7.92,-0.26,-3.28,17671.31,13723.6599,2023-08-01
601111.SH,2013-01-25,5.93,6.03,5.86,5.93,5.96,-0.03,-0.5,189906.91,112548.155,2023-08-01
600495.SH,2013-01-25,14.4,14.66,14.33,14.43,14.5,-0.07,-0.48,54723.64,79131.533,2023-08-01
002362.SZ,2013-01-25,10.35,10.87,10.22,10.61,10.34,0.27,2.61,41474.59,44005.0081,2023-08-01
601360.SH,2013-01-25,11.31,11.35,11.0,11.24,11.44,-0.2,-1.75,44015.94,49245.591,2023-08-01
600170.SH,2013-01-25,7.78,7.83,7.64,7.68,7.78,-0.1,-1.29,133024.97,102404.223,2023-08-01
002409.SZ,2013-01-25,14.9,15.38,14.72,15.34,14.81,0.53,3.58,3526.25,5294.7227,2023-08-01
000554.SZ,2013-01-25,5.0,5.04,4.92,4.94,5.02,-0.08,-1.59,55157.2,27343.9541,2023-08-01
000725.SZ,2013-01-25,2.35,2.38,2.34,2.37,2.34,0.03,1.28,536248.82,126823.9058,2023-08-01
002328.SZ,2013-01-25,6.49,6.49,6.3,6.46,6.56,-0.1,-1.52,9725.7,6210.964,2023-08-01
000546.SZ,2013-01-25,6.85,6.94,6.81,6.85,6.89,-0.04,-0.58,12328.39,8459.4149,2023-08-01
002118.SZ,2013-01-25,7.39,7.44,7.23,7.3,7.4,-0.1,-1.35,50580.14,36963.7741,2023-08-01
000040.SZ,2013-01-25,4.94,5.01,4.83,4.85,5.0,-0.15,-3.0,80132.85,39359.4181,2023-08-01
000709.SZ,2013-01-25,2.66,2.67,2.63,2.64,2.66,-0.02,-0.75,204895.51,54196.3181,2023-08-01
600892.SH,2013-01-25,12.81,13.07,12.81,13.02,12.99,0.03,0.23,836.28,1085.851,2023-08-01
600970.SH,2013-01-25,11.02,11.07,10.75,10.8,11.07,-0.27,-2.44,181757.76,197400.442,2023-08-01
600345.SH,2013-01-25,11.45,11.53,11.35,11.4,11.37,0.03,0.26,6082.95,6948.86,2023-08-01
600318.SH,2013-01-25,11.66,12.1,11.01,11.27,11.74,-0.47,-4.0,141519.07,165737.864,2023-08-01
000521.SZ,2013-01-25,4.06,4.11,4.04,4.08,4.06,0.02,0.49,63068.4,25686.2931,2023-08-01
601002.SH,2013-01-25,10.83,10.97,10.67,10.72,10.86,-0.14,-1.29,92020.36,99315.378,2023-08-01
000656.SZ,2013-01-25,13.87,13.94,13.29,13.42,13.84,-0.42,-3.03,54316.77,73054.7303,2023-08-01
000570.SZ,2013-01-25,5.87,5.97,5.81,5.91,5.87,0.04,0.68,25511.29,15017.1951,2023-08-01
002223.SZ,2013-01-25,15.39,16.32,15.39,16.1,15.55,0.55,3.54,31663.62,50281.6383,2023-08-01
300104.SZ,2013-01-25,20.66,20.86,20.21,20.48,20.8,-0.32,-1.54,37263.1,76650.4285,2023-08-01
300322.SZ,2013-01-25,18.7,18.8,18.11,18.58,18.5,0.08,0.43,9883.72,18237.7371,2023-08-01
000759.SZ,2013-01-25,6.35,6.38,6.28,6.32,6.39,-0.07,-1.1,36739.31,23224.2823,2023-08-01
600157.SH,2013-01-25,11.25,11.59,11.21,11.33,11.25,0.08,0.71,203795.9,232070.065,2023-08-01
300010.SZ,2013-01-25,5.92,5.97,5.82,5.88,5.95,-0.07,-1.18,16312.78,9620.3825,2023-08-01
000885.SZ,2013-01-25,11.19,11.57,11.1,11.29,11.2,0.09,0.8,73749.9,83488.1317,2023-08-01
600066.SH,2013-01-25,27.2,28.23,26.91,27.7,26.75,0.95,3.55,38014.68,105619.913,2023-08-01
300079.SZ,2013-01-25,16.69,17.0,16.6,16.77,16.6,0.17,1.02,28635.14,48003.8911,2023-08-01
600148.SH,2013-01-25,7.21,7.39,7.21,7.31,7.29,0.02,0.27,4285.44,3131.368,2023-08-01
002345.SZ,2013-01-25,19.47,19.86,19.47,19.8,19.89,-0.09,-0.45,9838.62,19393.7965,2023-08-01
600108.SH,2013-01-25,7.04,7.14,6.97,7.04,7.09,-0.05,-0.71,134910.22,95221.203,2023-08-01
002006.SZ,2013-01-25,9.25,9.34,8.94,9.01,9.28,-0.27,-2.91,119400.3,108030.6316,2023-08-01
601607.SH,2013-01-25,11.9,12.11,11.84,12.02,11.95,0.07,0.59,73675.98,88416.031,2023-08-01
601933.SH,2013-01-25,25.12,25.16,24.61,25.07,24.71,0.36,1.46,14225.21,35604.519,2023-08-01
000603.SZ,2013-01-25,19.18,19.35,18.59,18.86,19.15,-0.29,-1.51,25586.63,48494.4979,2023-08-01
300137.SZ,2013-01-25,16.01,16.3,15.54,15.55,15.9,-0.35,-2.2,90571.87,144949.2879,2023-08-01
002609.SZ,2013-01-25,12.49,12.54,12.3,12.49,12.49,0.0,0.0,8066.02,10031.3518,2023-08-01
600193.SH,2013-01-25,12.06,13.09,12.06,12.9,12.29,0.61,4.96,296816.0,377721.048,2023-08-01
600736.SH,2013-01-25,4.57,4.61,4.52,4.54,4.56,-0.02,-0.44,46654.84,21272.64,2023-08-01
300083.SZ,2013-01-25,13.47,13.8,13.29,13.48,13.4,0.08,0.6,9548.33,12944.3191,2023-08-01
000700.SZ,2013-01-25,5.44,5.6,5.44,5.55,5.44,0.11,2.02,25291.58,13986.9776,2023-08-01
600444.SH,2013-01-25,11.25,11.6,11.08,11.45,11.45,0.0,0.0,12008.0,13561.849,2023-08-01
600518.SH,2013-01-25,14.35,14.75,14.23,14.67,14.35,0.32,2.23,254250.12,370843.543,2023-08-01
600310.SH,2013-01-25,10.71,10.8,10.5,10.53,10.71,-0.18,-1.68,20839.71,22062.45,2023-08-01
002418.SZ,2013-01-25,7.21,7.27,7.13,7.22,7.21,0.01,0.14,20361.36,14669.017,2023-08-01
002036.SZ,2013-01-25,9.08,9.15,8.8,8.88,9.11,-0.23,-2.52,30451.05,27176.5441,2023-08-01
601789.SH,2013-01-25,7.4,7.46,7.3,7.37,7.38,-0.01,-0.14,31945.51,23592.859,2023-08-01
300215.SZ,2013-01-25,25.11,25.93,25.1,25.8,25.37,0.43,1.69,11740.34,30221.0629,2023-08-01
300302.SZ,2013-01-25,20.81,21.26,20.81,21.05,20.77,0.28,1.35,3187.14,6715.3532,2023-08-01
000532.SZ,2013-01-25,8.17,8.37,8.15,8.34,8.32,0.02,0.24,15049.73,12466.7231,2023-08-01
000965.SZ,2013-01-25,5.2,5.28,5.11,5.19,5.2,-0.01,-0.19,24325.3,12575.1346,2023-08-01
600706.SH,2013-01-25,10.89,11.1,10.81,10.92,10.88,0.04,0.37,8390.48,9132.301,2023-08-01
300177.SZ,2013-01-25,14.69,14.9,14.23,14.24,14.8,-0.56,-3.78,65367.94,94819.1385,2023-08-01
600650.SH,2013-01-25,6.86,6.93,6.81,6.84,6.86,-0.02,-0.29,10517.1,7207.295,2023-08-01
300268.SZ,2013-01-25,7.11,7.17,6.93,6.97,7.14,-0.17,-2.38,18317.22,12874.1908,2023-08-01
300037.SZ,2013-01-25,16.65,17.17,16.63,17.11,16.74,0.37,2.21,3196.24,5438.8535,2023-08-01
002156.SZ,2013-01-25,4.01,4.08,3.98,4.02,3.98,0.04,1.01,33753.86,13597.432,2023-08-01
002529.SZ,2013-01-25,9.53,9.75,9.08,9.08,9.93,-0.85,-8.56,77338.18,72676.8191,2023-08-01
600715.SH,2013-01-25,6.13,6.28,6.1,6.25,6.13,0.12,1.96,21890.2,13595.681,2023-08-01
600771.SH,2013-01-25,8.88,9.07,8.88,8.98,8.99,-0.01,-0.11,13790.05,12390.838,2023-08-01
300027.SZ,2013-01-25,14.3,14.63,14.22,14.36,14.25,0.11,0.77,29894.19,43183.1017,2023-08-01
300222.SZ,2013-01-25,12.3,12.52,12.23,12.33,12.3,0.03,0.24,8657.5,10705.8532,2023-08-01
002021.SZ,2013-01-25,4.4,4.44,4.26,4.28,4.45,-0.17,-3.82,107059.8,46302.0987,2023-08-01
000886.SZ,2013-01-25,3.63,3.78,3.61,3.68,3.64,0.04,1.1,225764.26,83371.0657,2023-08-01
300110.SZ,2013-01-25,15.99,16.88,15.99,16.83,16.27,0.56,3.44,21953.25,36382.1014,2023-08-01
600808.SH,2013-01-25,2.13,2.15,2.11,2.12,2.15,-0.03,-1.4,116361.99,24726.684,2023-08-01
300002.SZ,2013-01-25,15.91,16.0,15.71,15.76,15.96,-0.2,-1.25,24617.05,38969.7364,2023-08-01
000593.SZ,2013-01-25,6.04,6.07,5.9,5.92,6.13,-0.21,-3.43,38018.65,22775.0947,2023-08-01
002641.SZ,2013-01-25,22.68,23.03,22.58,22.75,22.67,0.08,0.35,24186.92,55141.3527,2023-08-01
000970.SZ,2013-01-25,30.15,30.72,30.15,30.41,30.39,0.02,0.07,67490.4,205733.7361,2023-08-01
000998.SZ,2013-01-25,21.79,21.94,21.24,21.85,21.79,0.06,0.28,108768.02,234470.6786,2023-08-01
601339.SH,2013-01-25,8.18,8.2,8.12,8.14,8.17,-0.03,-0.37,11733.27,9562.707,2023-08-01
002664.SZ,2013-01-25,23.32,23.74,23.16,23.54,23.3,0.24,1.03,7847.85,18428.0,2023-08-01
300088.SZ,2013-01-25,16.51,16.88,16.49,16.55,16.67,-0.12,-0.72,25427.68,42495.6951,2023-08-01
000856.SZ,2013-01-25,5.88,5.98,5.79,5.84,5.87,-0.03,-0.51,30298.17,17816.5574,2023-08-01
000813.SZ,2013-01-25,10.33,10.6,10.11,10.37,10.24,0.13,1.27,21271.1,21914.8182,2023-08-01
000034.SZ,2013-01-25,4.24,4.24,4.12,4.14,4.25,-0.11,-2.59,32687.28,13598.1096,2023-08-01
002319.SZ,2013-01-25,17.51,17.6,16.8,16.9,16.0,0.9,5.63,113764.4,197908.2605,2023-08-01
000539.SZ,2013-01-25,6.04,6.04,5.9,5.92,6.06,-0.14,-2.31,54502.7,32423.0412,2023-08-01
600543.SH,2013-01-25,9.82,9.82,9.5,9.54,9.82,-0.28,-2.85,70465.43,67720.987,2023-08-01
002090.SZ,2013-01-25,6.95,7.1,6.95,7.08,7.01,0.07,1.0,6704.94,4727.4879,2023-08-01
002040.SZ,2013-01-25,5.16,5.19,5.13,5.15,5.14,0.01,0.19,4909.38,2531.1444,2023-08-01
300070.SZ,2013-01-25,40.15,41.2,40.1,40.7,40.42,0.28,0.69,18865.36,76838.3461,2023-08-01
000926.SZ,2013-01-25,8.62,8.72,8.41,8.46,8.65,-0.19,-2.2,217538.21,185025.0467,2023-08-01
600016.SH,2013-01-25,9.28,9.36,9.16,9.33,9.3,0.03,0.32,1300798.17,1206325.05,2023-08-01
002637.SZ,2013-01-25,10.38,10.47,10.01,10.01,10.4,-0.39,-3.75,46195.6,47184.1217,2023-08-01
002640.SZ,2013-01-25,10.45,10.45,9.99,10.04,10.61,-0.57,-5.37,47490.26,48280.0588,2023-08-01
002318.SZ,2013-01-25,12.74,12.87,12.5,12.78,12.91,-0.13,-1.01,23075.53,29285.303,2023-08-01
300187.SZ,2013-01-25,26.42,26.97,26.41,26.48,26.45,0.03,0.11,15088.11,40229.9447,2023-08-01
000908.SZ,2013-01-25,8.78,9.2,8.75,8.82,8.78,0.04,0.46,60426.41,54406.3089,2023-08-01
300326.SZ,2013-01-25,44.78,46.69,44.3,45.92,44.7,1.22,2.73,5866.38,26833.2743,2023-08-01
600388.SH,2013-01-25,25.58,26.36,25.51,25.95,25.35,0.6,2.37,77877.58,202641.344,2023-08-01
000538.SZ,2013-01-25,74.75,77.4,74.5,76.65,74.75,1.9,2.54,23894.66,182439.997,2023-08-01
600694.SH,2013-01-25,31.0,32.34,30.8,31.99,31.03,0.96,3.09,43759.27,139294.523,2023-08-01
600568.SH,2013-01-25,8.36,8.56,8.35,8.5,8.4,0.1,1.19,55867.09,47280.81,2023-08-01
002432.SZ,2013-01-25,7.31,7.43,7.24,7.38,7.38,0.0,0.0,16479.67,12103.2124,2023-08-01
600692.SH,2013-01-25,6.28,6.34,6.24,6.25,6.3,-0.05,-0.79,33500.5,21055.124,2023-08-01
002608.SZ,2013-01-25,21.99,22.82,21.07,21.08,22.41,-1.33,-5.93,96996.82,212132.8205,2023-08-01
000750.SZ,2013-01-25,13.02,13.19,12.45,12.57,13.22,-0.65,-4.92,732858.12,935483.3131,2023-08-01
600184.SH,2013-01-25,24.79,25.85,24.0,24.27,24.9,-0.63,-2.53,21669.06,53966.165,2023-08-01
002595.SZ,2013-01-25,23.4,23.89,23.25,23.79,23.37,0.42,1.8,3316.96,7809.526,2023-08-01
600287.SH,2013-01-25,7.03,7.23,6.88,7.12,6.98,0.14,2.01,157751.77,111660.151,2023-08-01
300143.SZ,2013-01-25,13.5,14.22,13.2,14.22,12.93,1.29,9.98,259692.94,358420.7538,2023-08-01
000732.SZ,2013-01-25,7.88,8.16,7.76,8.08,7.85,0.23,2.93,49565.45,39698.7047,2023-08-01
600303.SH,2013-01-25,4.31,4.48,4.3,4.37,4.33,0.04,0.92,82349.93,36213.594,2023-08-01
000702.SZ,2013-01-25,4.28,4.32,4.26,4.28,4.28,0.0,0.0,11874.35,5090.6289,2023-08-01
002120.SZ,2013-01-25,8.56,8.7,8.56,8.59,8.63,-0.04,-0.46,10781.06,9306.1944,2023-08-01
000909.SZ,2013-01-25,6.67,6.74,6.63,6.64,6.7,-0.06,-0.9,17249.56,11511.4693,2023-08-01
000826.SZ,2013-01-25,23.2,23.59,22.9,23.3,23.2,0.1,0.43,41488.16,96852.1311,2023-08-01
600299.SH,2013-01-25,5.9,5.98,5.7,5.87,5.91,-0.04,-0.68,28010.46,16378.759,2023-08-01
600449.SH,2013-01-25,8.31,8.77,8.3,8.5,8.41,0.09,1.07,67410.1,57699.58,2023-08-01
300086.SZ,2013-01-25,13.46,14.17,13.46,13.96,13.55,0.41,3.03,19881.76,27658.4802,2023-08-01
300123.SZ,2013-01-25,14.1,14.3,13.98,14.28,13.96,0.32,2.29,16621.36,23438.6115,2023-08-01
600300.SH,2013-01-25,7.2,7.25,6.9,6.91,7.22,-0.31,-4.29,412294.69,289484.462,2023-08-01
002463.SZ,2013-01-25,4.35,4.39,4.33,4.35,4.35,0.0,0.0,16692.32,7270.7588,2023-08-01
002335.SZ,2013-01-25,9.06,9.18,9.0,9.1,9.05,0.05,0.55,3232.96,2943.8391,2023-08-01
600822.SH,2013-01-25,4.44,4.45,4.36,4.4,4.45,-0.05,-1.12,22351.56,9839.603,2023-08-01
002594.SZ,2013-01-25,22.52,23.0,22.41,22.46,22.44,0.02,0.09,38949.04,88147.8633,2023-08-01
600644.SH,2013-01-25,8.6,8.66,8.42,8.5,8.62,-0.12,-1.39,42774.38,36351.898,2023-08-01
002341.SZ,2013-01-25,9.78,9.9,9.71,9.8,9.78,0.02,0.2,12518.11,12271.8047,2023-08-01
000966.SZ,2013-01-25,5.36,5.62,5.32,5.57,5.36,0.21,3.92,43207.84,23708.3148,2023-08-01
600171.SH,2013-01-25,4.9,4.94,4.78,4.8,4.91,-0.11,-2.24,57716.7,27921.032,2023-08-01
600729.SH,2013-01-25,27.25,27.87,25.9,26.25,27.23,-0.98,-3.6,32597.01,86504.622,2023-08-01
002281.SZ,2013-01-25,18.63,18.95,18.52,18.79,18.63,0.16,0.86,10204.89,19098.3365,2023-08-01
300282.SZ,2013-01-25,14.62,14.91,14.61,14.65,14.61,0.04,0.27,6865.44,10106.9996,2023-08-01
600603.SH,2013-01-25,4.75,4.97,4.69,4.97,4.73,0.24,5.07,82193.09,40508.195,2023-08-01
300025.SZ,2013-01-25,5.91,6.1,5.85,5.96,5.88,0.08,1.36,14754.28,8783.741,2023-08-01
002113.SZ,2013-01-25,7.48,7.62,7.45,7.58,7.54,0.04,0.53,4794.45,3617.0929,2023-08-01
002671.SZ,2013-01-25,33.7,34.23,33.35,33.89,33.41,0.48,1.44,11494.01,38856.0403,2023-08-01
300146.SZ,2013-01-25,63.8,65.8,63.14,65.44,63.8,1.64,2.57,10241.36,66498.7721,2023-08-01
600732.SH,2013-01-25,7.97,8.08,7.91,8.03,8.03,0.0,0.0,25717.73,20546.756,2023-08-01
600716.SH,2013-01-25,5.44,5.54,5.42,5.46,5.5,-0.04,-0.73,39526.8,21687.502,2023-08-01
000878.SZ,2013-01-25,14.73,14.98,14.68,14.73,14.73,0.0,0.0,40572.13,60017.1507,2023-08-01
002542.SZ,2013-01-25,13.0,13.39,13.0,13.14,13.08,0.06,0.46,27476.66,36233.8652,2023-08-01
002434.SZ,2013-01-25,8.05,8.05,7.74,7.93,8.05,-0.12,-1.49,23865.34,18722.8137,2023-08-01
300132.SZ,2013-01-25,13.14,13.3,13.1,13.22,13.11,0.11,0.84,4204.76,5545.2633,2023-08-01
002499.SZ,2013-01-25,19.3,20.58,19.13,19.59,19.63,-0.04,-0.2,92683.79,185252.2766,2023-08-01
300352.SZ,2013-01-25,30.73,31.39,30.68,30.9,30.91,-0.01,-0.03,8643.02,26812.0859,2023-08-01
002599.SZ,2013-01-25,9.17,9.44,9.13,9.16,9.18,-0.02,-0.22,6409.0,5923.0172,2023-08-01
002534.SZ,2013-01-25,14.23,14.51,14.15,14.2,14.32,-0.12,-0.84,15950.42,22841.7165,2023-08-01
000650.SZ,2013-01-25,5.5,5.62,5.45,5.58,5.59,-0.01,-0.18,120968.42,66867.1095,2023-08-01
002008.SZ,2013-01-25,10.12,10.4,10.1,10.17,10.25,-0.08,-0.78,265435.86,272057.5319,2023-08-01
600967.SH,2013-01-25,19.3,19.78,19.21,19.37,19.31,0.06,0.31,21636.87,42147.272,2023-08-01
600493.SH,2013-01-25,4.37,4.43,4.34,4.36,4.38,-0.02,-0.46,27042.66,11838.957,2023-08-01
000514.SZ,2013-01-25,4.67,4.72,4.6,4.64,4.69,-0.05,-1.07,23949.69,11119.8348,2023-08-01
002549.SZ,2013-01-25,15.27,15.37,14.76,15.17,15.3,-0.13,-0.85,9327.79,13976.1232,2023-08-01
002490.SZ,2013-01-25,11.27,11.64,11.27,11.33,11.38,-0.05,-0.44,59158.26,67782.3058,2023-08-01
002615.SZ,2013-01-25,12.66,12.66,12.34,12.37,12.6,-0.23,-1.83,10392.13,12937.3847,2023-08-01
000628.SZ,2013-01-25,7.2,7.2,6.96,6.98,7.13,-0.15,-2.1,19326.22,13623.6259,2023-08-01
600604.SH,2013-01-25,7.7,7.85,7.65,7.7,7.66,0.04,0.52,12946.1,9993.107,2023-08-01
000586.SZ,2013-01-25,4.85,4.98,4.83,4.98,4.88,0.1,2.05,18948.72,9332.2933,2023-08-01
600598.SH,2013-01-25,8.41,8.47,8.23,8.28,8.45,-0.17,-2.01,154222.92,128589.063,2023-08-01
000530.SZ,2013-01-25,6.84,6.96,6.81,6.92,6.84,0.08,1.17,44156.69,30457.6604,2023-08-01
000062.SZ,2013-01-25,6.33,6.41,6.33,6.38,6.37,0.01,0.16,11203.82,7134.1976,2023-08-01
000663.SZ,2013-01-25,8.5,8.65,8.47,8.48,8.49,-0.01,-0.12,41689.42,35607.0918,2023-08-01
300276.SZ,2013-01-25,13.0,13.16,12.83,12.94,13.02,-0.08,-0.61,6214.29,8079.5823,2023-08-01
002062.SZ,2013-01-25,5.03,5.09,4.97,5.05,5.03,0.02,0.4,21835.39,10957.4922,2023-08-01
601699.SH,2013-01-25,21.15,21.45,20.88,20.96,21.09,-0.13,-0.62,117566.72,248672.756,2023-08-01
000711.SZ,2013-01-25,7.57,7.68,7.38,7.6,7.58,0.02,0.26,43702.91,32738.149,2023-08-01
002575.SZ,2013-01-25,12.9,13.0,12.72,12.87,13.04,-0.17,-1.3,2104.58,2711.5256,2023-08-01
002548.SZ,2013-01-25,12.32,12.5,12.14,12.16,12.34,-0.18,-1.46,15097.89,18534.4411,2023-08-01
002050.SZ,2013-01-25,9.5,9.7,9.37,9.48,9.5,-0.02,-0.21,41998.81,39998.3856,2023-08-01
002325.SZ,2013-01-25,16.15,16.8,15.95,16.29,16.15,0.14,0.87,37250.39,60884.1398,2023-08-01
002076.SZ,2013-01-25,6.12,6.17,6.06,6.1,6.11,-0.01,-0.16,16143.53,9842.7482,2023-08-01
300303.SZ,2013-01-25,14.17,14.47,14.1,14.36,14.17,0.19,1.34,15069.07,21603.1205,2023-08-01
600126.SH,2013-01-25,3.99,4.29,3.91,3.96,4.06,-0.1,-2.46,142990.38,58524.428,2023-08-01
000060.SZ,2013-01-25,8.91,9.12,8.83,9.06,8.9,0.16,1.8,166376.21,150117.1115,2023-08-01
600052.SH,2013-01-25,3.92,3.93,3.75,3.81,3.92,-0.11,-2.81,62393.47,23901.664,2023-08-01
002181.SZ,2013-01-25,8.11,8.35,8.0,8.24,8.13,0.11,1.35,24632.55,20217.2426,2023-08-01
000850.SZ,2013-01-25,4.79,4.81,4.74,4.76,4.81,-0.05,-1.04,48440.15,23102.1929,2023-08-01
002701.SZ,2013-01-25,24.0,24.8,23.95,24.55,24.21,0.34,1.4,51593.83,125846.6875,2023-08-01
300308.SZ,2013-01-25,16.2,16.3,15.91,16.1,16.12,-0.02,-0.12,3832.93,6166.3759,2023-08-01
000861.SZ,2013-01-25,13.4,13.51,13.04,13.14,13.4,-0.26,-1.94,51037.29,67147.1077,2023-08-01
000534.SZ,2013-01-25,5.82,5.9,5.61,5.7,5.69,0.01,0.18,57763.57,33191.6257,2023-08-01
000666.SZ,2013-01-25,10.8,10.84,10.56,10.59,10.79,-0.2,-1.85,53788.41,57398.7795,2023-08-01
300116.SZ,2013-01-25,8.95,9.03,8.86,8.94,8.9,0.04,0.45,5078.29,4537.4217,2023-08-01
600595.SH,2013-01-25,4.72,4.77,4.7,4.72,4.73,-0.01,-0.21,33529.55,15852.659,2023-08-01
600270.SH,2013-01-25,6.92,6.97,6.84,6.93,6.91,0.02,0.29,31129.49,21487.554,2023-08-01
600107.SH,2013-01-25,7.73,7.77,7.6,7.68,7.66,0.02,0.26,56439.82,43315.067,2023-08-01
002339.SZ,2013-01-25,14.17,14.26,14.0,14.16,14.14,0.02,0.14,7040.79,9965.409,2023-08-01
000301.SZ,2013-01-25,3.09,3.11,3.06,3.06,3.06,0.0,0.0,42472.34,13090.342,2023-08-01
300157.SZ,2013-01-25,21.01,22.4,21.01,21.83,20.9,0.93,4.45,24151.82,53123.9162,2023-08-01
002437.SZ,2013-01-25,22.37,23.36,22.12,23.1,22.39,0.71,3.17,37732.93,86475.3582,2023-08-01
300130.SZ,2013-01-25,13.39,13.53,13.36,13.4,13.42,-0.02,-0.15,4528.65,6085.5065,2023-08-01
002073.SZ,2013-01-25,8.32,8.48,8.26,8.4,8.37,0.03,0.36,89891.18,75324.0163,2023-08-01
600191.SH,2013-01-25,6.25,6.28,6.04,6.18,6.32,-0.14,-2.22,86430.98,53358.747,2023-08-01
600880.SH,2013-01-25,10.3,10.63,10.2,10.49,10.28,0.21,2.04,151894.74,158739.058,2023-08-01
002220.SZ,2013-01-25,7.93,7.95,7.8,7.84,7.97,-0.13,-1.63,11488.17,9007.9246,2023-08-01
600562.SH,2013-01-25,43.11,48.21,43.11,47.8,43.83,3.97,9.06,25077.11,118179.466,2023-08-01
601001.SH,2013-01-25,9.2,9.28,9.1,9.11,9.19,-0.08,-0.87,45724.19,41881.284,2023-08-01
002429.SZ,2013-01-25,13.06,13.09,12.87,12.95,12.96,-0.01,-0.08,17666.04,22934.0534,2023-08-01
300228.SZ,2013-01-25,35.49,37.38,35.49,36.8,35.55,1.25,3.52,21241.75,78160.732,2023-08-01
600316.SH,2013-01-25,15.9,16.17,15.1,15.31,16.09,-0.78,-4.85,125363.22,193734.71,2023-08-01
601618.SH,2013-01-25,2.21,2.22,2.17,2.18,2.21,-0.03,-1.36,298069.62,65457.58,2023-08-01
600426.SH,2013-01-25,7.44,7.76,7.44,7.69,7.5,0.19,2.53,129928.09,99719.142,2023-08-01
002520.SZ,2013-01-25,12.9,12.9,12.68,12.71,12.75,-0.04,-0.31,5149.57,6579.7874,2023-08-01
002531.SZ,2013-01-25,15.47,15.78,15.46,15.7,15.47,0.23,1.49,8250.46,12927.424,2023-08-01
000632.SZ,2013-01-25,3.56,3.57,3.47,3.49,3.57,-0.08,-2.24,57295.73,20142.8433,2023-08-01
000705.SZ,2013-01-25,13.4,13.4,12.96,13.21,13.21,0.0,0.0,16639.47,21842.441,2023-08-01
600461.SH,2013-01-25,7.23,7.23,7.12,7.15,7.19,-0.04,-0.56,18909.33,13557.003,2023-08-01
000526.SZ,2013-01-25,9.42,9.62,9.41,9.51,9.56,-0.05,-0.52,6309.87,5998.1932,2023-08-01
600836.SH,2013-01-25,6.86,6.86,6.69,6.75,6.84,-0.09,-1.32,25748.98,17380.207,2023-08-01
600337.SH,2013-01-25,5.16,5.23,5.13,5.2,5.2,0.0,0.0,37462.82,19416.204,2023-08-01
000055.SZ,2013-01-25,4.36,4.4,4.28,4.29,4.38,-0.09,-2.05,45328.45,19660.8732,2023-08-01
300076.SZ,2013-01-25,11.92,11.97,11.85,11.91,11.89,0.02,0.17,4373.78,5202.1508,2023-08-01
601058.SH,2013-01-25,8.68,8.91,8.68,8.88,8.71,0.17,1.95,28038.57,24755.42,2023-08-01
600462.SH,2013-01-25,5.1,5.33,5.02,5.33,5.08,0.25,4.92,97270.22,51167.91,2023-08-01
600626.SH,2013-01-25,3.41,3.43,3.38,3.39,3.41,-0.02,-0.59,32575.79,11076.931,2023-08-01
600978.SH,2013-01-25,4.67,4.7,4.6,4.63,4.68,-0.05,-1.07,65295.1,30364.823,2023-08-01
300220.SZ,2013-01-25,26.75,26.97,26.48,26.9,26.73,0.17,0.64,3352.71,8972.4602,2023-08-01
600085.SH,2013-01-25,19.78,20.37,19.75,20.14,19.8,0.34,1.72,90268.38,182079.825,2023-08-01
000859.SZ,2013-01-25,3.92,3.94,3.88,3.9,3.93,-0.03,-0.76,21459.35,8399.4686,2023-08-01
002246.SZ,2013-01-25,8.4,8.46,8.06,8.08,8.43,-0.35,-4.15,7957.13,6533.9088,2023-08-01
002204.SZ,2013-01-25,12.63,12.85,12.5,12.6,12.63,-0.03,-0.24,7371.18,9275.9367,2023-08-01
600820.SH,2013-01-25,8.75,8.81,8.73,8.79,8.78,0.01,0.11,32938.79,28885.052,2023-08-01
000988.SZ,2013-01-25,6.53,6.72,6.32,6.35,6.6,-0.25,-3.79,196496.95,126997.2596,2023-08-01
300277.SZ,2013-01-25,9.12,9.21,9.03,9.15,9.12,0.03,0.33,8019.7,7329.9482,2023-08-01
600496.SH,2013-01-25,7.65,7.72,7.55,7.6,7.72,-0.12,-1.55,41298.06,31387.059,2023-08-01
600608.SH,2013-01-25,6.39,6.7,6.33,6.61,6.38,0.23,3.61,45566.3,29810.01,2023-08-01
600585.SH,2013-01-25,18.81,19.5,18.65,19.21,18.87,0.34,1.8,395794.74,760412.879,2023-08-01
600197.SH,2013-01-25,14.78,14.78,14.22,14.41,14.79,-0.38,-2.57,89874.56,129534.07,2023-08-01
300191.SZ,2013-01-25,15.0,15.4,14.95,15.0,15.05,-0.05,-0.33,15889.47,24055.6899,2023-08-01
002179.SZ,2013-01-25,13.97,13.97,13.13,13.26,13.99,-0.73,-5.22,77227.97,102926.7818,2023-08-01
600369.SH,2013-01-25,8.82,8.9,8.55,8.59,8.99,-0.4,-4.45,217404.49,188795.933,2023-08-01
002498.SZ,2013-01-25,9.05,9.12,9.04,9.1,9.07,0.03,0.33,10271.68,9325.7334,2023-08-01
002186.SZ,2013-01-25,31.11,31.4,31.0,31.15,31.2,-0.05,-0.16,3929.95,12256.17,2023-08-01
002489.SZ,2013-01-25,9.54,9.77,9.25,9.34,9.5,-0.16,-1.68,40110.45,38062.7937,2023-08-01
600589.SH,2013-01-25,5.84,5.84,5.53,5.59,5.54,0.05,0.9,50872.91,28734.634,2023-08-01
603002.SH,2013-01-25,8.4,8.58,8.12,8.17,8.53,-0.36,-4.22,159222.17,131939.079,2023-08-01
000961.SZ,2013-01-25,12.14,12.21,11.5,11.61,12.09,-0.48,-3.97,94952.71,111149.9812,2023-08-01
600335.SH,2013-01-25,13.45,13.93,12.9,12.93,13.64,-0.71,-5.21,20517.26,27282.329,2023-08-01
002455.SZ,2013-01-25,10.5,10.67,10.27,10.35,10.58,-0.23,-2.17,20952.49,21755.4127,2023-08-01
300030.SZ,2013-01-25,8.8,9.05,8.78,8.82,8.88,-0.06,-0.68,22171.68,19764.1964,2023-08-01
002157.SZ,2013-01-25,7.98,7.98,7.46,7.61,8.12,-0.51,-6.28,216437.99,166040.303,2023-08-01
002553.SZ,2013-01-25,13.6,13.6,13.28,13.28,13.57,-0.29,-2.14,4710.0,6312.2417,2023-08-01
600753.SH,2013-01-25,6.56,6.69,6.47,6.62,6.54,0.08,1.22,14270.05,9416.603,2023-08-01
600416.SH,2013-01-25,5.07,5.12,5.01,5.08,5.08,0.0,0.0,44078.28,22343.67,2023-08-01
002267.SZ,2013-01-25,7.91,8.01,7.88,7.89,7.91,-0.02,-0.25,14625.98,11580.0527,2023-08-01
600860.SH,2013-01-25,6.75,6.82,6.56,6.61,6.9,-0.29,-4.2,50428.55,33605.314,2023-08-01
002543.SZ,2013-01-25,18.0,18.39,17.91,18.38,17.95,0.43,2.4,7904.61,14391.3045,2023-08-01
600458.SH,2013-01-25,12.76,12.95,12.72,12.89,12.66,0.23,1.82,56446.76,72439.864,2023-08-01
600548.SH,2013-01-25,3.39,3.42,3.3,3.34,3.4,-0.06,-1.76,26929.61,9049.132,2023-08-01
300270.SZ,2013-01-25,38.77,40.1,38.18,39.5,39.0,0.5,1.28,7094.1,27803.6286,2023-08-01
000913.SZ,2013-01-25,4.08,4.14,4.08,4.11,4.09,0.02,0.49,13332.27,5484.093,2023-08-01
601199.SH,2013-01-25,12.62,12.78,12.61,12.65,12.62,0.03,0.24,7373.53,9341.826,2023-08-01
300284.SZ,2013-01-25,10.27,10.47,10.2,10.36,10.2,0.16,1.57,8481.22,8765.3794,2023-08-01
002365.SZ,2013-01-25,9.53,9.62,9.46,9.47,9.52,-0.05,-0.53,8422.02,8023.1662,2023-08-01
600350.SH,2013-01-25,3.4,3.4,3.35,3.37,3.39,-0.02,-0.59,18715.18,6301.521,2023-08-01
601818.SH,2013-01-25,3.36,3.37,3.32,3.35,3.34,0.01,0.3,1613318.68,540325.151,2023-08-01
000782.SZ,2013-01-25,3.5,3.59,3.5,3.53,3.5,0.03,0.86,30581.08,10848.6878,2023-08-01
600775.SH,2013-01-25,5.66,5.73,5.55,5.65,5.65,0.0,0.0,25098.61,14077.804,2023-08-01
300296.SZ,2013-01-25,14.35,14.59,14.31,14.37,14.36,0.01,0.07,9024.06,13013.0878,2023-08-01
002185.SZ,2013-01-25,4.85,4.91,4.78,4.83,4.84,-0.01,-0.21,68851.08,33276.9026,2023-08-01
601113.SH,2013-01-25,4.08,4.09,4.02,4.04,4.05,-0.01,-0.25,22073.48,8925.808,2023-08-01
600655.SH,2013-01-25,7.04,7.1,7.03,7.04,7.06,-0.02,-0.28,59404.37,41910.859,2023-08-01
600429.SH,2013-01-25,5.82,5.98,5.73,5.9,5.83,0.07,1.2,70569.05,41402.087,2023-08-01
002317.SZ,2013-01-25,31.16,31.75,30.51,30.94,31.34,-0.4,-1.28,13449.25,41796.2055,2023-08-01
601669.SH,2013-01-25,3.64,3.65,3.59,3.61,3.64,-0.03,-0.82,304157.59,110069.653,2023-08-01
002093.SZ,2013-01-25,4.27,4.29,4.2,4.21,4.26,-0.05,-1.17,41390.17,17547.7666,2023-08-01
002102.SZ,2013-01-25,4.16,4.37,4.16,4.37,4.16,0.21,5.05,10072.81,4393.3427,2023-08-01
600521.SH,2013-01-25,13.8,14.2,13.62,13.94,13.91,0.03,0.22,63259.8,88199.064,2023-08-01
000928.SZ,2013-01-25,8.69,8.88,8.42,8.85,8.67,0.18,2.08,126400.25,110327.374,2023-08-01
600685.SH,2013-01-25,13.0,13.05,12.52,12.61,13.09,-0.48,-3.67,82870.54,105431.397,2023-08-01
002417.SZ,2013-01-25,6.75,6.9,6.7,6.73,6.66,0.07,1.05,31443.63,21357.9875,2023-08-01
002324.SZ,2013-01-25,12.45,12.81,12.45,12.53,12.49,0.04,0.32,11819.05,14884.3572,2023-08-01
600331.SH,2013-01-25,6.53,6.62,6.48,6.52,6.49,0.03,0.46,66901.87,43792.487,2023-08-01
002139.SZ,2013-01-25,6.05,6.07,5.86,5.94,6.07,-0.13,-2.14,18923.4,11255.598,2023-08-01
002077.SZ,2013-01-25,5.75,5.78,5.66,5.68,5.76,-0.08,-1.39,20001.45,11438.8764,2023-08-01
000610.SZ,2013-01-25,6.34,6.4,6.32,6.37,6.35,0.02,0.32,10418.53,6626.5683,2023-08-01
000503.SZ,2013-01-25,10.15,10.88,10.14,10.68,10.16,0.52,5.12,292812.83,310578.4491,2023-08-01
002582.SZ,2013-01-25,15.94,15.94,15.61,15.8,15.9,-0.1,-0.63,7773.11,12248.444,2023-08-01
000598.SZ,2013-01-25,7.9,8.08,7.9,7.93,7.85,0.08,1.02,220946.68,176124.2347,2023-08-01
002444.SZ,2013-01-25,10.47,10.52,10.41,10.44,10.47,-0.03,-0.29,14633.22,15300.4811,2023-08-01
600323.SH,2013-01-25,6.6,6.67,6.57,6.6,6.58,0.02,0.3,15763.61,10416.009,2023-08-01
601318.SH,2013-01-25,46.56,46.9,45.01,45.59,46.54,-0.95,-2.04,265190.7,1216359.821,2023-08-01
600629.SH,2013-01-25,7.63,7.68,7.44,7.49,7.63,-0.14,-1.83,14075.89,10642.109,2023-08-01
600260.SH,2013-01-25,9.41,9.53,9.22,9.29,9.48,-0.19,-2.0,91787.49,85790.152,2023-08-01
002278.SZ,2013-01-25,10.62,10.79,10.52,10.6,10.62,-0.02,-0.19,14631.38,15559.6379,2023-08-01
002431.SZ,2013-01-25,21.36,22.05,21.36,21.73,21.6,0.13,0.6,18906.83,41342.3633,2023-08-01
000887.SZ,2013-01-25,9.94,10.11,9.87,9.96,9.9,0.06,0.61,32344.09,32305.3667,2023-08-01
603000.SH,2013-01-25,37.63,38.1,37.5,37.77,37.62,0.15,0.4,14127.38,53349.055,2023-08-01
600702.SH,2013-01-25,27.2,27.35,25.96,26.16,27.18,-1.02,-3.75,71820.35,189551.02,2023-08-01
002621.SZ,2013-01-25,11.41,11.6,11.36,11.51,11.41,0.1,0.88,9774.81,11222.723,2023-08-01
002251.SZ,2013-01-25,22.93,22.93,22.51,22.76,22.85,-0.09,-0.39,1511.01,3427.0465,2023-08-01
000096.SZ,2013-01-25,5.6,5.63,5.22,5.48,5.8,-0.32,-5.52,376793.13,204915.9103,2023-08-01
002285.SZ,2013-01-25,13.76,14.03,13.76,13.85,13.92,-0.07,-0.5,7046.36,9783.0078,2023-08-01
600291.SH,2013-01-25,6.56,6.79,6.46,6.66,6.66,0.0,0.0,61197.78,40658.164,2023-08-01
601028.SH,2013-01-25,8.35,8.42,8.27,8.36,8.31,0.05,0.6,17316.7,14438.314,2023-08-01
000600.SZ,2013-01-25,4.3,4.35,4.27,4.32,4.3,0.02,0.47,41339.55,17818.5101,2023-08-01
601137.SH,2013-01-25,15.2,15.45,15.16,15.3,15.3,0.0,0.0,4240.48,6500.013,2023-08-01
600288.SH,2013-01-25,6.55,6.79,6.5,6.52,6.6,-0.08,-1.21,79057.22,52288.551,2023-08-01
000967.SZ,2013-01-25,5.79,5.8,5.7,5.75,5.75,0.0,0.0,5653.45,3248.973,2023-08-01
002164.SZ,2013-01-25,4.21,4.22,4.12,4.14,4.2,-0.06,-1.43,28105.21,11720.4591,2023-08-01
600435.SH,2013-01-25,11.6,11.78,11.3,11.5,11.92,-0.42,-3.52,347442.46,399118.963,2023-08-01
300059.SZ,2013-01-25,9.21,9.31,9.05,9.31,9.21,0.1,1.09,24842.67,22861.2807,2023-08-01
300310.SZ,2013-01-25,9.42,9.58,9.36,9.48,9.41,0.07,0.74,14450.9,13694.7699,2023-08-01
600578.SH,2013-01-25,8.09,8.23,7.98,8.22,8.09,0.13,1.61,23917.78,19461.639,2023-08-01
002234.SZ,2013-01-25,10.08,10.3,9.9,10.12,10.11,0.01,0.1,27239.86,27562.6037,2023-08-01
000760.SZ,2013-01-25,9.91,9.99,9.55,9.84,10.04,-0.2,-1.99,81353.69,79756.7027,2023-08-01
600579.SH,2013-01-25,5.28,5.44,5.22,5.37,5.25,0.12,2.29,29329.05,15660.332,2023-08-01
600686.SH,2013-01-25,7.65,8.12,7.32,7.58,7.38,0.2,2.71,139756.9,106878.973,2023-08-01
300120.SZ,2013-01-25,6.18,6.2,6.06,6.12,6.18,-0.06,-0.97,6759.99,4140.8023,2023-08-01
002356.SZ,2013-01-25,25.57,26.28,25.0,25.11,25.71,-0.6,-2.33,4208.46,10629.449,2023-08-01
600117.SH,2013-01-25,5.18,5.2,5.03,5.05,5.21,-0.16,-3.07,92665.32,46994.155,2023-08-01
600793.SH,2013-01-25,9.12,9.25,9.07,9.22,9.14,0.08,0.88,3391.13,3097.397,2023-08-01
600231.SH,2013-01-25,4.4,4.43,4.36,4.37,4.45,-0.08,-1.8,34291.62,15022.35,2023-08-01
000786.SZ,2013-01-25,17.42,17.85,17.2,17.34,17.45,-0.11,-0.63,43727.26,76379.6984,2023-08-01
300190.SZ,2013-01-25,20.35,20.58,20.08,20.26,20.23,0.03,0.15,7864.65,15983.2223,2023-08-01
600590.SH,2013-01-25,6.01,6.06,5.95,5.97,6.02,-0.05,-0.83,19431.58,11649.672,2023-08-01
600309.SH,2013-01-25,15.61,15.94,15.48,15.86,15.56,0.3,1.93,81571.1,128992.439,2023-08-01
002636.SZ,2013-01-25,6.88,6.99,6.83,6.91,6.86,0.05,0.73,9703.51,6699.667,2023-08-01
002474.SZ,2013-01-25,14.72,14.8,14.2,14.31,14.72,-0.41,-2.79,37471.03,54164.1071,2023-08-01
002190.SZ,2013-01-25,16.21,17.28,15.91,16.71,16.55,0.16,0.97,181284.17,301202.4141,2023-08-01
300301.SZ,2013-01-25,7.16,7.29,7.16,7.2,7.22,-0.02,-0.28,32090.66,23144.3548,2023-08-01
300291.SZ,2013-01-25,58.65,60.7,58.65,59.14,58.61,0.53,0.9,4956.35,29567.8637,2023-08-01
600966.SH,2013-01-25,4.67,4.67,4.6,4.63,4.63,0.0,0.0,20631.45,9536.009,2023-08-01
000411.SZ,2013-01-25,7.96,7.99,7.9,7.92,7.91,0.01,0.13,6181.48,4896.1454,2023-08-01
000910.SZ,2013-01-25,4.89,4.97,4.84,4.84,4.91,-0.07,-1.43,20363.61,9947.963,2023-08-01
300136.SZ,2013-01-25,17.2,17.24,16.48,16.66,16.75,-0.09,-0.54,10363.89,17529.1739,2023-08-01
002672.SZ,2013-01-25,59.05,60.8,59.05,59.78,58.95,0.83,1.41,4318.66,25948.3019,2023-08-01
000915.SZ,2013-01-25,18.59,19.45,18.59,19.41,18.57,0.84,4.52,48498.1,92632.7986,2023-08-01
600340.SH,2013-01-25,26.95,27.35,26.66,27.11,26.84,0.27,1.01,31215.67,84608.402,2023-08-01
000768.SZ,2013-01-25,10.7,11.12,10.44,10.61,10.89,-0.28,-2.57,533772.91,575233.6025,2023-08-01
000418.SZ,2013-01-25,9.6,9.8,9.45,9.8,9.63,0.17,1.77,24770.15,23864.4795,2023-08-01
600622.SH,2013-01-25,7.03,7.1,6.9,6.93,7.07,-0.14,-1.98,66244.61,46219.884,2023-08-01
002425.SZ,2013-01-25,7.08,7.08,6.96,7.02,7.05,-0.03,-0.43,6157.21,4325.2879,2023-08-01
000898.SZ,2013-01-25,4.07,4.09,4.0,4.02,4.06,-0.04,-0.99,143153.86,57637.2971,2023-08-01
603128.SH,2013-01-25,5.93,5.99,5.84,5.88,5.95,-0.07,-1.18,34238.34,20181.384,2023-08-01
002075.SZ,2013-01-25,3.63,3.67,3.52,3.54,3.68,-0.14,-3.8,125332.72,45054.9653,2023-08-01
600153.SH,2013-01-25,6.74,6.84,6.61,6.76,6.76,0.0,0.0,137177.71,92239.176,2023-08-01
600022.SH,2013-01-25,2.18,2.19,2.15,2.16,2.19,-0.03,-1.37,174674.99,37852.396,2023-08-01
600675.SH,2013-01-25,5.58,5.65,5.5,5.53,5.6,-0.07,-1.25,142116.97,78967.264,2023-08-01
600592.SH,2013-01-25,6.88,7.05,6.87,6.96,6.94,0.02,0.29,15875.9,11035.502,2023-08-01
002147.SZ,2013-01-25,5.8,5.81,5.69,5.78,5.78,0.0,0.0,14124.45,8131.3514,2023-08-01
600794.SH,2013-01-25,16.3,16.9,16.01,16.31,16.12,0.19,1.18,74714.44,123726.181,2023-08-01
300068.SZ,2013-01-25,13.76,14.02,13.74,13.85,13.76,0.09,0.65,23805.63,33073.7644,2023-08-01
600640.SH,2013-01-25,7.7,7.71,7.52,7.59,7.81,-0.22,-2.82,41909.88,31836.165,2023-08-01
002678.SZ,2013-01-25,11.58,11.7,11.43,11.51,11.63,-0.12,-1.03,10201.71,11757.4612,2023-08-01
000695.SZ,2013-01-25,7.0,7.13,7.0,7.06,7.07,-0.01,-0.14,6703.49,4734.6039,2023-08-01
600377.SH,2013-01-25,5.23,5.26,5.22,5.25,5.23,0.02,0.38,11426.95,5993.371,2023-08-01
002557.SZ,2013-01-25,18.11,18.55,18.11,18.45,18.18,0.27,1.49,5586.49,10232.0406,2023-08-01
002680.SZ,2013-01-25,27.39,27.96,26.98,27.45,27.5,-0.05,-0.18,12907.26,35419.9436,2023-08-01
600515.SH,2013-01-25,6.26,6.26,6.06,6.09,6.18,-0.09,-1.46,36272.43,22216.321,2023-08-01
600647.SH,2013-01-25,11.52,11.56,11.25,11.26,11.52,-0.26,-2.26,9998.54,11385.818,2023-08-01
300324.SZ,2013-01-25,32.83,33.2,32.7,32.88,32.7,0.18,0.55,3125.93,10311.0221,2023-08-01
601717.SH,2013-01-25,10.15,10.27,10.13,10.19,10.18,0.01,0.1,108724.59,110885.198,2023-08-01
000710.SZ,2013-01-25,8.81,8.87,8.7,8.79,8.9,-0.11,-1.24,5303.73,4664.4873,2023-08-01
002544.SZ,2013-01-25,10.79,11.05,10.79,10.91,10.88,0.03,0.28,11510.39,12605.0279,2023-08-01
300099.SZ,2013-01-25,21.7,21.98,21.04,21.19,21.76,-0.57,-2.62,26680.65,57209.3949,2023-08-01
300299.SZ,2013-01-25,14.56,14.72,14.41,14.72,14.56,0.16,1.1,3717.85,5415.7944,2023-08-01
600084.SH,2013-01-25,5.41,5.42,5.18,5.21,5.4,-0.19,-3.52,54833.16,28773.246,2023-08-01
002080.SZ,2013-01-25,8.16,8.34,8.16,8.22,8.2,0.02,0.24,22316.1,18433.4619,2023-08-01
600100.SH,2013-01-25,7.41,7.57,7.37,7.49,7.39,0.1,1.35,136559.97,102034.764,2023-08-01
002212.SZ,2013-01-25,5.0,5.13,4.84,4.84,5.17,-0.33,-6.38,255696.32,127285.7072,2023-08-01
000762.SZ,2013-01-25,12.1,12.34,12.02,12.18,12.11,0.07,0.58,38911.76,47403.1026,2023-08-01
600872.SH,2013-01-25,5.07,5.19,5.06,5.1,5.05,0.05,0.99,70240.91,35928.814,2023-08-01
600138.SH,2013-01-25,16.22,16.4,16.05,16.17,16.31,-0.14,-0.86,42054.8,68334.819,2023-08-01
002217.SZ,2013-01-25,4.6,4.69,4.55,4.59,4.6,-0.01,-0.22,19824.97,9122.6693,2023-08-01
300020.SZ,2013-01-25,14.2,14.53,13.94,14.0,14.2,-0.2,-1.41,46187.12,65599.8699,2023-08-01
601231.SH,2013-01-25,11.97,12.15,11.87,11.88,12.13,-0.25,-2.06,19577.58,23460.685,2023-08-01
000677.SZ,2013-01-25,4.39,4.47,4.26,4.32,4.35,-0.03,-0.69,158868.5,68619.7973,2023-08-01
002119.SZ,2013-01-25,6.0,6.09,5.97,5.98,6.03,-0.05,-0.83,14004.85,8405.6025,2023-08-01
600168.SH,2013-01-25,5.9,5.95,5.86,5.93,5.9,0.03,0.51,16863.32,9957.808,2023-08-01
002308.SZ,2013-01-25,9.44,9.6,9.44,9.5,9.52,-0.02,-0.21,8331.63,7906.9049,2023-08-01
600250.SH,2013-01-25,5.44,5.65,5.37,5.58,5.42,0.16,2.95,38190.13,21073.822,2023-08-01
601233.SH,2013-01-25,8.03,8.15,7.93,8.1,7.99,0.11,1.38,61081.29,49056.735,2023-08-01
002433.SZ,2013-01-25,29.92,30.88,29.88,30.73,29.92,0.81,2.71,31115.68,94301.8148,2023-08-01
601633.SH,2013-01-25,29.2,29.79,28.6,29.01,29.24,-0.23,-0.79,46189.34,134264.56,2023-08-01
000568.SZ,2013-01-25,32.5,32.51,31.6,31.66,32.77,-1.11,-3.39,124200.65,395697.6647,2023-08-01
002092.SZ,2013-01-25,7.07,7.33,7.07,7.31,7.01,0.3,4.28,131414.87,94607.9146,2023-08-01
002657.SZ,2013-01-25,34.33,35.4,34.33,34.82,34.9,-0.08,-0.23,5774.39,20080.8118,2023-08-01
300161.SZ,2013-01-25,13.69,13.8,13.31,13.39,13.7,-0.31,-2.26,17321.44,23421.4991,2023-08-01
000893.SZ,2013-01-25,12.66,13.21,12.6,13.18,12.75,0.43,3.37,23428.0,30368.1796,2023-08-01
600517.SH,2013-01-25,12.32,12.44,12.28,12.33,12.39,-0.06,-0.48,31741.47,39145.609,2023-08-01
002438.SZ,2013-01-25,12.75,12.93,12.6,12.65,12.87,-0.22,-1.71,14262.85,18097.2223,2023-08-01
600019.SH,2013-01-25,5.0,5.0,4.95,4.98,4.99,-0.01,-0.2,191706.98,95487.377,2023-08-01
300112.SZ,2013-01-25,8.3,8.43,8.12,8.2,8.27,-0.07,-0.85,14517.76,12057.4707,2023-08-01
002524.SZ,2013-01-25,8.24,8.7,8.15,8.5,8.21,0.29,3.53,122356.29,102803.9448,2023-08-01
600616.SH,2013-01-25,8.96,8.99,8.54,8.62,8.99,-0.37,-4.12,90539.8,79062.02,2023-08-01
601872.SH,2013-01-25,2.56,2.57,2.54,2.56,2.57,-0.01,-0.39,36955.1,9447.631,2023-08-01
300353.SZ,2013-01-25,28.3,29.17,28.27,28.65,28.43,0.22,0.77,9219.29,26492.3217,2023-08-01
600703.SH,2013-01-25,12.62,12.86,12.46,12.75,12.64,0.11,0.87,93073.99,118499.188,2023-08-01
600867.SH,2013-01-25,10.8,11.2,10.8,10.95,10.86,0.09,0.83,68926.45,76032.333,2023-08-01
601555.SH,2013-01-25,7.94,7.96,7.74,7.76,7.97,-0.21,-2.63,279806.91,219185.477,2023-08-01
600730.SH,2013-01-25,6.2,6.33,6.15,6.32,6.2,0.12,1.94,25266.8,15813.202,2023-08-01
000682.SZ,2013-01-25,3.1,3.13,3.09,3.1,3.11,-0.01,-0.32,27617.59,8581.2628,2023-08-01
002015.SZ,2013-01-25,6.62,6.8,6.62,6.68,6.68,0.0,0.0,20820.45,13944.3128,2023-08-01
601003.SH,2013-01-25,3.08,3.09,3.0,3.05,3.1,-0.05,-1.61,54098.84,16429.927,2023-08-01
300081.SZ,2013-01-25,14.88,15.05,14.75,14.98,14.85,0.13,0.88,7564.1,11272.6795,2023-08-01
300226.SZ,2013-01-25,13.56,13.99,13.36,13.68,13.6,0.08,0.59,3651.14,5013.5601,2023-08-01
000662.SZ,2013-01-25,5.4,5.5,5.29,5.47,5.29,0.18,3.4,29088.18,15780.4962,2023-08-01
600586.SH,2013-01-25,3.42,3.42,3.33,3.36,3.41,-0.05,-1.47,112546.37,37923.134,2023-08-01
600336.SH,2013-01-25,5.33,5.39,5.29,5.33,5.29,0.04,0.76,46872.91,25010.444,2023-08-01
601919.SH,2013-01-25,4.37,4.37,4.29,4.32,4.36,-0.04,-0.92,225888.04,97401.902,2023-08-01
002480.SZ,2013-01-25,11.41,11.69,10.93,11.48,11.75,-0.27,-2.3,41362.13,46605.6528,2023-08-01
300254.SZ,2013-01-25,8.74,8.81,8.69,8.78,8.68,0.1,1.15,4997.95,4379.2567,2023-08-01
002152.SZ,2013-01-25,13.8,14.1,13.7,13.87,14.0,-0.13,-0.93,11259.84,15622.9252,2023-08-01
600463.SH,2013-01-25,6.75,6.75,6.51,6.53,6.75,-0.22,-3.26,20526.27,13551.438,2023-08-01
600824.SH,2013-01-25,4.44,4.45,4.4,4.43,4.46,-0.03,-0.67,26358.9,11666.804,2023-08-01
300073.SZ,2013-01-25,8.39,8.65,8.32,8.62,8.4,0.22,2.62,22363.03,19039.3469,2023-08-01
002323.SZ,2013-01-25,16.99,16.99,16.7,16.85,16.88,-0.03,-0.18,1590.3,2678.5977,2023-08-01
002123.SZ,2013-01-25,8.49,8.49,8.22,8.27,8.43,-0.16,-1.9,99261.93,82523.4027,2023-08-01
300001.SZ,2013-01-25,11.64,12.19,11.63,11.64,11.45,0.19,1.66,17565.38,20876.0264,2023-08-01
600573.SH,2013-01-25,6.11,6.19,6.06,6.1,6.14,-0.04,-0.65,13091.31,7993.843,2023-08-01
600683.SH,2013-01-25,6.1,6.25,6.0,6.07,6.22,-0.15,-2.41,89299.25,54466.888,2023-08-01
600869.SH,2013-01-25,7.75,7.86,7.7,7.75,7.73,0.02,0.26,16589.38,12854.222,2023-08-01
002585.SZ,2013-01-25,10.5,10.5,10.27,10.38,10.55,-0.17,-1.61,21502.55,22344.2821,2023-08-01
600649.SH,2013-01-25,5.45,5.51,5.41,5.42,5.46,-0.04,-0.73,71055.25,38712.39,2023-08-01
600271.SH,2013-01-25,15.15,15.28,14.91,15.02,15.19,-0.17,-1.12,111587.95,167762.816,2023-08-01
000776.SZ,2013-01-25,14.66,14.7,14.26,14.29,14.69,-0.4,-2.72,362251.44,523452.2757,2023-08-01
000019.SZ,2013-01-25,8.39,8.56,8.32,8.49,8.43,0.06,0.71,40879.73,34722.644,2023-08-01
600812.SH,2013-01-25,6.13,6.29,6.08,6.25,6.17,0.08,1.3,51103.29,31567.018,2023-08-01
600766.SH,2013-01-25,11.25,11.26,11.09,11.17,11.25,-0.08,-0.71,10526.11,11749.27,2023-08-01
300022.SZ,2013-01-25,8.02,8.16,7.96,8.02,8.05,-0.03,-0.37,86092.11,69400.6211,2023-08-01
300004.SZ,2013-01-25,21.4,22.29,19.5,21.59,21.58,0.01,0.05,21689.65,46127.4311,2023-08-01
002067.SZ,2013-01-25,2.65,2.65,2.62,2.65,2.65,0.0,0.0,164809.94,43397.4423,2023-08-01
600887.SH,2013-01-25,25.51,26.09,25.34,25.65,25.52,0.13,0.51,126295.01,325978.007,2023-08-01
002261.SZ,2013-01-25,8.9,8.95,8.71,8.75,8.91,-0.16,-1.8,37186.12,32788.9865,2023-08-01
600969.SH,2013-01-25,10.9,11.23,10.55,10.59,11.01,-0.42,-3.81,25272.44,27383.506,2023-08-01
002494.SZ,2013-01-25,13.55,13.55,13.31,13.43,13.41,0.02,0.15,6188.0,8304.2196,2023-08-01
300281.SZ,2013-01-25,19.91,20.09,19.68,20.0,19.73,0.27,1.37,3512.25,6981.0901,2023-08-01
600734.SH,2013-01-25,3.65,3.68,3.6,3.65,3.65,0.0,0.0,25638.31,9360.622,2023-08-01
600004.SH,2013-01-25,7.21,7.24,7.17,7.23,7.21,0.02,0.28,22848.87,16466.796,2023-08-01
603993.SH,2013-01-25,9.18,9.54,9.07,9.28,9.13,0.15,1.64,290802.81,271733.433,2023-08-01
000668.SZ,2013-01-25,9.2,9.38,9.13,9.38,9.25,0.13,1.41,9714.25,8999.2573,2023-08-01
600358.SH,2013-01-25,3.8,3.9,3.78,3.88,3.81,0.07,1.84,22504.55,8659.931,2023-08-01
600401.SH,2013-01-25,6.21,6.34,6.1,6.11,6.15,-0.04,-0.65,57885.51,35975.626,2023-08-01
002237.SZ,2013-01-25,21.41,22.29,21.22,21.88,21.59,0.29,1.34,102608.22,223817.6332,2023-08-01
300227.SZ,2013-01-25,18.94,19.06,18.31,18.55,19.0,-0.45,-2.37,15681.61,29352.6694,2023-08-01
600498.SH,2013-01-25,21.53,22.14,21.53,22.12,21.66,0.46,2.12,29964.57,65795.521,2023-08-01
002391.SZ,2013-01-25,17.8,18.2,17.7,17.95,17.89,0.06,0.34,7830.28,14075.0138,2023-08-01
600378.SH,2013-01-25,9.12,9.12,8.49,9.03,8.97,0.06,0.67,46847.29,41924.879,2023-08-01
300331.SZ,2013-01-25,33.75,34.14,33.6,33.9,33.69,0.21,0.62,3220.99,10907.6457,2023-08-01
600755.SH,2013-01-25,4.36,4.38,4.29,4.3,4.37,-0.07,-1.6,75837.63,32803.868,2023-08-01
300028.SZ,2013-01-25,5.33,5.39,5.3,5.34,5.36,-0.02,-0.37,19694.61,10538.5681,2023-08-01
000533.SZ,2013-01-25,3.91,3.94,3.87,3.9,3.92,-0.02,-0.51,25430.19,9909.3057,2023-08-01
002358.SZ,2013-01-25,12.6,13.0,12.4,12.88,12.51,0.37,2.96,18037.33,22796.2344,2023-08-01
300183.SZ,2013-01-25,22.85,23.23,22.6,22.91,22.9,0.01,0.04,12406.88,28488.3853,2023-08-01
002326.SZ,2013-01-25,11.65,11.87,11.63,11.71,11.7,0.01,0.09,13107.63,15396.1413,2023-08-01
600456.SH,2013-01-25,17.83,18.5,17.83,18.11,17.88,0.23,1.29,47511.78,86781.511,2023-08-01
600483.SH,2013-01-25,5.4,5.5,5.4,5.43,5.43,0.0,0.0,28498.02,15529.122,2023-08-01
002347.SZ,2013-01-25,15.25,15.4,15.15,15.36,15.25,0.11,0.72,5079.33,7755.5491,2023-08-01
000032.SZ,2013-01-25,8.11,8.19,7.9,8.05,8.08,-0.03,-0.37,43066.68,34666.2257,2023-08-01
300149.SZ,2013-01-25,7.06,7.14,7.06,7.08,7.1,-0.02,-0.28,7764.28,5504.2732,2023-08-01
002178.SZ,2013-01-25,9.42,9.49,9.35,9.42,9.38,0.04,0.43,13024.9,12276.1182,2023-08-01
300180.SZ,2013-01-25,10.76,10.83,10.7,10.77,10.77,0.0,0.0,3862.9,4159.3656,2023-08-01
002239.SZ,2013-01-25,11.67,11.88,11.38,11.5,11.76,-0.26,-2.21,25254.23,29037.1518,2023-08-01
300214.SZ,2013-01-25,12.11,12.18,11.96,12.08,12.12,-0.04,-0.33,13118.41,15854.3551,2023-08-01
600600.SH,2013-01-25,33.45,33.53,32.91,33.42,33.32,0.1,0.3,22074.23,73557.907,2023-08-01
600760.SH,2013-01-25,6.2,6.26,6.04,6.06,6.34,-0.28,-4.42,139003.62,85089.67,2023-08-01
002702.SZ,2013-01-25,24.91,25.56,24.91,25.46,24.96,0.5,2.0,8424.98,21357.6235,2023-08-01
600653.SH,2013-01-25,2.5,2.61,2.49,2.52,2.5,0.02,0.8,82177.55,20945.11,2023-08-01
002374.SZ,2013-01-25,14.25,14.39,14.09,14.15,14.19,-0.04,-0.28,7390.47,10484.4625,2023-08-01
000565.SZ,2013-01-25,8.83,9.35,8.14,8.2,8.85,-0.65,-7.34,140092.8,121436.015,2023-08-01
002638.SZ,2013-01-25,10.06,10.11,9.83,9.89,10.06,-0.17,-1.69,51816.44,51534.9371,2023-08-01
601519.SH,2013-01-25,4.4,4.45,4.35,4.44,4.43,0.01,0.23,38661.96,16948.069,2023-08-01
601866.SH,2013-01-25,2.62,2.75,2.61,2.69,2.63,0.06,2.28,406493.34,109806.349,2023-08-01
600039.SH,2013-01-25,6.75,6.91,6.7,6.77,6.8,-0.03,-0.44,123437.06,84064.187,2023-08-01
600217.SH,2013-01-25,6.6,6.88,6.5,6.65,6.64,0.01,0.15,297878.81,199773.008,2023-08-01
600365.SH,2013-01-25,9.07,9.2,8.94,9.16,9.06,0.1,1.1,15130.99,13706.16,2023-08-01
300354.SZ,2013-01-25,24.12,24.46,23.68,23.96,23.9,0.06,0.25,4758.98,11479.0511,2023-08-01
600152.SH,2013-01-25,4.36,4.43,4.3,4.33,4.38,-0.05,-1.14,30918.71,13468.974,2023-08-01
300102.SZ,2013-01-25,8.48,8.56,8.35,8.41,8.47,-0.06,-0.71,28562.37,24153.3098,2023-08-01
002032.SZ,2013-01-25,12.4,12.56,12.22,12.34,12.69,-0.35,-2.76,7947.98,9832.8307,2023-08-01
300093.SZ,2013-01-25,6.2,6.3,6.15,6.2,6.21,-0.01,-0.16,11988.56,7459.587,2023-08-01
002526.SZ,2013-01-25,7.5,7.78,7.18,7.24,7.61,-0.37,-4.86,401343.48,296470.2119,2023-08-01
600289.SH,2013-01-25,5.73,5.8,5.65,5.71,5.76,-0.05,-0.87,62610.5,35890.774,2023-08-01
002545.SZ,2013-01-25,12.58,12.73,12.54,12.58,12.55,0.03,0.24,4499.47,5679.3869,2023-08-01
600123.SH,2013-01-25,21.11,21.38,20.81,20.83,21.04,-0.21,-1.0,152789.38,321186.206,2023-08-01
300097.SZ,2013-01-25,12.04,12.14,12.0,12.05,12.2,-0.15,-1.23,1287.73,1552.928,2023-08-01
002694.SZ,2013-01-25,18.2,18.4,18.04,18.22,18.13,0.09,0.5,15298.34,27872.5797,2023-08-01
601107.SH,2013-01-25,3.31,3.34,3.3,3.31,3.33,-0.02,-0.6,30130.47,9990.028,2023-08-01
000990.SZ,2013-01-25,6.61,6.65,6.51,6.53,6.63,-0.1,-1.51,20257.12,13278.0915,2023-08-01
002287.SZ,2013-01-25,14.88,14.98,14.7,14.86,14.87,-0.01,-0.07,5077.23,7526.4175,2023-08-01
600487.SH,2013-01-25,22.6,23.13,22.42,22.9,22.63,0.27,1.19,29561.75,67377.292,2023-08-01
600346.SH,2013-01-25,6.49,6.57,6.41,6.42,6.54,-0.12,-1.83,13481.92,8725.002,2023-08-01
002450.SZ,2013-01-25,25.66,26.77,25.65,26.45,25.54,0.91,3.56,49330.98,129729.487,2023-08-01
002045.SZ,2013-01-25,3.57,3.62,3.5,3.54,3.58,-0.04,-1.12,40239.12,14293.7258,2023-08-01
300201.SZ,2013-01-25,6.85,6.94,6.79,6.87,6.8,0.07,1.03,7153.6,4922.9271,2023-08-01
601886.SH,2013-01-25,23.02,23.81,22.9,23.44,23.05,0.39,1.69,22464.98,52748.223,2023-08-01
600078.SH,2013-01-25,8.31,8.43,8.21,8.25,8.33,-0.08,-0.96,92909.99,77089.438,2023-08-01
600547.SH,2013-01-25,36.49,37.0,36.2,36.69,36.65,0.04,0.11,95875.77,350923.462,2023-08-01
600658.SH,2013-01-25,8.14,8.26,8.0,8.16,8.16,0.0,0.0,32012.5,26032.011,2023-08-01
000733.SZ,2013-01-25,6.41,6.64,6.38,6.54,6.41,0.13,2.03,37632.27,24493.608,2023-08-01
000555.SZ,2013-01-25,7.52,7.67,7.41,7.53,7.57,-0.04,-0.53,10354.6,7812.7262,2023-08-01
600695.SH,2013-01-25,4.34,4.39,4.25,4.3,4.42,-0.12,-2.71,35665.9,15312.251,2023-08-01
600159.SH,2013-01-25,3.18,3.18,3.12,3.17,3.18,-0.01,-0.31,23375.22,7369.337,2023-08-01
002095.SZ,2013-01-25,12.58,12.71,12.3,12.63,12.65,-0.02,-0.16,10073.78,12595.2741,2023-08-01
601857.SH,2013-01-25,9.03,9.05,8.98,9.0,9.04,-0.04,-0.44,183929.09,165765.969,2023-08-01
600351.SH,2013-01-25,5.31,5.34,5.24,5.24,5.31,-0.07,-1.32,28856.35,15206.188,2023-08-01
300044.SZ,2013-01-25,22.03,22.8,21.01,21.21,21.68,-0.47,-2.17,96918.92,213268.6257,2023-08-01
601718.SH,2013-01-25,3.11,3.12,3.04,3.06,3.11,-0.05,-1.61,182082.75,55910.509,2023-08-01
600325.SH,2013-01-25,8.19,8.24,8.1,8.14,8.24,-0.1,-1.21,40188.25,32759.001,2023-08-01
600481.SH,2013-01-25,7.26,7.35,7.15,7.24,7.28,-0.04,-0.55,48721.4,35367.404,2023-08-01
300255.SZ,2013-01-25,15.48,16.06,14.58,15.07,14.87,0.2,1.35,88049.18,134343.5601,2023-08-01
000511.SZ,2013-01-25,4.02,4.04,3.99,4.02,4.02,0.0,0.0,94964.79,38124.6108,2023-08-01
600645.SH,2013-01-25,17.25,17.8,17.12,17.79,17.22,0.57,3.31,20826.43,36205.197,2023-08-01
600572.SH,2013-01-25,10.78,10.95,10.62,10.9,10.78,0.12,1.11,73194.56,78747.215,2023-08-01
601011.SH,2013-01-25,10.7,10.76,10.6,10.65,10.65,0.0,0.0,14973.44,15976.431,2023-08-01
600246.SH,2013-01-25,3.8,3.84,3.76,3.78,3.82,-0.04,-1.05,40676.3,15459.561,2023-08-01
000630.SZ,2013-01-25,18.25,18.54,18.1,18.2,18.3,-0.1,-0.55,115723.16,211904.6911,2023-08-01
000800.SZ,2013-01-25,7.63,7.83,7.59,7.71,7.62,0.09,1.18,99457.25,76694.0443,2023-08-01
600577.SH,2013-01-25,4.89,4.98,4.85,4.96,4.93,0.03,0.61,201281.1,99117.378,2023-08-01
600332.SH,2013-01-25,21.8,23.8,21.8,23.69,21.88,1.81,8.27,152436.21,354655.758,2023-08-01
000014.SZ,2013-01-25,10.48,10.63,9.82,10.1,10.9,-0.8,-7.34,309667.47,315504.1191,2023-08-01
000063.SZ,2013-01-25,10.18,10.34,10.1,10.23,10.23,0.0,0.0,197569.36,202341.4145,2023-08-01
000571.SZ,2013-01-25,4.82,4.85,4.77,4.8,4.82,-0.02,-0.41,46613.41,22424.4031,2023-08-01
000722.SZ,2013-01-25,7.92,8.04,7.8,8.02,7.98,0.04,0.5,72037.64,57192.3071,2023-08-01
000748.SZ,2013-01-25,5.71,5.88,5.71,5.75,5.73,0.02,0.35,35934.71,20761.2099,2023-08-01
000860.SZ,2013-01-25,14.7,14.92,14.08,14.35,14.68,-0.33,-2.25,47814.38,68598.9351,2023-08-01
000895.SZ,2013-01-25,64.25,66.99,63.52,66.36,64.25,2.11,3.28,21412.73,140177.1945,2023-08-01
000938.SZ,2013-01-25,11.06,11.16,10.96,11.01,11.11,-0.1,-0.9,18144.14,20026.7187,2023-08-01
600179.SH,2013-01-25,6.71,6.89,6.7,6.71,6.79,-0.08,-1.18,70785.26,47959.135,2023-08-01
600368.SH,2013-01-25,3.76,3.79,3.74,3.76,3.76,0.0,0.0,20191.48,7602.95,2023-08-01
600673.SH,2013-01-25,7.5,7.53,7.33,7.36,7.47,-0.11,-1.47,42213.88,31457.629,2023-08-01
600733.SH,2013-01-25,15.46,15.72,15.2,15.37,14.97,0.4,2.67,18257.51,28350.104,2023-08-01
600882.SH,2013-01-25,12.43,12.76,12.18,12.57,12.4,0.17,1.37,73619.95,91948.75,2023-08-01
600526.SH,2013-01-25,15.21,16.25,15.16,15.33,15.12,0.21,1.39,193610.14,304028.652,2023-08-01
600114.SH,2013-01-25,8.24,8.54,8.14,8.42,8.28,0.14,1.69,42708.25,35709.058,2023-08-01
002005.SZ,2013-01-25,6.69,6.69,6.5,6.68,6.71,-0.03,-0.45,86483.58,57118.0221,2023-08-01
002114.SZ,2013-01-25,11.17,11.17,10.96,11.17,10.64,0.53,4.98,98369.95,109805.8822,2023-08-01
002259.SZ,2013-01-25,3.53,3.56,3.49,3.5,3.54,-0.04,-1.13,106837.33,37505.7505,2023-08-01
002338.SZ,2013-01-25,20.5,20.5,19.01,19.43,18.9,0.53,2.8,14873.57,29157.013,2023-08-01
300105.SZ,2013-01-25,23.84,24.6,23.57,24.51,23.84,0.67,2.81,14987.04,36537.0537,2023-08-01
002449.SZ,2013-01-25,7.04,7.15,6.95,7.0,7.08,-0.08,-1.13,24542.62,17259.0724,2023-08-01
300253.SZ,2013-01-25,22.4,22.7,21.92,22.54,22.3,0.24,1.08,17818.8,39838.5712,2023-08-01
300229.SZ,2013-01-25,12.9,12.91,12.27,12.38,12.91,-0.53,-4.11,19232.96,24054.0242,2023-08-01
002560.SZ,2013-01-25,13.5,13.53,13.35,13.45,13.45,0.0,0.0,4658.31,6265.5434,2023-08-01
300208.SZ,2013-01-25,14.51,14.85,14.25,14.37,14.5,-0.13,-0.9,18292.5,26608.5315,2023-08-01
601928.SH,2013-01-25,7.18,7.41,7.11,7.32,7.21,0.11,1.53,162761.02,118344.26,2023-08-01
601965.SH,2013-01-25,7.59,7.8,7.59,7.66,7.61,0.05,0.66,68226.69,52432.298,2023-08-01
002169.SZ,2013-01-25,4.92,5.0,4.92,4.96,4.94,0.02,0.4,17174.39,8511.6615,2023-08-01
600259.SH,2013-01-25,56.3,57.83,55.88,56.6,56.39,0.21,0.37,42313.96,240589.53,2023-08-01
600008.SH,2013-01-25,4.41,4.45,4.36,4.38,4.4,-0.02,-0.45,39646.79,17440.05,2023-08-01
000919.SZ,2013-01-25,7.28,7.45,7.27,7.38,7.28,0.1,1.37,27377.78,20162.4493,2023-08-01
600758.SH,2013-01-25,7.51,7.59,7.4,7.46,7.51,-0.05,-0.67,11628.12,8707.574,2023-08-01
002591.SZ,2013-01-25,12.31,12.34,12.12,12.24,12.22,0.02,0.16,3620.12,4420.6818,2023-08-01
000751.SZ,2013-01-25,2.94,2.98,2.92,2.94,2.96,-0.02,-0.68,80285.27,23752.126,2023-08-01
002014.SZ,2013-01-25,9.51,9.66,9.5,9.58,9.58,0.0,0.0,42790.95,40967.5445,2023-08-01
002485.SZ,2013-01-25,7.7,7.8,7.62,7.68,7.66,0.02,0.26,14181.83,10916.4568,2023-08-01
000752.SZ,2013-01-25,12.92,13.19,12.8,12.81,13.34,-0.53,-3.97,74340.48,96244.6821,2023-08-01
601222.SH,2013-01-25,12.24,12.44,12.17,12.41,12.23,0.18,1.47,36257.78,44708.816,2023-08-01
600714.SH,2013-01-25,10.72,10.89,10.67,10.69,10.8,-0.11,-1.02,16602.14,17853.24,2023-08-01
600891.SH,2013-01-25,6.94,7.21,6.9,7.13,6.98,0.15,2.15,30834.03,21793.715,2023-08-01
002504.SZ,2013-01-25,9.85,9.94,9.76,9.85,9.84,0.01,0.1,11126.63,10948.2467,2023-08-01
600674.SH,2013-01-25,8.78,8.93,8.75,8.92,8.76,0.16,1.83,119749.06,105909.175,2023-08-01
601996.SH,2013-01-25,7.28,7.31,7.1,7.15,7.28,-0.13,-1.79,95168.07,68494.462,2023-08-01
300346.SZ,2013-01-25,56.08,58.58,56.02,57.55,56.43,1.12,1.98,6240.76,35818.1657,2023-08-01
000402.SZ,2013-01-25,6.78,6.83,6.7,6.73,6.8,-0.07,-1.03,175066.96,118155.1327,2023-08-01
300298.SZ,2013-01-25,56.76,59.4,56.43,58.96,56.32,2.64,4.69,15188.0,88564.1711,2023-08-01
002340.SZ,2013-01-25,11.61,11.72,11.51,11.53,11.6,-0.07,-0.6,51568.25,59797.1002,2023-08-01
600010.SH,2013-01-25,5.32,5.34,5.24,5.25,5.3,-0.05,-0.94,351110.31,185598.914,2023-08-01
002243.SZ,2013-01-25,6.82,6.98,6.77,6.92,6.82,0.1,1.47,18480.76,12727.4435,2023-08-01
002635.SZ,2013-01-25,43.0,43.02,42.02,42.5,43.51,-1.01,-2.32,16875.83,71787.4561,2023-08-01
002029.SZ,2013-01-25,17.13,17.28,16.95,16.98,17.28,-0.3,-1.74,28809.08,49174.9814,2023-08-01
002567.SZ,2013-01-25,12.98,13.18,12.87,13.0,13.08,-0.08,-0.61,21775.04,28325.1158,2023-08-01
300080.SZ,2013-01-25,6.76,6.88,6.73,6.82,6.77,0.05,0.74,42960.39,29278.3601,2023-08-01
601989.SH,2013-01-25,4.96,4.98,4.84,4.89,4.94,-0.05,-1.01,365135.13,178753.86,2023-08-01
600835.SH,2013-01-25,8.02,8.1,8.0,8.04,8.01,0.03,0.37,23640.7,19020.985,2023-08-01
600832.SH,2013-01-25,5.69,5.95,5.69,5.8,5.69,0.11,1.93,165370.41,95844.509,2023-08-01
300293.SZ,2013-01-25,23.71,24.28,23.21,23.9,23.71,0.19,0.8,10896.27,25864.7209,2023-08-01
000989.SZ,2013-01-25,12.88,13.13,12.72,12.89,12.8,0.09,0.7,70275.21,90989.817,2023-08-01
600796.SH,2013-01-25,5.33,5.34,5.22,5.27,5.33,-0.06,-1.13,21271.36,11232.031,2023-08-01
002393.SZ,2013-01-25,33.55,34.3,33.33,33.87,33.4,0.47,1.41,7836.85,26526.9025,2023-08-01
600881.SH,2013-01-25,4.96,5.06,4.91,4.98,4.96,0.02,0.4,113519.14,56556.911,2023-08-01
000566.SZ,2013-01-25,10.2,10.35,10.01,10.16,10.08,0.08,0.79,47483.23,48121.4833,2023-08-01
000735.SZ,2013-01-25,5.75,5.75,5.58,5.59,5.75,-0.16,-2.78,186474.09,104963.9438,2023-08-01
000801.SZ,2013-01-25,7.7,7.77,7.64,7.7,7.7,0.0,0.0,8581.26,6608.2553,2023-08-01
600406.SH,2013-01-25,16.35,16.36,16.0,16.2,16.16,0.04,0.25,121717.28,197010.284,2023-08-01
002083.SZ,2013-01-25,4.03,4.07,4.03,4.05,4.04,0.01,0.25,43829.25,17737.6864,2023-08-01
002117.SZ,2013-01-25,7.65,7.8,7.65,7.79,7.71,0.08,1.04,12143.71,9412.3138,2023-08-01
300351.SZ,2013-01-25,24.47,25.06,24.35,25.05,24.52,0.53,2.16,11440.97,28423.1975,2023-08-01
002262.SZ,2013-01-25,28.4,29.34,28.14,28.9,28.4,0.5,1.76,13743.93,39606.7972,2023-08-01
300057.SZ,2013-01-25,10.13,10.66,10.0,10.21,10.09,0.12,1.19,174417.76,180494.46,2023-08-01
300334.SZ,2013-01-25,24.6,25.62,24.6,24.93,24.85,0.08,0.32,10797.33,27057.8572,2023-08-01
600516.SH,2013-01-25,9.9,10.06,9.8,9.83,9.87,-0.04,-0.41,133446.8,132557.958,2023-08-01
000576.SZ,2013-01-25,7.01,7.28,6.97,7.18,7.01,0.17,2.43,33202.18,23722.3168,2023-08-01
000797.SZ,2013-01-25,4.99,5.01,4.91,4.92,4.95,-0.03,-0.61,17051.05,8448.3797,2023-08-01
600848.SH,2013-01-25,6.14,6.17,6.04,6.07,6.12,-0.05,-0.82,8992.76,5496.601,2023-08-01
300259.SZ,2013-01-25,13.89,14.4,13.55,14.38,13.71,0.67,4.89,18112.05,25428.7105,2023-08-01
002528.SZ,2013-01-25,9.05,9.37,8.92,9.37,9.04,0.33,3.65,31275.5,28566.5538,2023-08-01
000518.SZ,2013-01-25,4.02,4.06,4.0,4.01,4.04,-0.03,-0.74,92124.3,37094.8327,2023-08-01
600418.SH,2013-01-25,7.53,7.79,7.41,7.59,7.55,0.04,0.53,153096.89,117005.891,2023-08-01
000581.SZ,2013-01-25,33.85,34.82,33.2,34.0,33.49,0.51,1.52,43625.11,148603.1751,2023-08-01
300171.SZ,2013-01-25,30.98,31.55,30.52,31.35,30.8,0.55,1.79,9053.94,28145.1866,2023-08-01
002248.SZ,2013-01-25,7.02,7.02,6.88,6.93,7.02,-0.09,-1.28,13302.2,9217.3747,2023-08-01
600654.SH,2013-01-25,4.11,4.11,4.06,4.08,4.09,-0.01,-0.24,16786.7,6850.048,2023-08-01
000858.SZ,2013-01-25,25.63,25.68,25.09,25.12,25.9,-0.78,-3.01,420596.08,1062737.9783,2023-08-01
002541.SZ,2013-01-25,12.34,12.44,12.11,12.3,12.36,-0.06,-0.49,18599.83,22804.6855,2023-08-01
601311.SH,2013-01-25,9.74,10.32,9.74,10.23,9.72,0.51,5.25,136467.42,137701.229,2023-08-01
002194.SZ,2013-01-25,5.91,6.03,5.87,5.9,6.0,-0.1,-1.67,17523.91,10412.9879,2023-08-01
002343.SZ,2013-01-25,8.15,8.18,8.08,8.08,8.19,-0.11,-1.34,4450.4,3619.7163,2023-08-01
002088.SZ,2013-01-25,9.2,9.37,9.09,9.13,9.16,-0.03,-0.33,22207.7,20478.138,2023-08-01
300047.SZ,2013-01-25,15.3,16.09,15.3,15.48,15.37,0.11,0.72,43014.03,67599.6018,2023-08-01
002670.SZ,2013-01-25,7.0,7.02,6.92,6.98,7.02,-0.04,-0.57,11123.2,7761.7648,2023-08-01
600180.SH,2013-01-25,9.06,9.24,8.98,9.16,9.0,0.16,1.78,17904.8,16292.48,2023-08-01
300280.SZ,2013-01-25,7.98,8.13,7.98,8.08,8.07,0.01,0.12,3843.29,3103.3285,2023-08-01
000875.SZ,2013-01-25,2.77,2.81,2.75,2.78,2.77,0.01,0.36,40940.4,11378.3444,2023-08-01
000524.SZ,2013-01-25,6.56,6.7,6.56,6.6,6.6,0.0,0.0,12050.19,7985.4356,2023-08-01
600009.SH,2013-01-25,12.64,12.75,12.5,12.6,12.65,-0.05,-0.4,38654.16,48844.061,2023-08-01
600262.SH,2013-01-25,14.3,14.44,14.02,14.09,14.35,-0.26,-1.81,13629.31,19373.424,2023-08-01
300194.SZ,2013-01-25,19.28,19.28,19.01,19.11,19.03,0.08,0.42,2084.61,3992.2773,2023-08-01
600567.SH,2013-01-25,2.6,2.66,2.59,2.62,2.61,0.01,0.38,365731.3,95998.195,2023-08-01
600086.SH,2013-01-25,20.77,21.16,20.53,20.97,20.83,0.14,0.67,41241.17,85941.363,2023-08-01
000962.SZ,2013-01-25,12.77,14.37,12.71,14.37,13.06,1.31,10.03,397364.43,562303.5711,2023-08-01
300150.SZ,2013-01-25,14.2,14.84,14.18,14.51,14.17,0.34,2.4,17576.68,25705.2916,2023-08-01
601328.SH,2013-01-25,5.1,5.13,5.03,5.09,5.1,-0.01,-0.2,586802.47,298061.998,2023-08-01
000028.SZ,2013-01-25,34.09,36.2,34.01,36.1,34.3,1.8,5.25,16805.46,59620.4936,2023-08-01
600787.SH,2013-01-25,7.18,7.26,7.13,7.18,7.17,0.01,0.14,55974.65,40240.018,2023-08-01
601208.SH,2013-01-25,6.72,6.78,6.6,6.65,6.72,-0.07,-1.04,25235.63,16812.792,2023-08-01
002467.SZ,2013-01-25,14.88,14.9,14.5,14.6,15.09,-0.49,-3.25,123659.87,181526.4383,2023-08-01
002611.SZ,2013-01-25,8.89,9.05,8.83,9.03,8.92,0.11,1.23,29345.22,26228.5864,2023-08-01
002395.SZ,2013-01-25,13.6,13.76,13.4,13.75,13.6,0.15,1.1,8002.72,10885.6861,2023-08-01
002479.SZ,2013-01-25,13.1,13.45,13.1,13.26,13.02,0.24,1.84,28913.7,38575.7102,2023-08-01
300162.SZ,2013-01-25,10.66,10.75,10.5,10.68,10.67,0.01,0.09,8044.15,8527.8917,2023-08-01
601169.SH,2013-01-25,9.66,9.94,9.65,9.82,9.64,0.18,1.87,453022.87,443127.242,2023-08-01
600569.SH,2013-01-25,2.22,2.23,2.2,2.21,2.22,-0.01,-0.45,43599.45,9639.789,2023-08-01
600619.SH,2013-01-25,7.33,7.5,7.24,7.4,7.41,-0.01,-0.14,34763.47,25628.396,2023-08-01
600851.SH,2013-01-25,5.55,5.58,5.45,5.46,5.55,-0.09,-1.62,54360.03,29910.327,2023-08-01
600319.SH,2013-01-25,4.22,4.26,4.18,4.22,4.23,-0.01,-0.24,28579.84,12047.292,2023-08-01
002188.SZ,2013-01-25,8.56,8.8,8.51,8.64,8.47,0.17,2.01,39029.01,33892.0554,2023-08-01
002512.SZ,2013-01-25,9.93,10.09,9.77,9.91,9.84,0.07,0.71,31034.41,30857.4786,2023-08-01
002630.SZ,2013-01-25,17.0,17.4,16.95,17.23,17.3,-0.07,-0.4,13548.04,23227.4901,2023-08-01
002462.SZ,2013-01-25,8.11,8.15,8.05,8.13,8.13,0.0,0.0,9438.82,7649.7413,2023-08-01
600834.SH,2013-01-25,6.35,6.42,6.35,6.38,6.39,-0.01,-0.16,8263.88,5276.426,2023-08-01
600087.SH,2013-01-25,1.32,1.35,1.32,1.35,1.33,0.02,1.5,136110.69,18208.54,2023-08-01
600200.SH,2013-01-25,7.63,7.74,7.61,7.66,7.67,-0.01,-0.13,49294.16,37809.852,2023-08-01
600806.SH,2013-01-25,4.73,4.85,4.64,4.75,4.69,0.06,1.28,25104.01,11882.471,2023-08-01
000531.SZ,2013-01-25,11.88,11.89,11.53,11.65,11.85,-0.2,-1.69,28864.26,33628.557,2023-08-01
300335.SZ,2013-01-25,14.87,15.15,14.83,15.02,14.82,0.2,1.35,22667.14,34047.0302,2023-08-01
000522.SZ,2013-01-25,19.91,21.5,19.88,21.3,19.8,1.5,7.58,242782.17,510088.7149,2023-08-01
600158.SH,2013-01-25,5.8,5.87,5.76,5.8,5.8,0.0,0.0,96786.06,56282.799,2023-08-01
300262.SZ,2013-01-25,21.3,21.78,21.05,21.05,21.21,-0.16,-0.75,30027.49,64076.0571,2023-08-01
002304.SZ,2013-01-25,88.61,88.61,85.85,86.02,89.6,-3.58,-4.0,51227.25,443368.5745,2023-08-01
002271.SZ,2013-01-25,15.43,15.82,15.43,15.6,15.54,0.06,0.39,17099.54,26803.0525,2023-08-01
300023.SZ,2013-01-25,8.68,8.78,8.52,8.6,8.73,-0.13,-1.49,8246.91,7117.3623,2023-08-01
300061.SZ,2013-01-25,7.84,7.92,7.7,7.86,7.88,-0.02,-0.25,3118.28,2437.1016,2023-08-01
600410.SH,2013-01-25,6.63,6.66,6.52,6.55,6.62,-0.07,-1.06,47655.96,31289.949,2023-08-01
300052.SZ,2013-01-25,10.71,10.84,10.52,10.59,10.73,-0.14,-1.3,9822.01,10510.1895,2023-08-01
600620.SH,2013-01-25,3.95,3.97,3.84,3.92,3.98,-0.06,-1.51,45700.9,17820.283,2023-08-01
601010.SH,2013-01-25,13.64,13.75,13.39,13.43,13.63,-0.2,-1.47,10739.65,14485.12,2023-08-01
002454.SZ,2013-01-25,8.65,8.69,8.52,8.61,8.62,-0.01,-0.12,6155.01,5308.0665,2023-08-01
600059.SH,2013-01-25,11.08,11.17,10.8,10.82,11.07,-0.25,-2.26,72948.11,79855.158,2023-08-01
601518.SH,2013-01-25,2.57,2.59,2.56,2.58,2.57,0.01,0.39,27857.72,7162.243,2023-08-01
002352.SZ,2013-01-25,19.75,19.84,19.49,19.56,19.6,-0.04,-0.2,2223.4,4355.6225,2023-08-01
600581.SH,2013-01-25,5.81,5.85,5.67,5.69,5.86,-0.17,-2.9,85847.47,49211.42,2023-08-01
600190.SH,2013-01-25,3.57,3.59,3.52,3.53,3.57,-0.04,-1.12,40115.04,14242.655,2023-08-01
600182.SH,2013-01-25,8.05,8.17,8.05,8.13,8.05,0.08,0.99,14739.48,11978.954,2023-08-01
002610.SZ,2013-01-25,5.6,5.63,5.52,5.54,5.6,-0.06,-1.07,30785.02,17145.0416,2023-08-01
600594.SH,2013-01-25,23.52,24.7,23.52,24.69,23.82,0.87,3.65,30516.92,74453.993,2023-08-01
000517.SZ,2013-01-25,6.85,6.87,6.58,6.59,6.89,-0.3,-4.35,62576.03,41842.2187,2023-08-01
600652.SH,2013-01-25,4.46,4.51,4.44,4.46,4.46,0.0,0.0,51006.87,22824.603,2023-08-01
601908.SH,2013-01-25,6.18,6.18,6.08,6.13,6.16,-0.03,-0.49,33393.72,20447.703,2023-08-01
002214.SZ,2013-01-25,16.35,17.49,16.35,17.11,16.6,0.51,3.07,31070.22,53294.7172,2023-08-01
601880.SH,2013-01-25,2.82,2.82,2.79,2.8,2.82,-0.02,-0.71,111250.36,31178.511,2023-08-01
002018.SZ,2013-01-25,10.67,10.8,10.21,10.32,10.66,-0.34,-3.19,74482.27,78211.6087,2023-08-01
600856.SH,2013-01-25,4.14,4.15,4.09,4.11,4.12,-0.01,-0.24,10635.96,4379.322,2023-08-01
000876.SZ,2013-01-25,13.36,13.44,13.13,13.18,13.37,-0.19,-1.42,54749.68,72701.4977,2023-08-01
600018.SH,2013-01-25,2.77,2.86,2.77,2.81,2.78,0.03,1.08,125893.06,35465.345,2023-08-01
000528.SZ,2013-01-25,9.85,9.92,9.63,9.66,9.86,-0.2,-2.03,117636.97,114250.1231,2023-08-01
600307.SH,2013-01-25,3.39,3.44,3.35,3.37,3.42,-0.05,-1.46,48546.17,16413.446,2023-08-01
600795.SH,2013-01-25,2.76,2.81,2.75,2.75,2.75,0.0,0.0,469113.49,129934.625,2023-08-01
601727.SH,2013-01-25,4.08,4.1,4.02,4.05,4.08,-0.03,-0.74,33186.79,13417.268,2023-08-01
600269.SH,2013-01-25,3.44,3.44,3.41,3.41,3.44,-0.03,-0.87,63728.2,21823.691,2023-08-01
600415.SH,2013-01-25,6.73,6.76,6.61,6.68,6.74,-0.06,-0.89,117494.45,78540.281,2023-08-01
002047.SZ,2013-01-25,3.0,3.01,2.96,2.99,3.0,-0.01,-0.33,34402.13,10247.8067,2023-08-01
600362.SH,2013-01-25,23.69,23.97,23.63,23.68,23.78,-0.1,-0.42,97730.52,232464.559,2023-08-01
600859.SH,2013-01-25,23.24,23.24,22.7,22.86,23.19,-0.33,-1.42,30051.32,68653.097,2023-08-01
300189.SZ,2013-01-25,10.51,11.13,10.51,10.95,10.6,0.35,3.3,93443.82,101971.3151,2023-08-01
002424.SZ,2013-01-25,15.57,15.72,15.26,15.53,15.66,-0.13,-0.83,29176.93,45319.8381,2023-08-01
300008.SZ,2013-01-25,6.63,6.69,6.55,6.56,6.62,-0.06,-0.91,29582.66,19542.1918,2023-08-01
002170.SZ,2013-01-25,7.9,8.03,7.86,7.91,7.93,-0.02,-0.25,13184.29,10475.3946,2023-08-01
300058.SZ,2013-01-25,25.56,26.69,25.53,26.06,25.79,0.27,1.05,17884.87,46781.773,2023-08-01
000048.SZ,2013-01-25,7.34,7.36,7.08,7.3,7.34,-0.04,-0.55,28918.51,21010.9088,2023-08-01
600235.SH,2013-01-25,7.99,7.99,7.81,7.91,7.88,0.03,0.38,7021.1,5536.592,2023-08-01
600112.SH,2013-01-25,11.35,11.6,11.25,11.42,11.35,0.07,0.62,41176.6,46967.813,2023-08-01
601117.SH,2013-01-25,7.36,7.47,7.28,7.45,7.33,0.12,1.64,276857.05,205598.022,2023-08-01
000778.SZ,2013-01-25,6.22,6.25,6.12,6.15,6.23,-0.08,-1.28,107323.32,66053.8722,2023-08-01
002065.SZ,2013-01-25,14.28,14.65,14.24,14.4,14.34,0.06,0.42,46710.97,67655.5943,2023-08-01
002216.SZ,2013-01-25,25.33,26.0,25.33,25.65,25.59,0.06,0.23,6399.83,16559.5737,2023-08-01
000567.SZ,2013-01-25,9.05,9.47,9.0,9.14,9.06,0.08,0.88,76352.31,70239.1921,2023-08-01
002266.SZ,2013-01-25,6.64,6.66,6.53,6.56,6.63,-0.07,-1.06,46965.41,30942.5315,2023-08-01
600863.SH,2013-01-25,7.76,7.81,7.51,7.57,7.69,-0.12,-1.56,93484.65,71423.705,2023-08-01
000738.SZ,2013-01-25,11.35,11.45,10.5,10.63,11.6,-0.97,-8.36,198774.14,217120.3511,2023-08-01
300199.SZ,2013-01-25,16.66,16.94,16.47,16.78,16.97,-0.19,-1.12,16307.78,27234.8576,2023-08-01
300034.SZ,2013-01-25,16.7,16.78,15.8,15.85,16.94,-1.09,-6.43,81622.54,132885.706,2023-08-01
000729.SZ,2013-01-25,5.61,5.65,5.59,5.61,5.62,-0.01,-0.18,99815.15,56053.5484,2023-08-01
000560.SZ,2013-01-25,7.45,7.5,7.42,7.46,7.45,0.01,0.13,7409.3,5522.2125,2023-08-01
002426.SZ,2013-01-25,6.38,6.42,6.3,6.32,6.37,-0.05,-0.78,9748.38,6196.4268,2023-08-01
000683.SZ,2013-01-25,5.24,5.32,5.15,5.16,5.27,-0.11,-2.09,80440.18,42147.2363,2023-08-01
300311.SZ,2013-01-25,14.78,14.97,14.73,14.85,14.77,0.08,0.54,5109.53,7586.2313,2023-08-01
002161.SZ,2013-01-25,7.69,7.94,7.48,7.54,7.85,-0.31,-3.95,377057.92,288804.9763,2023-08-01
000993.SZ,2013-01-25,9.85,9.96,9.73,9.95,9.85,0.1,1.02,40309.66,39838.0539,2023-08-01
002270.SZ,2013-01-25,5.66,5.73,5.62,5.7,5.64,0.06,1.06,17661.72,10037.8721,2023-08-01
601677.SH,2013-01-25,10.85,10.98,10.7,10.8,10.79,0.01,0.09,15629.35,16920.057,2023-08-01
000049.SZ,2013-01-25,33.99,33.99,33.35,33.86,34.55,-0.69,-2.0,23681.73,79951.0114,2023-08-01
603123.SH,2013-01-25,8.2,8.29,8.14,8.19,8.25,-0.06,-0.73,21958.36,18025.081,2023-08-01
600727.SH,2013-01-25,4.83,4.86,4.77,4.81,4.81,0.0,0.0,22407.67,10774.121,2023-08-01
600767.SH,2013-01-25,3.89,3.9,3.85,3.89,3.87,0.02,0.52,22042.28,8532.82,2023-08-01
002137.SZ,2013-01-25,5.42,5.43,5.3,5.32,5.43,-0.11,-2.03,30511.29,16333.4661,2023-08-01
600982.SH,2013-01-25,10.1,10.55,10.03,10.49,10.2,0.29,2.84,32372.03,33638.65,2023-08-01
300114.SZ,2013-01-25,15.14,15.37,14.52,14.6,15.37,-0.77,-5.01,13648.1,20310.5537,2023-08-01
300178.SZ,2013-01-25,12.62,13.04,12.51,12.96,12.61,0.35,2.78,25148.83,32129.2003,2023-08-01
002361.SZ,2013-01-25,10.47,10.79,10.28,10.57,10.57,0.0,0.0,21857.33,23155.0424,2023-08-01
300063.SZ,2013-01-25,9.33,9.33,9.08,9.11,9.25,-0.14,-1.51,3577.73,3274.8088,2023-08-01
300200.SZ,2013-01-25,16.52,16.52,16.48,16.52,15.02,1.5,9.99,79135.08,130725.4984,2023-08-01
300039.SZ,2013-01-25,24.9,25.65,24.9,25.3,25.21,0.09,0.36,15225.02,38469.9248,2023-08-01
000156.SZ,2013-01-25,15.5,17.9,15.43,17.9,16.27,1.63,10.02,289655.48,501865.44,2023-08-01
600150.SH,2013-01-25,22.91,23.07,22.4,22.52,23.07,-0.55,-2.38,98435.99,222960.268,2023-08-01
300160.SZ,2013-01-25,8.36,8.37,8.15,8.19,8.38,-0.19,-2.27,6088.17,5007.0136,2023-08-01
002101.SZ,2013-01-25,9.23,9.28,8.91,9.08,9.28,-0.2,-2.16,17622.32,16005.2415,2023-08-01
300338.SZ,2013-01-25,24.8,25.24,24.8,24.95,24.9,0.05,0.2,5668.07,14201.4777,2023-08-01
601566.SH,2013-01-25,15.35,15.47,15.13,15.2,15.37,-0.17,-1.11,31462.42,47908.014,2023-08-01
600079.SH,2013-01-25,23.83,24.68,23.63,24.6,23.87,0.73,3.06,33618.55,82038.68,2023-08-01
002703.SZ,2013-01-25,15.8,16.14,15.6,16.04,15.8,0.24,1.52,18651.06,29812.7363,2023-08-01
000009.SZ,2013-01-25,9.23,9.27,8.97,8.99,9.17,-0.18,-1.96,182707.33,166706.6094,2023-08-01
002292.SZ,2013-01-25,21.49,22.25,21.21,21.69,21.49,0.2,0.93,21369.14,46674.0109,2023-08-01
002686.SZ,2013-01-25,20.67,20.89,20.49,20.55,20.68,-0.13,-0.63,8286.16,17148.2162,2023-08-01
600529.SH,2013-01-25,8.71,8.74,8.56,8.62,8.66,-0.04,-0.46,32198.87,27844.978,2023-08-01
002584.SZ,2013-01-25,8.71,8.88,8.71,8.76,8.71,0.05,0.57,19039.48,16706.759,2023-08-01
002390.SZ,2013-01-25,16.67,17.15,16.35,17.08,16.71,0.37,2.21,22254.57,37422.239,2023-08-01
600370.SH,2013-01-25,4.13,4.13,4.04,4.11,4.06,0.05,1.23,12195.95,4974.236,2023-08-01
300111.SZ,2013-01-25,6.66,6.77,6.59,6.64,6.67,-0.03,-0.45,33944.93,22659.5454,2023-08-01
600565.SH,2013-01-25,3.79,3.85,3.75,3.78,3.77,0.01,0.27,46519.57,17600.244,2023-08-01
601116.SH,2013-01-25,9.39,9.39,9.18,9.2,9.35,-0.15,-1.6,8754.05,8138.645,2023-08-01
002295.SZ,2013-01-25,6.06,6.17,6.06,6.07,6.09,-0.02,-0.33,16848.23,10286.8068,2023-08-01
002109.SZ,2013-01-25,7.17,7.2,7.0,7.05,7.16,-0.11,-1.54,30963.23,21940.077,2023-08-01
600470.SH,2013-01-25,9.01,9.08,8.8,8.83,9.01,-0.18,-2.0,116958.26,104301.123,2023-08-01
002558.SZ,2013-01-25,22.98,23.35,22.73,23.1,22.9,0.2,0.87,1892.92,4367.3763,2023-08-01
300297.SZ,2013-01-25,15.93,16.19,15.77,15.96,15.95,0.01,0.06,8728.39,13915.3065,2023-08-01
601268.SH,2013-01-25,4.85,4.85,4.46,4.47,4.95,-0.48,-9.7,240924.7,109244.235,2023-08-01
300237.SZ,2013-01-25,14.99,15.04,14.72,15.0,14.99,0.01,0.07,3924.4,5869.4452,2023-08-01
600103.SH,2013-01-25,2.85,2.87,2.8,2.83,2.86,-0.03,-1.05,64755.73,18344.517,2023-08-01
002357.SZ,2013-01-25,8.1,8.19,8.07,8.15,8.11,0.04,0.49,8942.9,7267.6542,2023-08-01
600538.SH,2013-01-25,4.85,4.91,4.84,4.85,4.86,-0.01,-0.21,20358.92,9906.428,2023-08-01
600864.SH,2013-01-25,5.85,5.88,5.79,5.84,5.88,-0.04,-0.68,20037.08,11698.366,2023-08-01
600745.SH,2013-01-25,9.96,10.06,9.85,9.91,9.95,-0.04,-0.4,14903.19,14828.976,2023-08-01
002320.SZ,2013-01-25,9.58,9.65,9.35,9.37,9.56,-0.19,-1.99,43329.25,41013.2629,2023-08-01
002059.SZ,2013-01-25,7.84,7.93,7.82,7.84,7.84,0.0,0.0,8241.72,6478.7555,2023-08-01
300239.SZ,2013-01-25,13.9,14.3,13.38,14.2,13.69,0.51,3.73,126903.04,177703.6037,2023-08-01
600240.SH,2013-01-25,4.61,4.63,4.5,4.58,4.62,-0.04,-0.87,141904.96,64668.348,2023-08-01
600283.SH,2013-01-25,8.41,8.53,8.29,8.37,8.38,-0.01,-0.12,27730.52,23224.168,2023-08-01
000835.SZ,2013-01-25,6.46,6.5,6.39,6.42,6.4,0.02,0.31,28833.66,18576.4329,2023-08-01
600050.SH,2013-01-25,3.47,3.48,3.44,3.46,3.48,-0.02,-0.57,586146.41,202735.231,2023-08-01
000506.SZ,2013-01-25,7.8,7.94,7.75,7.87,7.8,0.07,0.9,24766.07,19442.5758,2023-08-01
600505.SH,2013-01-25,8.29,8.54,8.26,8.52,8.29,0.23,2.77,18610.74,15711.139,2023-08-01
600986.SH,2013-01-25,5.17,5.66,5.14,5.47,5.17,0.3,5.8,150326.64,81776.749,2023-08-01
600228.SH,2013-01-25,20.88,22.99,20.5,20.98,20.98,0.0,0.0,193695.92,419529.789,2023-08-01
300147.SZ,2013-01-25,13.08,13.34,12.89,12.99,12.84,0.15,1.17,52644.74,68996.6435,2023-08-01
002256.SZ,2013-01-25,4.67,4.71,4.62,4.67,4.66,0.01,0.21,16062.91,7500.0137,2023-08-01
300288.SZ,2013-01-25,74.8,76.47,73.85,74.0,74.8,-0.8,-1.07,5177.98,38705.8853,2023-08-01
000932.SZ,2013-01-25,2.29,2.31,2.26,2.27,2.29,-0.02,-0.87,88711.89,20190.669,2023-08-01
600243.SH,2013-01-25,5.43,5.53,5.41,5.47,5.47,0.0,0.0,25587.44,14030.761,2023-08-01
000985.SZ,2013-01-25,11.29,11.29,11.1,11.17,11.2,-0.03,-0.27,1669.0,1861.6798,2023-08-01
002360.SZ,2013-01-25,10.92,11.09,10.91,10.95,10.96,-0.01,-0.09,5398.25,5932.7108,2023-08-01
002369.SZ,2013-01-25,15.5,15.5,15.06,15.07,15.57,-0.5,-3.21,9655.0,14717.3083,2023-08-01
000537.SZ,2013-01-25,7.05,7.09,6.8,6.93,7.08,-0.15,-2.12,100365.36,69397.0232,2023-08-01
002207.SZ,2013-01-25,11.95,12.15,11.95,12.02,12.0,0.02,0.17,6934.65,8348.1966,2023-08-01
000981.SZ,2013-01-25,9.05,9.3,9.0,9.14,9.08,0.06,0.66,9963.01,9136.5812,2023-08-01
600480.SH,2013-01-25,6.6,6.87,6.57,6.87,6.63,0.24,3.62,52032.69,35188.059,2023-08-01
002044.SZ,2013-01-25,7.39,7.44,7.29,7.42,7.39,0.03,0.41,18197.36,13414.3858,2023-08-01
002400.SZ,2013-01-25,25.11,26.25,25.0,25.99,25.08,0.91,3.63,11323.07,29205.5483,2023-08-01
000766.SZ,2013-01-25,5.0,5.01,4.91,4.95,5.01,-0.06,-1.2,39274.32,19498.3649,2023-08-01
002043.SZ,2013-01-25,4.5,4.59,4.45,4.55,4.54,0.01,0.22,111810.63,50491.7468,2023-08-01
002321.SZ,2013-01-25,7.51,7.72,7.34,7.66,7.59,0.07,0.92,140742.96,106247.1946,2023-08-01
000819.SZ,2013-01-25,11.72,11.85,11.66,11.77,11.68,0.09,0.77,8143.28,9544.1489,2023-08-01
002465.SZ,2013-01-25,30.49,30.8,29.9,30.01,30.72,-0.71,-2.31,18637.51,56345.2606,2023-08-01
002396.SZ,2013-01-25,15.7,15.92,15.55,15.76,15.76,0.0,0.0,15227.84,24047.214,2023-08-01
002581.SZ,2013-01-25,18.22,18.47,18.08,18.39,18.4,-0.01,-0.05,9737.91,17806.403,2023-08-01
600535.SH,2013-01-25,57.27,59.03,57.2,58.76,57.35,1.41,2.46,27637.62,161956.321,2023-08-01
000720.SZ,2013-01-25,2.4,2.48,2.38,2.47,2.38,0.09,3.78,126137.16,30777.3341,2023-08-01
601998.SH,2013-01-25,4.84,4.86,4.77,4.85,4.84,0.01,0.21,264467.0,127118.184,2023-08-01
000099.SZ,2013-01-25,8.3,8.42,8.22,8.24,8.28,-0.04,-0.48,56813.8,47196.584,2023-08-01
300294.SZ,2013-01-25,34.17,34.66,33.88,34.0,34.14,-0.14,-0.41,18238.42,62360.3974,2023-08-01
300165.SZ,2013-01-25,12.91,13.7,12.91,13.16,12.86,0.3,2.33,47566.23,62899.3966,2023-08-01
300051.SZ,2013-01-25,8.0,8.05,7.68,7.69,8.07,-0.38,-4.71,42910.41,33583.8363,2023-08-01
002588.SZ,2013-01-25,33.0,33.46,33.0,33.31,33.22,0.09,0.27,5918.66,19689.5384,2023-08-01
000816.SZ,2013-01-25,5.14,5.26,5.03,5.15,5.1,0.05,0.98,111849.33,57524.8768,2023-08-01
300082.SZ,2013-01-25,11.94,12.01,11.83,11.93,11.96,-0.03,-0.25,16146.75,19252.6767,2023-08-01
600679.SH,2013-01-25,9.01,9.17,8.6,8.61,9.24,-0.63,-6.82,57777.65,50963.984,2023-08-01
002224.SZ,2013-01-25,8.73,8.85,8.73,8.73,8.79,-0.06,-0.68,8018.4,7034.8152,2023-08-01
002461.SZ,2013-01-25,8.78,8.81,8.6,8.74,8.82,-0.08,-0.91,10687.48,9294.522,2023-08-01
600098.SH,2013-01-25,7.11,7.2,6.95,7.0,7.04,-0.04,-0.57,77460.46,54758.199,2023-08-01
001896.SZ,2013-01-25,4.47,4.5,4.38,4.43,4.59,-0.16,-3.49,51504.36,22845.3401,2023-08-01
601601.SH,2013-01-25,21.89,22.0,20.88,21.3,21.84,-0.54,-2.47,307462.47,659537.282,2023-08-01
000979.SZ,2013-01-25,8.87,8.97,8.76,8.85,8.94,-0.09,-1.01,86835.72,77012.4217,2023-08-01
600037.SH,2013-01-25,6.67,6.71,6.6,6.65,6.67,-0.02,-0.3,56675.14,37703.315,2023-08-01
600070.SH,2013-01-25,8.26,8.55,8.11,8.39,8.23,0.16,1.94,57552.9,47976.111,2023-08-01
002299.SZ,2013-01-25,11.73,11.73,11.28,11.43,11.73,-0.3,-2.56,86619.69,99069.2286,2023-08-01
300092.SZ,2013-01-25,9.89,9.98,9.82,9.89,9.86,0.03,0.3,4518.02,4471.2571,2023-08-01
600710.SH,2013-01-25,4.19,4.19,4.12,4.15,4.16,-0.01,-0.24,26749.9,11110.882,2023-08-01
002602.SZ,2013-01-25,7.58,7.64,7.53,7.63,7.6,0.03,0.39,10387.06,7877.7407,2023-08-01
002488.SZ,2013-01-25,8.03,8.15,8.03,8.08,8.03,0.05,0.62,10005.07,8076.2263,2023-08-01
601628.SH,2013-01-25,20.5,20.62,19.7,19.91,20.56,-0.65,-3.16,226351.79,453857.024,2023-08-01
600583.SH,2013-01-25,5.97,6.09,5.96,6.09,5.95,0.14,2.35,270369.4,163545.199,2023-08-01
002025.SZ,2013-01-25,12.21,12.37,11.95,11.98,12.3,-0.32,-2.6,50788.66,61357.9361,2023-08-01
002244.SZ,2013-01-25,10.01,10.06,9.77,9.87,10.06,-0.19,-1.89,108589.52,107312.8797,2023-08-01
000637.SZ,2013-01-25,3.88,3.97,3.85,3.88,3.9,-0.02,-0.51,25884.65,10073.6249,2023-08-01
000788.SZ,2013-01-25,7.31,7.5,7.19,7.33,7.36,-0.03,-0.41,91726.54,67570.3691,2023-08-01
600701.SH,2013-01-25,3.72,3.75,3.66,3.7,3.7,0.0,0.0,33571.9,12434.497,2023-08-01
600621.SH,2013-01-25,4.71,4.73,4.62,4.65,4.71,-0.06,-1.27,28221.42,13162.615,2023-08-01
600704.SH,2013-01-25,6.84,6.84,6.72,6.8,6.81,-0.01,-0.15,41977.73,28494.885,2023-08-01
600284.SH,2013-01-25,8.58,8.67,8.5,8.54,8.58,-0.04,-0.47,44827.32,38359.314,2023-08-01
601398.SH,2013-01-25,4.25,4.29,4.22,4.23,4.25,-0.02,-0.47,863410.82,367743.709,2023-08-01
002115.SZ,2013-01-25,7.55,7.64,7.46,7.64,7.56,0.08,1.06,29103.36,22035.6348,2023-08-01
000673.SZ,2013-01-25,6.17,6.37,6.12,6.26,6.21,0.05,0.81,12882.41,8083.3176,2023-08-01
002578.SZ,2013-01-25,10.8,11.04,10.79,10.83,10.82,0.01,0.09,15864.42,17275.001,2023-08-01
000151.SZ,2013-01-25,7.12,7.17,6.95,7.07,7.08,-0.01,-0.14,22524.99,15925.1281,2023-08-01
600691.SH,2013-01-25,16.44,16.49,16.15,16.27,16.28,-0.01,-0.06,1375.0,2237.49,2023-08-01
002264.SZ,2013-01-25,4.71,4.75,4.68,4.75,4.71,0.04,0.85,36672.54,17271.2842,2023-08-01
002034.SZ,2013-01-25,9.47,9.48,9.3,9.4,9.47,-0.07,-0.74,6340.15,5950.7845,2023-08-01
002674.SZ,2013-01-25,10.28,10.36,10.2,10.25,10.19,0.06,0.59,15627.49,16044.7862,2023-08-01
600844.SH,2013-01-25,13.18,14.03,13.18,13.71,13.33,0.38,2.85,131009.67,180061.255,2023-08-01
300021.SZ,2013-01-25,9.33,9.37,9.1,9.22,9.4,-0.18,-1.91,69914.36,64450.9885,2023-08-01
002110.SZ,2013-01-25,5.6,5.64,5.4,5.48,5.72,-0.24,-4.2,45418.41,24962.3335,2023-08-01
600239.SH,2013-01-25,7.61,7.69,7.45,7.49,7.62,-0.13,-1.71,134452.15,101567.729,2023-08-01
600211.SH,2013-01-25,15.18,15.65,15.17,15.44,15.35,0.09,0.59,7286.13,11301.974,2023-08-01
600383.SH,2013-01-25,7.01,7.01,6.75,6.88,7.01,-0.13,-1.85,620225.16,426503.444,2023-08-01
600717.SH,2013-01-25,6.15,6.18,6.07,6.12,6.15,-0.03,-0.49,91750.28,56064.788,2023-08-01
002130.SZ,2013-01-25,8.5,8.55,8.31,8.31,8.5,-0.19,-2.24,33681.63,28276.4621,2023-08-01
600781.SH,2013-01-25,14.2,14.58,14.0,14.55,14.25,0.3,2.11,9828.75,14128.412,2023-08-01
000916.SZ,2013-01-25,2.93,2.95,2.9,2.9,2.94,-0.04,-1.36,21016.48,6136.4099,2023-08-01
300304.SZ,2013-01-25,17.3,17.75,17.29,17.57,17.5,0.07,0.4,6370.56,11199.4389,2023-08-01
000905.SZ,2013-01-25,5.81,5.89,5.8,5.85,5.84,0.01,0.17,18724.33,10927.3745,2023-08-01
000037.SZ,2013-01-25,4.44,4.75,4.41,4.63,4.47,0.16,3.58,35912.17,16528.3504,2023-08-01
002569.SZ,2013-01-25,14.12,14.6,14.01,14.12,14.12,0.0,0.0,7588.73,10892.3238,2023-08-01
002497.SZ,2013-01-25,10.54,11.05,10.46,10.98,10.54,0.44,4.17,39138.58,42520.8123,2023-08-01
002408.SZ,2013-01-25,15.95,16.33,15.8,16.3,15.86,0.44,2.77,23147.8,37274.7388,2023-08-01
002487.SZ,2013-01-25,9.26,9.42,9.22,9.42,9.3,0.12,1.29,4992.53,4646.9278,2023-08-01
600838.SH,2013-01-25,5.18,5.18,5.09,5.13,5.18,-0.05,-0.97,21143.52,10833.906,2023-08-01
000066.SZ,2013-01-25,3.4,3.43,3.36,3.39,3.42,-0.03,-0.88,56309.55,19068.8616,2023-08-01
600115.SH,2013-01-25,3.56,3.61,3.5,3.54,3.56,-0.02,-0.56,224412.07,79599.402,2023-08-01
002568.SZ,2013-01-25,16.45,16.81,16.3,16.75,16.59,0.16,0.96,25140.03,41784.3871,2023-08-01
002537.SZ,2013-01-25,11.72,11.86,11.72,11.79,11.71,0.08,0.68,3081.85,3630.8416,2023-08-01
600693.SH,2013-01-25,6.83,6.86,6.75,6.77,6.82,-0.05,-0.73,28566.97,19399.327,2023-08-01
002276.SZ,2013-01-25,5.18,5.23,5.15,5.16,5.18,-0.02,-0.39,22798.74,11794.307,2023-08-01
300320.SZ,2013-01-25,24.37,25.3,24.37,24.74,24.35,0.39,1.6,17707.79,44112.9244,2023-08-01
300118.SZ,2013-01-25,4.38,4.41,4.32,4.37,4.35,0.02,0.46,35964.03,15679.3279,2023-08-01
002687.SZ,2013-01-25,19.38,19.66,19.21,19.52,19.38,0.14,0.72,10660.54,20719.2487,2023-08-01
601377.SH,2013-01-25,11.73,11.89,11.55,11.58,11.88,-0.3,-2.53,219600.35,256674.786,2023-08-01
002453.SZ,2013-01-25,10.08,10.37,10.02,10.35,10.14,0.21,2.07,26890.36,27500.8944,2023-08-01
000417.SZ,2013-01-25,7.26,7.29,6.91,6.98,7.26,-0.28,-3.86,152835.5,107736.3559,2023-08-01
000045.SZ,2013-01-25,7.85,8.08,7.76,8.02,7.88,0.14,1.78,22641.77,18023.8612,2023-08-01
002305.SZ,2013-01-25,6.99,7.05,6.87,6.99,7.06,-0.07,-0.99,58798.37,40930.8524,2023-08-01
000615.SZ,2013-01-25,4.83,4.9,4.82,4.87,4.84,0.03,0.62,8879.18,4312.2901,2023-08-01
002606.SZ,2013-01-25,13.11,13.29,12.87,12.95,13.19,-0.24,-1.82,34113.13,44406.4191,2023-08-01
600354.SH,2013-01-25,8.36,8.66,8.13,8.35,8.5,-0.15,-1.76,433013.38,361484.985,2023-08-01
600428.SH,2013-01-25,4.5,4.65,4.4,4.46,4.53,-0.07,-1.55,107355.3,48551.138,2023-08-01
000958.SZ,2013-01-25,3.35,3.45,3.35,3.42,3.35,0.07,2.09,18841.47,6411.166,2023-08-01
002394.SZ,2013-01-25,11.65,11.67,11.54,11.63,11.57,0.06,0.52,6009.41,6971.0553,2023-08-01
600031.SH,2013-01-25,10.45,10.7,10.38,10.6,10.49,0.11,1.05,372883.55,394217.103,2023-08-01
600530.SH,2013-01-25,7.7,8.03,7.6,7.87,7.78,0.09,1.16,87924.53,68895.342,2023-08-01
600601.SH,2013-01-25,2.37,2.37,2.32,2.33,2.36,-0.03,-1.27,95759.05,22508.108,2023-08-01
300056.SZ,2013-01-25,13.95,15.3,13.82,14.35,14.09,0.26,1.85,154667.89,224864.1525,2023-08-01
600805.SH,2013-01-25,12.34,13.05,12.34,13.03,12.39,0.64,5.17,240528.35,308724.24,2023-08-01
600119.SH,2013-01-25,5.42,5.52,5.35,5.37,5.47,-0.1,-1.83,25020.21,13506.913,2023-08-01
600223.SH,2013-01-25,5.09,5.13,4.88,4.91,5.12,-0.21,-4.1,89303.08,44325.226,2023-08-01
600503.SH,2013-01-25,5.04,5.05,4.87,4.89,5.0,-0.11,-2.2,1000114.73,498672.981,2023-08-01
600268.SH,2013-01-25,5.72,5.79,5.6,5.66,5.74,-0.08,-1.39,31802.45,18013.273,2023-08-01
600584.SH,2013-01-25,4.56,4.66,4.53,4.57,4.56,0.01,0.22,67755.99,31093.858,2023-08-01
600139.SH,2013-01-25,9.2,9.38,9.12,9.23,9.2,0.03,0.33,48740.97,45165.326,2023-08-01
002154.SZ,2013-01-25,8.92,9.12,8.88,9.02,8.99,0.03,0.33,39837.54,35819.5095,2023-08-01
300121.SZ,2013-01-25,9.83,10.12,9.82,10.02,9.85,0.17,1.73,4418.13,4411.8687,2023-08-01
300249.SZ,2013-01-25,13.57,13.73,13.45,13.53,13.54,-0.01,-0.07,7952.78,10812.5428,2023-08-01
002677.SZ,2013-01-25,8.3,8.45,8.3,8.36,8.35,0.01,0.12,8376.62,7008.2948,2023-08-01
600960.SH,2013-01-25,9.4,9.48,9.2,9.22,9.4,-0.18,-1.91,15468.33,14412.203,2023-08-01
002419.SZ,2013-01-25,11.63,11.68,11.2,11.25,11.63,-0.38,-3.27,17967.39,20431.5333,2023-08-01
002447.SZ,2013-01-25,23.79,24.47,23.61,24.19,23.8,0.39,1.64,29996.09,72104.4673,2023-08-01
600048.SH,2013-01-25,13.47,13.55,12.96,13.0,13.48,-0.48,-3.56,814814.86,1069826.086,2023-08-01
600242.SH,2013-01-25,5.61,5.73,5.45,5.46,5.74,-0.28,-4.88,52255.89,28982.408,2023-08-01
000639.SZ,2013-01-25,14.6,14.69,14.23,14.53,14.65,-0.12,-0.82,14307.83,20684.0766,2023-08-01
002143.SZ,2013-01-25,5.31,5.41,5.28,5.32,5.31,0.01,0.19,10910.8,5826.3251,2023-08-01
300049.SZ,2013-01-25,12.36,12.49,12.2,12.28,12.21,0.07,0.57,10178.93,12577.4487,2023-08-01
600373.SH,2013-01-25,14.86,15.67,14.68,15.42,14.88,0.54,3.63,69358.09,105846.949,2023-08-01
300172.SZ,2013-01-25,13.84,14.04,13.52,13.59,13.76,-0.17,-1.24,24122.96,33255.4149,2023-08-01
002298.SZ,2013-01-25,8.85,9.0,8.75,8.9,8.8,0.1,1.14,29462.03,26026.8545,2023-08-01
600125.SH,2013-01-25,6.69,6.83,6.67,6.76,6.71,0.05,0.75,88984.95,60082.478,2023-08-01
000552.SZ,2013-01-25,18.96,19.28,18.9,19.06,18.94,0.12,0.63,26713.93,50869.5596,2023-08-01
002313.SZ,2013-01-25,17.25,17.48,17.1,17.3,17.22,0.08,0.46,8304.08,14353.6334,2023-08-01
300356.SZ,2013-01-25,22.02,22.59,22.0,22.18,21.92,0.26,1.19,13431.55,29973.6745,2023-08-01
600641.SH,2013-01-25,4.22,4.26,4.2,4.24,4.25,-0.01,-0.24,18563.74,7855.761,2023-08-01
300197.SZ,2013-01-25,37.91,38.5,37.4,37.79,37.7,0.09,0.24,15831.4,59829.779,2023-08-01
000911.SZ,2013-01-25,8.47,8.47,8.06,8.14,8.52,-0.38,-4.46,57770.69,47478.0345,2023-08-01
002013.SZ,2013-01-25,15.15,15.15,13.99,14.38,15.19,-0.81,-5.33,109706.06,158413.1017,2023-08-01
600479.SH,2013-01-25,12.3,12.71,12.22,12.58,12.31,0.27,2.19,27871.76,34929.443,2023-08-01
601258.SH,2013-01-25,4.82,4.9,4.81,4.83,4.86,-0.03,-0.62,30053.74,14569.975,2023-08-01
000798.SZ,2013-01-25,7.84,7.84,7.54,7.55,7.86,-0.31,-3.94,66592.51,50967.6663,2023-08-01
002026.SZ,2013-01-25,7.73,7.78,7.56,7.61,7.71,-0.1,-1.3,5790.76,4425.9539,2023-08-01
600668.SH,2013-01-25,9.46,9.68,9.3,9.46,9.42,0.04,0.42,77456.28,73583.288,2023-08-01
600765.SH,2013-01-25,15.2,15.48,14.06,14.35,15.62,-1.27,-8.13,1175647.58,1724699.046,2023-08-01
300313.SZ,2013-01-25,11.8,11.96,11.7,11.79,11.76,0.03,0.26,8095.83,9569.8374,2023-08-01
000888.SZ,2013-01-25,20.26,20.55,19.95,20.4,20.22,0.18,0.89,9209.34,18696.1663,2023-08-01
002598.SZ,2013-01-25,6.85,6.85,6.6,6.63,6.87,-0.24,-3.49,54391.55,36547.9037,2023-08-01
600886.SH,2013-01-25,5.62,5.72,5.58,5.6,5.61,-0.01,-0.18,167622.94,94680.761,2023-08-01
300012.SZ,2013-01-25,20.78,21.25,20.55,20.63,20.41,0.22,1.08,4842.13,10138.3416,2023-08-01
002492.SZ,2013-01-25,13.53,13.66,13.21,13.37,13.5,-0.13,-0.96,25261.19,33838.0598,2023-08-01
000510.SZ,2013-01-25,6.69,7.04,6.49,6.74,6.49,0.25,3.85,709135.21,479573.3283,2023-08-01
600027.SH,2013-01-25,3.76,3.86,3.72,3.84,3.74,0.1,2.67,197470.59,75453.609,2023-08-01
000715.SZ,2013-01-25,6.15,6.22,6.11,6.15,6.17,-0.02,-0.32,23771.32,14662.8718,2023-08-01
600290.SH,2013-01-25,5.09,5.26,5.08,5.2,5.14,0.06,1.17,50366.84,26098.942,2023-08-01
002096.SZ,2013-01-25,13.05,13.27,12.91,13.01,13.05,-0.04,-0.31,31892.8,41653.3288,2023-08-01
002662.SZ,2013-01-25,8.09,8.22,8.09,8.12,8.1,0.02,0.25,24603.77,20041.1888,2023-08-01
002269.SZ,2013-01-25,13.23,13.35,13.15,13.22,13.28,-0.06,-0.45,22299.65,29493.0648,2023-08-01
600726.SH,2013-01-25,2.61,2.64,2.61,2.62,2.63,-0.01,-0.38,28849.34,7555.816,2023-08-01
600855.SH,2013-01-25,8.35,8.91,8.35,8.52,8.16,0.36,4.41,162109.78,139135.671,2023-08-01
000423.SZ,2013-01-25,46.85,49.2,46.85,48.0,46.8,1.2,2.56,66415.81,321582.5387,2023-08-01
300274.SZ,2013-01-25,8.82,8.93,8.58,8.64,8.88,-0.24,-2.7,32806.0,28602.1151,2023-08-01
002289.SZ,2013-01-25,12.63,12.63,12.17,12.53,12.63,-0.1,-0.79,22462.07,27958.6889,2023-08-01
600742.SH,2013-01-25,17.2,17.45,17.1,17.16,17.25,-0.09,-0.52,39439.5,68122.953,2023-08-01
002017.SZ,2013-01-25,10.2,10.3,9.95,9.96,10.29,-0.33,-3.21,31839.82,32086.3429,2023-08-01
002290.SZ,2013-01-25,9.14,9.75,9.14,9.65,9.27,0.38,4.1,69066.4,65942.8254,2023-08-01
000806.SZ,2013-01-25,3.48,3.55,3.42,3.47,3.5,-0.03,-0.86,114558.77,39843.7563,2023-08-01
002476.SZ,2013-01-25,10.33,10.65,10.33,10.43,10.33,0.1,0.97,128639.5,134962.1453,2023-08-01
600546.SH,2013-01-25,20.45,21.02,20.39,20.4,20.68,-0.28,-1.35,29871.85,61728.742,2023-08-01
600339.SH,2013-01-25,4.75,4.75,4.65,4.7,4.73,-0.03,-0.63,36364.25,17055.297,2023-08-01
600770.SH,2013-01-25,6.25,6.27,6.0,6.05,6.18,-0.13,-2.1,154872.87,94467.633,2023-08-01
000807.SZ,2013-01-25,5.2,5.27,5.15,5.22,5.21,0.01,0.19,36341.66,18982.9473,2023-08-01
002094.SZ,2013-01-25,8.15,8.32,8.11,8.17,8.21,-0.04,-0.49,35490.08,29192.08,2023-08-01
600624.SH,2013-01-25,5.42,5.5,5.34,5.45,5.44,0.01,0.18,19192.3,10424.642,2023-08-01
002651.SZ,2013-01-25,13.7,13.71,13.45,13.45,13.71,-0.26,-1.9,4858.26,6584.1132,2023-08-01
300203.SZ,2013-01-25,13.96,14.46,13.96,14.19,13.87,0.32,2.31,43826.58,62472.2729,2023-08-01
002550.SZ,2013-01-25,25.3,25.39,24.55,25.28,25.38,-0.1,-0.39,19040.84,47842.9248,2023-08-01
002091.SZ,2013-01-25,8.74,8.84,8.61,8.77,8.75,0.02,0.23,33465.37,29200.3691,2023-08-01
600011.SH,2013-01-25,6.23,6.31,6.22,6.28,6.22,0.06,0.96,152616.92,95522.362,2023-08-01
300264.SZ,2013-01-25,6.19,6.26,6.16,6.21,6.21,0.0,0.0,19424.87,12050.954,2023-08-01
300198.SZ,2013-01-25,12.55,12.79,12.47,12.54,12.68,-0.14,-1.1,9138.46,11500.9005,2023-08-01
002477.SZ,2013-01-25,18.42,18.64,18.05,18.55,18.47,0.08,0.43,58600.54,107419.2244,2023-08-01
600386.SH,2013-01-25,7.16,7.65,7.13,7.47,7.23,0.24,3.32,166021.39,123141.29,2023-08-01
000880.SZ,2013-01-25,8.58,8.92,8.45,8.73,8.61,0.12,1.39,37081.25,32180.395,2023-08-01
600172.SH,2013-01-25,6.71,6.76,6.62,6.64,6.72,-0.08,-1.19,57192.23,38237.769,2023-08-01
600251.SH,2013-01-25,17.19,17.24,16.86,16.92,17.16,-0.24,-1.4,24481.81,41577.987,2023-08-01
300314.SZ,2013-01-25,35.88,36.66,35.56,36.5,36.19,0.31,0.86,24971.68,90424.8715,2023-08-01
002268.SZ,2013-01-25,10.15,10.39,9.91,10.09,10.12,-0.03,-0.3,29294.91,29761.8926,2023-08-01
002561.SZ,2013-01-25,8.38,8.44,8.31,8.34,8.39,-0.05,-0.6,10998.31,9201.6906,2023-08-01
002233.SZ,2013-01-25,8.09,8.44,8.08,8.2,8.19,0.01,0.12,114368.75,94437.4453,2023-08-01
600201.SH,2013-01-25,14.1,14.36,14.0,14.27,14.12,0.15,1.06,12246.61,17327.723,2023-08-01
300207.SZ,2013-01-25,12.1,12.3,11.9,12.09,12.21,-0.12,-0.98,7670.0,9323.493,2023-08-01
002577.SZ,2013-01-25,12.38,12.59,12.31,12.34,12.43,-0.09,-0.72,4564.61,5657.601,2023-08-01
000633.SZ,2013-01-25,6.49,6.64,6.49,6.64,6.57,0.07,1.07,10649.03,6982.6417,2023-08-01
300043.SZ,2013-01-25,16.8,17.45,16.61,17.42,16.93,0.49,2.89,5551.6,9541.3499,2023-08-01
000726.SZ,2013-01-25,6.85,6.9,6.74,6.76,6.91,-0.15,-2.17,58240.08,39547.9502,2023-08-01
300193.SZ,2013-01-25,9.5,9.7,9.44,9.53,9.49,0.04,0.42,8297.91,7927.6403,2023-08-01
300321.SZ,2013-01-25,21.29,21.6,21.29,21.43,21.39,0.04,0.19,3874.16,8308.2315,2023-08-01
300218.SZ,2013-01-25,5.99,6.39,5.85,6.01,5.89,0.12,2.04,26963.99,16420.05,2023-08-01
600663.SH,2013-01-25,11.9,12.0,11.65,11.67,11.89,-0.22,-1.85,25383.66,29870.468,2023-08-01
600897.SH,2013-01-25,13.4,13.4,13.27,13.3,13.37,-0.07,-0.52,5517.67,7350.889,2023-08-01
002644.SZ,2013-01-25,19.2,19.85,19.11,19.51,19.3,0.21,1.09,11681.35,22874.8025,2023-08-01
000792.SZ,2013-01-25,26.26,26.4,25.9,26.29,26.25,0.04,0.15,47652.46,124692.3494,2023-08-01
600326.SH,2013-01-25,9.13,9.15,8.77,8.86,9.25,-0.39,-4.22,114633.1,102168.406,2023-08-01
300167.SZ,2013-01-25,11.06,11.16,10.79,10.81,11.09,-0.28,-2.52,4355.0,4766.005,2023-08-01
000585.SZ,2013-01-25,2.53,2.65,2.53,2.64,2.52,0.12,4.76,103011.7,26645.2521,2023-08-01
600267.SH,2013-01-25,17.4,17.69,16.96,17.05,17.4,-0.35,-2.01,152291.76,262286.489,2023-08-01
600688.SH,2013-01-25,5.05,5.08,5.04,5.08,5.06,0.02,0.4,27084.87,13705.082,2023-08-01
300090.SZ,2013-01-25,21.32,21.95,21.3,21.5,21.55,-0.05,-0.23,11457.75,24839.595,2023-08-01
300246.SZ,2013-01-25,16.35,16.88,16.22,16.64,16.4,0.24,1.46,12918.0,21485.9945,2023-08-01
002445.SZ,2013-01-25,8.18,8.25,8.02,8.07,8.16,-0.09,-1.1,26865.49,21830.643,2023-08-01
000678.SZ,2013-01-25,3.89,3.95,3.84,3.93,3.91,0.02,0.51,14172.91,5558.3253,2023-08-01
002371.SZ,2013-01-25,32.89,33.85,32.89,33.7,33.59,0.11,0.33,2923.08,9803.0098,2023-08-01
600485.SH,2013-01-25,7.15,7.25,7.1,7.16,7.15,0.01,0.14,13206.25,9457.885,2023-08-01
300247.SZ,2013-01-25,9.47,9.59,9.41,9.49,9.45,0.04,0.42,4357.42,4135.4733,2023-08-01
002309.SZ,2013-01-25,10.86,10.99,10.8,10.98,10.86,0.12,1.11,39233.22,42767.5608,2023-08-01
000595.SZ,2013-01-25,6.5,6.88,6.5,6.85,6.59,0.26,3.95,31353.83,20962.5512,2023-08-01
002163.SZ,2013-01-25,3.65,3.69,3.59,3.63,3.68,-0.05,-1.36,67698.84,24594.1722,2023-08-01
601388.SH,2013-01-25,11.55,11.9,11.55,11.7,11.62,0.08,0.69,40972.0,48024.722,2023-08-01
601299.SH,2013-01-25,4.6,4.61,4.46,4.46,4.58,-0.12,-2.62,465573.44,210263.692,2023-08-01
601515.SH,2013-01-25,14.33,14.71,14.28,14.58,14.29,0.29,2.03,125673.76,182689.963,2023-08-01
000419.SZ,2013-01-25,4.46,4.5,4.42,4.47,4.45,0.02,0.45,19543.22,8717.6005,2023-08-01
600531.SH,2013-01-25,16.38,16.7,16.27,16.37,16.41,-0.04,-0.24,16585.18,27306.16,2023-08-01
600132.SH,2013-01-25,15.22,15.32,15.09,15.27,15.22,0.05,0.33,45771.11,69617.906,2023-08-01
000825.SZ,2013-01-25,3.64,3.66,3.58,3.58,3.64,-0.06,-1.65,119286.86,43121.0419,2023-08-01
002055.SZ,2013-01-25,6.34,6.44,6.28,6.36,6.33,0.03,0.47,47849.66,30454.7561,2023-08-01
002629.SZ,2013-01-25,15.8,15.99,15.66,15.74,15.72,0.02,0.13,26382.22,41650.8649,2023-08-01
002277.SZ,2013-01-25,9.81,9.91,9.56,9.67,9.9,-0.23,-2.32,62074.03,60186.7881,2023-08-01
002023.SZ,2013-01-25,10.07,10.09,9.76,9.93,10.03,-0.1,-1.0,60505.82,59650.9684,2023-08-01
300256.SZ,2013-01-25,11.89,12.13,11.7,11.85,11.97,-0.12,-1.0,9348.8,11081.486,2023-08-01
600392.SH,2013-01-25,28.25,28.62,27.09,27.09,28.52,-1.43,-5.01,47776.15,131837.238,2023-08-01
002457.SZ,2013-01-25,10.2,10.58,10.1,10.3,10.22,0.08,0.78,58609.3,60599.9933,2023-08-01
000416.SZ,2013-01-25,5.48,5.5,5.42,5.44,5.46,-0.02,-0.37,17586.51,9591.7753,2023-08-01
600163.SH,2013-01-25,3.92,3.95,3.68,3.71,3.93,-0.22,-5.6,429844.56,162120.568,2023-08-01
600213.SH,2013-01-25,6.18,6.4,6.18,6.4,5.82,0.58,9.97,58558.99,37334.646,2023-08-01
002514.SZ,2013-01-25,12.37,12.55,12.23,12.43,12.36,0.07,0.57,6985.98,8632.7965,2023-08-01
600876.SH,2013-01-25,5.16,5.27,5.15,5.19,5.22,-0.03,-0.57,11078.44,5763.693,2023-08-01
002183.SZ,2013-01-25,5.19,5.19,5.03,5.05,5.21,-0.16,-3.07,118623.1,60415.7081,2023-08-01
000150.SZ,2013-01-25,5.2,5.49,5.2,5.3,5.29,0.01,0.19,10791.39,5791.1915,2023-08-01
002647.SZ,2013-01-25,8.68,8.81,8.68,8.71,8.7,0.01,0.11,12279.39,10730.6024,2023-08-01
002505.SZ,2013-01-25,7.65,7.78,7.62,7.67,7.71,-0.04,-0.52,28700.36,22097.2233,2023-08-01
600783.SH,2013-01-25,11.55,11.72,11.51,11.53,11.57,-0.04,-0.35,16925.47,19576.759,2023-08-01
002693.SZ,2013-01-25,19.0,19.39,18.9,19.15,19.03,0.12,0.63,10237.17,19627.8159,2023-08-01
000833.SZ,2013-01-25,6.62,6.63,6.39,6.42,6.68,-0.26,-3.89,39985.66,25863.762,2023-08-01
002079.SZ,2013-01-25,4.21,4.29,4.16,4.16,4.24,-0.08,-1.89,65719.99,27672.0817,2023-08-01
002659.SZ,2013-01-25,10.58,10.66,10.41,10.43,10.54,-0.11,-1.04,9338.02,9797.2487,2023-08-01
000917.SZ,2013-01-25,10.38,10.55,10.19,10.36,10.4,-0.04,-0.38,95513.58,99105.4631,2023-08-01
000983.SZ,2013-01-25,13.36,13.59,13.33,13.35,13.34,0.01,0.08,149217.36,200602.2644,2023-08-01
600265.SH,2013-01-25,5.96,6.27,5.96,6.22,5.98,0.24,4.01,11931.33,7307.92,2023-08-01
002158.SZ,2013-01-25,12.6,12.77,12.45,12.59,12.72,-0.13,-1.02,28813.54,36302.6014,2023-08-01
002174.SZ,2013-01-25,14.59,14.59,14.38,14.52,14.59,-0.07,-0.48,4631.59,6707.4954,2023-08-01
600731.SH,2013-01-25,6.4,6.54,6.34,6.42,6.44,-0.02,-0.31,18593.56,11951.968,2023-08-01
000426.SZ,2013-01-25,11.88,12.29,11.88,11.93,11.97,-0.04,-0.33,28760.68,34592.9007,2023-08-01
000590.SZ,2013-01-25,10.45,10.58,10.01,10.15,10.39,-0.24,-2.31,53482.32,54833.3842,2023-08-01
002366.SZ,2013-01-25,7.97,8.48,7.92,8.3,7.97,0.33,4.14,65808.9,54403.5121,2023-08-01
300127.SZ,2013-01-25,19.03,19.57,19.03,19.27,19.21,0.06,0.31,17594.76,33953.8938,2023-08-01
000736.SZ,2013-01-25,9.75,9.76,9.45,9.5,9.7,-0.2,-2.06,25295.15,24116.8387,2023-08-01
002654.SZ,2013-01-25,13.55,13.63,13.42,13.57,13.55,0.02,0.15,4152.51,5623.0181,2023-08-01
600104.SH,2013-01-25,16.32,16.88,16.32,16.67,16.16,0.51,3.16,318341.6,530726.871,2023-08-01
600166.SH,2013-01-25,6.77,7.17,6.72,7.1,6.72,0.38,5.65,746017.36,521893.592,2023-08-01
601038.SH,2013-01-25,10.27,10.44,10.1,10.26,10.27,-0.01,-0.1,96051.37,98918.248,2023-08-01
600187.SH,2013-01-25,8.2,8.51,8.2,8.45,8.2,0.25,3.05,64973.98,54425.033,2023-08-01
002556.SZ,2013-01-25,7.62,7.78,7.49,7.58,7.66,-0.08,-1.04,189476.32,144603.9477,2023-08-01
002203.SZ,2013-01-25,7.05,7.18,7.01,7.09,7.07,0.02,0.28,15705.79,11165.822,2023-08-01
600885.SH,2013-01-25,11.52,11.64,11.24,11.42,11.5,-0.08,-0.7,28128.84,32141.296,2023-08-01
600081.SH,2013-01-25,6.42,6.45,6.31,6.31,6.46,-0.15,-2.32,11799.45,7523.025,2023-08-01
002451.SZ,2013-01-25,6.62,6.74,6.6,6.73,6.68,0.05,0.75,10513.29,7007.5577,2023-08-01
603333.SH,2013-01-25,5.19,5.26,5.18,5.23,5.19,0.04,0.77,21491.48,11205.344,2023-08-01
000949.SZ,2013-01-25,2.76,2.87,2.76,2.85,2.77,0.08,2.89,133236.56,37802.3841,2023-08-01
300101.SZ,2013-01-25,15.9,16.05,15.15,15.87,16.14,-0.27,-1.67,106644.63,166474.7411,2023-08-01
002597.SZ,2013-01-25,12.6,12.74,12.5,12.6,12.64,-0.04,-0.32,11989.13,15126.22,2023-08-01
002327.SZ,2013-01-25,34.49,34.49,32.9,32.98,34.49,-1.51,-4.38,10203.95,33966.6902,2023-08-01
000050.SZ,2013-01-25,8.55,8.69,8.35,8.63,8.55,0.08,0.94,63092.45,53992.7754,2023-08-01
600329.SH,2013-01-25,10.68,11.14,10.68,11.08,10.9,0.18,1.65,32663.69,35950.27,2023-08-01
002509.SZ,2013-01-25,15.08,15.74,15.07,15.19,15.13,0.06,0.4,27184.92,41789.8483,2023-08-01
300176.SZ,2013-01-25,11.43,11.65,11.41,11.6,11.5,0.1,0.87,4331.72,5001.3089,2023-08-01
600376.SH,2013-01-25,11.58,11.59,11.32,11.48,11.58,-0.1,-0.86,166671.33,190780.999,2023-08-01
600665.SH,2013-01-25,4.1,4.1,4.01,4.04,4.07,-0.03,-0.74,52446.18,21246.338,2023-08-01
300181.SZ,2013-01-25,14.11,14.15,13.7,13.95,14.1,-0.15,-1.06,27789.17,38684.9768,2023-08-01
600361.SH,2013-01-25,4.8,4.83,4.76,4.81,4.81,0.0,0.0,29617.81,14217.106,2023-08-01
002149.SZ,2013-01-25,12.19,12.77,12.06,12.36,12.2,0.16,1.31,45743.24,56751.2404,2023-08-01
002195.SZ,2013-01-25,13.05,13.98,11.91,13.7,13.19,0.51,3.87,81760.15,105917.975,2023-08-01
300075.SZ,2013-01-25,31.17,31.78,31.16,31.61,30.91,0.7,2.26,4920.26,15477.438,2023-08-01
300185.SZ,2013-01-25,4.61,4.61,4.51,4.56,4.59,-0.03,-0.65,50021.0,22791.4291,2023-08-01
001696.SZ,2013-01-25,5.94,6.18,5.88,6.05,5.93,0.12,2.02,128097.67,77748.4612,2023-08-01
600708.SH,2013-01-25,4.03,4.06,4.0,4.03,4.04,-0.01,-0.25,14707.28,5929.996,2023-08-01
000767.SZ,2013-01-25,4.47,4.58,4.41,4.46,4.36,0.1,2.29,96261.35,43174.9145,2023-08-01
002378.SZ,2013-01-25,23.8,24.65,23.79,24.16,24.06,0.1,0.42,18651.21,45400.6015,2023-08-01
601238.SH,2013-01-25,5.75,5.86,5.7,5.81,5.75,0.06,1.04,40190.68,23277.057,2023-08-01
600551.SH,2013-01-25,9.4,9.53,9.33,9.44,9.39,0.05,0.53,14448.41,13609.974,2023-08-01
002012.SZ,2013-01-25,5.28,5.37,5.28,5.3,5.32,-0.02,-0.38,45882.98,24419.8628,2023-08-01
600232.SH,2013-01-25,4.95,4.95,4.66,4.68,4.95,-0.27,-5.45,96603.06,45836.572,2023-08-01
600295.SH,2013-01-25,8.8,8.83,8.68,8.74,8.78,-0.04,-0.46,13775.68,12035.054,2023-08-01
002232.SZ,2013-01-25,6.88,6.93,6.66,6.67,6.9,-0.23,-3.33,28618.05,19377.7529,2023-08-01
300011.SZ,2013-01-25,11.55,11.62,11.24,11.31,11.6,-0.29,-2.5,21745.3,24753.0885,2023-08-01
002107.SZ,2013-01-25,8.8,9.49,8.74,9.09,8.86,0.23,2.6,22294.93,20306.867,2023-08-01
002676.SZ,2013-01-25,10.4,10.5,10.26,10.36,10.34,0.02,0.19,6661.64,6890.5724,2023-08-01
000026.SZ,2013-01-25,7.89,7.96,7.7,7.78,7.85,-0.07,-0.89,22698.79,17671.2857,2023-08-01
600476.SH,2013-01-25,6.96,7.05,6.88,7.0,6.93,0.07,1.01,11852.81,8270.445,2023-08-01
002200.SZ,2013-01-25,11.48,12.12,11.48,11.95,11.59,0.36,3.11,18778.49,22283.2719,2023-08-01
002519.SZ,2013-01-25,12.91,13.01,12.78,12.79,12.95,-0.16,-1.24,6378.0,8194.6239,2023-08-01
300234.SZ,2013-01-25,11.5,11.77,11.48,11.59,11.6,-0.01,-0.09,11345.76,13103.7696,2023-08-01
000868.SZ,2013-01-25,4.6,4.85,4.6,4.73,4.56,0.17,3.73,292579.79,138932.8836,2023-08-01
002081.SZ,2013-01-25,41.35,42.85,41.16,42.65,41.2,1.45,3.52,36474.05,154073.1976,2023-08-01
600712.SH,2013-01-25,4.89,5.03,4.76,4.94,4.9,0.04,0.82,120082.96,58944.386,2023-08-01
002048.SZ,2013-01-25,6.92,7.05,6.9,6.99,6.97,0.02,0.29,32010.96,22296.666,2023-08-01
300166.SZ,2013-01-25,13.67,14.35,13.67,14.0,13.57,0.43,3.17,15164.38,21239.7835,2023-08-01
002513.SZ,2013-01-25,10.35,10.41,10.2,10.24,10.35,-0.11,-1.06,13629.47,14045.9043,2023-08-01
000594.SZ,2013-01-25,2.29,2.3,2.25,2.26,2.3,-0.04,-1.74,145368.12,33009.1534,2023-08-01
600080.SH,2013-01-25,6.77,7.49,6.5,7.3,6.83,0.47,6.88,265877.94,189331.752,2023-08-01
000897.SZ,2013-01-25,2.91,2.92,2.85,2.86,2.9,-0.04,-1.38,94670.01,27223.2296,2023-08-01
600135.SH,2013-01-25,6.86,6.98,6.78,6.83,6.86,-0.03,-0.44,33625.19,23033.218,2023-08-01
002405.SZ,2013-01-25,12.48,12.74,12.39,12.45,12.57,-0.12,-0.95,95572.5,119941.1978,2023-08-01
600721.SH,2013-01-25,9.79,9.9,9.66,9.69,9.79,-0.1,-1.02,16482.71,16085.281,2023-08-01
300225.SZ,2013-01-25,10.06,10.16,10.0,10.07,10.06,0.01,0.1,4862.53,4902.4747,2023-08-01
002225.SZ,2013-01-25,7.1,7.19,6.88,6.92,7.23,-0.31,-4.29,87443.37,61610.1516,2023-08-01
600743.SH,2013-01-25,3.76,3.77,3.7,3.71,3.77,-0.06,-1.59,68479.26,25539.219,2023-08-01
300266.SZ,2013-01-25,15.45,15.8,15.25,15.26,15.64,-0.38,-2.43,12436.21,19289.5042,2023-08-01
002097.SZ,2013-01-25,7.14,7.23,7.01,7.02,7.22,-0.2,-2.77,41504.65,29312.239,2023-08-01
002373.SZ,2013-01-25,11.2,11.25,11.14,11.17,11.2,-0.03,-0.27,3577.69,4003.4937,2023-08-01
300066.SZ,2013-01-25,8.9,9.01,8.79,8.96,8.86,0.1,1.13,11496.27,10274.3865,2023-08-01
002468.SZ,2013-01-25,8.19,8.28,8.07,8.21,8.21,0.0,0.0,20901.42,17083.6566,2023-08-01
000430.SZ,2013-01-25,8.42,8.55,8.41,8.49,8.5,-0.01,-0.12,17902.93,15190.7675,2023-08-01
600784.SH,2013-01-25,6.6,6.72,6.33,6.47,6.73,-0.26,-3.86,243446.07,158686.505,2023-08-01
002370.SZ,2013-01-25,7.51,7.63,7.31,7.31,7.51,-0.2,-2.66,18876.54,13993.7941,2023-08-01
600877.SH,2013-01-25,3.63,3.81,3.63,3.81,3.63,0.18,4.96,120178.11,45143.235,2023-08-01
600478.SH,2013-01-25,21.31,21.7,20.81,21.68,21.42,0.26,1.21,24722.47,52213.559,2023-08-01
002653.SZ,2013-01-25,31.6,33.0,30.0,32.0,31.2,0.8,2.56,29561.8,95063.1122,2023-08-01
600829.SH,2013-01-25,9.46,9.65,9.36,9.63,9.48,0.15,1.58,75303.43,71962.722,2023-08-01
000553.SZ,2013-01-25,5.71,5.78,5.67,5.69,5.81,-0.12,-2.07,29383.57,16774.0852,2023-08-01
000659.SZ,2013-01-25,2.72,2.76,2.7,2.72,2.73,-0.01,-0.37,84320.13,22996.4769,2023-08-01
002296.SZ,2013-01-25,12.52,12.55,12.06,12.24,12.63,-0.39,-3.09,35850.82,43991.5452,2023-08-01
600550.SH,2013-01-25,6.77,6.84,6.69,6.72,6.78,-0.06,-0.89,51405.65,34611.218,2023-08-01
002196.SZ,2013-01-25,10.18,10.29,10.18,10.23,10.26,-0.03,-0.29,2850.51,2918.4237,2023-08-01
002245.SZ,2013-01-25,5.75,5.81,5.61,5.68,5.82,-0.14,-2.41,27928.91,15926.8766,2023-08-01
000791.SZ,2013-01-25,7.33,7.59,7.28,7.51,7.32,0.19,2.6,27161.02,20302.8743,2023-08-01
002387.SZ,2013-01-25,8.69,8.75,8.58,8.66,8.68,-0.02,-0.23,10343.39,8944.306,2023-08-01
002413.SZ,2013-01-25,8.5,8.55,8.4,8.52,8.52,0.0,0.0,33498.53,28352.7514,2023-08-01
600687.SH,2013-01-25,16.88,17.09,16.69,17.01,16.9,0.11,0.65,17028.06,28783.009,2023-08-01
002650.SZ,2013-01-25,20.15,20.64,20.02,20.45,20.24,0.21,1.04,20662.04,42078.2728,2023-08-01
002353.SZ,2013-01-25,58.59,59.64,58.0,59.0,58.15,0.85,1.46,10889.07,64189.1298,2023-08-01
002282.SZ,2013-01-25,7.19,7.28,7.12,7.26,7.19,0.07,0.97,4272.25,3075.6441,2023-08-01
600871.SH,2013-01-25,5.71,5.75,5.69,5.75,5.7,0.05,0.88,7044.1,4035.092,2023-08-01
000046.SZ,2013-01-25,4.93,5.05,4.93,4.99,4.99,0.0,0.0,63490.1,31685.0357,2023-08-01
002448.SZ,2013-01-25,26.89,27.18,26.66,27.0,26.75,0.25,0.93,11085.12,29856.1418,2023-08-01
601668.SH,2013-01-25,3.68,3.73,3.63,3.66,3.69,-0.03,-0.81,845192.51,310056.738,2023-08-01
000543.SZ,2013-01-25,6.9,6.94,6.8,6.9,6.91,-0.01,-0.14,41535.94,28540.9516,2023-08-01
600527.SH,2013-01-25,4.98,5.16,4.85,4.96,4.98,-0.02,-0.4,197291.2,98337.767,2023-08-01
002459.SZ,2013-01-25,6.31,6.39,6.26,6.27,6.34,-0.07,-1.1,19547.9,12366.5944,2023-08-01
600199.SH,2013-01-25,18.09,18.09,17.06,17.39,18.17,-0.78,-4.29,110746.21,193603.13,2023-08-01
000883.SZ,2013-01-25,7.1,7.13,6.95,6.96,7.07,-0.11,-1.56,36804.38,25954.1721,2023-08-01
600298.SH,2013-01-25,15.75,16.07,15.75,15.84,15.89,-0.05,-0.31,35590.86,56517.804,2023-08-01
600988.SH,2013-01-25,22.89,23.09,22.63,22.97,22.95,0.02,0.09,11316.41,25904.111,2023-08-01
601636.SH,2013-01-25,6.45,6.48,6.35,6.38,6.41,-0.03,-0.47,27051.95,17341.146,2023-08-01
601999.SH,2013-01-25,6.09,6.28,6.08,6.14,6.08,0.06,0.99,26213.9,16150.048,2023-08-01
002247.SZ,2013-01-25,13.2,13.39,13.1,13.25,13.1,0.15,1.15,6583.27,8716.78,2023-08-01
601177.SH,2013-01-25,9.03,9.18,8.88,9.08,9.02,0.06,0.67,6455.72,5794.744,2023-08-01
300129.SZ,2013-01-25,5.35,5.38,5.31,5.32,5.32,0.0,0.0,19939.88,10636.0216,2023-08-01
600460.SH,2013-01-25,4.55,4.61,4.47,4.51,4.53,-0.02,-0.44,115009.17,52142.866,2023-08-01
002063.SZ,2013-01-25,14.43,14.74,14.43,14.46,14.43,0.03,0.21,18647.83,27187.7934,2023-08-01
002084.SZ,2013-01-25,5.59,5.62,5.5,5.56,5.56,0.0,0.0,44501.86,24701.4514,2023-08-01
600111.SH,2013-01-25,35.03,35.3,34.65,34.66,35.03,-0.37,-1.06,283447.25,990485.18,2023-08-01
002042.SZ,2013-01-25,4.33,4.49,4.29,4.39,4.37,0.02,0.46,137510.19,60552.9158,2023-08-01
002165.SZ,2013-01-25,6.4,6.53,6.35,6.49,6.46,0.03,0.46,70964.98,45838.5333,2023-08-01
600846.SH,2013-01-25,4.33,4.35,4.28,4.29,4.29,0.0,0.0,41235.67,17737.179,2023-08-01
600587.SH,2013-01-25,32.42,34.58,32.35,34.43,32.08,2.35,7.33,35871.08,121176.542,2023-08-01
600029.SH,2013-01-25,3.96,4.03,3.95,3.97,3.95,0.02,0.51,259722.92,103595.689,2023-08-01
300316.SZ,2013-01-25,26.21,26.36,25.67,25.77,26.6,-0.83,-3.12,21829.84,56602.5646,2023-08-01
600156.SH,2013-01-25,3.99,4.01,3.96,4.0,3.98,0.02,0.5,17233.54,6871.005,2023-08-01
000410.SZ,2013-01-25,6.2,6.34,6.17,6.24,6.25,-0.01,-0.16,26957.19,16849.4112,2023-08-01
002376.SZ,2013-01-25,17.21,17.21,16.86,16.97,17.02,-0.05,-0.29,4119.6,6995.1175,2023-08-01
300231.SZ,2013-01-25,13.67,13.85,13.41,13.59,13.71,-0.12,-0.88,11796.19,16108.9608,2023-08-01
600826.SH,2013-01-25,10.76,10.77,10.54,10.56,10.72,-0.16,-1.49,16622.83,17624.265,2023-08-01
600301.SH,2013-01-25,5.85,5.96,5.4,5.46,6.0,-0.54,-9.0,214655.25,119811.841,2023-08-01
600062.SH,2013-01-25,23.47,25.29,23.4,24.99,23.53,1.46,6.2,60201.2,147707.169,2023-08-01
000596.SZ,2013-01-25,33.5,34.25,32.73,33.0,34.12,-1.12,-3.28,23650.32,78522.8036,2023-08-01
300009.SZ,2013-01-25,12.35,13.08,12.29,13.03,12.38,0.65,5.25,34401.07,43923.8448,2023-08-01
002221.SZ,2013-01-25,18.5,18.96,18.12,18.25,18.64,-0.39,-2.09,55342.54,101708.0486,2023-08-01
600661.SH,2013-01-25,5.8,5.95,5.75,5.86,5.79,0.07,1.21,9098.78,5304.358,2023-08-01
300330.SZ,2013-01-25,13.9,14.09,13.74,13.86,13.9,-0.04,-0.29,7850.52,10909.9813,2023-08-01
000980.SZ,2013-01-25,4.32,4.37,4.3,4.34,4.4,-0.06,-1.36,17117.63,7413.7408,2023-08-01
002039.SZ,2013-01-25,14.61,14.85,14.43,14.5,14.62,-0.12,-0.82,15270.46,22335.9565,2023-08-01
600744.SH,2013-01-25,3.62,3.66,3.6,3.64,3.62,0.02,0.55,73831.81,26774.416,2023-08-01
600145.SH,2013-01-25,5.53,5.64,5.48,5.51,5.53,-0.02,-0.36,85171.55,47373.556,2023-08-01
600207.SH,2013-01-25,4.52,4.98,4.5,4.83,4.6,0.23,5.0,381585.67,181634.623,2023-08-01
600448.SH,2013-01-25,3.92,3.93,3.88,3.9,3.9,0.0,0.0,17400.88,6792.133,2023-08-01
300142.SZ,2013-01-25,41.8,41.96,41.03,41.51,41.5,0.01,0.02,8445.31,35110.8966,2023-08-01
600089.SH,2013-01-25,7.65,7.76,7.47,7.64,7.59,0.05,0.66,324286.3,247416.897,2023-08-01
002098.SZ,2013-01-25,7.26,7.44,7.11,7.16,7.39,-0.23,-3.11,23894.89,17254.0466,2023-08-01
002208.SZ,2013-01-25,6.75,6.81,6.6,6.64,6.76,-0.12,-1.78,25572.87,17095.2607,2023-08-01
600033.SH,2013-01-25,2.22,2.24,2.21,2.23,2.22,0.01,0.45,69747.38,15511.644,2023-08-01
601939.SH,2013-01-25,4.73,4.76,4.69,4.69,4.74,-0.05,-1.05,470194.11,221898.531,2023-08-01
002458.SZ,2013-01-25,10.3,10.64,10.3,10.39,10.63,-0.24,-2.26,22754.24,23731.546,2023-08-01
600036.SH,2013-01-25,13.74,13.83,13.42,13.47,13.67,-0.2,-1.46,905871.16,1229494.809,2023-08-01
600054.SH,2013-01-25,12.5,12.57,12.38,12.39,12.49,-0.1,-0.8,11076.1,13770.993,2023-08-01
002128.SZ,2013-01-25,13.2,13.36,13.15,13.18,13.26,-0.08,-0.6,19794.63,26240.8724,2023-08-01
600609.SH,2013-01-25,3.77,4.16,3.75,4.16,3.78,0.38,10.05,1114486.88,457616.673,2023-08-01
600327.SH,2013-01-25,4.55,4.59,4.51,4.53,4.55,-0.02,-0.44,22306.0,10121.339,2023-08-01
600330.SH,2013-01-25,5.39,5.39,5.23,5.24,5.39,-0.15,-2.78,44369.55,23480.966,2023-08-01
600684.SH,2013-01-25,13.74,13.9,13.45,13.56,13.69,-0.13,-0.95,116473.6,159246.558,2023-08-01
002689.SZ,2013-01-25,6.68,6.72,6.63,6.67,6.68,-0.01,-0.15,10564.88,7048.093,2023-08-01
000823.SZ,2013-01-25,10.15,10.25,9.8,9.85,10.2,-0.35,-3.43,76600.93,76778.7365,2023-08-01
300145.SZ,2013-01-25,19.25,19.87,19.15,19.57,19.2,0.37,1.93,14053.05,27452.9038,2023-08-01
000002.SZ,2013-01-25,11.98,12.02,11.57,11.7,11.95,-0.25,-2.09,863217.07,1013223.9134,2023-08-01
600802.SH,2013-01-25,7.07,7.31,6.86,7.01,7.1,-0.09,-1.27,65117.71,46173.112,2023-08-01
002399.SZ,2013-01-25,19.35,19.37,18.67,18.75,19.4,-0.65,-3.35,61232.7,116397.9315,2023-08-01
600785.SH,2013-01-25,14.95,14.95,14.64,14.76,14.93,-0.17,-1.14,16898.5,24969.176,2023-08-01
300244.SZ,2013-01-25,28.01,28.8,28.01,28.34,28.01,0.33,1.18,5880.95,16747.1322,2023-08-01
300204.SZ,2013-01-25,50.01,51.1,49.81,50.2,50.1,0.1,0.2,9074.99,45690.8043,2023-08-01
002134.SZ,2013-01-25,5.63,5.66,5.52,5.52,5.64,-0.12,-2.13,14222.91,7950.5064,2023-08-01
600322.SH,2013-01-25,3.61,3.64,3.55,3.58,3.62,-0.04,-1.11,85610.54,30675.394,2023-08-01
002122.SZ,2013-01-25,5.54,5.58,5.5,5.55,5.5,0.05,0.91,32805.99,18151.2837,2023-08-01
300005.SZ,2013-01-25,15.83,16.32,15.83,16.15,15.8,0.35,2.22,10614.65,17165.7274,2023-08-01
600818.SH,2013-01-25,12.04,12.1,11.95,11.96,12.1,-0.14,-1.16,4396.0,5275.833,2023-08-01
002539.SZ,2013-01-25,9.2,9.26,9.14,9.22,9.19,0.03,0.33,10726.13,9866.388,2023-08-01
000975.SZ,2013-01-25,10.11,10.3,10.0,10.25,10.12,0.13,1.28,54556.99,55354.8276,2023-08-01
600068.SH,2013-01-25,5.53,5.55,5.46,5.51,5.52,-0.01,-0.18,174943.31,96416.482,2023-08-01
600433.SH,2013-01-25,12.25,12.27,11.7,11.75,12.09,-0.34,-2.81,67653.61,80284.241,2023-08-01
002364.SZ,2013-01-25,17.22,18.47,17.22,18.08,17.22,0.86,4.99,12217.28,21922.0382,2023-08-01
300134.SZ,2013-01-25,8.8,8.89,8.72,8.76,8.83,-0.07,-0.79,9573.56,8426.6323,2023-08-01
002412.SZ,2013-01-25,20.71,21.94,20.6,21.71,20.71,1.0,4.83,31342.8,67451.7973,2023-08-01
601958.SH,2013-01-25,12.31,12.65,12.21,12.42,12.27,0.15,1.22,149043.21,186106.22,2023-08-01
600879.SH,2013-01-25,8.31,8.59,8.05,8.07,8.41,-0.34,-4.04,280630.31,230201.085,2023-08-01
600615.SH,2013-01-25,9.93,10.05,9.73,9.95,9.95,0.0,0.0,15364.54,15215.873,2023-08-01
002614.SZ,2013-01-25,9.49,9.75,9.3,9.65,9.49,0.16,1.69,16808.19,16113.6345,2023-08-01
600488.SH,2013-01-25,5.79,5.98,5.74,5.94,5.79,0.15,2.59,48487.44,28511.247,2023-08-01
600513.SH,2013-01-25,9.75,10.03,9.73,9.85,9.83,0.02,0.2,19734.69,19546.935,2023-08-01
002197.SZ,2013-01-25,8.73,8.86,8.73,8.82,8.81,0.01,0.11,18741.28,16501.6209,2023-08-01
300054.SZ,2013-01-25,28.4,28.75,28.25,28.74,28.4,0.34,1.2,3922.35,11148.105,2023-08-01
002565.SZ,2013-01-25,8.14,8.43,8.11,8.35,8.15,0.2,2.45,21875.84,18169.6107,2023-08-01
600312.SH,2013-01-25,8.17,8.37,8.12,8.3,8.15,0.15,1.84,80171.92,66204.978,2023-08-01
000605.SZ,2013-01-25,15.28,15.61,15.2,15.61,14.87,0.74,4.98,8242.87,12751.5836,2023-08-01
002104.SZ,2013-01-25,9.74,10.12,9.69,9.86,9.77,0.09,0.92,80950.06,80287.1891,2023-08-01
002315.SZ,2013-01-25,29.86,30.19,29.71,29.99,29.98,0.01,0.03,3386.53,10151.6213,2023-08-01
000952.SZ,2013-01-25,5.8,5.93,5.78,5.83,5.8,0.03,0.52,20475.65,11961.8543,2023-08-01
600173.SH,2013-01-25,3.92,3.94,3.84,3.85,3.92,-0.07,-1.79,56851.09,22052.801,2023-08-01
600502.SH,2013-01-25,12.21,12.42,12.05,12.28,12.21,0.07,0.57,103181.42,126456.588,2023-08-01
000425.SZ,2013-01-25,12.42,12.53,12.16,12.45,12.36,0.09,0.73,139386.87,172588.9343,2023-08-01
000012.SZ,2013-01-25,8.44,8.5,8.14,8.23,8.5,-0.27,-3.18,189072.24,156284.8438,2023-08-01
000153.SZ,2013-01-25,6.58,6.68,6.58,6.6,6.62,-0.02,-0.3,12498.05,8295.462,2023-08-01
600160.SH,2013-01-25,9.26,9.35,9.08,9.15,9.23,-0.08,-0.87,78123.21,71927.9,2023-08-01
600596.SH,2013-01-25,9.5,9.69,9.3,9.43,9.66,-0.23,-2.38,129850.76,122871.668,2023-08-01
300163.SZ,2013-01-25,13.24,13.24,12.99,13.12,13.2,-0.08,-0.61,5639.7,7378.3205,2023-08-01
002571.SZ,2013-01-25,20.42,21.18,20.25,20.95,20.24,0.71,3.51,8404.93,17445.4605,2023-08-01
600285.SH,2013-01-25,11.38,11.64,11.25,11.45,11.33,0.12,1.06,32221.5,37052.189,2023-08-01
600038.SH,2013-01-25,22.51,22.51,21.45,21.85,22.53,-0.68,-3.02,67911.97,148897.849,2023-08-01
002283.SZ,2013-01-25,6.34,6.4,6.18,6.23,6.38,-0.15,-2.35,40335.33,25176.2856,2023-08-01
000687.SZ,2013-01-25,3.86,4.25,3.86,4.25,3.86,0.39,10.1,271154.72,114290.2197,2023-08-01
300248.SZ,2013-01-25,11.67,11.8,11.55,11.66,11.55,0.11,0.95,5636.26,6594.2694,2023-08-01
300133.SZ,2013-01-25,18.88,19.19,18.71,19.05,18.94,0.11,0.58,21935.07,41572.3823,2023-08-01
601218.SH,2013-01-25,7.71,7.79,7.62,7.65,7.71,-0.06,-0.78,10630.58,8179.247,2023-08-01
000509.SZ,2013-01-25,9.42,9.58,9.23,9.5,9.4,0.1,1.06,22915.14,21586.5213,2023-08-01
600759.SH,2013-01-25,4.94,4.94,4.76,4.83,4.95,-0.12,-2.42,139386.99,67539.186,2023-08-01
601567.SH,2013-01-25,8.4,8.64,8.39,8.55,8.43,0.12,1.42,17166.53,14675.709,2023-08-01
000421.SZ,2013-01-25,4.72,4.72,4.61,4.65,4.69,-0.04,-0.85,13356.19,6204.0304,2023-08-01
600121.SH,2013-01-25,7.58,7.58,7.46,7.53,7.54,-0.01,-0.13,19024.63,14277.542,2023-08-01
000892.SZ,2013-01-25,4.04,4.12,4.02,4.1,4.04,0.06,1.49,17256.84,7040.5586,2023-08-01
000001.SZ,2013-01-25,19.5,19.58,18.94,19.15,19.45,-0.3,-1.54,614312.48,1178016.2977,2023-08-01
002105.SZ,2013-01-25,4.62,4.69,4.6,4.63,4.62,0.01,0.22,9829.55,4568.7253,2023-08-01
002682.SZ,2013-01-25,10.51,10.69,10.4,10.43,10.48,-0.05,-0.48,20631.11,21708.9793,2023-08-01
601558.SH,2013-01-25,6.02,6.11,5.98,6.08,6.05,0.03,0.5,41861.35,25412.327,2023-08-01
300233.SZ,2013-01-25,14.76,15.08,14.58,14.95,14.88,0.07,0.47,6183.01,9219.0834,2023-08-01
600425.SH,2013-01-25,10.44,10.72,10.13,10.29,10.68,-0.39,-3.65,354229.8,369591.589,2023-08-01
000836.SZ,2013-01-25,4.47,4.52,4.46,4.48,4.49,-0.01,-0.22,17838.29,7997.7087,2023-08-01
300036.SZ,2013-01-25,11.51,11.69,10.95,11.05,11.56,-0.51,-4.41,30169.08,33468.7353,2023-08-01
002501.SZ,2013-01-25,20.26,20.7,19.98,20.37,20.27,0.1,0.49,45145.28,91746.3857,2023-08-01
002019.SZ,2013-01-25,6.8,7.06,6.73,6.99,6.81,0.18,2.64,55201.42,38364.8378,2023-08-01
600328.SH,2013-01-25,6.68,6.79,6.56,6.77,6.63,0.14,2.11,29072.15,19440.499,2023-08-01
002367.SZ,2013-01-25,9.68,9.89,9.67,9.78,9.71,0.07,0.72,11021.78,10774.0942,2023-08-01
002302.SZ,2013-01-25,14.35,14.89,14.08,14.61,14.45,0.16,1.11,33319.77,48427.9585,2023-08-01
300263.SZ,2013-01-25,10.63,10.63,10.49,10.56,10.54,0.02,0.19,7936.25,8380.0373,2023-08-01
600363.SH,2013-01-25,6.88,6.97,6.88,6.92,6.92,0.0,0.0,20496.26,14184.426,2023-08-01
002202.SZ,2013-01-25,5.71,5.72,5.61,5.65,5.67,-0.02,-0.35,97495.85,55163.3689,2023-08-01
002570.SZ,2013-01-25,26.23,26.78,25.75,26.5,26.1,0.4,1.53,63285.49,167068.4597,2023-08-01
600382.SH,2013-01-25,7.32,7.42,7.19,7.37,7.32,0.05,0.68,36975.61,27024.43,2023-08-01
600690.SH,2013-01-25,13.46,13.8,13.44,13.53,13.45,0.08,0.59,138294.58,188112.809,2023-08-01
300306.SZ,2013-01-25,14.5,14.85,14.5,14.6,14.7,-0.1,-0.68,9469.82,13902.5211,2023-08-01
002516.SZ,2013-01-25,8.18,8.21,8.05,8.09,8.14,-0.05,-0.61,16012.12,13006.2975,2023-08-01
600830.SH,2013-01-25,7.11,7.16,6.84,6.85,7.19,-0.34,-4.73,117745.69,81765.974,2023-08-01
300015.SZ,2013-01-25,17.42,17.42,16.91,17.06,17.5,-0.44,-2.51,11952.37,20403.8279,2023-08-01
300031.SZ,2013-01-25,9.58,9.73,9.55,9.58,9.61,-0.03,-0.31,9889.06,9530.9846,2023-08-01
600613.SH,2013-01-25,16.9,17.29,16.83,16.98,17.31,-0.33,-1.91,22888.17,38938.771,2023-08-01
000033.SZ,2013-01-25,4.27,4.63,4.25,4.61,4.35,0.26,5.98,106831.5,48017.3422,2023-08-01
600490.SH,2013-01-25,16.22,16.55,16.15,16.22,16.2,0.02,0.12,31630.11,51631.57,2023-08-01
600422.SH,2013-01-25,20.66,21.88,20.66,21.37,20.86,0.51,2.44,15430.37,33427.817,2023-08-01
000025.SZ,2013-01-25,6.34,6.39,6.28,6.32,6.31,0.01,0.16,6370.9,4038.5002,2023-08-01
600800.SH,2013-01-25,7.26,7.48,7.11,7.14,7.37,-0.23,-3.12,315381.86,227836.59,2023-08-01
000685.SZ,2013-01-25,11.15,11.28,11.12,11.19,11.16,0.03,0.27,14087.92,15778.3326,2023-08-01
000016.SZ,2013-01-25,3.64,3.64,3.52,3.56,3.65,-0.09,-2.47,168729.71,60236.5973,2023-08-01
002011.SZ,2013-01-25,9.37,9.44,9.23,9.37,9.41,-0.04,-0.43,42144.89,39382.9089,2023-08-01
600900.SH,2013-01-25,7.31,7.35,7.28,7.32,7.3,0.02,0.27,123554.85,90419.858,2023-08-01
600720.SH,2013-01-25,10.61,11.63,10.54,11.05,10.64,0.41,3.85,400026.58,443140.339,2023-08-01
300045.SZ,2013-01-25,15.0,15.09,14.3,14.54,15.4,-0.86,-5.58,60647.8,88863.683,2023-08-01
002166.SZ,2013-01-25,16.46,16.63,16.1,16.18,16.88,-0.7,-4.15,78451.84,128287.2864,2023-08-01
600854.SH,2013-01-25,3.84,3.87,3.8,3.84,3.82,0.02,0.52,14717.57,5641.002,2023-08-01
000686.SZ,2013-01-25,16.85,17.15,16.78,16.8,17.05,-0.25,-1.47,46848.65,79488.2007,2023-08-01
600419.SH,2013-01-25,10.88,10.96,10.63,10.72,10.99,-0.27,-2.46,8428.0,9081.785,2023-08-01
603167.SH,2013-01-25,9.91,10.24,9.82,10.03,9.99,0.04,0.4,86786.89,87080.011,2023-08-01
000839.SZ,2013-01-25,6.16,6.36,6.15,6.27,6.2,0.07,1.13,194238.37,121496.1491,2023-08-01
002596.SZ,2013-01-25,16.43,16.75,16.28,16.45,16.45,0.0,0.0,27652.61,45650.7276,2023-08-01
600768.SH,2013-01-25,6.35,6.4,6.3,6.31,6.33,-0.02,-0.32,9689.18,6144.572,2023-08-01
002176.SZ,2013-01-25,7.67,7.78,7.58,7.71,7.67,0.04,0.52,56036.17,42980.1456,2023-08-01
000619.SZ,2013-01-25,9.86,10.0,9.77,9.78,9.94,-0.16,-1.61,47514.45,46854.6902,2023-08-01
300269.SZ,2013-01-25,11.99,12.1,11.9,12.05,11.94,0.11,0.92,4653.09,5591.9456,2023-08-01
000625.SZ,2013-01-25,7.19,7.75,7.15,7.64,7.25,0.39,5.38,663672.63,501315.892,2023-08-01
002082.SZ,2013-01-25,6.83,6.91,6.79,6.85,6.86,-0.01,-0.15,8697.59,5965.0589,2023-08-01
600051.SH,2013-01-25,7.16,7.16,6.94,6.95,7.21,-0.26,-3.61,64871.17,45499.701,2023-08-01
002064.SZ,2013-01-25,4.98,5.05,4.9,4.95,4.97,-0.02,-0.4,21239.7,10574.4223,2023-08-01
600680.SH,2013-01-25,9.03,9.27,9.0,9.14,9.04,0.1,1.11,19488.66,17783.92,2023-08-01
600628.SH,2013-01-25,6.79,6.8,6.66,6.69,6.82,-0.13,-1.91,47028.16,31584.854,2023-08-01
000829.SZ,2013-01-25,4.47,4.48,4.38,4.47,4.44,0.03,0.68,118153.8,52405.8824,2023-08-01
000422.SZ,2013-01-25,10.9,11.08,10.81,10.93,10.9,0.03,0.28,75622.5,82802.4418,2023-08-01
600238.SH,2013-01-25,8.06,8.06,7.79,7.86,8.01,-0.15,-1.87,46148.68,36427.451,2023-08-01
300087.SZ,2013-01-25,13.74,14.44,13.65,14.12,13.86,0.26,1.88,28042.78,39500.3988,2023-08-01
000906.SZ,2013-01-25,5.3,5.34,5.22,5.23,5.3,-0.07,-1.32,6934.95,3648.6957,2023-08-01
002482.SZ,2013-01-25,20.6,21.1,20.46,21.0,20.6,0.4,1.94,8471.05,17690.9155,2023-08-01
600676.SH,2013-01-25,4.13,4.16,4.11,4.13,4.14,-0.01,-0.24,12492.06,5166.785,2023-08-01
002024.SZ,2013-01-25,7.27,7.32,7.17,7.25,7.26,-0.01,-0.14,449500.43,326332.1629,2023-08-01
600281.SH,2013-01-25,6.35,6.45,6.26,6.33,6.38,-0.05,-0.78,13403.38,8497.432,2023-08-01
300019.SZ,2013-01-25,12.46,12.79,12.4,12.68,12.46,0.22,1.77,6950.47,8772.397,2023-08-01
600261.SH,2013-01-25,8.23,8.43,8.14,8.36,8.24,0.12,1.46,28438.37,23610.578,2023-08-01
601700.SH,2013-01-25,17.8,18.13,17.69,17.8,17.7,0.1,0.57,19212.98,34410.999,2023-08-01
600088.SH,2013-01-25,9.76,9.89,9.64,9.79,9.76,0.03,0.31,26831.56,26227.114,2023-08-01
600072.SH,2013-01-25,14.51,14.64,14.2,14.29,14.78,-0.49,-3.32,86138.83,123485.402,2023-08-01
002446.SZ,2013-01-25,9.1,9.35,9.1,9.19,9.17,0.02,0.22,9263.89,8538.6448,2023-08-01
600506.SH,2013-01-25,8.82,8.9,8.61,8.67,8.88,-0.21,-2.36,14114.13,12382.627,2023-08-01
600202.SH,2013-01-25,5.15,5.21,5.11,5.17,5.12,0.05,0.98,22730.63,11737.22,2023-08-01
002049.SZ,2013-01-25,21.59,21.95,21.38,21.62,21.6,0.02,0.09,11345.26,24550.8158,2023-08-01
000828.SZ,2013-01-25,4.67,4.73,4.6,4.6,4.7,-0.1,-2.13,24592.63,11381.4169,2023-08-01
002131.SZ,2013-01-25,9.68,9.91,9.63,9.71,9.68,0.03,0.31,18980.27,18532.2652,2023-08-01
300179.SZ,2013-01-25,13.14,13.23,12.94,13.06,13.17,-0.11,-0.84,12757.21,16671.2362,2023-08-01
600719.SH,2013-01-25,6.9,6.9,6.6,6.78,6.94,-0.16,-2.31,13817.37,9313.624,2023-08-01
601800.SH,2013-01-25,5.17,5.2,5.03,5.05,5.16,-0.11,-2.13,187439.86,95223.593,2023-08-01
600639.SH,2013-01-25,8.74,8.84,8.55,8.59,8.76,-0.17,-1.94,51272.33,44438.487,2023-08-01
002031.SZ,2013-01-25,6.23,6.33,6.18,6.26,6.24,0.02,0.32,15111.92,9462.1142,2023-08-01
002576.SZ,2013-01-25,6.44,6.55,6.44,6.5,6.44,0.06,0.93,16147.26,10458.6393,2023-08-01
000753.SZ,2013-01-25,5.38,5.45,5.31,5.33,5.42,-0.09,-1.66,46345.55,24894.8529,2023-08-01
300349.SZ,2013-01-25,46.05,47.3,45.95,46.83,46.0,0.83,1.8,6376.88,29914.7763,2023-08-01
002273.SZ,2013-01-25,22.13,22.35,21.55,21.9,22.5,-0.6,-2.67,38272.96,83394.4012,2023-08-01
600257.SH,2013-01-25,6.36,6.41,6.28,6.29,6.38,-0.09,-1.41,74117.57,46849.824,2023-08-01
002616.SZ,2013-01-25,13.31,13.68,13.31,13.4,13.51,-0.11,-0.81,11996.99,16119.9519,2023-08-01
600317.SH,2013-01-25,3.71,3.71,3.65,3.67,3.72,-0.05,-1.34,22288.22,8182.203,2023-08-01
002530.SZ,2013-01-25,5.69,5.79,5.61,5.77,5.66,0.11,1.94,9157.97,5181.7449,2023-08-01
000599.SZ,2013-01-25,3.47,3.5,3.45,3.48,3.47,0.01,0.29,24599.62,8548.9338,2023-08-01
002411.SZ,2013-01-25,11.04,11.42,11.02,11.37,11.21,0.16,1.43,115881.8,130945.0873,2023-08-01
002562.SZ,2013-01-25,10.56,10.63,10.31,10.37,10.56,-0.19,-1.8,15316.7,15965.44,2023-08-01
000429.SZ,2013-01-25,3.2,3.22,3.18,3.19,3.22,-0.03,-0.93,15341.22,4899.75,2023-08-01
002380.SZ,2013-01-25,22.9,23.65,22.7,22.93,23.0,-0.07,-0.3,3072.56,7175.7795,2023-08-01
000676.SZ,2013-01-25,3.14,3.22,3.1,3.21,3.17,0.04,1.26,23567.48,7509.9006,2023-08-01
601799.SH,2013-01-25,11.07,11.27,11.05,11.07,11.03,0.04,0.36,18351.62,20471.097,2023-08-01
002348.SZ,2013-01-25,9.43,9.49,9.15,9.2,9.69,-0.49,-5.06,16495.25,15375.4406,2023-08-01
000488.SZ,2013-01-25,4.02,4.04,3.97,3.98,4.04,-0.06,-1.49,39345.38,15733.9656,2023-08-01
000609.SZ,2013-01-25,6.26,6.33,6.19,6.27,6.28,-0.01,-0.16,17908.04,11195.1268,2023-08-01
002481.SZ,2013-01-25,15.35,15.58,15.05,15.42,15.39,0.03,0.19,26417.21,40436.7083,2023-08-01
002515.SZ,2013-01-25,12.33,12.52,12.2,12.26,12.41,-0.15,-1.21,3589.63,4422.3332,2023-08-01
000959.SZ,2013-01-25,2.9,2.97,2.9,2.91,2.93,-0.02,-0.68,100779.73,29509.7082,2023-08-01
002177.SZ,2013-01-25,4.94,5.02,4.93,4.94,4.94,0.0,0.0,54378.69,26985.2236,2023-08-01
002416.SZ,2013-01-25,6.12,6.29,6.02,6.08,6.16,-0.08,-1.3,33349.86,20510.006,2023-08-01
002142.SZ,2013-01-25,11.83,12.22,11.7,11.8,11.95,-0.15,-1.26,270358.24,321682.3485,2023-08-01
002336.SZ,2013-01-25,9.1,9.17,9.0,9.07,9.09,-0.02,-0.22,6957.29,6311.0203,2023-08-01
600063.SH,2013-01-25,2.92,2.92,2.79,2.82,2.93,-0.11,-3.75,1130708.76,322146.687,2023-08-01
000559.SZ,2013-01-25,4.7,4.84,4.68,4.76,4.74,0.02,0.42,84403.66,40363.5057,2023-08-01
002355.SZ,2013-01-25,12.26,12.58,12.26,12.46,12.25,0.21,1.71,27027.88,33606.7653,2023-08-01
300055.SZ,2013-01-25,19.82,20.08,19.7,19.99,19.89,0.1,0.5,14171.7,28153.7177,2023-08-01
002397.SZ,2013-01-25,11.65,11.65,11.42,11.59,11.67,-0.08,-0.69,7295.97,8413.606,2023-08-01
600380.SH,2013-01-25,5.04,5.16,5.03,5.09,5.09,0.0,0.0,57247.11,29147.395,2023-08-01
601988.SH,2013-01-25,2.98,3.0,2.96,2.96,2.99,-0.03,-1.0,431931.34,128928.753,2023-08-01
000592.SZ,2013-01-25,5.06,5.35,4.98,5.3,5.1,0.2,3.92,274477.57,142872.8803,2023-08-01
300154.SZ,2013-01-25,7.55,7.63,7.51,7.56,7.55,0.01,0.13,4832.8,3659.9949,2023-08-01
600206.SH,2013-01-25,10.0,10.23,9.91,10.0,10.11,-0.11,-1.09,17676.31,17784.248,2023-08-01
600637.SH,2013-01-25,16.27,16.95,16.1,16.83,16.22,0.61,3.76,154230.75,256778.941,2023-08-01
300024.SZ,2013-01-25,31.5,33.28,31.3,31.8,31.2,0.6,1.92,82253.38,265790.3077,2023-08-01
600983.SH,2013-01-25,7.35,7.44,7.25,7.29,7.36,-0.07,-0.95,22444.56,16500.53,2023-08-01
000338.SZ,2013-01-25,23.57,23.63,23.06,23.09,23.64,-0.55,-2.33,103670.25,241185.3338,2023-08-01
000719.SZ,2013-01-25,9.74,10.25,9.55,10.06,9.74,0.32,3.29,82819.71,82812.6573,2023-08-01
002500.SZ,2013-01-25,7.31,7.38,7.15,7.18,7.39,-0.21,-2.84,229784.04,166529.2495,2023-08-01
300091.SZ,2013-01-25,7.75,7.79,7.51,7.57,7.75,-0.18,-2.32,20090.28,15287.7094,2023-08-01
000881.SZ,2013-01-25,7.55,7.93,7.48,7.89,7.51,0.38,5.06,87550.85,67717.8774,2023-08-01
002547.SZ,2013-01-25,10.59,10.9,10.41,10.6,10.52,0.08,0.76,50953.53,53889.1161,2023-08-01
002573.SZ,2013-01-25,20.3,20.3,18.98,19.1,18.77,0.33,1.76,58014.66,112857.6563,2023-08-01
300240.SZ,2013-01-25,10.24,10.35,10.2,10.22,10.27,-0.05,-0.49,11840.37,12151.2064,2023-08-01
600306.SH,2013-01-25,9.47,9.48,9.25,9.32,9.49,-0.17,-1.79,23632.07,22156.577,2023-08-01
000159.SZ,2013-01-25,6.88,6.97,6.75,6.81,6.92,-0.11,-1.59,36752.82,25201.7296,2023-08-01
002314.SZ,2013-01-25,7.33,7.33,7.15,7.27,7.36,-0.09,-1.22,9653.83,6952.4475,2023-08-01
300153.SZ,2013-01-25,7.6,7.72,7.56,7.69,7.68,0.01,0.13,4824.02,3695.2762,2023-08-01
002213.SZ,2013-01-25,6.09,6.14,6.0,6.05,6.08,-0.03,-0.49,7547.12,4585.7221,2023-08-01
002209.SZ,2013-01-25,6.17,6.23,6.13,6.19,6.17,0.02,0.32,6914.51,4269.3164,2023-08-01
600408.SH,2013-01-25,3.94,3.98,3.91,3.94,3.94,0.0,0.0,63030.29,24907.693,2023-08-01
600390.SH,2013-01-25,12.2,12.52,12.05,12.36,12.17,0.19,1.56,30502.01,37719.754,2023-08-01
600130.SH,2013-01-25,3.3,3.35,3.29,3.3,3.31,-0.01,-0.3,49739.98,16496.374,2023-08-01
002193.SZ,2013-01-25,8.0,8.25,7.76,8.2,8.01,0.19,2.37,35594.78,28608.0394,2023-08-01
000863.SZ,2013-01-25,7.81,7.85,7.37,7.41,7.81,-0.4,-5.12,104913.98,79103.7101,2023-08-01
002620.SZ,2013-01-25,15.0,15.17,14.61,14.76,15.1,-0.34,-2.25,11596.26,17115.5729,2023-08-01
002660.SZ,2013-01-25,17.01,17.49,16.85,17.11,17.12,-0.01,-0.06,6291.29,10774.9154,2023-08-01
000802.SZ,2013-01-25,7.96,8.06,7.92,8.03,7.95,0.08,1.01,13650.78,10900.9437,2023-08-01
002056.SZ,2013-01-25,14.11,14.25,13.85,13.85,14.11,-0.26,-1.84,44492.72,62478.0129,2023-08-01
000519.SZ,2013-01-25,12.75,12.82,12.31,12.39,12.9,-0.51,-3.95,39257.41,49229.8273,2023-08-01
002518.SZ,2013-01-25,9.88,9.99,9.8,9.88,9.87,0.01,0.1,6482.38,6416.6349,2023-08-01
000004.SZ,2013-01-25,8.28,8.35,8.17,8.22,8.28,-0.06,-0.72,6754.5,5566.809,2023-08-01
600355.SH,2013-01-25,4.61,4.71,4.61,4.64,4.63,0.01,0.22,27680.54,12899.459,2023-08-01
600366.SH,2013-01-25,15.87,15.96,15.5,15.51,15.97,-0.46,-2.88,108369.72,170304.235,2023-08-01
002564.SZ,2013-01-25,10.24,10.41,10.07,10.12,9.95,0.17,1.71,68944.57,70792.6254,2023-08-01
600393.SH,2013-01-25,7.1,7.3,7.03,7.2,7.18,0.02,0.28,17932.76,12846.276,2023-08-01
600523.SH,2013-01-25,14.7,15.04,13.52,14.69,13.71,0.98,7.15,369830.02,533847.366,2023-08-01
600189.SH,2013-01-25,6.48,6.49,6.33,6.35,6.43,-0.08,-1.24,36732.33,23508.624,2023-08-01
600277.SH,2013-01-25,5.61,5.65,5.53,5.55,5.62,-0.07,-1.25,24599.82,13699.127,2023-08-01
600012.SH,2013-01-25,4.0,4.0,3.97,4.0,4.0,0.0,0.0,10717.0,4274.617,2023-08-01
600149.SH,2013-01-25,8.1,8.22,7.98,8.12,8.15,-0.03,-0.37,116142.34,93769.474,2023-08-01
002401.SZ,2013-01-25,10.65,10.84,10.61,10.76,10.7,0.06,0.56,30093.96,32254.8346,2023-08-01
600165.SH,2013-01-25,6.38,6.62,6.31,6.46,6.4,0.06,0.94,65885.73,42746.219,2023-08-01
000955.SZ,2013-01-25,4.51,4.63,4.48,4.62,4.51,0.11,2.44,22028.8,10040.5157,2023-08-01
600220.SH,2013-01-25,2.8,2.82,2.77,2.78,2.8,-0.02,-0.71,43413.83,12103.428,2023-08-01
600006.SH,2013-01-25,2.97,3.09,2.97,3.08,2.97,0.11,3.7,211206.78,64274.517,2023-08-01
600971.SH,2013-01-25,12.69,12.72,12.58,12.64,12.64,0.0,0.0,39424.45,49899.83,2023-08-01
000960.SZ,2013-01-25,20.61,21.44,20.61,20.97,20.65,0.32,1.55,100730.12,212615.7007,2023-08-01
300210.SZ,2013-01-25,17.69,18.2,17.6,17.8,17.7,0.1,0.57,5407.65,9710.29,2023-08-01
002669.SZ,2013-01-25,10.9,11.21,10.82,11.19,11.09,0.1,0.9,15451.87,17025.8593,2023-08-01
000007.SZ,2013-01-25,15.24,15.61,15.01,15.45,15.24,0.21,1.38,22494.97,34689.3879,2023-08-01
002381.SZ,2013-01-25,16.52,16.84,16.45,16.66,16.64,0.02,0.12,15797.01,26223.3054,2023-08-01
600233.SH,2013-01-25,8.28,8.34,8.21,8.31,8.28,0.03,0.36,10165.12,8420.178,2023-08-01
002133.SZ,2013-01-25,4.65,4.65,4.51,4.56,4.64,-0.08,-1.72,73671.79,33640.5016,2023-08-01
300135.SZ,2013-01-25,9.08,9.27,9.0,9.05,9.09,-0.04,-0.44,61974.08,56586.8663,2023-08-01
600961.SH,2013-01-25,8.87,8.95,8.68,8.73,8.9,-0.17,-1.91,53547.14,47030.963,2023-08-01
002071.SZ,2013-01-25,5.27,5.3,5.19,5.2,5.25,-0.05,-0.95,10485.08,5474.2972,2023-08-01
600381.SH,2013-01-25,4.37,4.37,4.17,4.21,4.41,-0.2,-4.54,828915.52,352573.816,2023-08-01
600811.SH,2013-01-25,5.65,5.77,5.61,5.65,5.62,0.03,0.53,194423.29,110308.716,2023-08-01
600459.SH,2013-01-25,18.14,19.2,17.8,18.83,18.17,0.66,3.63,51983.06,97552.922,2023-08-01
000529.SZ,2013-01-25,7.05,7.17,7.0,7.08,7.1,-0.02,-0.28,17864.37,12659.3913,2023-08-01
600975.SH,2013-01-25,6.66,6.7,6.57,6.67,6.68,-0.01,-0.15,32909.66,21804.345,2023-08-01
300232.SZ,2013-01-25,9.06,9.13,8.94,9.0,9.02,-0.02,-0.22,4517.34,4082.0725,2023-08-01
000031.SZ,2013-01-25,4.38,4.4,4.26,4.3,4.41,-0.11,-2.49,126336.15,54410.4014,2023-08-01
000795.SZ,2013-01-25,11.05,11.21,10.83,11.05,11.25,-0.2,-1.78,74963.62,82689.5859,2023-08-01
600696.SH,2013-01-25,6.79,7.03,6.76,6.9,6.85,0.05,0.73,208518.2,144291.723,2023-08-01
300341.SZ,2013-01-25,10.9,11.07,10.8,10.83,10.92,-0.09,-0.82,7597.04,8282.6458,2023-08-01
002684.SZ,2013-01-25,36.46,37.44,36.4,36.9,36.4,0.5,1.37,10888.36,40172.5006,2023-08-01
002346.SZ,2013-01-25,12.11,12.25,11.67,12.0,12.42,-0.42,-3.38,15284.57,18353.6721,2023-08-01
600105.SH,2013-01-25,5.6,5.85,5.58,5.82,5.61,0.21,3.74,189130.2,108930.933,2023-08-01
002249.SZ,2013-01-25,7.11,7.18,6.96,7.04,7.14,-0.1,-1.4,34861.61,24540.4191,2023-08-01
300018.SZ,2013-01-25,8.78,8.78,8.28,8.36,8.78,-0.42,-4.78,35977.54,30426.6634,2023-08-01
000597.SZ,2013-01-25,6.59,6.62,6.45,6.53,6.59,-0.06,-0.91,26277.05,17160.6666,2023-08-01
600512.SH,2013-01-25,3.11,3.16,3.09,3.11,3.12,-0.01,-0.32,64259.97,20057.628,2023-08-01
600356.SH,2013-01-25,6.47,6.52,6.37,6.44,6.47,-0.03,-0.46,7822.53,5043.374,2023-08-01
300035.SZ,2013-01-25,9.69,10.77,9.68,10.32,9.79,0.53,5.41,22682.1,23420.314,2023-08-01
601608.SH,2013-01-25,3.78,3.8,3.73,3.74,3.78,-0.04,-1.06,119672.59,44921.505,2023-08-01
300182.SZ,2013-01-25,26.2,26.93,25.87,26.74,26.3,0.44,1.67,6021.0,15960.4065,2023-08-01
300048.SZ,2013-01-25,7.43,7.72,7.43,7.62,7.48,0.14,1.87,26481.57,20148.4008,2023-08-01
600682.SH,2013-01-25,8.76,8.77,8.56,8.67,8.74,-0.07,-0.8,13583.4,11769.614,2023-08-01
600279.SH,2013-01-25,6.3,6.34,6.23,6.33,6.32,0.01,0.16,7678.41,4844.556,2023-08-01
300074.SZ,2013-01-25,30.15,31.28,30.12,30.73,30.0,0.73,2.43,10836.74,33242.3694,2023-08-01
600133.SH,2013-01-25,5.77,5.8,5.67,5.69,5.77,-0.08,-1.39,50527.77,28915.701,2023-08-01
002061.SZ,2013-01-25,10.26,10.7,10.21,10.56,10.45,0.11,1.05,59489.55,62227.8293,2023-08-01
600678.SH,2013-01-25,6.8,7.06,6.72,7.06,6.72,0.34,5.06,105685.83,73130.901,2023-08-01
000973.SZ,2013-01-25,4.26,4.38,4.25,4.32,4.28,0.04,0.93,97781.92,42265.6399,2023-08-01
002127.SZ,2013-01-25,3.63,3.64,3.58,3.59,3.62,-0.03,-0.83,11686.68,4216.0538,2023-08-01
002363.SZ,2013-01-25,13.28,13.43,13.26,13.39,13.41,-0.02,-0.15,6203.67,8287.9658,2023-08-01
300345.SZ,2013-01-25,15.76,15.9,15.61,15.77,15.66,0.11,0.7,8053.8,12693.9676,2023-08-01
000420.SZ,2013-01-25,3.55,3.72,3.55,3.72,3.54,0.18,5.08,99289.42,36664.9023,2023-08-01
002385.SZ,2013-01-25,22.85,23.51,22.84,22.9,22.83,0.07,0.31,37037.01,85837.6989,2023-08-01
300205.SZ,2013-01-25,12.55,13.15,12.55,12.69,12.53,0.16,1.28,22288.81,28757.921,2023-08-01
601777.SH,2013-01-25,6.31,6.42,6.31,6.35,6.32,0.03,0.47,16008.29,10185.589,2023-08-01
600636.SH,2013-01-25,13.51,13.68,13.26,13.39,13.59,-0.2,-1.47,59749.93,80072.411,2023-08-01
300013.SZ,2013-01-25,9.15,9.18,8.93,9.05,9.18,-0.13,-1.42,10199.12,9227.7733,2023-08-01
002523.SZ,2013-01-25,5.24,5.34,5.21,5.27,5.29,-0.02,-0.38,32612.81,17147.1387,2023-08-01
002572.SZ,2013-01-25,23.8,24.12,23.5,23.94,23.74,0.2,0.84,2899.6,6917.1554,2023-08-01
600801.SH,2013-01-25,15.22,16.23,15.1,16.07,15.24,0.83,5.45,106937.36,167934.533,2023-08-01
002258.SZ,2013-01-25,11.68,11.87,11.5,11.84,11.74,0.1,0.85,25028.84,29316.6916,2023-08-01
000815.SZ,2013-01-25,5.98,6.27,5.89,6.13,6.01,0.12,2.0,88480.62,53606.0897,2023-08-01
603003.SH,2013-01-25,10.08,10.22,9.78,9.82,10.05,-0.23,-2.29,33403.8,33330.659,2023-08-01
000939.SZ,2013-01-25,6.78,6.82,6.61,6.69,6.79,-0.1,-1.47,110129.63,73837.0033,2023-08-01
002294.SZ,2013-01-25,46.05,47.77,45.4,45.4,46.3,-0.9,-1.94,25186.85,117297.6643,2023-08-01
002382.SZ,2013-01-25,8.7,8.8,8.57,8.65,8.69,-0.04,-0.46,11046.84,9591.2212,2023-08-01
000708.SZ,2013-01-25,7.64,7.64,7.35,7.39,7.73,-0.34,-4.4,61483.85,45732.5125,2023-08-01
300342.SZ,2013-01-25,16.68,17.08,16.61,16.92,16.68,0.24,1.44,11614.29,19614.1083,2023-08-01
002536.SZ,2013-01-25,14.99,15.07,14.74,14.91,14.8,0.11,0.74,4341.27,6474.4529,2023-08-01
600895.SH,2013-01-25,6.95,6.96,6.87,6.92,6.92,0.0,0.0,51050.47,35289.461,2023-08-01
600141.SH,2013-01-25,17.45,17.63,17.2,17.29,17.43,-0.14,-0.8,51337.96,89481.188,2023-08-01
600522.SH,2013-01-25,8.3,8.37,8.25,8.31,8.31,0.0,0.0,50315.46,41813.306,2023-08-01
300275.SZ,2013-01-25,26.73,27.24,26.5,26.55,26.79,-0.24,-0.9,8216.28,22024.3201,2023-08-01
000930.SZ,2013-01-25,4.74,4.78,4.6,4.63,4.74,-0.11,-2.32,136027.55,63504.3315,2023-08-01
600870.SH,2013-01-25,4.23,4.37,4.23,4.33,4.22,0.11,2.61,34436.8,14817.19,2023-08-01
000407.SZ,2013-01-25,5.8,6.17,5.8,6.09,5.82,0.27,4.64,164539.13,99752.2629,2023-08-01
002141.SZ,2013-01-25,4.81,4.86,4.75,4.79,4.84,-0.05,-1.03,16368.88,7862.1264,2023-08-01
000078.SZ,2013-01-25,7.69,7.94,7.62,7.71,7.81,-0.1,-1.28,197166.72,153873.692,2023-08-01
002612.SZ,2013-01-25,24.85,24.99,24.55,24.92,24.89,0.03,0.12,9336.94,23124.9545,2023-08-01
600399.SH,2013-01-25,6.4,6.4,6.09,6.1,6.59,-0.49,-7.44,206810.92,128449.522,2023-08-01
002300.SZ,2013-01-25,7.23,7.23,7.09,7.11,7.2,-0.09,-1.25,15518.67,11071.5025,2023-08-01
002191.SZ,2013-01-25,8.72,8.78,8.68,8.7,8.73,-0.03,-0.34,32834.83,28604.8125,2023-08-01
002605.SZ,2013-01-25,22.5,23.36,22.42,23.29,22.6,0.69,3.05,13529.09,31021.3771,2023-08-01
002241.SZ,2013-01-25,34.6,35.15,33.5,34.02,34.85,-0.83,-2.38,73759.8,251729.988,2023-08-01
002087.SZ,2013-01-25,3.41,3.43,3.39,3.41,3.41,0.0,0.0,19515.79,6657.9593,2023-08-01
600623.SH,2013-01-25,8.82,9.08,8.82,8.92,8.83,0.09,1.02,11700.91,10492.826,2023-08-01
300235.SZ,2013-01-25,9.43,9.53,9.32,9.4,9.36,0.04,0.43,7502.79,7069.4707,2023-08-01
000890.SZ,2013-01-25,3.78,3.79,3.75,3.78,3.78,0.0,0.0,15243.44,5743.818,2023-08-01
000935.SZ,2013-01-25,6.83,7.09,6.83,6.9,6.88,0.02,0.29,43377.0,30112.8554,2023-08-01
000963.SZ,2013-01-25,36.85,38.6,36.7,38.32,37.3,1.02,2.73,7910.65,30176.6961,2023-08-01
000655.SZ,2013-01-25,12.01,12.28,11.88,12.15,11.98,0.17,1.42,86980.54,105302.945,2023-08-01
300109.SZ,2013-01-25,7.7,7.84,7.64,7.75,7.7,0.05,0.65,4986.91,3841.9119,2023-08-01
002129.SZ,2013-01-25,13.47,13.47,13.1,13.3,13.5,-0.2,-1.48,14614.4,19396.5119,2023-08-01
300347.SZ,2013-01-25,57.45,59.17,56.6,58.58,57.59,0.99,1.72,6470.8,37524.6717,2023-08-01
000779.SZ,2013-01-25,7.49,7.59,7.38,7.5,7.55,-0.05,-0.66,11827.49,8856.6321,2023-08-01
600985.SH,2013-01-25,11.6,12.0,11.4,11.82,11.55,0.27,2.34,10483.27,12319.844,2023-08-01
600545.SH,2013-01-25,6.01,6.01,5.9,5.91,6.0,-0.09,-1.5,57637.4,34280.56,2023-08-01
600082.SH,2013-01-25,4.54,4.59,4.51,4.53,4.54,-0.01,-0.22,51897.84,23583.08,2023-08-01
300003.SZ,2013-01-25,9.39,9.53,9.3,9.39,9.45,-0.06,-0.63,27918.79,26215.9631,2023-08-01
002184.SZ,2013-01-25,5.31,5.38,5.27,5.3,5.32,-0.02,-0.38,7518.04,4001.9022,2023-08-01
600648.SH,2013-01-25,10.03,10.18,9.6,9.66,9.96,-0.3,-3.01,55151.98,53923.347,2023-08-01
000540.SZ,2013-01-25,6.39,6.42,6.21,6.27,6.4,-0.13,-2.03,121230.96,76152.6239,2023-08-01
601798.SH,2013-01-25,11.64,11.75,11.38,11.48,11.65,-0.17,-1.46,19532.47,22591.589,2023-08-01
601898.SH,2013-01-25,7.76,7.81,7.71,7.77,7.72,0.05,0.65,73153.85,56844.763,2023-08-01
000927.SZ,2013-01-25,4.82,4.97,4.65,4.89,4.84,0.05,1.03,133632.82,65166.9677,2023-08-01
002301.SZ,2013-01-25,5.86,6.2,5.86,6.17,5.84,0.33,5.65,68998.8,41708.679,2023-08-01
000978.SZ,2013-01-25,6.42,6.5,6.32,6.4,6.43,-0.03,-0.47,28574.55,18349.0449,2023-08-01
002574.SZ,2013-01-25,15.03,15.24,15.0,15.09,15.06,0.03,0.2,11082.06,16728.5124,2023-08-01
600782.SH,2013-01-25,4.22,4.22,4.16,4.16,4.22,-0.06,-1.42,10378.88,4336.009,2023-08-01
600258.SH,2013-01-25,11.1,11.19,11.04,11.16,11.04,0.12,1.09,11553.12,12840.134,2023-08-01
600118.SH,2013-01-25,15.55,15.56,14.8,14.91,15.55,-0.64,-4.12,219171.5,329582.084,2023-08-01
002607.SZ,2013-01-25,8.75,8.94,8.6,8.81,8.76,0.05,0.57,24291.7,21381.5909,2023-08-01
002189.SZ,2013-01-25,7.79,7.84,7.63,7.67,7.8,-0.13,-1.67,21337.35,16435.8575,2023-08-01
000617.SZ,2013-01-25,7.51,7.57,7.4,7.43,7.55,-0.12,-1.59,17886.19,13369.3255,2023-08-01
600845.SH,2013-01-25,14.2,14.3,13.98,14.06,14.24,-0.18,-1.26,8984.97,12654.656,2023-08-01
002125.SZ,2013-01-25,7.6,7.79,7.53,7.66,7.65,0.01,0.13,14910.73,11492.6082,2023-08-01
600466.SH,2013-01-25,4.97,5.02,4.92,4.98,4.97,0.01,0.2,35962.84,17908.141,2023-08-01
002618.SZ,2013-01-25,14.3,14.3,13.61,13.76,13.99,-0.23,-1.64,22928.89,31657.3663,2023-08-01
601179.SH,2013-01-25,3.65,3.65,3.6,3.61,3.62,-0.01,-0.28,85762.57,31115.16,2023-08-01
002700.SZ,2013-01-25,40.21,41.15,40.21,40.92,40.44,0.48,1.19,12867.89,52452.5825,2023-08-01
002070.SZ,2013-01-25,7.58,7.65,7.3,7.4,7.59,-0.19,-2.5,58239.88,43331.2721,2023-08-01
600500.SH,2013-01-25,5.84,5.9,5.8,5.81,5.84,-0.03,-0.51,27033.88,15766.396,2023-08-01
600549.SH,2013-01-25,38.1,39.13,38.08,38.52,38.49,0.03,0.08,56826.31,219610.796,2023-08-01
002388.SZ,2013-01-25,7.82,7.91,7.67,7.77,7.81,-0.04,-0.51,4531.94,3514.7608,2023-08-01
600073.SH,2013-01-25,6.72,6.85,6.62,6.69,6.78,-0.09,-1.33,27194.44,18319.849,2023-08-01
300202.SZ,2013-01-25,29.69,30.08,29.69,29.9,29.69,0.21,0.71,2424.11,7252.3921,2023-08-01
600192.SH,2013-01-25,5.44,5.47,5.38,5.46,5.42,0.04,0.74,10479.87,5692.524,2023-08-01
600756.SH,2013-01-25,8.76,8.8,8.58,8.6,8.71,-0.11,-1.26,52609.88,45636.991,2023-08-01
000562.SZ,2013-01-25,19.7,20.3,19.4,19.43,19.9,-0.47,-2.36,236590.9,468842.4451,2023-08-01
300016.SZ,2013-01-25,15.1,15.98,15.01,15.88,15.5,0.38,2.45,16711.24,26061.5742,2023-08-01
000903.SZ,2013-01-25,4.68,4.73,4.64,4.66,4.68,-0.02,-0.43,66327.55,30996.372,2023-08-01
600186.SH,2013-01-25,2.99,3.0,2.93,2.96,3.0,-0.04,-1.33,95303.01,28253.592,2023-08-01
000611.SZ,2013-01-25,4.24,4.28,4.21,4.24,4.26,-0.02,-0.47,16840.66,7163.6303,2023-08-01
000523.SZ,2013-01-25,6.04,6.15,5.88,6.07,6.07,0.0,0.0,141922.8,85300.5685,2023-08-01
300283.SZ,2013-01-25,16.42,16.55,16.12,16.18,16.31,-0.13,-0.8,7134.78,11636.6089,2023-08-01
002667.SZ,2013-01-25,23.0,23.32,22.8,23.24,23.0,0.24,1.04,4546.89,10483.2895,2023-08-01
600308.SH,2013-01-25,3.44,3.45,3.4,3.41,3.43,-0.02,-0.58,44179.35,15096.241,2023-08-01
000703.SZ,2013-01-25,11.19,11.19,10.78,10.78,10.99,-0.21,-1.91,34972.01,38025.5099,2023-08-01
000415.SZ,2013-01-25,7.41,7.64,7.3,7.51,7.47,0.04,0.54,116919.49,87971.0969,2023-08-01
600208.SH,2013-01-25,4.19,4.21,4.09,4.18,4.17,0.01,0.24,144301.77,59869.548,2023-08-01
000652.SZ,2013-01-25,3.65,3.67,3.57,3.58,3.65,-0.07,-1.92,67444.86,24360.7139,2023-08-01
300265.SZ,2013-01-25,12.68,12.73,12.39,12.54,12.59,-0.05,-0.4,20707.74,26038.1394,2023-08-01
601216.SH,2013-01-25,6.06,6.11,6.0,6.05,6.05,0.0,0.0,22328.18,13530.078,2023-08-01
000636.SZ,2013-01-25,7.07,7.07,6.85,7.07,6.43,0.64,9.95,404954.53,285886.5356,2023-08-01
300267.SZ,2013-01-25,19.31,20.0,19.3,20.0,19.42,0.58,2.99,15850.29,31019.9041,2023-08-01
300219.SZ,2013-01-25,6.62,6.7,6.56,6.6,6.69,-0.09,-1.35,16622.25,11015.5949,2023-08-01
002466.SZ,2013-01-25,32.34,35.75,32.19,35.22,32.5,2.72,8.37,46982.38,161375.0334,2023-08-01
600302.SH,2013-01-25,3.8,3.85,3.77,3.8,3.84,-0.04,-1.04,10088.56,3843.851,2023-08-01
600778.SH,2013-01-25,10.1,10.24,9.96,10.22,10.15,0.07,0.69,52816.77,53234.771,2023-08-01
002226.SZ,2013-01-25,11.76,11.89,11.56,11.8,11.8,0.0,0.0,43363.86,50882.0614,2023-08-01
002521.SZ,2013-01-25,15.96,16.1,15.82,15.88,15.92,-0.04,-0.25,18243.17,29094.5098,2023-08-01
000573.SZ,2013-01-25,4.34,4.41,4.34,4.37,4.34,0.03,0.69,16493.63,7220.6852,2023-08-01
002280.SZ,2013-01-25,9.31,9.35,9.18,9.23,9.32,-0.09,-0.97,7300.14,6766.4428,2023-08-01
000043.SZ,2013-01-25,7.35,7.47,7.18,7.21,7.37,-0.16,-2.17,150562.65,109632.1997,2023-08-01
601666.SH,2013-01-25,8.37,8.47,8.35,8.37,8.36,0.01,0.12,78409.54,65884.878,2023-08-01
300174.SZ,2013-01-25,8.2,8.24,8.12,8.19,8.15,0.04,0.49,5985.22,4901.9209,2023-08-01
600735.SH,2013-01-25,7.6,8.4,7.54,8.4,7.64,0.76,9.95,297055.51,240892.963,2023-08-01
002435.SZ,2013-01-25,10.2,10.29,10.03,10.16,10.16,0.0,0.0,15149.45,15398.8716,2023-08-01
000691.SZ,2013-01-25,5.78,5.89,5.72,5.73,5.83,-0.1,-1.72,36388.44,20962.4584,2023-08-01
600532.SH,2013-01-25,12.78,13.6,12.42,13.36,12.8,0.56,4.38,167681.74,220033.121,2023-08-01
002683.SZ,2013-01-25,15.45,16.1,15.22,15.85,15.42,0.43,2.79,20731.23,32615.7607,2023-08-01
300164.SZ,2013-01-25,15.96,16.43,15.86,16.29,15.92,0.37,2.32,7658.04,12408.1901,2023-08-01
000931.SZ,2013-01-25,5.71,5.74,5.65,5.66,5.69,-0.03,-0.53,44822.05,25511.5715,2023-08-01
600249.SH,2013-01-25,4.9,5.26,4.89,5.12,4.93,0.19,3.85,67660.22,34362.527,2023-08-01
002022.SZ,2013-01-25,10.74,11.05,10.66,10.98,10.66,0.32,3.0,81063.68,88417.4704,2023-08-01
600857.SH,2013-01-25,9.12,9.45,9.12,9.26,9.21,0.05,0.54,20300.81,18892.54,2023-08-01
002666.SZ,2013-01-25,14.61,14.95,14.6,14.74,14.7,0.04,0.27,9502.17,14054.1964,2023-08-01
000951.SZ,2013-01-25,11.76,12.21,11.75,12.06,11.84,0.22,1.86,11169.03,13416.0442,2023-08-01
002037.SZ,2013-01-25,22.19,22.25,21.6,21.6,22.25,-0.65,-2.92,23760.78,51806.4156,2023-08-01
002375.SZ,2013-01-25,25.0,25.69,24.9,25.35,25.22,0.13,0.52,14742.84,37295.4582,2023-08-01
000061.SZ,2013-01-25,5.8,5.91,5.58,5.9,5.8,0.1,1.72,341457.53,195893.0348,2023-08-01
600397.SH,2013-01-25,12.61,12.8,12.46,12.72,12.73,-0.01,-0.08,28999.84,36581.631,2023-08-01
600131.SH,2013-01-25,6.79,7.05,6.71,6.94,6.85,0.09,1.31,585478.22,403637.661,2023-08-01
000999.SZ,2013-01-25,27.11,29.08,27.11,28.76,27.16,1.6,5.89,66354.11,187572.8974,2023-08-01
603366.SH,2013-01-25,14.41,14.59,14.26,14.4,14.45,-0.05,-0.35,24405.59,35145.466,2023-08-01
000669.SZ,2013-01-25,31.78,32.5,31.43,32.2,31.77,0.43,1.35,7832.29,25052.5526,2023-08-01
300032.SZ,2013-01-25,22.29,23.5,22.29,23.39,22.35,1.04,4.65,5211.0,11996.2592,2023-08-01
000987.SZ,2013-01-25,11.61,11.61,11.39,11.42,11.65,-0.23,-1.97,22747.3,26090.8185,2023-08-01
000550.SZ,2013-01-25,16.95,17.25,16.95,17.03,16.98,0.05,0.29,17975.54,30752.9924,2023-08-01
002066.SZ,2013-01-25,5.89,6.0,5.56,5.92,5.45,0.47,8.62,263936.71,152111.1688,2023-08-01
000547.SZ,2013-01-25,3.63,3.69,3.57,3.59,3.62,-0.03,-0.83,94959.13,34334.5643,2023-08-01
600837.SH,2013-01-25,10.31,10.45,10.14,10.18,10.37,-0.19,-1.83,514906.95,529094.939,2023-08-01
002533.SZ,2013-01-25,6.19,6.22,6.15,6.19,6.19,0.0,0.0,29691.22,18361.8687,2023-08-01
002206.SZ,2013-01-25,6.35,6.43,6.2,6.35,6.31,0.04,0.63,32858.49,20858.6822,2023-08-01
000563.SZ,2013-01-25,13.44,13.55,12.92,13.0,13.55,-0.55,-4.06,121724.5,160136.464,2023-08-01
002100.SZ,2013-01-25,9.5,9.5,9.4,9.49,9.5,-0.01,-0.11,14620.76,13796.6826,2023-08-01
002415.SZ,2013-01-25,31.09,31.5,30.75,30.98,31.0,-0.02,-0.06,34999.09,109297.6452,2023-08-01
002392.SZ,2013-01-25,8.0,8.05,7.63,7.73,7.95,-0.22,-2.77,54856.3,42624.1182,2023-08-01
600750.SH,2013-01-25,20.57,20.98,20.2,20.5,20.47,0.03,0.15,38623.41,79321.268,2023-08-01
600697.SH,2013-01-25,22.19,22.45,22.0,22.32,22.19,0.13,0.59,10425.22,23215.838,2023-08-01
600804.SH,2013-01-25,6.68,6.86,6.6,6.76,6.64,0.12,1.81,175590.66,118113.446,2023-08-01
600096.SH,2013-01-25,13.21,13.53,13.11,13.45,13.23,0.22,1.66,99377.1,132689.307,2023-08-01
600635.SH,2013-01-25,4.07,4.1,4.03,4.05,4.08,-0.03,-0.74,58263.39,23648.434,2023-08-01
600137.SH,2013-01-25,8.83,8.9,8.78,8.83,8.84,-0.01,-0.11,12116.06,10716.939,2023-08-01
600705.SH,2013-01-25,17.2,17.6,17.07,17.07,17.97,-0.9,-5.01,271663.16,466840.664,2023-08-01
000022.SZ,2013-01-25,11.71,13.04,11.37,13.04,11.85,1.19,10.04,155826.12,191486.5179,2023-08-01
600091.SH,2013-01-25,4.21,4.42,4.21,4.36,4.21,0.15,3.56,47958.69,20969.722,2023-08-01
300100.SZ,2013-01-25,11.24,11.24,11.1,11.15,11.16,-0.01,-0.09,7360.73,8204.1263,2023-08-01
002242.SZ,2013-01-25,7.0,7.03,6.93,6.96,6.97,-0.01,-0.14,17194.83,11998.135,2023-08-01
000616.SZ,2013-01-25,3.87,3.91,3.83,3.85,3.88,-0.03,-0.77,93098.16,35992.5259,2023-08-01
000401.SZ,2013-01-25,14.18,14.83,14.08,14.68,14.18,0.5,3.53,158709.48,231064.2417,2023-08-01
600093.SH,2013-01-25,5.08,5.11,5.04,5.1,5.08,0.02,0.39,14372.28,7304.213,2023-08-01
600667.SH,2013-01-25,3.55,3.6,3.53,3.55,3.57,-0.02,-0.56,180848.23,64362.09,2023-08-01
600981.SH,2013-01-25,3.94,3.97,3.88,3.92,3.92,0.0,0.0,9251.68,3640.673,2023-08-01
600452.SH,2013-01-25,8.43,8.55,8.4,8.5,8.47,0.03,0.35,10595.51,8998.327,2023-08-01
002227.SZ,2013-01-25,17.25,18.56,16.9,18.34,17.25,1.09,6.32,12831.01,23007.9008,2023-08-01
000912.SZ,2013-01-25,5.16,5.2,5.1,5.13,5.19,-0.06,-1.16,28992.26,14881.0849,2023-08-01
600320.SH,2013-01-25,3.48,3.51,3.43,3.44,3.49,-0.05,-1.43,83244.21,28758.811,2023-08-01
600990.SH,2013-01-25,25.3,25.9,22.5,22.78,25.0,-2.22,-8.88,187816.81,445063.761,2023-08-01
600423.SH,2013-01-25,5.7,5.76,5.65,5.71,5.73,-0.02,-0.35,33275.93,18975.714,2023-08-01
002058.SZ,2013-01-25,6.69,6.8,6.66,6.7,6.74,-0.04,-0.59,5357.38,3612.4163,2023-08-01
600610.SH,2013-01-25,12.93,13.24,12.84,13.19,12.93,0.26,2.01,2567.41,3360.419,2023-08-01
002192.SZ,2013-01-25,14.25,14.8,14.18,14.64,14.28,0.36,2.52,9574.77,13871.7642,2023-08-01
002559.SZ,2013-01-25,9.99,10.08,9.89,9.94,9.98,-0.04,-0.4,10263.26,10206.7327,2023-08-01
002028.SZ,2013-01-25,14.48,14.67,14.36,14.57,14.41,0.16,1.11,42360.82,61500.1722,2023-08-01
300243.SZ,2013-01-25,10.25,10.31,10.15,10.22,10.2,0.02,0.2,5808.18,5937.2986,2023-08-01
002510.SZ,2013-01-25,9.78,9.8,9.6,9.62,9.7,-0.08,-0.82,5096.24,4925.7327,2023-08-01
002633.SZ,2013-01-25,6.52,6.6,6.45,6.52,6.5,0.02,0.31,13489.65,8804.5997,2023-08-01
000899.SZ,2013-01-25,4.49,4.49,4.49,4.49,4.28,0.21,4.91,27897.76,12526.0942,2023-08-01
600321.SH,2013-01-25,2.63,2.65,2.61,2.64,2.63,0.01,0.38,126853.52,33386.794,2023-08-01
002236.SZ,2013-01-25,49.9,50.08,48.03,48.72,49.3,-0.58,-1.18,19624.85,96111.8801,2023-08-01
600884.SH,2013-01-25,10.59,10.76,10.49,10.65,10.58,0.07,0.66,34641.48,36743.895,2023-08-01
000551.SZ,2013-01-25,7.31,7.38,7.13,7.15,7.33,-0.18,-2.46,126089.53,91283.0442,2023-08-01
600741.SH,2013-01-25,10.09,10.25,10.03,10.14,10.03,0.11,1.1,145548.33,147473.204,2023-08-01
300328.SZ,2013-01-25,15.39,15.48,15.2,15.36,15.39,-0.03,-0.19,4664.46,7165.9997,2023-08-01
002406.SZ,2013-01-25,8.12,8.12,8.0,8.07,8.09,-0.02,-0.25,14314.01,11536.0619,2023-08-01
002275.SZ,2013-01-25,15.96,16.3,15.92,16.05,16.11,-0.06,-0.37,13043.17,21019.3615,2023-08-01
000088.SZ,2013-01-25,4.36,4.44,4.28,4.43,4.36,0.07,1.61,66397.73,29010.1182,2023-08-01
000536.SZ,2013-01-25,19.85,20.2,19.7,20.09,19.86,0.23,1.16,11006.45,22043.8309,2023-08-01
600248.SH,2013-01-25,7.32,7.39,7.23,7.37,7.32,0.05,0.68,21682.8,15898.79,2023-08-01
002436.SZ,2013-01-25,16.15,16.18,15.68,15.95,16.1,-0.15,-0.93,13411.52,21282.7616,2023-08-01
002007.SZ,2013-01-25,22.91,24.17,22.71,23.89,22.91,0.98,4.28,111751.67,264372.2426,2023-08-01
600015.SH,2013-01-25,11.01,11.11,10.89,11.04,10.99,0.05,0.46,376679.23,414908.756,2023-08-01
600777.SH,2013-01-25,5.26,5.74,5.22,5.59,5.3,0.29,5.47,167892.71,93412.778,2023-08-01
600113.SH,2013-01-25,11.56,11.56,10.88,10.92,11.56,-0.64,-5.54,373137.23,415594.875,2023-08-01
002151.SZ,2013-01-25,35.75,36.3,34.71,35.12,36.74,-1.62,-4.41,114340.15,404327.6764,2023-08-01
600555.SH,2013-01-25,3.33,3.33,3.23,3.24,3.27,-0.03,-0.92,28244.56,9238.877,2023-08-01
300245.SZ,2013-01-25,9.6,9.72,9.52,9.69,9.58,0.11,1.15,17255.19,16653.6649,2023-08-01
300305.SZ,2013-01-25,32.59,33.29,32.3,32.76,32.71,0.05,0.15,5167.49,16973.2496,2023-08-01
600176.SH,2013-01-25,8.97,9.22,8.97,9.05,9.04,0.01,0.11,23840.26,21691.37,2023-08-01
601992.SH,2013-01-25,7.35,7.68,7.35,7.45,7.38,0.07,0.95,147293.71,110466.517,2023-08-01
002020.SZ,2013-01-25,13.5,13.96,13.45,13.58,13.45,0.13,0.97,9322.34,12800.6475,2023-08-01
002103.SZ,2013-01-25,5.66,5.72,5.63,5.64,5.66,-0.02,-0.35,4647.16,2634.743,2023-08-01
300095.SZ,2013-01-25,13.44,13.6,13.36,13.46,13.35,0.11,0.82,5644.06,7596.3692,2023-08-01
002150.SZ,2013-01-25,5.31,5.37,5.28,5.33,5.34,-0.01,-0.19,7829.08,4165.887,2023-08-01
300211.SZ,2013-01-25,15.48,15.6,15.28,15.41,15.48,-0.07,-0.45,3198.9,4923.8856,2023-08-01
600151.SH,2013-01-25,5.81,5.95,5.8,5.81,5.92,-0.11,-1.86,54376.05,31902.176,2023-08-01
600779.SH,2013-01-25,17.62,17.68,16.89,17.23,17.77,-0.54,-3.04,63151.89,108589.582,2023-08-01
000612.SZ,2013-01-25,10.68,10.73,10.52,10.65,10.79,-0.14,-1.3,57986.87,61554.1633,2023-08-01
600501.SH,2013-01-25,8.6,8.87,8.45,8.49,8.68,-0.19,-2.19,62865.92,54133.697,2023-08-01
000789.SZ,2013-01-25,11.57,11.92,11.4,11.58,11.57,0.01,0.09,97505.53,113674.2577,2023-08-01
600791.SH,2013-01-25,4.69,4.74,4.63,4.65,4.7,-0.05,-1.06,37048.11,17297.337,2023-08-01
600898.SH,2013-01-25,4.75,4.76,4.69,4.72,4.69,0.03,0.64,15746.79,7438.499,2023-08-01
002622.SZ,2013-01-25,10.7,10.75,10.55,10.63,10.73,-0.1,-0.93,6384.51,6802.2131,2023-08-01
002035.SZ,2013-01-25,9.67,9.72,9.4,9.63,9.78,-0.15,-1.53,27522.69,26414.964,2023-08-01
002255.SZ,2013-01-25,13.55,13.86,13.54,13.74,13.6,0.14,1.03,15943.22,21769.676,2023-08-01
600724.SH,2013-01-25,6.58,6.66,6.5,6.57,6.61,-0.04,-0.61,25899.0,16989.364,2023-08-01
300122.SZ,2013-01-25,37.02,37.3,36.8,36.93,37.02,-0.09,-0.24,3667.53,13555.9665,2023-08-01
000069.SZ,2013-01-25,6.94,6.94,6.65,6.68,6.93,-0.25,-3.61,636901.96,427762.0164,2023-08-01
600810.SH,2013-01-25,6.02,6.22,5.81,5.82,6.09,-0.27,-4.43,140120.69,83674.871,2023-08-01
002503.SZ,2013-01-25,23.54,23.69,22.72,22.76,23.31,-0.55,-2.36,4783.05,11030.1198,2023-08-01
601991.SH,2013-01-25,4.07,4.09,4.05,4.07,4.07,0.0,0.0,70496.58,28661.203,2023-08-01
002691.SZ,2013-01-25,13.97,14.17,13.75,13.81,13.94,-0.13,-0.93,29084.08,40517.4935,2023-08-01
002260.SZ,2013-01-25,5.85,5.85,5.72,5.75,5.77,-0.02,-0.35,6865.15,3952.3184,2023-08-01
300038.SZ,2013-01-25,7.72,7.87,7.65,7.75,7.72,0.03,0.39,13263.58,10317.5256,2023-08-01
002580.SZ,2013-01-25,12.85,13.03,12.72,12.89,12.81,0.08,0.62,8419.05,10875.0744,2023-08-01
000957.SZ,2013-01-25,6.03,6.43,6.02,6.19,6.0,0.19,3.17,47751.22,29891.7407,2023-08-01
300260.SZ,2013-01-25,11.55,11.7,11.46,11.57,11.51,0.06,0.52,9086.73,10490.4335,2023-08-01
600738.SH,2013-01-25,6.11,6.25,6.07,6.12,6.03,0.09,1.49,44877.91,27692.655,2023-08-01
600155.SH,2013-01-25,3.28,3.31,3.2,3.27,3.24,0.03,0.93,23421.64,7628.971,2023-08-01
600097.SH,2013-01-25,12.25,12.33,12.17,12.24,12.23,0.01,0.08,13610.56,16666.981,2023-08-01
002069.SZ,2013-01-25,16.23,16.47,16.21,16.3,16.27,0.03,0.18,26820.74,43767.1404,2023-08-01
600241.SH,2013-01-25,7.0,7.5,6.93,7.11,7.31,-0.2,-2.74,128903.78,92109.744,2023-08-01
002692.SZ,2013-01-25,14.0,14.24,13.96,14.06,14.0,0.06,0.43,15238.98,21442.1037,2023-08-01
300261.SZ,2013-01-25,16.8,17.04,16.6,16.9,16.99,-0.09,-0.53,6375.08,10739.64,2023-08-01
600438.SH,2013-01-25,6.25,6.29,6.18,6.23,6.25,-0.02,-0.32,43934.25,27313.781,2023-08-01
600161.SH,2013-01-25,13.8,14.04,13.66,13.91,13.79,0.12,0.87,30811.95,42787.114,2023-08-01
600398.SH,2013-01-25,3.69,3.73,3.68,3.7,3.69,0.01,0.27,34686.18,12843.18,2023-08-01
000977.SZ,2013-01-25,15.75,16.29,15.65,15.89,15.74,0.15,0.95,19670.85,31430.0656,2023-08-01
600605.SH,2013-01-25,8.03,8.12,7.89,8.04,8.2,-0.16,-1.95,27612.22,21992.464,2023-08-01
002330.SZ,2013-01-25,12.03,12.14,11.95,11.98,11.95,0.03,0.25,18392.84,22128.9832,2023-08-01
000925.SZ,2013-01-25,8.39,8.5,8.38,8.48,8.41,0.07,0.83,12796.79,10796.2487,2023-08-01
002199.SZ,2013-01-25,5.81,5.84,5.76,5.82,5.8,0.02,0.34,17263.38,10013.1794,2023-08-01
002201.SZ,2013-01-25,6.53,6.53,6.42,6.49,6.5,-0.01,-0.15,6889.05,4454.9428,2023-08-01
002168.SZ,2013-01-25,10.49,10.49,9.55,9.58,10.45,-0.87,-8.33,577928.19,577036.5438,2023-08-01
000707.SZ,2013-01-25,5.23,5.29,5.17,5.2,5.24,-0.04,-0.76,35800.75,18715.2901,2023-08-01
600528.SH,2013-01-25,6.88,6.95,6.83,6.92,6.89,0.03,0.44,101233.16,69709.864,2023-08-01
600276.SH,2013-01-25,31.48,32.84,31.26,32.71,31.35,1.36,4.34,82356.3,265811.012,2023-08-01
002316.SZ,2013-01-25,7.72,7.77,7.7,7.72,7.7,0.02,0.26,9827.09,7591.5272,2023-08-01
600210.SH,2013-01-25,3.51,3.54,3.5,3.51,3.51,0.0,0.0,41447.93,14558.479,2023-08-01
002132.SZ,2013-01-25,4.81,4.84,4.76,4.81,4.8,0.01,0.21,17717.68,8494.9605,2023-08-01
000501.SZ,2013-01-25,11.1,11.14,10.82,11.1,11.1,0.0,0.0,36330.38,39806.7922,2023-08-01
002631.SZ,2013-01-25,10.72,10.87,10.59,10.66,10.81,-0.15,-1.39,11949.29,12809.4984,2023-08-01
600769.SH,2013-01-25,3.65,3.78,3.64,3.77,3.7,0.07,1.89,24974.81,9323.983,2023-08-01
600865.SH,2013-01-25,5.05,5.07,5.02,5.02,5.05,-0.03,-0.59,18304.0,9227.411,2023-08-01
000638.SZ,2013-01-25,7.12,7.2,6.78,6.82,7.17,-0.35,-4.88,32011.59,22209.6248,2023-08-01
600664.SH,2013-01-25,6.14,6.19,6.11,6.18,6.16,0.02,0.32,170536.66,104806.374,2023-08-01
002344.SZ,2013-01-25,26.6,27.31,26.31,26.82,26.81,0.01,0.04,11212.43,30248.5328,2023-08-01
000690.SZ,2013-01-25,4.73,4.76,4.6,4.65,4.76,-0.11,-2.31,187077.25,87156.821,2023-08-01
300323.SZ,2013-01-25,10.95,11.08,10.88,10.92,10.99,-0.07,-0.64,12032.01,13195.2025,2023-08-01
601018.SH,2013-01-25,2.58,2.6,2.57,2.58,2.58,0.0,0.0,260327.78,67321.065,2023-08-01
002051.SZ,2013-01-25,29.31,29.84,29.15,29.82,29.15,0.67,2.3,7014.31,20804.291,2023-08-01
600226.SH,2013-01-25,5.77,5.82,5.65,5.71,5.84,-0.13,-2.23,47402.08,27155.913,2023-08-01
300188.SZ,2013-01-25,23.04,23.28,22.55,23.1,23.13,-0.03,-0.13,8285.97,19008.1746,2023-08-01
601616.SH,2013-01-25,3.85,3.86,3.79,3.81,3.84,-0.03,-0.78,71972.81,27512.676,2023-08-01
600280.SH,2013-01-25,31.9,32.09,31.23,31.33,31.94,-0.61,-1.91,5326.92,16756.811,2023-08-01
002517.SZ,2013-01-25,8.34,8.35,8.2,8.23,8.34,-0.11,-1.32,11441.75,9456.2784,2023-08-01
000024.SZ,2013-01-25,28.93,28.98,27.58,28.03,29.0,-0.97,-3.34,154466.68,435683.8953,2023-08-01
000516.SZ,2013-01-25,4.32,4.35,4.23,4.27,4.32,-0.05,-1.16,55992.16,24053.1951,2023-08-01
600993.SH,2013-01-25,15.7,16.06,15.5,15.78,15.56,0.22,1.41,23583.89,37388.949,2023-08-01
600203.SH,2013-01-25,5.48,5.63,5.48,5.57,5.46,0.11,2.01,17404.29,9675.618,2023-08-01
601006.SH,2013-01-25,6.98,7.02,6.93,7.01,6.98,0.03,0.43,325660.34,227444.209,2023-08-01
600816.SH,2013-01-25,12.76,12.84,12.35,12.4,12.9,-0.5,-3.88,106565.65,133156.193,2023-08-01
600293.SH,2013-01-25,7.06,7.18,7.06,7.13,7.06,0.07,0.99,62877.73,44796.651,2023-08-01
000027.SZ,2013-01-25,5.93,5.98,5.89,5.94,5.94,0.0,0.0,33627.14,19949.9635,2023-08-01
600847.SH,2013-01-25,14.85,15.15,14.62,14.69,15.14,-0.45,-2.97,11152.98,16617.07,2023-08-01
600987.SH,2013-01-25,6.81,6.91,6.8,6.89,6.8,0.09,1.32,36236.03,24826.21,2023-08-01
002250.SZ,2013-01-25,21.86,21.91,21.45,21.5,21.69,-0.19,-0.88,11945.96,25791.8581,2023-08-01
002377.SZ,2013-01-25,6.99,7.39,6.9,7.11,6.72,0.39,5.8,98780.33,71076.8607,2023-08-01
300327.SZ,2013-01-25,8.6,8.75,8.55,8.6,8.65,-0.05,-0.58,9090.4,7866.3003,2023-08-01
300124.SZ,2013-01-25,24.06,24.88,23.5,24.72,24.22,0.5,2.06,10575.28,25561.2325,2023-08-01
000803.SZ,2013-01-25,8.12,8.43,8.08,8.35,8.2,0.15,1.83,16397.61,13656.51,2023-08-01
600053.SH,2013-01-25,6.72,6.84,6.6,6.63,6.8,-0.17,-2.5,25578.72,17053.923,2023-08-01
002661.SZ,2013-01-25,30.59,31.0,30.34,30.44,30.91,-0.47,-1.52,6938.62,21206.3242,2023-08-01
600833.SH,2013-01-25,7.74,7.78,7.55,7.74,7.74,0.0,0.0,49687.14,38098.026,2023-08-01
002627.SZ,2013-01-25,10.21,10.46,10.12,10.4,10.21,0.19,1.86,12310.98,12649.1555,2023-08-01
000997.SZ,2013-01-25,9.24,9.35,9.05,9.05,9.35,-0.3,-3.21,85740.3,78495.488,2023-08-01
002698.SZ,2013-01-25,13.13,13.35,13.12,13.23,13.19,0.04,0.3,10423.43,13797.0355,2023-08-01
600962.SH,2013-01-25,7.21,7.32,7.15,7.23,7.21,0.02,0.28,15326.59,11065.192,2023-08-01
600764.SH,2013-01-25,5.34,5.62,5.28,5.58,5.34,0.24,4.49,37014.42,20060.153,2023-08-01
600212.SH,2013-01-25,3.08,3.13,3.03,3.11,3.07,0.04,1.3,57220.93,17650.712,2023-08-01
300085.SZ,2013-01-25,7.7,7.79,7.68,7.71,7.7,0.01,0.13,4604.85,3563.6729,2023-08-01
002307.SZ,2013-01-25,6.6,6.94,6.6,6.91,6.64,0.27,4.07,45425.11,31115.9275,2023-08-01
002628.SZ,2013-01-25,8.94,9.04,8.8,8.97,8.96,0.01,0.11,46677.38,41538.0536,2023-08-01
300040.SZ,2013-01-25,17.0,18.14,16.9,17.77,16.83,0.94,5.59,49572.46,87399.8418,2023-08-01
002351.SZ,2013-01-25,7.93,8.05,7.92,7.96,7.94,0.02,0.25,7496.53,5994.508,2023-08-01
600525.SH,2013-01-25,6.4,6.67,6.26,6.58,6.36,0.22,3.46,96184.31,62689.421,2023-08-01
300042.SZ,2013-01-25,8.55,8.62,8.5,8.5,8.53,-0.03,-0.35,11577.2,9894.3558,2023-08-01
601088.SH,2013-01-25,23.95,24.0,23.74,23.87,23.79,0.08,0.34,113195.54,270232.941,2023-08-01
600183.SH,2013-01-25,4.38,4.43,4.29,4.37,4.35,0.02,0.46,47345.75,20642.643,2023-08-01
002334.SZ,2013-01-25,12.78,13.01,12.64,12.69,12.89,-0.2,-1.55,23597.07,30306.7531,2023-08-01
002231.SZ,2013-01-25,6.84,6.94,6.78,6.87,6.79,0.08,1.18,40343.29,27712.7138,2023-08-01
002173.SZ,2013-01-25,7.81,7.93,7.81,7.84,7.87,-0.03,-0.38,13179.43,10359.7497,2023-08-01
300343.SZ,2013-01-25,55.13,56.2,52.92,52.92,56.24,-3.32,-5.9,17231.32,94014.133,2023-08-01
300340.SZ,2013-01-25,43.99,44.8,43.53,44.07,43.93,0.14,0.32,5518.78,24330.3613,2023-08-01
002332.SZ,2013-01-25,10.05,10.22,10.05,10.2,10.08,0.12,1.19,8335.0,8437.6698,2023-08-01
601100.SH,2013-01-25,11.41,11.44,11.23,11.42,11.41,0.01,0.09,11225.54,12732.549,2023-08-01
600866.SH,2013-01-25,4.55,4.69,4.53,4.55,4.55,0.0,0.0,55644.42,25694.513,2023-08-01
002675.SZ,2013-01-25,22.85,23.07,22.56,22.66,23.21,-0.55,-2.37,10052.65,22860.9733,2023-08-01
601918.SH,2013-01-25,9.21,9.33,9.19,9.22,9.18,0.04,0.44,106091.6,98035.595,2023-08-01
600446.SH,2013-01-25,6.58,6.69,6.55,6.64,6.56,0.08,1.22,14693.1,9727.274,2023-08-01
601688.SH,2013-01-25,9.14,9.27,9.04,9.06,9.18,-0.12,-1.31,242675.56,222472.73,2023-08-01
000020.SZ,2013-01-25,6.55,6.62,6.48,6.5,6.59,-0.09,-1.37,11146.62,7283.5081,2023-08-01
002590.SZ,2013-01-25,9.2,9.38,9.05,9.26,9.18,0.08,0.87,10706.26,9860.9469,2023-08-01
000758.SZ,2013-01-25,19.1,19.3,19.03,19.07,19.06,0.01,0.05,55914.38,107053.0241,2023-08-01
002546.SZ,2013-01-25,18.09,18.39,17.68,18.21,18.3,-0.09,-0.49,31898.05,57365.5485,2023-08-01
600215.SH,2013-01-25,4.61,4.66,4.58,4.61,4.61,0.0,0.0,21342.7,9859.44,2023-08-01
600436.SH,2013-01-25,108.0,114.45,107.5,114.19,108.31,5.88,5.43,16707.69,187020.24,2023-08-01
000502.SZ,2013-01-25,5.89,5.89,5.8,5.85,5.87,-0.02,-0.34,31420.91,18344.0038,2023-08-01
600749.SH,2013-01-25,8.71,8.83,8.71,8.79,8.77,0.02,0.23,22117.88,19441.276,2023-08-01
000968.SZ,2013-01-25,13.41,13.59,13.08,13.11,13.49,-0.38,-2.82,98868.64,131492.8017,2023-08-01
002068.SZ,2013-01-25,6.28,6.38,6.22,6.25,6.29,-0.04,-0.64,48423.61,30470.0704,2023-08-01
300224.SZ,2013-01-25,15.6,15.74,15.38,15.48,15.5,-0.02,-0.13,21512.63,33514.851,2023-08-01
601599.SH,2013-01-25,7.01,7.12,7.01,7.05,7.05,0.0,0.0,15183.02,10735.996,2023-08-01
600352.SH,2013-01-25,6.55,6.73,6.54,6.62,6.53,0.09,1.38,96846.84,64306.387,2023-08-01
300107.SZ,2013-01-25,8.48,8.55,8.42,8.48,8.54,-0.06,-0.7,4796.86,4072.9197,2023-08-01
002551.SZ,2013-01-25,18.9,19.55,18.75,19.38,18.91,0.47,2.49,15974.74,30747.1191,2023-08-01
600999.SH,2013-01-25,10.22,10.34,10.09,10.16,10.25,-0.09,-0.88,210481.06,214879.798,2023-08-01
002626.SZ,2013-01-25,13.05,13.25,13.0,13.19,13.08,0.11,0.84,8516.64,11170.2259,2023-08-01
002004.SZ,2013-01-25,15.7,16.07,15.46,15.86,15.72,0.14,0.89,23535.56,37073.9217,2023-08-01
600597.SH,2013-01-25,9.71,9.91,9.71,9.85,9.85,0.0,0.0,22313.02,21877.26,2023-08-01
002688.SZ,2013-01-25,24.55,24.86,24.44,24.69,24.5,0.19,0.78,12167.5,30015.4385,2023-08-01
000601.SZ,2013-01-25,3.53,3.55,3.52,3.54,3.53,0.01,0.28,39876.56,14107.1561,2023-08-01
603008.SH,2013-01-25,9.16,9.2,9.0,9.19,9.14,0.05,0.55,23322.33,21221.319,2023-08-01
002613.SZ,2013-01-25,5.78,5.86,5.7,5.79,5.78,0.01,0.17,22125.41,12800.4145,2023-08-01
002106.SZ,2013-01-25,17.96,18.08,17.48,17.81,17.91,-0.1,-0.56,46672.93,82786.0631,2023-08-01
000039.SZ,2013-01-25,14.1,14.3,13.69,13.94,14.23,-0.29,-2.04,141209.52,197017.0463,2023-08-01
600218.SH,2013-01-25,9.24,9.36,9.18,9.31,9.27,0.04,0.43,40772.32,37858.226,2023-08-01
002297.SZ,2013-01-25,12.6,12.6,12.25,12.33,12.66,-0.33,-2.61,26032.84,32162.8018,2023-08-01
600558.SH,2013-01-25,9.65,9.65,9.52,9.56,9.63,-0.07,-0.73,3941.99,3774.569,2023-08-01
600198.SH,2013-01-25,8.85,9.09,8.72,9.01,8.9,0.11,1.24,57284.95,51124.232,2023-08-01
300285.SZ,2013-01-25,38.54,40.6,38.5,39.46,38.66,0.8,2.07,10768.25,43020.8816,2023-08-01
000822.SZ,2013-01-25,3.94,4.01,3.9,3.92,3.95,-0.03,-0.76,78806.44,31197.7866,2023-08-01
002172.SZ,2013-01-25,4.33,4.42,4.18,4.24,4.37,-0.13,-2.97,87088.43,36818.6736,2023-08-01
000862.SZ,2013-01-25,6.64,6.84,6.54,6.76,6.71,0.05,0.75,33480.59,22404.2204,2023-08-01
300339.SZ,2013-01-25,28.29,28.66,28.0,28.25,28.2,0.05,0.18,6824.23,19380.1866,2023-08-01
600129.SH,2013-01-25,7.72,7.84,7.44,7.54,7.85,-0.31,-3.95,119307.58,90689.16,2023-08-01
600888.SH,2013-01-25,8.87,8.94,8.77,8.91,8.9,0.01,0.11,33912.08,30109.963,2023-08-01
000851.SZ,2013-01-25,6.66,6.79,6.57,6.73,6.65,0.08,1.2,61563.08,41162.9704,2023-08-01
300014.SZ,2013-01-25,12.04,12.4,11.79,12.18,12.09,0.09,0.74,28441.98,34231.8655,2023-08-01
600576.SH,2013-01-25,7.8,7.8,7.68,7.73,7.74,-0.01,-0.13,18073.07,13993.051,2023-08-01
002623.SZ,2013-01-25,19.74,20.03,19.65,19.77,19.8,-0.03,-0.15,2695.1,5324.5894,2023-08-01
002205.SZ,2013-01-25,12.92,13.06,12.82,12.98,12.88,0.1,0.78,15110.97,19568.0151,2023-08-01
600828.SH,2013-01-25,4.8,4.82,4.71,4.74,4.82,-0.08,-1.66,22328.86,10629.953,2023-08-01
002414.SZ,2013-01-25,16.0,16.33,15.87,15.93,16.02,-0.09,-0.56,12461.3,20029.6267,2023-08-01
300144.SZ,2013-01-25,12.8,12.9,12.58,12.6,12.83,-0.23,-1.79,19218.14,24416.2718,2023-08-01
300064.SZ,2013-01-25,5.5,5.59,5.45,5.55,5.48,0.07,1.28,53131.22,29387.8311,2023-08-01
601188.SH,2013-01-25,2.65,2.66,2.62,2.64,2.64,0.0,0.0,19238.01,5076.286,2023-08-01
600774.SH,2013-01-25,9.8,9.8,9.41,9.52,9.86,-0.34,-3.45,31559.51,30294.955,2023-08-01
002552.SZ,2013-01-25,10.61,10.7,10.49,10.49,10.67,-0.18,-1.69,3024.53,3192.3671,2023-08-01
600371.SH,2013-01-25,15.05,15.39,14.88,15.19,14.96,0.23,1.54,34034.22,51546.067,2023-08-01
000665.SZ,2013-01-25,10.78,10.85,10.41,10.7,10.78,-0.08,-0.74,21273.72,22649.5612,2023-08-01
600819.SH,2013-01-25,6.0,6.06,5.94,5.99,6.0,-0.01,-0.17,11669.03,7007.95,2023-08-01
601106.SH,2013-01-25,2.78,2.79,2.74,2.76,2.79,-0.03,-1.08,133141.42,36725.406,2023-08-01
000561.SZ,2013-01-25,6.53,7.2,6.49,7.06,6.58,0.48,7.29,137847.9,96184.4107,2023-08-01
300108.SZ,2013-01-25,7.03,7.15,7.01,7.04,7.02,0.02,0.28,7341.39,5183.6446,2023-08-01
002652.SZ,2013-01-25,10.89,10.89,10.61,10.62,11.01,-0.39,-3.54,16092.54,17231.2753,2023-08-01
600540.SH,2013-01-25,5.98,5.98,5.6,5.7,5.89,-0.19,-3.23,50123.12,29033.524,2023-08-01
600360.SH,2013-01-25,3.9,4.1,3.9,4.09,3.93,0.16,4.07,115946.37,47039.545,2023-08-01
601000.SH,2013-01-25,3.55,3.6,3.51,3.53,3.59,-0.06,-1.67,72278.44,25681.45,2023-08-01
002238.SZ,2013-01-25,11.4,11.4,11.01,11.23,11.2,0.03,0.27,14720.52,16477.2252,2023-08-01
000059.SZ,2013-01-25,6.83,6.9,6.74,6.89,6.88,0.01,0.15,98339.35,67009.3349,2023-08-01
002507.SZ,2013-01-25,25.76,25.86,24.92,25.3,25.86,-0.56,-2.17,11801.17,30007.052,2023-08-01
600348.SH,2013-01-25,14.71,14.97,14.68,14.71,14.79,-0.08,-0.54,115550.98,170965.612,2023-08-01
600861.SH,2013-01-25,6.37,6.42,6.3,6.33,6.37,-0.04,-0.63,14166.88,8989.299,2023-08-01
300184.SZ,2013-01-25,7.12,7.15,7.0,7.05,7.1,-0.05,-0.7,8651.55,6122.072,2023-08-01
601333.SH,2013-01-25,2.94,2.94,2.88,2.89,2.93,-0.04,-1.37,171734.55,49833.961,2023-08-01
002540.SZ,2013-01-25,12.44,13.73,12.38,13.73,12.48,1.25,10.02,107028.57,144941.5962,2023-08-01
603766.SH,2013-01-25,9.25,9.26,8.96,8.99,9.25,-0.26,-2.81,62269.09,56525.039,2023-08-01
002648.SZ,2013-01-25,18.27,19.65,17.92,19.29,18.11,1.18,6.52,199396.23,373212.2466,2023-08-01
002229.SZ,2013-01-25,6.59,6.67,6.51,6.66,6.58,0.08,1.22,55010.05,36349.5763,2023-08-01
600776.SH,2013-01-25,4.78,4.81,4.65,4.69,4.79,-0.1,-2.09,54685.67,25755.213,2023-08-01
601007.SH,2013-01-25,7.08,7.1,7.03,7.05,7.07,-0.02,-0.28,8486.55,5985.939,2023-08-01
300336.SZ,2013-01-25,24.75,25.3,24.63,24.92,24.75,0.17,0.69,9238.13,23107.3123,2023-08-01
300196.SZ,2013-01-25,18.75,19.53,18.71,19.29,18.78,0.51,2.72,13391.7,25860.8278,2023-08-01
002359.SZ,2013-01-25,10.03,10.1,9.8,10.1,10.05,0.05,0.5,5952.55,5951.7825,2023-08-01
002475.SZ,2013-01-25,27.8,29.0,27.75,28.89,28.21,0.68,2.41,6580.51,18851.4522,2023-08-01
002053.SZ,2013-01-25,7.1,7.16,7.02,7.06,7.1,-0.04,-0.56,9965.46,7066.8737,2023-08-01
600297.SH,2013-01-25,5.97,6.0,5.86,5.87,5.9,-0.03,-0.51,21119.0,12477.804,2023-08-01
300155.SZ,2013-01-25,15.7,16.22,15.19,15.3,15.7,-0.4,-2.55,22425.02,34835.0855,2023-08-01
600167.SH,2013-01-25,9.81,9.99,9.76,9.78,9.82,-0.04,-0.41,11526.41,11363.441,2023-08-01
002617.SZ,2013-01-25,11.1,11.24,10.84,11.14,11.14,0.0,0.0,7000.62,7714.3965,2023-08-01
000713.SZ,2013-01-25,11.26,11.55,11.1,11.36,11.26,0.1,0.89,57367.08,65112.6729,2023-08-01
300295.SZ,2013-01-25,52.5,53.69,52.06,53.3,52.4,0.9,1.72,6854.06,36368.9435,2023-08-01
300078.SZ,2013-01-25,12.1,12.18,11.7,11.81,12.13,-0.32,-2.64,11806.77,14015.4488,2023-08-01
002491.SZ,2013-01-25,10.26,10.34,10.2,10.23,10.26,-0.03,-0.29,5595.09,5740.7288,2023-08-01
002697.SZ,2013-01-25,17.31,17.78,17.31,17.48,17.48,0.0,0.0,18037.51,31577.8435,2023-08-01
002148.SZ,2013-01-25,15.13,15.39,15.05,15.08,15.3,-0.22,-1.44,23517.98,35636.569,2023-08-01
600792.SH,2013-01-25,10.11,10.32,10.1,10.11,10.21,-0.1,-0.98,15017.13,15309.47,2023-08-01
002253.SZ,2013-01-25,14.28,14.4,14.09,14.3,14.37,-0.07,-0.49,14970.1,21269.8439,2023-08-01
002218.SZ,2013-01-25,5.9,5.97,5.84,5.88,5.93,-0.05,-0.84,33234.82,19598.3707,2023-08-01
002428.SZ,2013-01-25,24.45,25.8,24.45,25.48,24.4,1.08,4.43,146372.32,371470.0374,2023-08-01
000889.SZ,2013-01-25,5.55,5.7,5.48,5.65,5.58,0.07,1.25,24631.19,13766.0241,2023-08-01
000701.SZ,2013-01-25,8.7,8.81,8.45,8.5,8.86,-0.36,-4.06,86253.72,74231.5025,2023-08-01
300096.SZ,2013-01-25,9.68,10.0,9.57,9.67,9.71,-0.04,-0.41,27645.34,27025.611,2023-08-01
002222.SZ,2013-01-25,6.87,7.04,6.5,6.56,6.67,-0.11,-1.65,84385.43,56839.2469,2023-08-01
600559.SH,2013-01-25,41.8,42.16,40.0,40.31,42.45,-2.14,-5.04,19104.03,77363.582,2023-08-01
600122.SH,2013-01-25,4.02,4.04,3.99,4.0,4.03,-0.03,-0.74,71241.45,28570.722,2023-08-01
002460.SZ,2013-01-25,19.59,20.97,19.59,20.66,19.71,0.95,4.82,29512.61,60128.0737,2023-08-01
600094.SH,2013-01-25,6.07,6.16,6.04,6.13,6.06,0.07,1.16,46318.03,28232.241,2023-08-01
600699.SH,2013-01-25,9.25,9.41,9.15,9.22,9.25,-0.03,-0.32,18028.34,16710.586,2023-08-01
002389.SZ,2013-01-25,12.52,12.65,12.38,12.48,12.52,-0.04,-0.32,6193.9,7726.3166,2023-08-01
002254.SZ,2013-01-25,9.99,10.03,9.46,9.53,9.93,-0.4,-4.03,48539.77,47166.5536,2023-08-01
002291.SZ,2013-01-25,5.63,5.63,5.56,5.59,5.6,-0.01,-0.18,7814.43,4368.7409,2023-08-01
300192.SZ,2013-01-25,9.57,9.68,9.43,9.61,9.49,0.12,1.26,10585.68,10131.1866,2023-08-01
300128.SZ,2013-01-25,19.08,19.35,18.98,19.25,19.32,-0.07,-0.36,3770.71,7236.8179,2023-08-01
600400.SH,2013-01-25,4.02,4.04,3.99,4.03,4.04,-0.01,-0.25,20732.18,8316.191,2023-08-01
600030.SH,2013-01-25,13.85,14.01,13.49,13.54,13.86,-0.32,-2.31,1067488.81,1469089.203,2023-08-01
002656.SZ,2013-01-25,41.09,41.54,40.61,41.06,41.09,-0.03,-0.07,2521.98,10401.9892,2023-08-01
300319.SZ,2013-01-25,17.23,17.37,17.0,17.24,17.2,0.04,0.23,4212.58,7262.5758,2023-08-01
002555.SZ,2013-01-25,10.47,10.54,10.42,10.5,10.5,0.0,0.0,4438.2,4656.9625,2023-08-01
002349.SZ,2013-01-25,9.75,9.95,9.71,9.8,9.84,-0.04,-0.41,8401.57,8256.2563,2023-08-01
600403.SH,2013-01-25,24.14,24.59,23.42,23.73,24.14,-0.41,-1.7,34807.75,83195.508,2023-08-01
002312.SZ,2013-01-25,9.82,9.9,9.73,9.73,9.88,-0.15,-1.52,6820.19,6678.6575,2023-08-01
600095.SH,2013-01-25,5.5,5.54,5.29,5.34,5.52,-0.18,-3.26,67236.15,36061.06,2023-08-01
002230.SZ,2013-01-25,28.78,29.45,28.57,28.97,29.0,-0.03,-0.1,15629.04,45331.9798,2023-08-01
600896.SH,2013-01-25,3.73,3.79,3.71,3.75,3.73,0.02,0.54,21646.0,8106.541,2023-08-01
600099.SH,2013-01-25,5.72,5.79,5.54,5.65,5.73,-0.08,-1.4,27857.93,15694.348,2023-08-01
002495.SZ,2013-01-25,5.58,5.66,5.55,5.62,5.58,0.04,0.72,13765.54,7699.889,2023-08-01
000589.SZ,2013-01-25,4.73,4.78,4.68,4.74,4.71,0.03,0.64,26952.9,12761.3032,2023-08-01
300217.SZ,2013-01-25,9.4,9.53,9.32,9.49,9.47,0.02,0.21,9710.82,9183.7857,2023-08-01
002342.SZ,2013-01-25,7.83,7.99,7.71,7.74,7.8,-0.06,-0.77,73494.61,57425.1142,2023-08-01
002538.SZ,2013-01-25,12.32,12.39,12.08,12.37,12.32,0.05,0.41,11435.15,13966.371,2023-08-01
601168.SH,2013-01-25,7.67,7.75,7.58,7.61,7.65,-0.04,-0.52,141059.5,107966.423,2023-08-01
000936.SZ,2013-01-25,4.06,4.06,3.96,3.98,4.03,-0.05,-1.24,28012.39,11213.9366,2023-08-01
600253.SH,2013-01-25,6.27,6.41,6.25,6.32,6.27,0.05,0.8,35318.85,22431.848,2023-08-01
002421.SZ,2013-01-25,15.77,16.15,15.7,15.7,15.9,-0.2,-1.26,25616.26,40672.4713,2023-08-01
300168.SZ,2013-01-25,17.7,18.1,17.42,17.77,17.7,0.07,0.4,16659.38,29427.4853,2023-08-01
600221.SH,2013-01-25,4.23,4.28,4.18,4.21,4.24,-0.03,-0.71,91354.54,38476.082,2023-08-01
000651.SZ,2013-01-25,28.22,28.95,28.16,28.29,28.17,0.12,0.43,138548.01,395477.0725,2023-08-01
002001.SZ,2013-01-25,18.06,18.2,18.05,18.14,18.06,0.08,0.44,25364.65,45956.8117,2023-08-01
600026.SH,2013-01-25,4.78,4.8,4.71,4.71,4.76,-0.05,-1.05,40671.04,19281.041,2023-08-01
000613.SZ,2013-01-25,3.57,3.77,3.54,3.77,3.59,0.18,5.01,47895.59,17698.9291,2023-08-01
300151.SZ,2013-01-25,9.39,9.44,9.29,9.37,9.37,0.0,0.0,5168.5,4841.705,2023-08-01
600128.SH,2013-01-25,10.25,10.59,10.2,10.36,10.26,0.1,0.97,224326.39,233336.562,2023-08-01
300175.SZ,2013-01-25,4.48,4.48,4.21,4.24,4.53,-0.29,-6.4,240968.56,104254.4568,2023-08-01
300026.SZ,2013-01-25,35.79,37.74,35.52,37.51,36.09,1.42,3.93,20081.14,74215.8499,2023-08-01
300170.SZ,2013-01-25,19.43,19.88,19.09,19.8,19.43,0.37,1.9,8572.62,16741.8253,2023-08-01
600850.SH,2013-01-25,20.52,20.65,19.6,19.91,20.49,-0.58,-2.83,23043.52,45946.847,2023-08-01
600499.SH,2013-01-25,8.63,8.83,8.63,8.75,8.63,0.12,1.39,79423.7,69329.943,2023-08-01
600666.SH,2013-01-25,6.62,6.88,6.6,6.87,6.73,0.14,2.08,53216.33,36099.701,2023-08-01
300309.SZ,2013-01-25,16.48,16.95,16.48,16.56,16.57,-0.01,-0.06,14765.79,24646.4112,2023-08-01
000544.SZ,2013-01-25,9.89,10.16,9.82,9.84,9.83,0.01,0.1,36795.45,36684.3429,2023-08-01
600237.SH,2013-01-25,6.6,6.9,6.52,6.79,6.67,0.12,1.8,110120.15,74496.823,2023-08-01
600998.SH,2013-01-25,11.08,11.08,10.87,10.9,11.03,-0.13,-1.18,9898.81,10849.845,2023-08-01
000969.SZ,2013-01-25,10.66,10.76,10.53,10.73,10.56,0.17,1.61,55750.54,59376.4809,2023-08-01
002219.SZ,2013-01-25,13.55,13.83,13.3,13.46,13.35,0.11,0.82,32003.36,43175.4538,2023-08-01
300312.SZ,2013-01-25,17.09,17.46,17.08,17.44,17.2,0.24,1.4,4299.64,7441.272,2023-08-01
300272.SZ,2013-01-25,12.72,12.95,12.55,12.6,12.71,-0.11,-0.87,19879.52,25339.8831,2023-08-01
600992.SH,2013-01-25,6.93,7.03,6.74,6.91,6.97,-0.06,-0.86,16905.39,11601.324,2023-08-01
600273.SH,2013-01-25,5.54,5.6,5.47,5.6,5.54,0.06,1.08,29826.24,16582.07,2023-08-01
600359.SH,2013-01-25,5.65,5.89,5.64,5.89,5.61,0.28,4.99,30772.63,17880.237,2023-08-01
002649.SZ,2013-01-25,18.15,18.43,17.7,18.01,18.27,-0.26,-1.42,15298.27,27484.0752,2023-08-01
300251.SZ,2013-01-25,29.77,30.64,29.77,30.29,29.77,0.52,1.75,41802.92,126823.7904,2023-08-01
600305.SH,2013-01-25,18.98,20.14,18.8,19.84,18.89,0.95,5.03,25527.55,50207.319,2023-08-01
600593.SH,2013-01-25,12.0,12.09,11.82,11.95,11.9,0.05,0.42,4568.79,5464.5,2023-08-01
002511.SZ,2013-01-25,21.83,21.98,21.35,21.69,21.75,-0.06,-0.28,10071.26,21752.6629,2023-08-01
002642.SZ,2013-01-25,12.5,12.68,12.4,12.5,12.5,0.0,0.0,13491.87,16882.7122,2023-08-01
600467.SH,2013-01-25,7.7,7.78,7.56,7.62,7.7,-0.08,-1.04,65338.33,49918.993,2023-08-01
002002.SZ,2013-01-25,9.65,9.65,9.12,9.42,9.59,-0.17,-1.77,19789.75,18512.9732,2023-08-01
600831.SH,2013-01-25,6.63,6.72,6.55,6.69,6.6,0.09,1.36,56668.78,37768.613,2023-08-01
600571.SH,2013-01-25,10.0,10.66,9.8,10.56,9.93,0.63,6.34,56749.23,58907.747,2023-08-01
300278.SZ,2013-01-25,12.16,12.4,11.88,12.0,12.29,-0.29,-2.36,30945.09,37545.1719,2023-08-01
600275.SH,2013-01-25,5.4,5.46,5.25,5.29,5.4,-0.11,-2.04,69986.75,37147.692,2023-08-01
002331.SZ,2013-01-25,12.8,13.05,12.8,12.9,13.0,-0.1,-0.77,11573.4,14943.8468,2023-08-01
000068.SZ,2013-01-25,5.11,5.53,5.11,5.45,5.27,0.18,3.42,120231.43,65139.7102,2023-08-01
600230.SH,2013-01-25,16.28,16.39,15.46,15.48,16.18,-0.7,-4.33,110098.07,173949.532,2023-08-01
000155.SZ,2013-01-25,4.38,4.56,4.3,4.53,4.34,0.19,4.38,47342.3,21102.732,2023-08-01
000796.SZ,2013-01-25,5.2,5.38,5.17,5.35,5.2,0.15,2.88,27009.87,14279.1884,2023-08-01
600313.SH,2013-01-25,7.62,7.81,7.56,7.79,7.62,0.17,2.23,42506.48,32778.141,2023-08-01
002057.SZ,2013-01-25,13.16,13.95,12.91,13.72,13.28,0.44,3.31,50533.55,68142.4135,2023-08-01
002033.SZ,2013-01-25,18.1,18.35,17.82,18.08,18.12,-0.04,-0.22,22191.8,40237.7565,2023-08-01
300062.SZ,2013-01-25,8.2,8.28,8.15,8.26,8.21,0.05,0.61,2608.16,2143.5437,2023-08-01
600477.SH,2013-01-25,4.38,4.42,4.34,4.37,4.38,-0.01,-0.23,20604.11,9014.102,2023-08-01
000976.SZ,2013-01-25,4.16,4.36,4.12,4.36,4.14,0.22,5.31,177219.28,75582.3397,2023-08-01
600606.SH,2013-01-25,6.85,6.98,6.6,6.61,7.11,-0.5,-7.03,315068.99,211857.758,2023-08-01
600222.SH,2013-01-25,4.59,4.65,4.57,4.64,4.58,0.06,1.31,24907.61,11505.462,2023-08-01
300300.SZ,2013-01-25,31.52,33.2,31.1,31.81,31.24,0.57,1.82,23360.1,75230.6921,2023-08-01
000409.SZ,2013-01-25,22.94,22.94,20.76,20.76,21.85,-1.09,-4.99,86097.27,187864.3065,2023-08-01
002624.SZ,2013-01-25,7.08,7.17,6.96,7.07,7.05,0.02,0.28,16612.34,11714.0443,2023-08-01
300140.SZ,2013-01-25,10.08,10.14,10.0,10.12,10.0,0.12,1.2,3323.16,3350.522,2023-08-01
002187.SZ,2013-01-25,7.48,7.5,7.42,7.43,7.47,-0.04,-0.54,8303.28,6191.3289,2023-08-01
002592.SZ,2013-01-25,13.25,13.37,13.11,13.2,13.2,0.0,0.0,5284.55,6981.332,2023-08-01
000727.SZ,2013-01-25,4.28,4.33,4.24,4.3,4.3,0.0,0.0,28741.88,12307.8218,2023-08-01
002140.SZ,2013-01-25,24.05,24.56,23.68,24.28,24.02,0.26,1.08,11873.59,28788.6889,2023-08-01
002645.SZ,2013-01-25,14.14,14.5,13.68,13.78,14.35,-0.57,-3.97,27431.54,38491.7486,2023-08-01
002145.SZ,2013-01-25,11.55,11.55,11.01,11.16,11.58,-0.42,-3.63,84957.73,95188.5546,2023-08-01
000584.SZ,2013-01-25,6.88,6.96,6.8,6.87,6.88,-0.01,-0.15,14566.17,9992.7429,2023-08-01
601877.SH,2013-01-25,19.0,19.38,18.8,18.97,18.91,0.06,0.32,23453.81,44571.513,2023-08-01
002333.SZ,2013-01-25,9.72,9.72,9.29,9.5,9.72,-0.22,-2.26,23086.7,21876.1463,2023-08-01
600790.SH,2013-01-25,5.88,5.9,5.8,5.83,5.89,-0.06,-1.02,32906.76,19232.094,2023-08-01
601390.SH,2013-01-25,3.11,3.13,3.08,3.1,3.12,-0.02,-0.64,312798.98,97022.516,2023-08-01
600071.SH,2013-01-25,6.24,6.28,6.11,6.13,6.22,-0.09,-1.45,23787.7,14781.132,2023-08-01
600660.SH,2013-01-25,8.66,8.68,8.58,8.6,8.61,-0.01,-0.12,57980.62,50005.462,2023-08-01
600035.SH,2013-01-25,3.0,3.0,2.96,2.97,3.0,-0.03,-1.0,24456.38,7278.139,2023-08-01
300236.SZ,2013-01-25,12.99,13.38,12.85,13.23,12.85,0.38,2.96,8932.07,11788.9853,2023-08-01
300089.SZ,2013-01-25,7.26,7.34,7.23,7.29,7.26,0.03,0.41,14927.46,10864.8141,2023-08-01
002379.SZ,2013-01-25,11.23,11.77,11.06,11.59,11.26,0.33,2.93,46742.6,54137.7167,2023-08-01
600020.SH,2013-01-25,2.31,2.33,2.31,2.32,2.33,-0.01,-0.43,18335.92,4250.942,2023-08-01
601186.SH,2013-01-25,5.75,5.83,5.68,5.83,5.77,0.06,1.04,303155.56,174583.447,2023-08-01
300098.SZ,2013-01-25,7.31,7.49,7.26,7.28,7.31,-0.03,-0.41,7194.52,5282.5421,2023-08-01
600630.SH,2013-01-25,5.58,5.71,5.54,5.6,5.6,0.0,0.0,60867.05,34204.379,2023-08-01
000030.SZ,2013-01-25,8.88,9.14,8.65,9.12,9.1,0.02,0.22,49306.01,43778.8173,2023-08-01
600809.SH,2013-01-25,39.54,39.54,37.46,37.55,39.69,-2.14,-5.39,65224.43,247904.453,2023-08-01
600748.SH,2013-01-25,8.9,9.02,8.68,8.77,8.93,-0.16,-1.79,114160.83,100665.092,2023-08-01
000058.SZ,2013-01-25,4.56,4.63,4.46,4.56,4.55,0.01,0.22,70500.28,32086.1828,2023-08-01
002527.SZ,2013-01-25,14.51,14.91,14.35,14.58,14.56,0.02,0.14,20489.9,29962.3626,2023-08-01
600491.SH,2013-01-25,5.41,5.48,5.29,5.32,5.39,-0.07,-1.3,114947.05,61463.792,2023-08-01
600858.SH,2013-01-25,9.6,9.67,9.48,9.6,9.61,-0.01,-0.1,46969.52,44940.801,2023-08-01
000564.SZ,2013-01-25,4.72,4.8,4.72,4.73,4.75,-0.02,-0.42,13647.87,6480.4518,2023-08-01
601588.SH,2013-01-25,2.92,2.95,2.9,2.9,2.94,-0.04,-1.36,71681.13,20921.412,2023-08-01
000809.SZ,2013-01-25,11.7,11.94,11.59,11.65,11.67,-0.02,-0.17,30381.47,35612.6355,2023-08-01
600561.SH,2013-01-25,8.65,8.88,8.55,8.82,8.57,0.25,2.92,10276.75,8935.903,2023-08-01
600839.SH,2013-01-25,2.08,2.1,2.07,2.08,2.08,0.0,0.0,319733.05,66696.199,2023-08-01
002337.SZ,2013-01-25,9.55,9.55,9.42,9.46,9.55,-0.09,-0.94,8699.76,8247.0083,2023-08-01
600395.SH,2013-01-25,14.89,15.15,14.85,15.04,14.96,0.08,0.53,149933.97,225330.096,2023-08-01
300271.SZ,2013-01-25,12.62,12.68,12.35,12.44,12.6,-0.16,-1.27,24241.31,30251.7684,2023-08-01
002535.SZ,2013-01-25,7.12,7.2,7.04,7.08,7.12,-0.04,-0.56,27394.97,19500.1005,2023-08-01
000021.SZ,2013-01-25,4.65,4.67,4.58,4.58,4.64,-0.06,-1.29,50764.54,23400.1755,2023-08-01
600868.SH,2013-01-25,2.59,2.7,2.58,2.64,2.6,0.04,1.54,322557.12,85533.785,2023-08-01
300158.SZ,2013-01-25,9.56,9.75,9.52,9.69,9.65,0.04,0.41,8874.36,8569.5276,2023-08-01
000971.SZ,2013-01-25,5.39,5.7,5.36,5.7,5.43,0.27,4.97,45778.06,25906.0474,2023-08-01
600000.SH,2013-01-25,10.6,10.68,10.53,10.66,10.61,0.05,0.47,897168.06,951423.104,2023-08-01
002078.SZ,2013-01-25,4.98,5.0,4.84,4.89,4.98,-0.09,-1.81,34830.46,17009.8609,2023-08-01
000761.SZ,2013-01-25,3.77,3.79,3.58,3.68,3.82,-0.14,-3.66,67632.4,24978.2248,2023-08-01
000929.SZ,2013-01-25,6.22,6.32,6.22,6.3,6.3,0.0,0.0,8640.03,5419.0385,2023-08-01
600533.SH,2013-01-25,4.37,4.4,4.26,4.27,4.37,-0.1,-2.29,67481.77,29069.161,2023-08-01
002350.SZ,2013-01-25,10.01,10.06,9.73,9.81,10.05,-0.24,-2.39,29190.34,28760.2365,2023-08-01
600883.SH,2013-01-25,6.18,6.32,6.16,6.26,6.2,0.06,0.97,12143.46,7574.192,2023-08-01
600432.SH,2013-01-25,13.27,14.31,13.15,14.04,13.29,0.75,5.64,206651.05,287499.057,2023-08-01
300152.SZ,2013-01-25,10.09,10.21,9.77,9.83,10.05,-0.22,-2.19,110794.27,110554.0341,2023-08-01
600343.SH,2013-01-25,12.3,12.43,11.66,11.92,12.47,-0.55,-4.41,80209.98,95850.234,2023-08-01
600689.SH,2013-01-25,7.5,7.55,7.45,7.49,7.49,0.0,0.0,5450.46,4082.076,2023-08-01
600101.SH,2013-01-25,10.16,10.16,9.95,10.0,10.16,-0.16,-1.57,30453.69,30518.284,2023-08-01
002695.SZ,2013-01-25,23.85,24.14,23.84,23.94,23.86,0.08,0.34,5867.82,14067.4979,2023-08-01
002456.SZ,2013-01-25,43.93,44.8,43.2,43.73,44.35,-0.62,-1.4,14516.6,63838.5414,2023-08-01
002009.SZ,2013-01-25,7.34,7.38,7.28,7.34,7.34,0.0,0.0,19315.65,14166.1836,2023-08-01
600177.SH,2013-01-25,7.85,7.88,7.68,7.73,7.84,-0.11,-1.4,102125.26,79338.501,2023-08-01
600175.SH,2013-01-25,2.79,2.79,2.75,2.77,2.77,0.0,0.0,59743.16,16551.661,2023-08-01
002478.SZ,2013-01-25,9.89,9.98,9.79,9.81,9.83,-0.02,-0.2,9462.69,9360.5595,2023-08-01
600195.SH,2013-01-25,13.26,13.47,13.26,13.32,13.26,0.06,0.45,24553.69,32752.181,2023-08-01
600005.SH,2013-01-25,2.88,3.03,2.87,2.98,2.88,0.1,3.47,415192.64,122820.664,2023-08-01
600421.SH,2013-01-25,5.3,5.3,5.01,5.11,5.27,-0.16,-3.04,94634.91,47906.292,2023-08-01
300286.SZ,2013-01-25,16.4,16.57,16.31,16.49,16.38,0.11,0.67,3643.62,5991.7001,2023-08-01
002603.SZ,2013-01-25,24.4,25.12,24.0,24.81,24.15,0.66,2.73,20418.94,50366.7257,2023-08-01
002407.SZ,2013-01-25,15.45,16.05,15.45,15.81,15.73,0.08,0.51,60932.07,96343.8664,2023-08-01
600475.SH,2013-01-25,9.93,10.06,9.82,9.86,9.91,-0.05,-0.5,30623.65,30339.824,2023-08-01
600638.SH,2013-01-25,9.89,9.95,9.61,9.63,9.89,-0.26,-2.63,39306.01,38296.752,2023-08-01
002306.SZ,2013-01-25,9.94,10.22,9.83,10.1,9.95,0.15,1.51,73031.95,73235.0793,2023-08-01
600563.SH,2013-01-25,14.39,14.55,14.28,14.51,14.39,0.12,0.83,11873.58,17119.049,2023-08-01
600060.SH,2013-01-25,11.14,11.68,11.06,11.49,11.17,0.32,2.86,125406.87,143032.587,2023-08-01
600188.SH,2013-01-25,17.77,17.83,17.54,17.63,17.64,-0.01,-0.06,35859.12,63384.8,2023-08-01
002027.SZ,2013-01-25,3.97,4.0,3.93,3.98,3.98,0.0,0.0,8877.29,3522.3325,2023-08-01
002589.SZ,2013-01-25,34.7,35.97,34.51,35.48,34.5,0.98,2.84,6812.91,24039.8969,2023-08-01
002471.SZ,2013-01-25,12.7,12.98,12.59,12.72,12.7,0.02,0.16,5370.8,6878.1831,2023-08-01
000158.SZ,2013-01-25,3.57,3.59,3.49,3.53,3.59,-0.06,-1.67,23934.98,8459.26,2023-08-01
600509.SH,2013-01-25,8.92,8.94,8.71,8.72,8.9,-0.18,-2.02,43840.58,38490.184,2023-08-01
002658.SZ,2013-01-25,23.15,23.54,22.98,23.06,23.0,0.06,0.26,13487.23,31330.8396,2023-08-01
300139.SZ,2013-01-25,25.2,25.44,25.02,25.1,25.1,0.0,0.0,4135.49,10407.2657,2023-08-01
601929.SH,2013-01-25,6.91,7.01,6.79,6.9,6.91,-0.01,-0.14,111699.89,77071.137,2023-08-01
000918.SZ,2013-01-25,3.81,3.82,3.7,3.75,3.83,-0.08,-2.09,50121.38,18806.8911,2023-08-01
601766.SH,2013-01-25,4.82,4.82,4.7,4.71,4.8,-0.09,-1.88,419623.48,198338.04,2023-08-01
300126.SZ,2013-01-25,8.4,8.41,8.11,8.29,8.39,-0.1,-1.19,9945.72,8247.7865,2023-08-01
002452.SZ,2013-01-25,12.0,12.25,11.86,11.99,12.0,-0.01,-0.08,16156.72,19499.1759,2023-08-01
000572.SZ,2013-01-25,2.97,3.24,2.97,3.16,2.98,0.18,6.04,322289.02,99916.4639,2023-08-01
300041.SZ,2013-01-25,13.8,13.98,13.63,13.74,13.95,-0.21,-1.51,7971.65,10977.7115,2023-08-01
600718.SH,2013-01-25,8.63,8.72,8.42,8.45,8.72,-0.27,-3.1,131581.31,112170.623,2023-08-01
000607.SZ,2013-01-25,4.33,4.39,4.33,4.34,4.37,-0.03,-0.69,30875.15,13457.4512,2023-08-01
002322.SZ,2013-01-25,15.65,16.71,15.56,16.71,15.68,1.03,6.57,23032.65,37314.2263,2023-08-01
002311.SZ,2013-01-25,17.95,18.25,17.45,17.98,17.95,0.03,0.17,23157.58,41536.5748,2023-08-01
000812.SZ,2013-01-25,4.04,4.06,4.0,4.05,4.05,0.0,0.0,28876.19,11634.0267,2023-08-01
600252.SH,2013-01-25,10.45,10.89,10.33,10.63,10.39,0.24,2.31,235055.51,250894.67,2023-08-01
600747.SH,2013-01-25,4.85,4.9,4.76,4.82,4.87,-0.05,-1.03,251626.28,121427.805,2023-08-01
600385.SH,2013-01-25,4.71,4.9,4.67,4.89,4.73,0.16,3.38,20056.1,9563.87,2023-08-01
300287.SZ,2013-01-25,18.77,18.77,18.02,18.5,18.68,-0.18,-0.96,3539.85,6489.7459,2023-08-01
300250.SZ,2013-01-25,13.78,13.91,13.71,13.78,13.71,0.07,0.51,4661.76,6442.7146,2023-08-01
002696.SZ,2013-01-25,25.0,25.48,24.63,25.45,25.05,0.4,1.6,10949.93,27683.9215,2023-08-01
002126.SZ,2013-01-25,5.73,5.86,5.61,5.67,5.72,-0.05,-0.87,21910.69,12553.1665,2023-08-01
600894.SH,2013-01-25,6.82,7.29,6.76,7.23,6.81,0.42,6.17,78764.83,56338.797,2023-08-01
002112.SZ,2013-01-25,7.88,7.93,7.8,7.9,7.92,-0.02,-0.25,11233.1,8841.8004,2023-08-01
002046.SZ,2013-01-25,9.3,9.46,9.21,9.36,9.3,0.06,0.65,26229.45,24419.3528,2023-08-01
002180.SZ,2013-01-25,10.99,10.99,10.62,10.69,10.99,-0.3,-2.73,18194.61,19584.3891,2023-08-01
000606.SZ,2013-01-25,5.21,5.26,5.16,5.16,5.23,-0.07,-1.34,51589.26,26786.811,2023-08-01
601139.SH,2013-01-25,9.31,9.34,9.18,9.25,9.34,-0.09,-0.96,26040.44,24116.819,2023-08-01
002655.SZ,2013-01-25,17.11,17.44,16.1,16.24,17.52,-1.28,-7.31,69090.6,114448.932,2023-08-01
002288.SZ,2013-01-25,9.52,9.6,9.34,9.36,9.58,-0.22,-2.3,27182.95,25649.8543,2023-08-01
600420.SH,2013-01-25,12.75,13.15,12.75,13.07,12.78,0.29,2.27,12282.48,16016.724,2023-08-01
000065.SZ,2013-01-25,12.2,12.68,12.12,12.55,12.32,0.23,1.87,28609.31,35620.8264,2023-08-01
300344.SZ,2013-01-25,17.84,18.35,17.52,17.91,18.09,-0.18,-1.0,12278.54,22097.131,2023-08-01
300077.SZ,2013-01-25,14.7,14.81,14.52,14.54,14.74,-0.2,-1.36,22912.53,33565.5705,2023-08-01
300156.SZ,2013-01-25,12.5,12.68,12.2,12.3,12.44,-0.14,-1.13,81082.65,100746.1794,2023-08-01
600372.SH,2013-01-25,20.3,20.35,19.48,20.0,20.51,-0.51,-2.49,92904.25,185425.232,2023-08-01
600497.SH,2013-01-25,14.06,14.53,14.06,14.48,14.19,0.29,2.04,118274.64,170539.715,2023-08-01
600984.SH,2013-01-25,6.56,6.66,6.46,6.58,6.57,0.01,0.15,11743.71,7714.003,2023-08-01
002410.SZ,2013-01-25,16.89,17.08,16.6,16.93,17.08,-0.15,-0.88,12802.13,21537.46,2023-08-01
300007.SZ,2013-01-25,11.88,12.07,11.81,11.99,11.84,0.15,1.27,13745.02,16420.2193,2023-08-01
300257.SZ,2013-01-25,36.51,36.97,36.01,36.35,36.54,-0.19,-0.52,10637.93,38776.816,2023-08-01
002473.SZ,2013-01-25,6.76,6.86,6.7,6.75,6.78,-0.03,-0.44,6564.06,4446.2286,2023-08-01
000558.SZ,2013-01-25,3.96,3.96,3.86,3.93,3.96,-0.03,-0.76,51226.05,20030.2105,2023-08-01
600067.SH,2013-01-25,6.52,6.62,6.46,6.55,6.62,-0.07,-1.06,192977.21,125924.057,2023-08-01
002274.SZ,2013-01-25,6.6,6.65,6.52,6.54,6.56,-0.02,-0.3,10113.68,6645.668,2023-08-01
600256.SH,2013-01-25,17.66,17.7,17.38,17.41,17.67,-0.26,-1.47,210602.07,369220.762,2023-08-01
000428.SZ,2013-01-25,4.18,4.21,4.14,4.16,4.22,-0.06,-1.42,19653.1,8183.9702,2023-08-01
002690.SZ,2013-01-25,24.85,26.6,24.61,26.33,24.65,1.68,6.82,27543.65,71334.3404,2023-08-01
000721.SZ,2013-01-25,5.6,5.64,5.55,5.58,5.6,-0.02,-0.36,9456.98,5277.6596,2023-08-01
300069.SZ,2013-01-25,11.8,12.17,11.8,12.02,12.08,-0.06,-0.5,1356.0,1632.2243,2023-08-01
300119.SZ,2013-01-25,20.15,20.36,19.9,20.0,20.2,-0.2,-0.99,4730.16,9544.4508,2023-08-01
002600.SZ,2013-01-25,10.74,11.0,10.74,10.78,10.81,-0.03,-0.28,21390.94,23215.346,2023-08-01
002496.SZ,2013-01-25,16.15,16.43,16.11,16.28,16.16,0.12,0.74,14828.68,24118.051,2023-08-01
002442.SZ,2013-01-25,4.76,4.8,4.71,4.73,4.76,-0.03,-0.63,9194.55,4363.1401,2023-08-01
002440.SZ,2013-01-25,14.66,14.84,14.4,14.6,14.6,0.0,0.0,21961.73,32090.7013,2023-08-01
002030.SZ,2013-01-25,8.42,8.47,8.28,8.3,8.45,-0.15,-1.78,75195.43,62923.5354,2023-08-01
300337.SZ,2013-01-25,21.4,21.4,20.9,20.9,21.2,-0.3,-1.42,11799.55,24823.0905,2023-08-01
600973.SH,2013-01-25,7.59,8.07,7.53,8.0,7.53,0.47,6.24,59102.58,46524.276,2023-08-01
300206.SZ,2013-01-25,18.8,19.21,18.77,19.0,18.72,0.28,1.5,5053.32,9603.0315,2023-08-01
000029.SZ,2013-01-25,4.1,4.16,4.08,4.1,4.16,-0.06,-1.44,41359.27,16998.3157,2023-08-01
300033.SZ,2013-01-25,13.77,13.9,13.6,13.9,13.82,0.08,0.58,6655.95,9140.5022,2023-08-01
600468.SH,2013-01-25,10.57,10.95,10.45,10.91,10.61,0.3,2.83,55004.05,59140.951,2023-08-01
002685.SZ,2013-01-25,7.95,8.01,7.93,7.96,7.99,-0.03,-0.38,4560.46,3634.5874,2023-08-01
000006.SZ,2013-01-25,5.33,5.41,5.25,5.31,5.3,0.01,0.19,149488.12,79567.0938,2023-08-01
000591.SZ,2013-01-25,6.51,6.85,6.36,6.81,6.56,0.25,3.81,78073.26,51853.276,2023-08-01
002643.SZ,2013-01-25,22.95,23.3,22.7,23.19,22.82,0.37,1.62,10934.65,25114.0106,2023-08-01
000023.SZ,2013-01-25,6.83,6.83,6.62,6.63,6.77,-0.14,-2.07,18042.79,12108.0042,2023-08-01
000629.SZ,2013-01-25,3.87,3.92,3.85,3.87,3.9,-0.03,-0.77,383967.56,148761.9177,2023-08-01
600272.SH,2013-01-25,10.0,10.08,9.83,9.91,9.93,-0.02,-0.2,38764.49,38524.077,2023-08-01
300050.SZ,2013-01-25,9.5,9.66,9.48,9.59,9.58,0.01,0.1,6262.86,5991.4671,2023-08-01
000818.SZ,2013-01-25,4.05,4.05,3.97,4.0,4.01,-0.01,-0.25,49408.78,19776.1385,2023-08-01
601678.SH,2013-01-25,11.44,11.46,10.52,11.17,11.46,-0.29,-2.53,106235.77,118214.467,2023-08-01
600074.SH,2013-01-25,4.03,4.07,4.0,4.05,4.03,0.02,0.5,58189.55,23498.284,2023-08-01
600069.SH,2013-01-25,5.26,5.37,5.21,5.28,5.24,0.04,0.76,54130.4,28604.841,2023-08-01
002484.SZ,2013-01-25,11.79,11.84,11.45,11.52,11.83,-0.31,-2.62,19788.2,22973.0099,2023-08-01
601118.SH,2013-01-25,6.08,6.38,5.95,6.25,6.06,0.19,3.14,636721.46,395181.017,2023-08-01
002215.SZ,2013-01-25,8.5,8.53,8.22,8.41,8.7,-0.29,-3.33,94714.91,79211.291,2023-08-01
600396.SH,2013-01-25,6.15,6.36,6.06,6.32,6.07,0.25,4.12,57025.49,35714.549,2023-08-01
002135.SZ,2013-01-25,4.68,4.68,4.55,4.59,4.68,-0.09,-1.92,124419.27,57487.0131,2023-08-01
000950.SZ,2013-01-25,4.93,5.01,4.91,4.96,5.01,-0.05,-1.0,27879.14,13793.9841,2023-08-01
300216.SZ,2013-01-25,13.09,13.97,12.87,13.9,13.12,0.78,5.95,43529.13,58266.6436,2023-08-01
002038.SZ,2013-01-25,45.43,48.08,45.0,47.8,45.15,2.65,5.87,33195.48,155663.0066,2023-08-01
002116.SZ,2013-01-25,13.93,14.17,13.85,13.85,13.96,-0.11,-0.79,9330.51,13089.1082,2023-08-01
000848.SZ,2013-01-25,15.11,15.4,14.93,15.24,15.2,0.04,0.26,10371.09,15699.2325,2023-08-01
002263.SZ,2013-01-25,5.81,5.83,5.73,5.77,5.78,-0.01,-0.17,25031.01,14475.2158,2023-08-01
002486.SZ,2013-01-25,7.07,7.6,7.05,7.33,7.05,0.28,3.97,25398.14,18689.0869,2023-08-01
002386.SZ,2013-01-25,6.55,6.61,6.51,6.54,6.54,0.0,0.0,17899.44,11725.7072,2023-08-01
300221.SZ,2013-01-25,5.84,5.88,5.79,5.81,5.84,-0.03,-0.51,11574.96,6755.9811,2023-08-01
600821.SH,2013-01-25,4.2,4.22,4.15,4.22,4.17,0.05,1.2,18507.91,7768.317,2023-08-01
600823.SH,2013-01-25,11.76,11.94,11.31,11.37,11.73,-0.36,-3.07,67148.99,78282.558,2023-08-01
600582.SH,2013-01-25,11.16,11.16,10.89,11.04,11.07,-0.03,-0.27,46304.56,50865.829,2023-08-01
600757.SH,2013-01-25,6.98,7.11,6.88,7.01,7.18,-0.17,-2.37,205975.44,144264.049,2023-08-01
600536.SH,2013-01-25,13.23,13.5,13.0,13.2,13.25,-0.05,-0.38,17365.31,22939.587,2023-08-01
000900.SZ,2013-01-25,8.85,8.88,8.7,8.76,8.86,-0.1,-1.13,39545.81,34754.3359,2023-08-01
600106.SH,2013-01-25,3.89,3.93,3.88,3.91,3.91,0.0,0.0,51951.64,20307.807,2023-08-01
000089.SZ,2013-01-25,3.98,4.02,3.97,4.01,3.98,0.03,0.75,29247.77,11691.0858,2023-08-01
002639.SZ,2013-01-25,10.16,10.2,10.0,10.04,10.15,-0.11,-1.08,5621.55,5669.496,2023-08-01
601369.SH,2013-01-25,8.92,9.08,8.89,9.0,8.9,0.1,1.12,28256.98,25455.475,2023-08-01
600827.SH,2013-01-25,8.63,8.69,8.4,8.43,8.59,-0.16,-1.86,67795.85,57675.269,2023-08-01
600754.SH,2013-01-25,14.07,14.2,14.02,14.07,14.18,-0.11,-0.78,6045.85,8522.006,2023-08-01
600602.SH,2013-01-25,3.56,3.6,3.53,3.54,3.56,-0.02,-0.56,25898.44,9206.65,2023-08-01
600963.SH,2013-01-25,3.83,3.84,3.79,3.81,3.83,-0.02,-0.52,71533.07,27269.129,2023-08-01
002673.SZ,2013-01-25,13.66,13.75,13.38,13.39,13.8,-0.41,-2.97,169802.98,229652.7493,2023-08-01
600979.SH,2013-01-25,4.62,4.75,4.6,4.69,4.63,0.06,1.3,67984.96,31948.984,2023-08-01
000056.SZ,2013-01-25,15.14,15.35,14.88,15.34,15.14,0.2,1.32,10166.16,15382.4614,2023-08-01
600874.SH,2013-01-25,5.34,5.44,5.25,5.27,5.32,-0.05,-0.94,70761.12,37792.411,2023-08-01
600873.SH,2013-01-25,5.37,5.65,5.33,5.64,5.4,0.24,4.44,207030.45,114125.427,2023-08-01
002665.SZ,2013-01-25,35.56,35.88,34.49,34.84,35.81,-0.97,-2.71,24301.46,84938.7206,2023-08-01
002420.SZ,2013-01-25,5.91,5.97,5.86,5.86,5.93,-0.07,-1.18,7713.38,4557.4575,2023-08-01
600278.SH,2013-01-25,6.58,6.61,6.41,6.44,6.53,-0.09,-1.38,40896.31,26446.173,2023-08-01
600109.SH,2013-01-25,17.73,17.97,17.2,17.35,17.87,-0.52,-2.91,190517.22,334395.816,2023-08-01
600763.SH,2013-01-25,22.16,23.33,22.0,22.92,22.16,0.76,3.43,42461.75,97410.305,2023-08-01
002464.SZ,2013-01-25,14.4,14.6,14.06,14.1,14.36,-0.26,-1.81,5132.8,7333.7426,2023-08-01
600061.SH,2013-01-25,4.6,4.95,4.55,4.74,4.64,0.1,2.16,203522.36,97176.703,2023-08-01
300159.SZ,2013-01-25,17.22,17.48,16.93,17.19,17.19,0.0,0.0,27411.52,47209.3062,2023-08-01
300065.SZ,2013-01-25,11.94,11.94,11.1,11.29,10.85,0.44,4.06,144574.16,168687.0319,2023-08-01
002404.SZ,2013-01-25,7.27,7.36,7.13,7.31,7.29,0.02,0.27,32651.45,23608.6872,2023-08-01
002593.SZ,2013-01-25,7.68,7.8,7.62,7.74,7.68,0.06,0.78,12136.93,9372.2925,2023-08-01
600539.SH,2013-01-25,5.88,6.07,5.81,5.95,5.91,0.04,0.68,38044.27,22619.069,2023-08-01
600021.SH,2013-01-25,4.63,4.65,4.57,4.59,4.59,0.0,0.0,33194.42,15255.34,2023-08-01
600216.SH,2013-01-25,21.4,21.65,21.23,21.36,21.22,0.14,0.66,27758.68,59483.936,2023-08-01
601101.SH,2013-01-25,13.13,13.32,13.02,13.09,13.15,-0.06,-0.46,78970.25,103945.074,2023-08-01
600723.SH,2013-01-25,7.65,7.88,7.5,7.57,7.7,-0.13,-1.69,75679.16,57461.982,2023-08-01
002054.SZ,2013-01-25,6.49,6.99,6.4,6.83,6.54,0.29,4.43,110455.35,74642.3424,2023-08-01
002146.SZ,2013-01-25,14.65,14.68,13.6,13.88,14.6,-0.72,-4.93,181088.86,252940.077,2023-08-01
002441.SZ,2013-01-25,12.72,12.75,12.61,12.69,12.68,0.01,0.08,7159.1,9075.4072,2023-08-01
300117.SZ,2013-01-25,8.06,8.3,8.04,8.14,8.14,0.0,0.0,47114.03,38400.3413,2023-08-01
002235.SZ,2013-01-25,7.8,7.84,7.56,7.76,7.78,-0.02,-0.26,33302.52,25625.8199,2023-08-01
002563.SZ,2013-01-25,21.5,21.61,21.12,21.4,21.41,-0.01,-0.05,3894.92,8286.6998,2023-08-01
002566.SZ,2013-01-25,15.9,16.24,15.83,16.12,15.92,0.2,1.26,14278.03,22981.5603,2023-08-01
600711.SH,2013-01-25,10.67,10.88,10.64,10.77,10.73,0.04,0.37,23522.83,25317.744,2023-08-01
002265.SZ,2013-01-25,6.5,6.5,6.28,6.35,6.6,-0.25,-3.79,30481.99,19432.4535,2023-08-01
002583.SZ,2013-01-25,15.32,15.56,15.31,15.37,15.33,0.04,0.26,5730.68,8855.7947,2023-08-01
601801.SH,2013-01-25,10.32,10.5,10.3,10.36,10.32,0.04,0.39,22426.61,23304.206,2023-08-01
000838.SZ,2013-01-25,8.17,8.17,7.88,8.03,8.05,-0.02,-0.25,23235.21,18653.6065,2023-08-01
600057.SH,2013-01-25,4.43,4.43,4.3,4.33,4.43,-0.1,-2.26,75638.98,32930.148,2023-08-01
600455.SH,2013-01-25,12.66,12.74,12.25,12.48,12.75,-0.27,-2.12,11610.64,14413.889,2023-08-01
000877.SZ,2013-01-25,9.02,9.36,8.85,9.11,9.09,0.02,0.22,227951.17,208141.3964,2023-08-01
002681.SZ,2013-01-25,9.96,10.11,9.96,9.99,9.99,0.0,0.0,8134.22,8152.3857,2023-08-01
000005.SZ,2013-01-25,3.12,3.21,3.06,3.13,3.22,-0.09,-2.8,181276.35,56666.135,2023-08-01
000869.SZ,2013-01-25,46.7,46.7,45.0,45.5,46.7,-1.2,-2.57,19694.62,89745.986,2023-08-01
000671.SZ,2013-01-25,17.96,18.38,17.62,18.28,18.0,0.28,1.56,42761.0,77434.1926,2023-08-01
000996.SZ,2013-01-25,15.13,15.3,14.87,14.99,15.0,-0.01,-0.07,41912.45,63099.954,2023-08-01
601158.SH,2013-01-25,5.36,5.4,5.33,5.34,5.32,0.02,0.38,33683.01,18072.432,2023-08-01
300355.SZ,2013-01-25,31.41,32.19,31.01,31.56,31.7,-0.14,-0.44,20930.89,66465.5782,2023-08-01
601899.SH,2013-01-25,3.76,3.8,3.75,3.77,3.77,0.0,0.0,392653.04,148228.633,2023-08-01
000100.SZ,2013-01-25,2.4,2.43,2.4,2.41,2.4,0.01,0.42,677134.44,163554.5982,2023-08-01
600058.SH,2013-01-25,16.4,16.76,16.3,16.34,16.43,-0.09,-0.55,83235.03,137057.397,2023-08-01
300125.SZ,2013-01-25,10.6,10.73,10.48,10.52,10.63,-0.11,-1.03,14127.88,14964.9576,2023-08-01
000520.SZ,2013-01-25,3.0,3.04,2.96,3.0,2.99,0.01,0.33,61013.29,18301.2441,2023-08-01
002286.SZ,2013-01-25,14.26,14.5,13.99,14.24,14.37,-0.13,-0.9,20589.46,29211.9208,2023-08-01
000408.SZ,2013-01-25,7.46,7.54,7.4,7.5,7.51,-0.01,-0.13,30083.35,22482.0597,2023-08-01
300115.SZ,2013-01-25,23.3,23.61,22.8,23.46,23.25,0.21,0.9,51107.94,119454.0276,2023-08-01
000070.SZ,2013-01-25,6.9,6.99,6.83,6.87,6.9,-0.03,-0.43,7762.71,5331.3949,2023-08-01
300131.SZ,2013-01-25,15.56,15.98,15.47,15.8,15.63,0.17,1.09,7527.95,11883.2631,2023-08-01
000541.SZ,2013-01-25,6.63,6.84,6.59,6.82,6.67,0.15,2.25,59218.3,39811.8439,2023-08-01
300072.SZ,2013-01-25,13.82,14.39,13.7,14.35,13.89,0.46,3.31,58010.14,82293.8521,2023-08-01
002469.SZ,2013-01-25,21.57,22.21,21.57,21.97,21.91,0.06,0.27,2581.43,5660.8091,2023-08-01
601009.SH,2013-01-25,9.8,10.05,9.71,9.96,9.84,0.12,1.22,329517.73,326212.07,2023-08-01
000756.SZ,2013-01-25,4.48,4.52,4.43,4.52,4.49,0.03,0.67,11365.99,5090.0305,2023-08-01
600677.SH,2013-01-25,8.79,9.18,8.6,8.68,8.88,-0.2,-2.25,109407.56,97076.283,2023-08-01
000937.SZ,2013-01-25,15.36,15.56,14.95,14.96,15.36,-0.4,-2.6,196961.75,299035.6314,2023-08-01
000830.SZ,2013-01-25,4.19,4.3,4.18,4.27,4.17,0.1,2.4,199345.49,84591.2106,2023-08-01
300148.SZ,2013-01-25,11.45,12.07,11.4,11.88,11.53,0.35,3.04,46211.17,54685.3064,2023-08-01
601012.SH,2013-01-25,8.49,8.58,8.32,8.54,8.58,-0.04,-0.47,73953.35,62600.222,2023-08-01
600773.SH,2013-01-25,11.26,11.41,11.26,11.37,11.3,0.07,0.62,24622.98,27947.605,2023-08-01
600169.SH,2013-01-25,3.64,3.68,3.6,3.62,3.64,-0.02,-0.55,132409.46,48195.844,2023-08-01
600520.SH,2013-01-25,9.18,9.33,9.15,9.19,9.28,-0.09,-0.97,11668.97,10751.044,2023-08-01
600311.SH,2013-01-25,8.01,8.18,8.0,8.08,8.08,0.0,0.0,62342.12,50505.259,2023-08-01
600083.SH,2013-01-25,6.06,6.16,6.03,6.14,6.05,0.09,1.49,32746.81,19936.277,2023-08-01
000790.SZ,2013-01-25,7.05,7.08,6.96,6.98,7.06,-0.08,-1.13,27922.45,19574.708,2023-08-01
002427.SZ,2013-01-25,6.45,6.54,6.38,6.4,6.51,-0.11,-1.69,10133.4,6536.291,2023-08-01
300138.SZ,2013-01-25,9.2,9.23,9.05,9.11,9.17,-0.06,-0.65,13327.96,12195.6041,2023-08-01
000608.SZ,2013-01-25,5.59,5.66,5.53,5.58,5.66,-0.08,-1.41,30526.49,17004.6185,2023-08-01
600746.SH,2013-01-25,4.23,4.36,4.23,4.35,4.28,0.07,1.64,25833.12,11139.801,2023-08-01
000716.SZ,2013-01-25,9.52,9.68,9.51,9.59,9.62,-0.03,-0.31,9058.51,8670.5871,2023-08-01
002228.SZ,2013-01-25,4.66,4.71,4.63,4.63,4.68,-0.05,-1.07,6397.34,2984.4157,2023-08-01
600580.SH,2013-01-25,4.95,5.05,4.92,5.0,4.98,0.02,0.4,81178.4,40446.346,2023-08-01
600643.SH,2013-01-25,8.15,8.27,8.07,8.18,8.15,0.03,0.37,75675.35,61747.285,2023-08-01
300084.SZ,2013-01-25,12.16,12.37,12.04,12.09,12.09,0.0,0.0,19322.25,23565.1683,2023-08-01
002470.SZ,2013-01-25,15.35,15.49,15.16,15.4,15.23,0.17,1.12,18192.49,27882.985,2023-08-01
002162.SZ,2013-01-25,5.53,5.59,5.42,5.5,5.54,-0.04,-0.72,36544.65,20031.1362,2023-08-01
000755.SZ,2013-01-25,5.31,5.34,5.24,5.32,5.31,0.01,0.19,30732.32,16246.3065,2023-08-01
601126.SH,2013-01-25,14.24,14.26,13.9,14.04,14.24,-0.2,-1.4,16562.78,23215.876,2023-08-01
600219.SH,2013-01-25,6.91,6.99,6.89,6.91,6.9,0.01,0.14,81980.61,56868.738,2023-08-01
600739.SH,2013-01-25,15.0,15.1,14.88,14.92,14.93,-0.01,-0.07,123877.81,185388.756,2023-08-01
000505.SZ,2013-01-25,3.02,3.09,3.01,3.07,3.02,0.05,1.66,38693.97,11832.626,2023-08-01
600662.SH,2013-01-25,3.93,3.95,3.9,3.93,3.94,-0.01,-0.25,23143.61,9079.619,2023-08-01
002252.SZ,2013-01-25,15.45,16.2,15.45,15.92,15.46,0.46,2.98,35057.02,55890.023,2023-08-01
000036.SZ,2013-01-25,3.83,3.85,3.68,3.78,3.9,-0.12,-3.08,296618.51,111510.5439,2023-08-01
600725.SH,2013-01-25,4.3,4.39,4.26,4.37,4.46,-0.09,-2.02,65073.81,28163.356,2023-08-01
002310.SZ,2013-01-25,61.01,63.0,60.7,62.6,61.11,1.49,2.44,12331.0,76936.7896,2023-08-01
600315.SH,2013-01-25,57.67,59.39,57.29,59.0,57.67,1.33,2.31,15151.95,89191.352,2023-08-01
600389.SH,2013-01-25,16.21,16.4,15.8,15.91,16.26,-0.35,-2.15,18181.98,29084.572,2023-08-01
600227.SH,2013-01-25,3.64,3.66,3.58,3.63,3.64,-0.01,-0.27,89175.43,32178.886,2023-08-01
600599.SH,2013-01-25,11.34,11.67,11.3,11.44,11.38,0.06,0.53,40760.87,46923.823,2023-08-01
002579.SZ,2013-01-25,6.47,6.55,6.41,6.5,6.42,0.08,1.25,13535.73,8773.7795,2023-08-01
600575.SH,2013-01-25,6.94,7.08,6.86,6.97,6.96,0.01,0.14,17968.35,12507.731,2023-08-01
000728.SZ,2013-01-25,10.79,10.88,10.67,10.71,10.89,-0.18,-1.65,105339.3,113353.4152,2023-08-01
300173.SZ,2013-01-25,8.0,8.09,7.94,8.0,7.98,0.02,0.25,6492.97,5190.5953,2023-08-01
000404.SZ,2013-01-25,6.14,6.29,6.08,6.14,6.14,0.0,0.0,70226.92,43413.7209,2023-08-01
002041.SZ,2013-01-25,24.8,25.19,24.51,24.9,24.75,0.15,0.61,35258.77,87429.6155,2023-08-01
600055.SH,2013-01-25,10.2,10.75,10.11,10.59,10.29,0.3,2.92,39907.56,42028.501,2023-08-01
000837.SZ,2013-01-25,6.02,6.16,5.91,6.07,6.04,0.03,0.5,35756.5,21533.6685,2023-08-01
002384.SZ,2013-01-25,8.34,8.35,8.04,8.05,8.35,-0.3,-3.59,77144.83,62818.156,2023-08-01
000901.SZ,2013-01-25,10.54,10.73,10.18,10.26,10.61,-0.35,-3.3,52932.95,55012.4705,2023-08-01
000785.SZ,2013-01-25,5.93,5.96,5.82,5.84,5.92,-0.08,-1.35,18282.98,10738.3136,2023-08-01
600633.SH,2013-01-25,13.7,14.8,13.7,14.49,13.7,0.79,5.77,56306.43,80615.499,2023-08-01
000948.SZ,2013-01-25,6.46,6.46,6.37,6.41,6.42,-0.01,-0.16,14672.5,9411.0482,2023-08-01
601005.SH,2013-01-25,3.36,3.38,3.27,3.29,3.37,-0.08,-2.37,83664.89,27627.133,2023-08-01
002240.SZ,2013-01-25,4.02,4.05,3.99,4.03,4.03,0.0,0.0,47135.55,18961.7738,2023-08-01
600789.SH,2013-01-25,4.0,4.06,3.98,4.04,4.01,0.03,0.75,21620.89,8714.977,2023-08-01
300325.SZ,2013-01-25,19.28,19.69,19.11,19.41,19.33,0.08,0.41,22307.74,43396.4198,2023-08-01
600611.SH,2013-01-25,4.85,4.91,4.8,4.81,4.89,-0.08,-1.64,39059.42,18909.22,2023-08-01
300029.SZ,2013-01-25,6.15,6.29,6.14,6.27,6.17,0.1,1.62,25953.08,16071.5916,2023-08-01
000680.SZ,2013-01-25,5.09,5.22,5.01,5.1,5.14,-0.04,-0.78,200665.27,102598.1284,2023-08-01
300318.SZ,2013-01-25,16.72,17.15,16.72,17.06,16.88,0.18,1.07,5855.37,9979.3355,2023-08-01
600007.SH,2013-01-25,11.25,11.36,11.08,11.17,11.26,-0.09,-0.8,10245.4,11501.537,2023-08-01
002121.SZ,2013-01-25,7.36,7.36,7.21,7.24,7.34,-0.1,-1.36,32192.21,23360.0722,2023-08-01
002403.SZ,2013-01-25,8.45,8.52,8.36,8.45,8.45,0.0,0.0,9879.74,8306.4756,2023-08-01
600056.SH,2013-01-25,21.3,22.08,21.26,21.52,21.39,0.13,0.61,25178.43,54470.166,2023-08-01
600976.SH,2013-01-25,15.85,16.35,15.7,16.15,15.81,0.34,2.15,28309.82,45597.848,2023-08-01
300307.SZ,2013-01-25,8.38,8.49,8.3,8.31,8.38,-0.07,-0.84,18493.9,15511.6217,2023-08-01
600333.SH,2013-01-25,8.18,8.19,8.03,8.06,8.17,-0.11,-1.35,43854.05,35432.379,2023-08-01
601788.SH,2013-01-25,13.61,13.77,13.45,13.52,13.67,-0.15,-1.1,180988.99,246116.21,2023-08-01
300103.SZ,2013-01-25,10.18,10.5,10.18,10.29,10.19,0.1,0.98,47258.03,48903.4414,2023-08-01
600537.SH,2013-01-25,9.66,9.7,9.24,9.36,9.69,-0.33,-3.41,130113.96,122373.548,2023-08-01
600391.SH,2013-01-25,13.0,13.47,12.5,12.56,13.81,-1.25,-9.05,162317.82,209078.547,2023-08-01
300241.SZ,2013-01-25,15.15,15.67,14.8,15.41,15.34,0.07,0.46,16686.11,25614.9614,2023-08-01
601600.SH,2013-01-25,5.08,5.16,5.07,5.13,5.09,0.04,0.79,161025.82,82229.922,2023-08-01
300212.SZ,2013-01-25,35.95,38.2,35.6,37.89,35.95,1.94,5.4,9429.11,35235.4757,2023-08-01
600196.SH,2013-01-25,10.88,11.26,10.88,11.2,10.87,0.33,3.04,117279.34,130851.828,2023-08-01
002443.SZ,2013-01-25,8.11,8.21,8.05,8.09,8.16,-0.07,-0.86,33842.91,27484.2295,2023-08-01
300332.SZ,2013-01-25,10.06,10.24,10.0,10.09,10.03,0.06,0.6,33138.1,33541.4498,2023-08-01
000679.SZ,2013-01-25,6.9,6.95,6.87,6.9,6.9,0.0,0.0,27416.76,18949.5816,2023-08-01
000157.SZ,2013-01-25,8.9,9.01,8.82,8.91,8.88,0.03,0.34,265004.78,236160.6044,2023-08-01
000783.SZ,2013-01-25,9.55,9.58,9.35,9.42,9.58,-0.16,-1.67,260993.05,246725.9172,2023-08-01
600489.SH,2013-01-25,15.72,16.04,15.7,15.93,15.87,0.06,0.38,155239.6,246840.06,2023-08-01
002502.SZ,2013-01-25,9.42,9.43,9.21,9.27,9.39,-0.12,-1.28,17930.28,16675.728,2023-08-01
601808.SH,2013-01-25,16.75,16.92,16.6,16.81,16.75,0.06,0.36,51561.89,86751.214,2023-08-01
002522.SZ,2013-01-25,17.38,17.57,17.25,17.3,17.38,-0.08,-0.46,11124.37,19293.7862,2023-08-01
600862.SH,2013-01-25,3.69,3.73,3.65,3.68,3.71,-0.03,-0.8086,47114.24,17346.963,2023-08-01
001872.SZ,2013-01-25,11.71,13.04,11.37,13.04,11.85,1.19,10.04,155826.12,191486.5179,2023-08-01
001914.SZ,2013-01-25,7.35,7.47,7.18,7.21,7.37,-0.16,-2.17,150562.65,109632.1997,2023-08-01
