security_code,trade_date,close,turnover_rate,turnover_rate_f,volume_ratio,pe,pe_ttm,pb,ps,ps_ttm,dv_ratio,dv_ttm,total_share,float_share,free_share,total_mv,circ_mv,data_date
000683.SZ,1998-08-20,8.69,1.178,2.6178,1.54,28.8823,28.8823,5.436,8.3277,8.3277,,,43000.0,13000.0,5850.0,373670.0,112970.0,2023-08-05
000729.SZ,1998-08-20,14.3,1.579,1.579,0.74,35.5165,26.5924,5.3181,5.665,5.3939,,,46429.5,12000.0,12000.0,663941.85,171600.0,2023-08-05
600629.SH,1998-08-20,8.4,2.2364,2.2364,2.09,57.4305,90.9686,6.2599,14.5964,14.5048,,,15137.7476,4926.6226,4926.6226,127157.0798,41383.6298,2023-08-05
600773.SH,1998-08-20,8.85,1.4508,3.1015,1.32,43.0772,43.0772,4.7266,8.8549,8.8549,,,8892.32,2886.0,1350.0,78697.032,25541.1,2023-08-05
600079.SH,1998-08-20,13.0,3.2115,3.2115,1.56,41.8072,49.2576,4.3745,8.0752,7.1663,,2.6538,5750.0,2000.0,2000.0,74750.0,26000.0,2023-08-05
600741.SH,1998-08-20,9.68,0.9049,0.9049,1.02,60.3494,42.3304,5.5825,6.2313,4.1366,0.0,2.0145,29960.0,12000.0,12000.0,290012.8,116160.0,2023-08-05
000736.SZ,1998-08-20,12.33,2.6325,2.6325,3.47,51.1414,67.694,5.7084,20.242,21.4394,,,6000.0,2000.0,2000.0,73980.0,24660.0,2023-08-05
600624.SH,1998-08-20,9.4,1.3663,1.3663,1.25,46.5574,48.6429,3.2688,6.7322,7.2016,,,16889.5595,7802.089,7802.089,158761.8593,73339.6366,2023-08-05
600668.SH,1998-08-20,5.88,0.8498,6.1952,0.93,43.2107,43.2107,4.3296,3.3867,3.3867,,4.8341,30045.9139,10570.5,1450.0,176669.9737,62154.54,2023-08-05
600710.SH,1998-08-20,5.6,1.1298,1.1298,1.3,27.6237,44.7604,2.0177,2.8049,3.0078,1.4286,,16500.0,6000.0,6000.0,92400.0,33600.0,2023-08-05
600730.SH,1998-08-20,12.98,1.1772,1.4126,0.53,121.5242,121.5242,7.6034,17.1646,17.1646,0.7704,,17460.0,4380.0,3650.0,226630.8,56852.4,2023-08-05
000769.SZ,1998-08-20,20.02,0.7564,0.7564,0.71,37.4553,29.9433,4.5014,5.55,4.9205,,,10300.0,4500.0,4500.0,206206.0,90090.0,2023-08-05
600774.SH,1998-08-20,15.55,0.6922,0.6922,0.7,34.3572,40.3521,4.4087,1.487,1.3077,,,8648.0,2662.4,2662.4,134476.4,41400.32,2023-08-05
600071.SH,1998-08-20,8.24,2.3171,2.3171,1.98,24.1019,24.6774,3.8127,5.5688,4.2239,,,9452.0,3740.0,3740.0,77884.48,30817.6,2023-08-05
600068.SH,1998-08-20,8.57,0.6342,0.8072,0.84,22.4012,24.5115,2.8326,2.9879,3.1598,,,62300.0,26600.0,20900.0,533911.0,227962.0,2023-08-05
600112.SH,1998-08-20,8.2,3.0428,3.0428,2.12,29.767,29.767,3.3368,5.7457,5.7457,,0.4878,16000.0,4000.0,4000.0,131200.0,32800.0,2023-08-05
600860.SH,1998-08-20,5.48,0.7872,0.7872,1.32,33.5301,35.4648,2.1417,4.9512,4.7617,1.8248,1.0036,40000.0,5000.0,5000.0,219200.0,27400.0,2023-08-05
000883.SZ,1998-08-20,9.91,1.599,1.599,1.38,29.6054,29.0716,2.8035,2.494,2.4282,,,17868.0,5000.0,5000.0,177071.88,49550.0,2023-08-05
600834.SH,1998-08-20,8.69,0.4535,0.4535,0.91,45.2867,44.3063,4.6731,15.848,15.2994,1.5933,13.9624,23660.0,3120.0,3120.0,205605.4,27112.8,2023-08-05
600094.SH,1998-08-20,7.7,2.9858,2.9858,3.92,21.9567,23.9284,2.7979,3.1666,3.1675,,1.0823,28623.6,4800.0,4800.0,220401.72,36960.0,2023-08-05
000653.SZ,1998-08-20,6.99,0.4803,0.4803,1.17,37.7302,38.9024,3.8275,1.3303,1.5082,0.0,,25983.6,6496.0,6496.0,181625.364,45407.04,2023-08-05
000785.SZ,1998-08-20,21.0,2.9911,2.9911,1.68,28.4582,23.5581,5.7321,1.6332,1.556,,,10712.52,2681.25,2681.25,224962.92,56306.25,2023-08-05
600160.SH,1998-08-20,8.98,3.1292,3.1292,1.88,24.7271,24.7271,3.2812,2.4978,2.4978,,,31000.0,7200.0,7200.0,278380.0,64656.0,2023-08-05
000404.SZ,1998-08-20,13.59,1.0191,1.0191,1.11,49.7616,47.3761,4.7504,6.8327,7.781,0.0,,15208.3845,4550.0,4550.0,206681.9454,61834.5,2023-08-05
600734.SH,1998-08-20,13.44,0.6723,0.6723,1.23,36.7571,37.9087,6.5745,2.6995,2.089,1.2932,5.74,32512.944,8429.025,8429.025,436973.9674,113286.096,2023-08-05
000593.SZ,1998-08-20,8.96,0.593,0.593,0.76,43.4953,78.1954,2.8792,2.6164,2.865,1.717,,8650.3313,2366.0,2366.0,77506.9684,21199.36,2023-08-05
000660.SZ,1998-08-20,25.79,0.3326,0.3326,0.82,51.4297,41.2739,6.9012,6.5822,6.3409,,,7000.0,1750.0,1750.0,180530.0,45132.5,2023-08-05
600791.SH,1998-08-20,19.18,2.2018,2.2018,2.0,64.2892,53.0649,8.8646,5.3329,4.2248,0.6162,,6600.0,1650.0,1650.0,126588.0,31647.0,2023-08-05
600783.SH,1998-08-20,9.85,1.3753,1.7879,0.92,42.2859,42.2859,5.7158,5.2382,5.2382,,,11286.86,3328.0,2560.0,111175.571,32780.8,2023-08-05
600877.SH,1998-08-20,6.76,0.6537,0.6537,1.52,14.8286,15.6606,1.9174,0.9439,1.0997,3.859,,47387.084,11960.0,11960.0,320336.6878,80849.6,2023-08-05
000421.SZ,1998-08-20,9.2,1.0843,1.0843,1.09,41.9066,40.3096,5.9949,14.7104,10.6631,0.0,,18173.28,4616.64,4616.64,167194.176,42473.088,2023-08-05
600814.SH,1998-08-20,5.99,0.7016,0.7016,1.1,23.3687,25.5397,2.2724,1.1,1.145,2.2765,,15824.6946,6305.9997,6305.9997,94789.9207,37772.9382,2023-08-05
600776.SH,1998-08-20,16.16,1.1787,1.1787,1.7,27.4882,30.288,5.0759,1.9491,1.9348,0.198,1.8564,57000.0,6000.0,6000.0,921120.0,96960.0,2023-08-05
000035.SZ,1998-08-20,12.82,2.2774,2.2774,1.21,76.3426,57.4796,7.4918,6.0574,5.265,0.0,,11588.72,2145.0,2145.0,148567.3904,27498.9,2023-08-05
000691.SZ,1998-08-20,6.65,0.4532,0.5211,1.18,35.2988,37.6241,3.512,8.4958,8.7924,,,25818.0,7130.0,6200.0,171689.7,47414.5,2023-08-05
000687.SZ,1998-08-20,10.14,0.8212,0.8212,1.45,23.9096,23.1565,3.3474,5.5223,5.4394,0.0,,29500.0,7500.0,7500.0,299130.0,76050.0,2023-08-05
600617.SH,1998-08-20,7.65,2.4489,2.4489,1.47,164.1241,297.2313,4.5219,5.0364,5.1295,0.0,0.5229,16719.48,900.0,900.0,127904.022,6885.0,2023-08-05
600136.SH,1998-08-20,12.8,2.99,2.99,1.45,44.819,44.819,4.7026,12.3063,12.3063,,2.9688,9500.0,2500.0,2500.0,121600.0,32000.0,2023-08-05
600869.SH,1998-08-20,7.2,2.1683,4.3367,1.53,160.9895,160.9895,3.7011,9.1877,9.1877,0.0,,12000.0,3000.0,1500.0,86400.0,21600.0,2023-08-05
600720.SH,1998-08-20,6.51,1.1104,1.1104,1.15,42.2916,70.2646,2.9029,3.8741,3.7641,1.6169,,12577.2488,4860.2,4860.2,81877.8897,31639.902,2023-08-05
000815.SZ,1998-08-20,10.5,9.7171,10.9318,1.58,91.0784,91.0784,3.764,9.3242,9.3242,,,11400.0,4500.0,4000.0,119700.0,47250.0,2023-08-05
000898.SZ,1998-08-20,3.2,0.74,0.7776,0.87,15.7212,15.7212,1.5767,1.4019,1.4019,,1.0,250900.0,30000.0,28550.54,802880.0,96000.0,2023-08-05
600820.SH,1998-08-20,17.18,1.0495,2.9506,1.08,49.3868,49.3868,6.4556,1.8151,1.8151,0.5061,,18966.5084,4498.34,1600.0,325844.6143,77281.4812,2023-08-05
000888.SZ,1998-08-20,11.22,1.6948,1.8831,1.98,26.0298,26.0298,3.1401,15.6003,15.6003,,,11866.0,4000.0,3600.0,133136.52,44880.0,2023-08-05
600756.SH,1998-08-20,10.0,0.8235,1.3177,1.69,36.1749,39.2359,5.9178,19.6834,19.9328,0.0,2.0,11014.72,2755.2,1722.0,110147.2,27552.0,2023-08-05
600612.SH,1998-08-20,8.68,1.4121,1.4121,1.32,37.1184,42.3073,3.6249,7.1531,6.9898,1.8433,1.1521,19367.6458,1846.944,1846.944,168111.1655,16031.4739,2023-08-05
000001.SZ,1998-08-20,15.88,0.217,8.7747,0.71,28.5781,28.5781,7.2569,13.1837,13.1837,0.8396,0.8396,155184.7092,107163.4434,2650.0,2464333.1821,1701755.4812,2023-08-05
000040.SZ,1998-08-20,7.9,0.9305,0.9305,1.83,18.1057,18.582,1.7633,4.5877,4.5217,0.0,2.6618,20170.4321,11030.7873,11030.7873,159346.4136,87143.2197,2023-08-05
600732.SH,1998-08-20,6.56,0.4127,0.4127,1.32,24.1199,23.8988,2.9498,2.3715,1.8452,0.0,4.1436,19076.2,6380.0,6380.0,125139.872,41852.8,2023-08-05
600102.SH,1998-08-20,6.4,0.6136,0.6136,0.89,16.7669,16.7669,3.0113,1.4312,1.4312,,,79470.0,12000.0,12000.0,508608.0,76800.0,2023-08-05
600633.SH,1998-08-20,11.5,1.1091,3.66,0.66,,,13.8894,24.7068,24.7068,0.0,,15205.08,1320.0,400.0,174858.42,15180.0,2023-08-05
600726.SH,1998-08-20,10.78,1.7517,1.7517,1.25,31.6362,26.6477,4.2611,14.3604,12.6986,1.4286,,58770.66,6000.0,6000.0,633547.7148,64680.0,2023-08-05
000515.SZ,1998-08-20,5.25,1.3411,2.0653,1.28,,,5.6418,48.162,48.162,0.0,,13000.52,5544.0,3600.0,68252.73,29106.0,2023-08-05
600857.SH,1998-08-20,11.8,0.6395,1.9015,1.08,96.2491,96.2491,5.1911,4.0089,4.0089,,,12018.24,4013.8226,1350.0,141815.232,47363.1067,2023-08-05
600626.SH,1998-08-20,7.09,9.7395,38.5614,2.91,57.7195,33.7974,5.2102,1.7572,1.6413,,,27638.2896,10034.4,2534.4,195955.4733,71143.896,2023-08-05
000802.SZ,1998-08-20,9.21,1.9783,2.1981,1.87,30.586,35.5352,3.6038,6.0634,5.7926,,0.5429,10500.0,3000.0,2700.0,96705.0,27630.0,2023-08-05
600699.SH,1998-08-20,11.5,3.0255,5.5848,0.39,2466.0585,2466.0585,5.7242,15.2716,15.2716,0.0,,10186.8926,4614.72,2500.0,117149.2649,53069.28,2023-08-05
600865.SH,1998-08-20,6.54,0.9245,0.9245,1.28,31.1325,26.8748,2.6278,1.9293,1.7562,,7.3405,26970.632,10112.544,10112.544,176387.9333,66136.0378,2023-08-05
600642.SH,1998-08-20,7.58,0.4495,3.0338,1.17,21.721,21.721,3.9568,85.6179,85.6179,2.1108,43.0578,263308.7769,16135.2,2390.4,1995880.5289,122304.816,2023-08-05
600782.SH,1998-08-20,14.7,0.61,0.61,0.99,66.199,105.8086,10.2655,11.8834,12.1594,0.4592,1.2245,10794.7058,2700.0,2700.0,158682.1753,39690.0,2023-08-05
600719.SH,1998-08-20,10.37,0.9884,0.9884,2.94,34.9047,36.1464,4.1337,6.9757,6.8001,1.0715,0.9643,17550.0,4500.0,4500.0,181993.5,46665.0,2023-08-05
600679.SH,1998-08-20,7.0,1.147,1.147,1.54,1382.5982,60.8482,3.0079,2.0696,2.2872,0.0,,46432.2817,2640.0013,2640.0013,325025.9719,18480.0091,2023-08-05
000599.SZ,1998-08-20,9.54,1.8579,1.8579,1.36,31.341,38.0314,3.3602,4.6795,5.831,,2.0964,13205.3571,4800.0,4800.0,125979.1067,45792.0,2023-08-05
000030.SZ,1998-08-20,6.39,2.0812,3.3516,1.39,42.5206,42.5206,2.3645,2.0899,2.0899,,,28842.0,4026.0,2500.0,184300.38,25726.14,2023-08-05
600863.SH,1998-08-20,9.47,1.6317,1.6317,1.01,44.9841,36.6724,4.436,12.4154,12.0768,,,55510.0,8450.0,8450.0,525679.7,80021.5,2023-08-05
600701.SH,1998-08-20,10.79,2.5774,2.5774,1.11,31.7927,29.9654,3.5684,9.2792,7.3497,1.7823,6.726,15724.3461,6500.0,6500.0,169665.6944,70135.0,2023-08-05
600667.SH,1998-08-20,5.74,1.9049,5.2129,1.0,88.0531,88.0531,3.1978,5.5164,5.5164,0.9337,,33528.8528,17240.0,6300.0,192455.6151,98957.6,2023-08-05
000016.SZ,1998-08-20,16.22,0.4766,0.4766,0.79,17.0089,16.7416,3.3553,0.9348,0.8435,2.4661,2.6558,36557.2641,7936.9875,7936.9875,592958.8237,128737.9373,2023-08-05
000412.SZ,1998-08-20,6.58,1.0883,4.6748,1.8,32.7802,32.7802,4.3635,12.8392,12.8392,,,28896.1676,9020.478,2100.0,190136.7828,59354.7452,2023-08-05
000539.SZ,1998-08-20,8.83,1.0161,3.5502,3.41,18.8987,18.8987,3.1779,4.7851,4.7851,1.4519,2.6135,128770.2,15373.8,4400.0,1137040.866,135750.654,2023-08-05
000760.SZ,1998-08-20,12.93,1.1756,1.1756,0.63,24.7568,24.2396,5.4448,4.27,4.086,,,9684.0,3987.0,3987.0,125214.12,51551.91,2023-08-05
600620.SH,1998-08-20,8.1,1.4599,1.4599,2.16,34.5232,25.9488,4.9509,5.946,5.8277,,,17784.6492,5364.06,5364.06,144055.6585,43448.886,2023-08-05
000829.SZ,1998-08-20,9.13,2.0004,2.0004,1.74,31.7287,29.5229,3.1004,4.0947,3.6788,,,7500.0,2500.0,2500.0,68475.0,22825.0,2023-08-05
000021.SZ,1998-08-20,25.73,0.6245,0.6245,0.59,42.8456,40.6052,11.1369,7.7206,7.1852,0.3887,2.2832,53105.4696,10847.6874,10847.6874,1366403.7328,279110.9968,2023-08-05
600895.SH,1998-08-20,12.44,0.684,0.8418,1.25,56.0723,65.1451,7.3047,21.898,22.9742,,,23325.0,6000.0,4875.0017,290163.0,74640.0,2023-08-05
600896.SH,1998-08-20,10.92,2.0284,3.9554,1.5,54.0085,54.0085,6.7287,14.6442,14.6442,0.5635,,28008.075,8131.5,4170.0,305848.179,88795.98,2023-08-05
600627.SH,1998-08-20,7.87,1.0531,2.6855,0.63,444.4338,444.4338,4.5893,2.5828,2.5828,0.6353,,51796.5449,5100.0,2000.0,407638.8084,40137.0,2023-08-05
000615.SZ,1998-08-20,11.22,0.2974,0.2974,1.05,42.2263,29.1851,3.6877,5.306,4.6043,,,9895.2022,2535.0,2535.0,111024.1687,28442.7,2023-08-05
600113.SH,1998-08-20,11.53,1.2958,1.2958,0.91,33.1897,33.1897,3.6646,15.139,15.139,,,11800.0,4000.0,4000.0,136054.0,46120.0,2023-08-05
000534.SZ,1998-08-20,5.54,0.6152,2.0933,1.5,28.1074,28.1074,2.0525,12.9164,12.9164,2.6255,1.641,20826.1325,8822.9325,2593.0,115376.7741,48879.0461,2023-08-05
600100.SH,1998-08-20,31.01,1.931,1.931,0.99,74.1595,61.7884,9.3461,13.369,8.9516,,,16605.0,6300.0,6300.0,514921.05,195363.0,2023-08-05
600630.SH,1998-08-20,6.63,4.6665,57.165,1.3,29.7573,29.7573,5.1913,1.1506,1.1506,0.0,,37520.2154,14700.0,1200.0,248759.0281,97461.0,2023-08-05
600602.SH,1998-08-20,6.8,1.8959,594.6173,1.54,27.5902,27.5902,3.5778,1.3916,1.3916,0.0,,63730.5451,16023.4589,51.09,433367.7067,108959.5205,2023-08-05
600889.SH,1998-08-20,7.35,2.7643,2.7643,1.91,25.2992,23.9388,2.9164,0.378,0.2698,,,10947.4772,3000.0,3000.0,80463.9574,22050.0,2023-08-05
000530.SZ,1998-08-20,7.92,1.3009,1.3009,3.18,24.3201,25.1695,2.6232,4.5749,4.4996,0.4069,5.4293,35001.4975,8943.48,8943.48,277211.8602,70832.3616,2023-08-05
600660.SH,1998-08-20,5.35,0.5635,3.953,0.89,114.3486,114.3486,3.8659,3.0996,3.0996,3.8821,0.6916,25472.5513,8135.5849,1159.64,136278.1495,43525.3792,2023-08-05
000010.SZ,1998-08-20,15.97,1.004,1.4619,1.35,89.8481,89.8481,9.1875,7.4278,7.4278,0.7225,,7350.8724,2475.0437,1699.8928,117393.4322,39526.4479,2023-08-05
000550.SZ,1998-08-20,5.12,0.6214,0.8286,1.46,80.4661,80.4661,2.556,2.2303,2.2303,0.0,,69321.4,11760.0,8820.0,354925.568,60211.2,2023-08-05
000668.SZ,1998-08-20,8.44,1.9354,2.4192,1.73,31.7364,32.5269,5.3558,1.0889,1.0749,,,11295.53,3210.75,2568.6,95334.2732,27098.73,2023-08-05
600862.SH,1998-08-20,8.52,1.3338,1.6005,0.72,287.6831,287.6831,4.9588,3.7788,3.7788,0.0,,7435.1985,2598.66,2165.55,63347.8912,22140.5832,2023-08-05
000688.SZ,1998-08-20,8.83,1.987,1.987,2.73,29.6189,39.1461,4.1461,7.8,7.3185,1.4235,,10729.5967,5239.065,5239.065,94742.3389,46260.944,2023-08-05
000816.SZ,1998-08-20,8.45,2.594,2.594,2.25,22.5169,20.628,3.045,2.038,1.9056,,,27680.0,8800.0,8800.0,233896.0,74360.0,2023-08-05
600165.SH,1998-08-20,9.22,3.1516,3.5456,1.22,42.6662,42.6662,3.3093,5.9332,5.9332,,,13350.0,4050.0,3600.0,123087.0,37341.0,2023-08-05
600781.SH,1998-08-20,8.2,1.6193,1.6193,1.05,31.3302,43.8521,3.3306,2.9991,2.7713,,,10427.2128,2700.0,2700.0,85503.145,22140.0,2023-08-05
600881.SH,1998-08-20,10.28,1.4661,2.639,1.16,28.0982,21.3194,6.1471,4.1826,3.2965,,,22705.0225,8861.5825,4923.1014,233407.6313,91097.0681,2023-08-05
600115.SH,1998-08-20,3.77,0.4693,0.5215,0.98,50.6285,50.6285,2.5063,1.9591,1.9591,,,486695.0,30000.0,27000.0,1834840.15,113100.0,2023-08-05
000672.SZ,1998-08-20,9.88,1.5245,1.9808,0.54,64.1827,64.1827,6.9002,5.4489,5.4489,,,6500.0,1759.32,1354.0,64220.0,17382.0816,2023-08-05
000661.SZ,1998-08-20,12.29,3.4747,3.4747,1.41,44.8362,90.63,4.5966,16.3203,11.3859,,,17297.28,4788.0,4788.0,212583.5712,58844.52,2023-08-05
600122.SH,1998-08-20,21.6,3.6311,3.6311,1.93,75.8981,75.8981,29.8654,8.2097,8.2097,,,12300.0,4500.0,4500.0,265680.0,97200.0,2023-08-05
600793.SH,1998-08-20,8.66,1.7409,2.2632,1.42,42.4627,42.4627,4.5193,3.1809,3.1809,,,10530.0,3354.0,2580.0,91189.8,29045.64,2023-08-05
600053.SH,1998-08-20,6.91,1.0205,1.4741,2.24,24.932,24.932,2.5883,3.6282,3.6282,,,13650.0,5850.0,4050.0,94321.5,40423.5,2023-08-05
600121.SH,1998-08-20,8.82,0.8951,0.9946,0.68,22.246,30.4153,2.9688,6.0775,6.6382,,1.1338,30000.0,8000.0,7200.0,264600.0,70560.0,2023-08-05
000789.SZ,1998-08-20,5.55,3.9133,3.9133,4.48,39.94,39.94,4.1972,5.5104,5.5104,,,30600.0,8500.0,8500.0,169830.0,47175.0,2023-08-05
600775.SH,1998-08-20,7.43,1.9421,1.9421,1.51,,,3.6576,1.9179,1.9179,0.7268,,65501.5,2800.0,2800.0,486676.145,20804.0,2023-08-05
600874.SH,1998-08-20,3.35,0.6061,0.9884,1.14,165.7429,165.7429,1.9644,1.5923,1.5923,0.0,0.597,133000.0,11249.5,6898.0,445550.0,37685.825,2023-08-05
000014.SZ,1998-08-20,7.3,1.9383,8.765,1.24,445.7288,445.7288,3.4485,2.7132,2.7132,,,8964.675,4522.0351,1000.0,65442.1275,33010.8562,2023-08-05
000429.SZ,1998-08-20,6.51,0.694,0.694,1.13,28.5577,31.1372,2.1776,23.0244,22.1786,,2.4578,76425.6249,10000.0,10000.0,497530.8181,65100.0,2023-08-05
600610.SH,1998-08-20,7.69,7.251,155.5333,0.82,671.4385,1041.7981,4.5398,4.8938,6.705,,,35709.1535,2574.0,120.0,274603.3904,19794.06,2023-08-05
000762.SZ,1998-08-20,11.95,1.0603,1.0603,1.08,32.3172,29.4812,3.1459,9.4882,7.7178,,,9905.0,3500.0,3500.0,118364.75,41825.0,2023-08-05
600715.SH,1998-08-20,7.4,2.7792,2.7792,0.7,,,3.1358,12.0617,20.2128,,,14016.0,4800.0,4800.0,103718.4,35520.0,2023-08-05
600794.SH,1998-08-20,8.6,1.1662,1.3994,1.17,36.0533,45.0397,4.0878,5.7633,6.554,0.0,,6729.6,2100.0,1750.0,57874.56,18060.0,2023-08-05
000069.SZ,1998-08-20,17.86,1.1188,1.1188,0.62,55.9961,32.1016,5.4606,21.4704,21.7673,,,19200.0,5000.0,5000.0,342912.0,89300.0,2023-08-05
000705.SZ,1998-08-20,8.08,0.8836,0.8836,1.79,33.8371,47.2793,4.1667,2.5093,2.2082,,,9944.9992,4500.0,4500.0,80355.5935,36360.0,2023-08-05
600125.SH,1998-08-20,20.9,0.7592,0.7592,0.68,65.3489,65.3489,9.7403,10.1927,10.1927,,,9538.8,2500.0,2500.0,199360.92,52250.0,2023-08-05
600139.SH,1998-08-20,16.28,1.0265,1.0265,1.47,78.3385,78.3385,7.5623,7.5005,7.5005,,1.755,7601.02,2940.0,2940.0,123744.6056,47863.2,2023-08-05
600721.SH,1998-08-20,6.97,4.1247,4.1247,1.43,44.1893,66.8258,2.3037,4.544,14.6269,0.9256,,9480.075,4650.0,4650.0,66076.1228,32410.5,2023-08-05
600804.SH,1998-08-20,6.88,2.1214,3.0548,1.54,26.2221,26.2221,2.641,2.4013,2.4013,1.4535,,11661.12,7195.68,4997.0,80228.5056,49506.2784,2023-08-05
600886.SH,1998-08-20,16.7,0.656,0.656,1.18,28.1546,22.5595,7.9652,2.9958,2.9024,0.0,,24499.6372,9331.9118,9331.9118,409143.9412,155842.9271,2023-08-05
000541.SZ,1998-08-20,10.63,1.919,1.919,1.81,21.8734,23.3219,2.5058,6.5666,6.1168,4.4873,3.7629,27586.2054,8334.9,8334.9,293241.3634,88599.987,2023-08-05
600677.SH,1998-08-20,5.74,1.4531,1.4531,1.82,63.1227,79.4394,3.5076,1.4923,1.1893,1.3401,3.2771,25090.1812,10670.66,10670.66,144017.6401,61249.5884,2023-08-05
600733.SH,1998-08-20,16.0,0.4863,0.4863,0.62,72.8551,100.0736,7.2726,10.6449,11.3887,0.0,,10977.0,3000.0,3000.0,175632.0,48000.0,2023-08-05
600813.SH,1998-08-20,4.28,0.228,0.4542,0.18,,,3.9552,5.318,5.318,0.0,,25800.0,9960.0,5000.0,110424.0,42628.8,2023-08-05
600623.SH,1998-08-20,13.0,2.7124,2.9837,2.14,80.9073,85.1383,4.7417,2.685,2.5408,1.049,,88946.7722,2288.0,2080.0,1156308.0386,29744.0,2023-08-05
000766.SZ,1998-08-20,10.37,0.6801,0.6801,1.15,27.4292,33.6728,4.2011,10.8642,10.581,,,25256.0,8000.0,8000.0,261904.72,82960.0,2023-08-05
600666.SH,1998-08-20,7.55,1.5879,1.5879,1.41,34.8252,28.6201,4.5498,4.7692,4.5465,0.0,,14879.2973,5779.1669,5779.1669,112338.6946,43632.7101,2023-08-05
600188.SH,1998-08-20,6.4,2.4368,2.4368,1.22,22.5361,22.5361,5.998,4.4603,4.4603,,,260000.0,7200.0,7200.0,1664000.0,46080.0,2023-08-05
600790.SH,1998-08-20,14.13,1.6429,1.9715,1.77,39.2631,28.9485,6.6775,22.1699,14.3819,,0.4325,19603.3129,5265.0,4387.5,276994.8113,74394.45,2023-08-05
000507.SZ,1998-08-20,5.04,0.7466,0.7466,0.92,,,1.7962,9.8844,10.5385,0.0,,34499.742,19555.802,19555.802,173878.6997,98561.2421,2023-08-05
000605.SZ,1998-08-20,9.06,1.1612,1.916,1.14,53.5454,53.5454,5.8374,6.5373,6.5373,,,8250.0,2062.5,1250.0,74745.0,18686.25,2023-08-05
000564.SZ,1998-08-20,5.29,1.5395,1.5395,1.21,239.5287,,2.0966,1.351,1.4496,2.5709,,20200.7024,12762.2036,12762.2036,106861.7157,67512.057,2023-08-05
600166.SH,1998-08-20,13.29,1.1851,1.1851,1.05,48.682,48.682,4.6673,1.9673,1.9673,,,19412.0,4500.0,4500.0,257985.48,59805.0,2023-08-05
600888.SH,1998-08-20,7.06,1.1337,1.1337,1.32,30.4018,28.6739,3.0629,2.087,2.2295,,,10338.9,2925.0,2925.0,72992.634,20650.5,2023-08-05
600084.SH,1998-08-20,12.86,1.1517,1.1517,1.37,31.2282,40.6762,3.129,2.211,1.8301,,,8600.0,3000.0,3000.0,110596.0,38580.0,2023-08-05
000701.SZ,1998-08-20,10.19,1.8812,1.8812,1.49,42.393,49.2139,4.1415,2.8786,2.7302,,3.4347,20000.0,6500.0,6500.0,203800.0,66235.0,2023-08-05
000652.SZ,1998-08-20,14.76,1.8745,1.8745,1.53,39.1528,23.7316,9.1326,18.6322,13.298,,,18939.638,6449.1081,6449.1081,279549.0569,95188.8356,2023-08-05
600706.SH,1998-08-20,10.05,2.7248,2.7248,1.44,54.6103,59.2549,3.9411,3.6251,2.974,0.7654,,8733.3441,2291.8935,2291.8935,87770.1082,23033.5297,2023-08-05
600170.SH,1998-08-20,10.5,1.3708,1.3708,0.92,31.0277,31.0277,12.0057,0.6623,0.6623,,,53700.0,13500.0,13500.0,563850.0,141750.0,2023-08-05
000812.SZ,1998-08-20,16.17,5.9697,5.9697,2.61,55.7442,55.7442,11.4083,10.1722,10.1722,,,10000.0,3000.0,3000.0,161700.0,48510.0,2023-08-05
600636.SH,1998-08-20,11.2,1.6927,1.6927,1.19,59.4538,45.5672,5.6487,3.9093,3.6608,0.372,,8928.0,3456.0,3456.0,99993.6,38707.2,2023-08-05
600875.SH,1998-08-20,5.72,0.9413,0.9413,1.31,45.8397,45.8397,2.1433,3.577,3.577,1.7483,1.486,45000.0,6000.0,6000.0,257400.0,34320.0,2023-08-05
000558.SZ,1998-08-20,6.33,1.4316,3.61,1.15,,,5.1846,5.184,5.184,0.0,,11716.4373,5043.39,2000.0,74165.0481,31924.6587,2023-08-05
600662.SH,1998-08-20,9.88,1.54,1.54,2.01,36.4054,31.1152,4.2244,9.0662,9.1469,,4.2373,28094.04,11669.832,11669.832,277569.1152,115297.9402,2023-08-05
000737.SZ,1998-08-20,10.68,1.2893,1.6761,1.49,27.7494,28.266,3.0034,1.7554,1.5015,,,20237.0,8060.0,6200.0,216131.16,86080.8,2023-08-05
000413.SZ,1998-08-20,5.97,1.0618,1.0618,1.08,,,3.6084,4.0669,4.0669,2.1776,,38300.0,2997.79,2997.79,228651.0,17896.8063,2023-08-05
000658.SZ,1998-08-20,7.13,0.9739,1.9818,2.04,29.5807,29.5807,3.8579,1.8041,1.8041,0.0,,13430.9998,3357.7499,1650.0,95763.0286,23940.7568,2023-08-05
600694.SH,1998-08-20,7.59,0.4891,0.4891,0.9,22.3947,22.1764,2.9118,1.6684,1.7421,,,17651.907,9100.0,9100.0,133977.9741,69069.0,2023-08-05
600695.SH,1998-08-20,10.7,0.9852,0.9852,2.52,196.4548,,6.9988,2.6361,2.8239,1.062,0.3894,67630.5696,2574.0,2574.0,723647.0947,27541.8,2023-08-05
000777.SZ,1998-08-20,15.49,4.176,4.176,1.99,49.5363,34.8845,4.7016,3.8638,4.3548,,,7500.0,3000.0,3000.0,116175.0,46470.0,2023-08-05
000682.SZ,1998-08-20,34.9,2.7212,2.7212,2.14,67.5112,45.8215,14.1395,20.143,14.3675,,,13660.0,3440.0,3440.0,476734.0,120056.0,2023-08-05
000695.SZ,1998-08-20,12.78,1.3133,1.3133,0.54,70.2316,57.7829,8.1317,5.2612,5.4487,,1.2285,15461.0411,4571.0,4571.0,197592.1053,58417.38,2023-08-05
600151.SH,1998-08-20,11.86,2.0464,2.0464,1.15,24.9791,24.9791,4.2672,3.9375,3.9375,,,27200.0,6120.0,6120.0,322592.0,72583.2,2023-08-05
000826.SZ,1998-08-20,11.68,1.1354,1.1354,1.45,46.8118,38.6164,3.8959,5.5795,5.2014,,0.8562,13961.0,3500.0,3500.0,163064.48,40880.0,2023-08-05
600673.SH,1998-08-20,6.18,1.6577,1.6577,1.12,251.7687,,2.8019,5.5803,5.8903,,,11079.4394,4554.0,4554.0,68470.9355,28143.72,2023-08-05
600835.SH,1998-08-20,10.65,2.4199,3.6299,5.58,45.6914,45.6914,2.8133,3.806,3.806,,,32838.108,2160.0,1440.0,349725.8502,23004.0,2023-08-05
600855.SH,1998-08-20,7.7,1.1514,1.5253,0.76,,,5.9218,9.8714,9.8714,0.0,,16008.0,5298.9,4000.0,123261.6,40801.53,2023-08-05
000638.SZ,1998-08-20,7.08,0.8809,1.9535,2.06,24.7121,24.7121,3.1209,3.3917,3.3917,,,15470.0,4435.417,2000.0,109527.6,31402.7524,2023-08-05
600675.SH,1998-08-20,8.1,0.8976,4.2617,1.96,32.4837,32.4837,3.4979,5.406,5.406,,0.8837,32625.0831,6251.0191,1316.6,264263.1731,50633.2547,2023-08-05
600811.SH,1998-08-20,6.77,0.484,0.484,1.17,18.268,17.5063,1.869,5.1419,4.8505,,,35478.5886,24351.327,24351.327,240190.0448,164858.4838,2023-08-05
600692.SH,1998-08-20,8.77,1.2813,1.2813,1.04,40.0968,43.7619,3.9163,10.8161,10.8456,,2.0525,12639.9168,2520.0,2520.0,110852.0703,22100.4,2023-08-05
000727.SZ,1998-08-20,11.15,2.4838,2.4838,0.9,44.0309,44.1528,4.794,6.9338,7.3441,,,21117.93,6000.0,6000.0,235464.9195,66900.0,2023-08-05
600821.SH,1998-08-20,5.51,1.2438,1.2438,1.06,33.0499,25.5167,2.234,1.1521,0.9222,0.0,,29252.0958,14178.3474,14178.3474,161179.0479,78122.6942,2023-08-05
600836.SH,1998-08-20,9.0,1.4355,1.4355,0.57,548.1565,,4.2608,4.0962,4.0284,0.8889,,11169.375,2875.0,2875.0,100524.375,25875.0,2023-08-05
000066.SZ,1998-08-20,20.51,1.4169,2.0466,0.55,42.5615,42.5615,7.0238,5.7387,5.7387,,1.0432,20611.5,7410.0,5130.0,422741.865,151979.1,2023-08-05
600678.SH,1998-08-20,6.07,0.6681,0.6681,1.21,57.6621,65.0057,2.1422,6.9419,7.8323,1.6474,,23266.0,9600.0,9600.0,141224.62,58272.0,2023-08-05
000422.SZ,1998-08-20,17.0,1.6533,1.6533,1.31,45.0076,31.3637,5.1757,8.6257,8.1319,,,14381.772,3678.75,3678.75,244490.124,62538.75,2023-08-05
000400.SZ,1998-08-20,19.85,0.9096,0.9096,1.19,30.537,30.9696,3.6485,7.7368,7.2137,,,13800.0,5000.0,5000.0,273930.0,99250.0,2023-08-05
000719.SZ,1998-08-20,7.8,1.1532,1.1532,1.45,39.7761,39.8725,4.8883,3.4863,3.7439,,,6729.45,1920.75,1920.75,52489.71,14981.85,2023-08-05
000676.SZ,1998-08-20,13.76,0.7901,0.7901,0.48,46.077,56.778,8.088,22.615,19.0674,,,8500.0,2125.0,2125.0,116960.0,29240.0,2023-08-05
000882.SZ,1998-08-20,9.5,3.1995,3.1995,1.18,58.9165,58.9165,8.9016,2.8778,2.8778,,,17800.0,4050.0,4050.0,169100.0,38475.0,2023-08-05
600788.SH,1998-08-20,21.29,0.5119,0.5119,0.66,44.2483,40.0473,10.01,21.9504,18.3967,,0.47,22800.0,6300.0,6300.0,485412.0,134127.0,2023-08-05
000533.SZ,1998-08-20,5.89,1.3039,1.3039,0.94,27.8108,18.1024,2.6701,3.3043,3.1773,0.5093,,57568.0,20370.56,20370.56,339075.52,119982.5984,2023-08-05
000529.SZ,1998-08-20,7.32,0.5103,0.5103,0.98,15.394,16.4059,1.4392,2.8655,2.855,4.5082,2.7322,34293.9513,16619.46,16619.46,251031.7235,121654.4472,2023-08-05
600092.SH,1998-08-20,7.9,1.5467,1.5467,0.86,40.4682,89.748,4.0113,17.9388,39.0226,,,15834.0,4800.0,4800.0,125088.6,37920.0,2023-08-05
000670.SZ,1998-08-20,18.13,1.0568,1.0568,1.04,25.498,25.3478,6.616,2.9046,2.6025,,,13000.0,5720.0,5720.0,235690.0,103703.6,2023-08-05
600622.SH,1998-08-20,7.23,1.3462,1.3462,1.04,34.3481,71.9536,2.5957,5.5141,24.0362,1.8231,,33368.8309,6681.5499,6681.5499,241256.6474,48307.6058,2023-08-05
000811.SZ,1998-08-20,10.3,4.8326,8.6988,1.89,53.8451,53.8451,6.1156,5.9885,5.9885,,,11312.19,2880.0,1600.0,116515.557,29664.0,2023-08-05
600643.SH,1998-08-20,17.46,2.7855,2.7855,0.96,31.8681,30.2943,4.1467,7.562,8.1203,0.8678,0.941,33264.0,18406.08,18406.08,580789.44,321370.1568,2023-08-05
600785.SH,1998-08-20,9.4,5.2675,5.2675,1.53,35.2327,36.3913,4.1724,12.741,5.1193,,,7650.0,3825.0,3825.0,71910.0,35955.0,2023-08-05
000608.SZ,1998-08-20,14.0,1.4837,1.4839,2.15,34.9683,23.7952,7.5509,21.306,8.4042,,,10899.0,3600.45,3600.0,152586.0,50406.3,2023-08-05
600722.SH,1998-08-20,7.26,0.7502,0.7502,1.11,24.7006,39.3147,2.492,3.2354,3.4021,0.0,,19620.0,5000.0,5000.0,142441.2,36300.0,2023-08-05
600075.SH,1998-08-20,17.98,0.9924,0.9924,0.79,62.2343,35.9334,6.9753,11.8508,9.2998,,,11340.0,4860.0,4860.0,203893.2,87382.8,2023-08-05
000417.SZ,1998-08-20,10.47,0.8338,0.8338,0.72,29.1216,40.5208,2.0907,1.3163,1.357,0.0,3.6933,7540.383,2340.0,2340.0,78947.81,24499.8,2023-08-05
000426.SZ,1998-08-20,8.31,1.1078,3.0797,1.55,51.501,51.501,6.6044,10.7841,10.7841,,,15373.4,4253.4,1530.0,127752.954,35345.754,2023-08-05
600807.SH,1998-08-20,8.44,2.8622,2.8622,1.1,37.8429,72.35,3.7679,3.7434,4.684,0.0,,8302.0765,4950.0,4950.0,70069.5257,41778.0,2023-08-05
600650.SH,1998-08-20,7.28,0.8359,0.8359,1.39,71.2329,122.5411,2.0108,11.825,12.965,,,41788.6444,3168.0,3168.0,304221.3312,23063.04,2023-08-05
000549.SZ,1998-08-20,11.6,1.4545,1.7455,0.79,58.1941,57.6816,6.1519,10.8351,10.238,0.0,,11668.8,6732.0,5610.0,135358.08,78091.2,2023-08-05
600702.SH,1998-08-20,13.3,1.0657,1.3855,1.42,21.4865,27.3384,5.4861,4.6567,4.8769,0.694,,29827.24,8580.0,6600.0,396702.292,114114.0,2023-08-05
600709.SH,1998-08-20,8.57,1.9878,9.144,3.4,26.8026,26.8026,4.2609,3.055,3.055,,,44603.92,13800.0,3000.0,382255.5944,118266.0,2023-08-05
600845.SH,1998-08-20,6.8,1.9598,1.9598,1.33,331.3545,415.324,2.9276,3.9168,4.518,,,26224.407,1320.0,1320.0,178325.9676,8976.0,2023-08-05
000535.SZ,1998-08-20,4.98,0.5842,2.8787,1.74,27.2545,27.2545,2.5485,7.8331,7.8331,0.0,6.5792,30272.3222,14783.1127,3000.0,150756.1646,73619.9012,2023-08-05
600097.SH,1998-08-20,11.82,3.0663,3.0663,1.27,23.6861,31.3145,3.6751,5.91,5.9205,,,11544.9889,3500.0,3500.0,136461.7688,41370.0,2023-08-05
000590.SZ,1998-08-20,11.32,2.4115,4.3407,1.59,48.1474,48.1474,4.823,8.6777,8.6777,0.8834,,10264.5631,2700.0,1500.0,116194.8543,30564.0,2023-08-05
600696.SH,1998-08-20,6.4,5.728,13.0421,0.79,119.6471,119.6471,3.0848,9.9568,9.9568,0.0,2.7846,26197.35,7349.84,3228.0,167663.04,47038.976,2023-08-05
600671.SH,1998-08-20,7.19,1.4802,1.4802,1.16,41.4901,57.9737,4.0822,9.2654,7.3278,0.0,2.7012,12177.8628,6270.264,6270.264,87558.8335,45083.1982,2023-08-05
000619.SZ,1998-08-20,7.68,1.4847,1.4847,1.24,46.7316,49.1044,3.2972,14.0422,15.164,,,7500.0,2550.0,2550.0,57600.0,19584.0,2023-08-05
600056.SH,1998-08-20,12.72,1.7613,1.7613,1.63,24.6794,29.9543,4.2532,0.78,0.8088,,,12000.0,3000.0,3000.0,152640.0,38160.0,2023-08-05
600842.SH,1998-08-20,8.73,2.0022,6.6809,1.59,45.3692,45.3692,4.7791,3.3064,3.3064,,,14372.9752,3753.9135,1125.0,125476.0735,32771.6649,2023-08-05
600737.SH,1998-08-20,10.03,0.5122,0.5122,0.57,42.968,41.9684,4.6194,11.8763,11.1926,,,17220.0,4305.0,4305.0,172716.6,43179.15,2023-08-05
000525.SZ,1998-08-20,9.8,4.5953,4.5953,0.54,61.8542,56.8433,6.6716,6.1533,6.2431,,,9851.7909,4059.792,4059.792,96547.5508,39785.9616,2023-08-05
000526.SZ,1998-08-20,7.21,1.3958,2.7231,1.37,,,3.657,50.9585,50.9585,0.0,,7925.0285,2282.566,1170.0,57139.4555,16457.3009,2023-08-05
000606.SZ,1998-08-20,11.77,1.0123,1.0123,0.7,67.2504,79.9089,4.3923,20.9234,15.4264,0.0,,6695.0,1950.0,1950.0,78800.15,22951.5,2023-08-05
000830.SZ,1998-08-20,10.24,5.6478,5.6478,1.05,25.8636,25.8636,10.0104,4.106,4.106,,,20000.0,4500.0,4500.0,204800.0,46080.0,2023-08-05
000880.SZ,1998-08-20,17.35,2.3204,2.3204,1.47,32.0476,32.9677,3.544,1.0448,1.093,,,8628.85,2500.0,2500.0,149710.5475,43375.0,2023-08-05
600161.SH,1998-08-20,17.39,1.9993,1.9993,0.8,90.7382,90.7382,22.592,27.772,27.772,,,12000.0,2700.0,2700.0,208680.0,46953.0,2023-08-05
000758.SZ,1998-08-20,19.55,1.1402,2.027,0.93,47.2684,47.2684,6.825,13.9174,13.9174,,0.5115,22400.0,9600.0,5400.0,437920.0,187680.0,2023-08-05
600135.SH,1998-08-20,10.7,0.8624,0.9583,1.14,38.318,38.318,3.0666,5.7609,5.7609,,,19000.0,7000.0,6300.0,203300.0,74900.0,2023-08-05
600672.SH,1998-08-20,11.95,0.3315,0.3315,0.7,1144.6855,49.7812,5.9606,11.7956,5.1769,0.0,,13780.53,8000.0,8000.0,164677.3335,95600.0,2023-08-05
600837.SH,1998-08-20,8.9,3.768,5.4427,2.66,,,74.486,0.6648,0.6648,0.0,,6524.492,1638.0,1134.0,58067.9788,14578.2,2023-08-05
600879.SH,1998-08-20,8.16,0.9379,0.9379,1.23,46.6511,32.8129,4.6193,6.23,4.4957,,,8456.0676,4125.0,4125.0,69001.5116,33660.0,2023-08-05
600658.SH,1998-08-20,7.12,2.8384,2.8384,1.53,37.9674,307.0055,3.321,4.8954,6.3141,0.0,,16702.3116,9032.4,9032.4,118920.4586,64310.688,2023-08-05
000573.SZ,1998-08-20,5.82,1.6316,19.8028,2.64,18.3757,18.3757,1.9096,5.062,5.062,,,39970.6497,21846.4363,1800.0,232629.1813,127146.2593,2023-08-05
000715.SZ,1998-08-20,7.87,1.9394,3.4478,2.2,28.4084,28.4084,3.7473,1.3455,1.3455,,,19200.0,4800.0,2700.0,151104.0,37776.0,2023-08-05
600665.SH,1998-08-20,4.06,0.5006,1.5769,0.89,31.7034,31.7034,2.2574,3.4416,3.4416,,,72010.2101,11025.0,3500.0,292361.453,44761.5,2023-08-05
600712.SH,1998-08-20,7.8,1.088,1.088,1.37,39.3872,39.3872,2.2515,1.9602,1.9602,1.2821,,9042.0,3000.0,3000.0,70527.6,23400.0,2023-08-05
000540.SZ,1998-08-20,8.37,1.2134,1.2134,1.56,76.559,122.0481,3.696,9.0865,12.4172,0.0,,8916.607,3079.8241,3079.8241,74632.0006,25778.1277,2023-08-05
000796.SZ,1998-08-20,19.99,5.9093,5.9093,0.99,36.4337,36.2622,3.7212,1.547,1.5472,,0.9405,6228.736,3000.0,3000.0,124512.4326,59970.0,2023-08-05
600805.SH,1998-08-20,6.18,1.0223,1.0223,1.3,39.8432,34.0348,2.8875,3.305,4.2175,0.0,,46544.5188,12545.0208,12545.0208,287645.1262,77528.2285,2023-08-05
600088.SH,1998-08-20,15.02,1.292,1.3529,1.63,35.6401,35.6401,4.4944,24.2998,24.2998,,1.4647,16800.0,5000.0,4775.0,252336.0,75100.0,2023-08-05
600682.SH,1998-08-20,6.91,1.8965,,1.96,20.6542,20.6542,2.5941,1.3882,1.3882,2.1708,8.0249,19117.63,8619.0,,132102.8233,59557.29,2023-08-05
600683.SH,1998-08-20,8.18,2.6917,7.7096,1.46,434.2574,434.2574,2.7456,2.4645,2.4645,0.0,,19925.3729,6873.9758,2400.0,162989.5503,56229.122,2023-08-05
000536.SZ,1998-08-20,5.61,2.2328,2.2328,1.56,568.5905,,4.0611,2.1352,2.6885,0.5348,,12192.7193,4259.5805,4259.5805,68401.1553,23896.2466,2023-08-05
600101.SH,1998-08-20,14.45,1.3458,1.3458,2.44,36.9968,26.8512,7.1075,12.8065,11.0501,,0.2768,12982.872,6090.0,6090.0,187602.5004,88000.5,2023-08-05
600096.SH,1998-08-20,9.33,1.3247,1.3247,1.15,25.0789,20.1775,4.2513,8.4718,7.8942,,1.8221,56818.18,10000.0,10000.0,530113.6194,93300.0,2023-08-05
000751.SZ,1998-08-20,10.49,3.2529,3.2529,2.32,27.5544,33.5594,4.058,2.325,2.1559,,,61500.0,13500.0,13500.0,645135.0,141615.0,2023-08-05
000878.SZ,1998-08-20,8.03,1.0653,1.0653,0.82,32.0304,32.0304,7.3486,2.0849,2.0849,,,40600.0,10800.0,10800.0,326018.0,86724.0,2023-08-05
600778.SH,1998-08-20,9.02,0.7258,1.1606,1.64,51.7464,51.7464,5.2816,4.3501,4.3501,1.3659,1.3659,17109.3,5516.55,3450.0,154325.886,49759.281,2023-08-05
000728.SZ,1998-08-20,6.51,1.3985,1.3985,1.02,22.419,28.6079,2.0688,3.0169,3.5879,,,32000.0,8000.0,8000.0,208320.0,52080.0,2023-08-05
600631.SH,1998-08-20,7.49,0.7107,0.7107,1.19,25.2047,26.5808,2.4176,0.8811,0.7777,,3.6,46402.5481,11251.968,11251.968,347555.0853,84277.2403,2023-08-05
600132.SH,1998-08-20,11.85,10.1365,10.1365,1.93,35.2563,31.7865,3.7442,8.6461,8.075,,0.9283,15700.0,4000.0,4000.0,186045.0,47400.0,2023-08-05
000009.SZ,1998-08-20,5.09,0.517,3.5504,1.18,1449.8838,1449.8838,2.117,6.8383,6.8383,0.3929,,95881.0042,57970.585,8441.0,488034.3114,295070.2777,2023-08-05
600604.SH,1998-08-20,7.08,2.1602,40.2539,1.28,,,4.1487,9.7049,9.7049,,,56644.919,7118.188,382.0,401046.0265,50396.771,2023-08-05
600619.SH,1998-08-20,7.52,0.8259,0.8259,1.17,30.3781,53.5145,3.0601,3.6809,3.5355,,,42258.2753,2028.0,2028.0,317782.2303,15250.56,2023-08-05
000778.SZ,1998-08-20,13.07,0.4996,0.4996,0.83,24.5072,24.4359,3.6189,3.1675,2.767,,3.0604,32000.0,8000.0,8000.0,418240.0,104560.0,2023-08-05
600771.SH,1998-08-20,9.18,4.1565,5.6113,2.11,56.6275,56.6275,5.6709,5.9622,5.9622,,,7911.0,2025.0,1500.0,72622.98,18589.5,2023-08-05
600078.SH,1998-08-20,9.4,1.5719,1.5719,1.0,30.8085,40.7274,3.2117,2.5556,2.4813,,,12938.052,4200.0,4200.0,121617.6888,39480.0,2023-08-05
000419.SZ,1998-08-20,16.41,2.3028,8.4437,1.11,62.3626,62.3626,12.1217,5.2313,5.2313,,,15965.0,4950.0,1350.0,261985.65,81229.5,2023-08-05
600848.SH,1998-08-20,9.14,13.3743,14.7117,1.63,48.2304,45.3755,4.6822,2.8172,2.9015,,,39928.689,3367.43,3061.3,364948.2175,30778.3102,2023-08-05
000585.SZ,1998-08-20,6.0,1.129,1.129,1.72,58.4957,58.4957,3.0083,3.3518,3.3518,1.0833,,87337.0,3000.0,3000.0,524022.0,18000.0,2023-08-05
000656.SZ,1998-08-20,7.12,0.427,0.4697,0.78,42.3864,42.3864,4.8261,3.3853,3.3853,1.9152,,20582.1847,7370.0,6700.0,146545.1551,52474.4,2023-08-05
600698.SH,1998-08-20,6.8,0.4853,2.2523,1.65,14.0484,14.0484,2.4792,1.9998,1.9998,,,97181.744,22972.95,4950.0,660835.8592,156216.06,2023-08-05
000765.SZ,1998-08-20,10.6,2.152,2.152,0.95,50.2336,50.2336,5.6567,1.7,1.7,,,7002.8,1751.4,1751.4,74229.68,18564.84,2023-08-05
600796.SH,1998-08-20,15.02,1.0974,1.0974,0.49,38.0098,48.1389,6.0955,5.9653,5.8803,,,5506.8926,1380.5,1380.5,82713.5269,20735.11,2023-08-05
000028.SZ,1998-08-20,10.17,4.9436,9.1358,2.25,,,4.9862,19.2399,19.2399,1.1603,,16008.3,3049.2,1650.0,162804.411,31010.364,2023-08-05
000049.SZ,1998-08-20,10.42,1.023,1.023,0.32,,80.8096,4.4217,32.8906,30.6337,0.0,,9121.944,2981.5715,2981.5715,95050.6565,31067.975,2023-08-05
000545.SZ,1998-08-20,6.5,1.271,1.271,1.28,1286.1941,326.9575,2.814,5.9583,5.8035,0.0,,13563.582,6804.622,6804.622,88163.283,44230.043,2023-08-05
000710.SZ,1998-08-20,7.9,2.7006,2.7006,1.6,33.8726,55.7319,4.5888,7.5469,8.1697,,,10800.0,3150.0,3150.0,85320.0,24885.0,2023-08-05
600890.SH,1998-08-20,6.69,0.9417,0.9417,0.95,22.7917,29.4257,2.6855,2.4406,2.7647,0.0,3.8864,28689.4081,8066.5,8066.5,191932.1402,53964.885,2023-08-05
600816.SH,1998-08-20,7.68,0.8475,3.2696,1.21,36.9903,36.9903,3.7313,12.552,12.552,,,34931.5214,19057.5,4939.8,268274.0844,146361.6,2023-08-05
001696.SZ,1998-08-20,6.48,1.1525,1.1525,1.77,26.992,20.7361,4.4851,8.3813,6.1522,2.4113,,13686.4,5158.4,5158.4,88687.872,33426.432,2023-08-05
000655.SZ,1998-08-20,14.64,1.6481,1.6481,1.32,36.339,30.3693,7.2346,6.605,6.1834,,,9313.2,2700.0,2700.0,136345.248,39528.0,2023-08-05
000657.SZ,1998-08-20,7.85,1.5022,1.5022,1.39,36.1434,42.4665,3.6375,8.4977,6.0606,,,11677.5,3946.914,3946.914,91668.375,30983.2749,2023-08-05
000793.SZ,1998-08-20,6.33,1.33,2.66,1.66,30.0077,27.4604,2.9624,15.2031,22.2725,,,25401.0258,10000.0,5000.0,160788.4933,63300.0,2023-08-05
600657.SH,1998-08-20,23.1,0.4032,0.4032,0.38,98.0467,106.1984,9.6878,8.4454,9.2968,0.4329,,9158.272,4688.0316,4688.0316,211556.0832,108293.53,2023-08-05
600109.SH,1998-08-20,10.99,0.7884,0.7884,0.4,68.251,87.6391,6.7418,0.8824,0.8682,,6.8111,7098.2696,2750.0,2750.0,78009.9829,30222.5,2023-08-05
000697.SZ,1998-08-20,26.5,7.0191,12.6153,2.24,42.5524,42.5524,11.1854,13.8747,13.8747,,,13372.65,3388.347,1885.25,354375.225,89791.1955,2023-08-05
000786.SZ,1998-08-20,15.39,6.3236,6.3236,1.84,25.519,27.7444,4.8461,7.9261,8.3548,,0.6498,15500.0,4500.0,4500.0,238545.0,69255.0,2023-08-05
600887.SH,1998-08-20,19.73,1.3083,1.3083,1.49,39.1562,31.7797,5.679,3.0145,2.534,0.4873,1.2671,13042.4913,4680.0,4680.0,257328.3533,92336.4,2023-08-05
000411.SZ,1998-08-20,7.17,1.3956,1.3956,1.57,24.9361,30.0004,2.873,4.7994,4.7749,0.0,,11524.997,2882.0,2882.0,82634.2285,20663.94,2023-08-05
000559.SZ,1998-08-20,11.6,1.1725,2.9507,1.82,30.0842,30.0842,5.3445,3.8069,3.8069,0.4598,,21758.4491,6794.8154,2700.0,252398.0096,78819.8586,2023-08-05
000586.SZ,1998-08-20,5.71,1.0401,1.0401,1.52,39.6259,40.0608,2.3442,3.3813,2.5883,0.0,,19344.0,6084.0,6084.0,110454.24,34739.64,2023-08-05
600159.SH,1998-08-20,14.51,2.7431,2.7431,1.49,33.4188,33.4188,4.4972,7.6504,7.6504,,,16000.0,3600.0,3600.0,232160.0,52236.0,2023-08-05
000043.SZ,1998-08-20,8.59,1.4419,1.4419,1.71,23.1479,27.8764,2.4563,2.0402,1.9928,0.99,1.16,13932.5472,3690.96,3690.96,119680.5804,31705.3464,2023-08-05
600074.SH,1998-08-20,17.39,1.3033,1.3033,0.99,50.0472,34.5696,4.6732,8.1573,6.3995,,,9000.0,3000.0,3000.0,156510.0,52170.0,2023-08-05
600832.SH,1998-08-20,13.3,1.1041,1.1041,1.0,51.3125,51.2158,5.3893,15.3821,15.5786,,24.9189,64627.158,3900.0,3900.0,859541.2014,51870.0,2023-08-05
600058.SH,1998-08-20,10.3,0.7009,0.9752,0.65,25.2045,25.2045,3.5518,1.8475,1.8475,,,39000.0,9750.0,7008.0,401700.0,100425.0,2023-08-05
600645.SH,1998-08-20,10.75,1.0041,1.0041,1.09,52.3107,52.4693,4.2206,5.6301,6.7673,,4.2062,15626.7495,3456.0,3456.0,167987.5571,37152.0,2023-08-05
000511.SZ,1998-08-20,6.75,2.0988,9.3323,1.23,,,6.2282,6.4697,6.4697,0.0,,12988.095,6892.1386,1550.0,87669.6413,46521.9356,2023-08-05
000552.SZ,1998-08-20,5.19,2.3706,2.3706,1.45,57.8587,43.8059,3.0904,3.5662,3.3185,0.0,,17787.0,6679.2,6679.2,92314.53,34665.048,2023-08-05
600754.SH,1998-08-20,7.38,2.2359,2.9067,3.15,41.9362,32.8127,3.9323,5.5181,5.7418,0.8686,,55324.074,3900.0,3000.0,408291.6661,28782.0,2023-08-05
000788.SZ,1998-08-20,8.42,4.6263,5.0889,2.94,28.8725,43.0726,2.857,4.3418,4.6406,,,19250.0,4950.0,4500.0,162085.0,41679.0,2023-08-05
000514.SZ,1998-08-20,10.57,2.5099,2.5099,1.16,54.3788,107.1491,5.501,11.0452,17.8831,0.0,,9041.76,3326.4,3326.4,95571.4032,35160.048,2023-08-05
000410.SZ,1998-08-20,5.76,1.1896,1.4641,1.44,45.0777,41.1763,2.0246,4.176,3.7317,,,34091.9303,8640.0,7020.0,196369.5185,49766.4,2023-08-05
600693.SH,1998-08-20,7.1,0.9252,2.0534,1.16,24.856,24.856,2.7497,2.1292,2.1292,3.8412,6.9352,13200.869,5361.851,2416.0,93726.1699,38069.1421,2023-08-05
600859.SH,1998-08-20,7.32,0.5987,0.7184,0.98,17.1707,16.9466,1.6555,1.5638,1.6148,1.9325,2.2908,35724.8206,17753.6352,14794.696,261505.6868,129956.6097,2023-08-05
000708.SZ,1998-08-20,4.95,0.7237,0.7237,1.28,13.9633,17.4292,1.3369,1.1068,1.1572,,,41884.2,10500.0,10500.0,207326.79,51975.0,2023-08-05
600769.SH,1998-08-20,13.62,1.1681,1.5186,1.3,35.3538,37.541,9.4256,11.2926,11.005,,,21801.0,5460.0,4200.0,296929.62,74365.2,2023-08-05
000858.SZ,1998-08-20,39.23,0.7354,0.7354,0.82,36.7819,36.7819,6.7325,5.6947,5.6947,,,32000.0,7200.0,7200.0,1255360.0,282456.0,2023-08-05
600704.SH,1998-08-20,14.18,0.8978,2.02,0.74,50.9685,50.9685,5.3374,1.6149,1.6149,0.0,,25715.3715,6750.0,3000.0,364643.9679,95715.0,2023-08-05
000635.SZ,1998-08-20,8.86,1.7353,1.7353,1.45,30.0755,29.1017,4.2764,6.6407,6.0797,0.0,,8806.0,3400.0,3400.0,78021.16,30124.0,2023-08-05
000707.SZ,1998-08-20,8.44,1.0895,1.323,1.6,21.576,26.8469,2.8022,3.6806,4.2308,,,26498.216,10200.0,8400.0,223644.943,86088.0,2023-08-05
000700.SZ,1998-08-20,8.24,1.7903,1.7903,2.69,33.9986,28.2207,3.3504,6.4837,6.2273,,2.4272,11192.75,2963.75,2963.75,92228.26,24421.3,2023-08-05
600716.SH,1998-08-20,5.7,1.1123,2.2247,1.0,1520.7839,1520.7839,3.5995,11.4302,11.4302,2.2807,,32400.0,8100.0,4050.0,184680.0,46170.0,2023-08-05
000048.SZ,1998-08-20,22.1,0.6721,1.5467,1.28,169.3379,169.3379,6.7492,4.183,4.183,0.4191,,15731.428,4142.0,1800.0,347664.5588,91538.2,2023-08-05
000046.SZ,1998-08-20,10.33,1.0823,1.0823,1.19,52.0576,69.6541,5.7693,7.419,8.2995,,,20488.7825,9732.1722,9732.1722,211649.1232,100533.3388,2023-08-05
000685.SZ,1998-08-20,11.82,1.8691,2.3644,0.96,28.4508,28.4508,3.1125,0.9269,0.9269,0.6688,0.7691,7590.0,2024.0,1600.0,89713.8,23923.68,2023-08-05
600727.SH,1998-08-20,23.15,2.0732,5.9893,1.92,36.0908,36.0908,11.0052,15.5079,15.5079,,,22200.0,7800.0,2700.0,513930.0,180570.0,2023-08-05
600761.SH,1998-08-20,6.95,1.8455,1.8455,2.19,23.7397,33.4634,2.5017,2.8341,3.1399,0.0,,18085.6,6240.0,6240.0,125694.92,43368.0,2023-08-05
000042.SZ,1998-08-20,16.48,2.2433,2.2433,2.74,26.3518,31.7523,3.4211,3.9393,3.8391,0.3511,2.1238,23946.304,6932.9442,6932.9442,394635.0899,114254.9204,2023-08-05
000828.SZ,1998-08-20,6.56,1.0927,1.7241,1.01,17.0176,17.0176,2.974,2.8126,2.8126,,1.0052,90880.0,17040.0,10800.0,596172.8,111782.4,2023-08-05
600601.SH,1998-08-20,23.23,1.6785,870.15,2.59,73.96,73.96,7.5857,12.8469,12.8469,0.0,,10368.0,10368.0,20.0,240848.64,240848.64,2023-08-05
600739.SH,1998-08-20,15.15,0.7488,0.7488,0.71,26.6495,29.6359,5.1112,1.7811,1.7375,,,12896.0,3224.0,3224.0,195374.4,48843.6,2023-08-05
600747.SH,1998-08-20,16.8,0.4763,0.6192,0.71,65.4236,38.569,4.8236,8.3273,8.3273,0.0,,16535.1,4875.0,3750.0,277789.68,81900.0,2023-08-05
000610.SZ,1998-08-20,7.01,1.0127,1.778,1.98,45.7364,45.7364,5.2065,10.8063,10.8063,0.6713,1.8545,15011.0,4080.0,2324.0,105227.11,28600.8,2023-08-05
000799.SZ,1998-08-20,19.7,0.864,0.864,0.85,34.1739,27.5699,6.355,13.3252,11.0793,,1.4229,27750.0,8250.0,8250.0,546675.0,162525.0,2023-08-05
000011.SZ,1998-08-20,4.9,0.4863,1.2697,1.16,,,3.0865,3.7608,3.7608,0.0,,54179.9175,9139.13,3500.0,265481.5958,44781.737,2023-08-05
600844.SH,1998-08-20,9.99,2.2211,6.6838,1.49,41.2829,41.2829,4.2958,5.3221,5.3221,0.6188,0.6188,26483.868,2407.3336,800.0,264573.8413,24049.2627,2023-08-05
600830.SH,1998-08-20,9.58,1.8733,5.6874,0.9,33.7799,33.7799,3.4404,3.2636,3.2636,1.5658,,10535.8552,3855.8534,1270.0,100933.4928,36939.0756,2023-08-05
600674.SH,1998-08-20,9.93,1.949,4.0149,1.55,1380.4131,1380.4131,5.0685,6.3568,6.3568,0.0,,19948.7843,7992.8,3880.0,198091.4281,79368.504,2023-08-05
600655.SH,1998-08-20,8.08,0.4178,24.7532,1.07,26.1016,26.1016,2.6338,1.2781,1.2781,0.6315,4.747,42867.593,7983.1704,134.73,346370.1514,64504.0168,2023-08-05
600099.SH,1998-08-20,7.67,1.2664,1.2664,1.77,27.7538,27.4483,3.2127,2.9807,3.1502,,,16960.0,6400.0,6400.0,130083.2,49088.0,2023-08-05
600858.SH,1998-08-20,8.01,5.7529,5.7529,1.89,758.5835,,5.158,68.675,47.4629,,,12134.672,6795.36,6795.36,97198.7227,54430.8336,2023-08-05
000702.SZ,1998-08-20,15.57,1.7148,1.7148,1.69,32.6311,28.1515,3.6813,3.2472,3.1755,,,13018.0,5000.0,5000.0,202690.26,77850.0,2023-08-05
600605.SH,1998-08-20,9.29,2.0565,2.0565,1.93,54.2954,45.5132,5.5234,4.9316,4.4581,0.0,1.0764,17516.0,2000.0,2000.0,162723.64,18580.0,2023-08-05
600664.SH,1998-08-20,7.08,1.2907,1.2907,1.38,22.5032,19.5195,2.2758,1.1944,1.0544,,3.4736,38341.5,18708.3,18708.3,271457.82,132454.764,2023-08-05
000542.SZ,1998-08-20,9.82,1.2923,1.2923,1.38,31.7634,33.6072,3.2598,2.8387,3.122,2.444,,15664.0,6265.6,6265.6,153820.48,61528.192,2023-08-05
000547.SZ,1998-08-20,5.83,1.6666,1.6666,1.65,31.3836,55.44,2.0773,9.4548,9.3278,1.6277,1.7153,12242.3174,5641.8819,5641.8819,71372.7104,32892.1715,2023-08-05
000618.SZ,1998-08-20,5.81,1.5967,1.5967,1.35,213.0709,636.956,3.3106,2.2104,2.199,0.895,0.4475,341107.8,3000.0,3000.0,1981836.318,17430.0,2023-08-05
600882.SH,1998-08-20,7.13,1.8143,1.8143,1.07,36.1196,34.4316,3.1835,3.4602,3.6912,,2.9806,15253.1983,7177.5,7177.5,108755.3039,51175.575,2023-08-05
000039.SZ,1998-08-20,14.69,0.2596,0.2856,0.54,25.7598,21.3353,3.5717,1.1642,0.9472,0.476,1.8566,34020.14,4622.2177,4202.016,499755.8566,67900.378,2023-08-05
000058.SZ,1998-08-20,9.59,1.2825,1.2825,1.57,25.9928,25.9454,4.5467,3.4647,3.1396,,,61342.7135,3250.0,3250.0,588276.6225,31167.5,2023-08-05
000519.SZ,1998-08-20,16.33,0.7729,0.7729,1.24,73.4171,28.7901,6.5267,10.2518,10.679,,,7097.1108,2727.2628,2727.2628,115895.8194,44536.2015,2023-08-05
000415.SZ,1998-08-20,12.76,1.1124,1.1124,0.73,45.9323,42.4328,5.7517,14.0553,12.3596,,,9000.0,2250.0,2250.0,114840.0,28710.0,2023-08-05
600103.SH,1998-08-20,9.49,2.1511,2.1511,0.94,26.7515,21.7182,2.5197,5.3746,5.1477,,,28944.0,8000.0,8000.0,274678.56,75920.0,2023-08-05
000798.SZ,1998-08-20,9.36,1.39,1.5444,1.22,25.4304,22.7372,2.8521,2.7757,2.6017,,,25200.0,6300.0,5670.0,235872.0,58968.0,2023-08-05
600639.SH,1998-08-20,10.25,0.5483,0.5483,1.18,90.1936,93.9697,3.5738,10.5132,26.0129,0.7505,,63440.0,9750.0,9750.0,650260.0,99937.5,2023-08-05
600866.SH,1998-08-20,14.27,1.7796,1.7796,1.13,39.4495,28.4392,5.2534,8.3925,7.8657,,,16617.2812,8847.54,8847.54,237128.6027,126254.3958,2023-08-05
000061.SZ,1998-08-20,18.59,4.3571,4.3571,0.88,39.2673,27.5457,5.6984,13.8761,8.1825,,,11631.0598,4360.5,4360.5,216221.4017,81061.695,2023-08-05
000532.SZ,1998-08-20,4.94,1.3185,1.3185,0.82,166.447,340.052,1.4291,5.0662,4.2,0.0,,21839.22,6925.2489,6925.2489,107885.7468,34210.7296,2023-08-05
600759.SH,1998-08-20,7.3,0.8291,1.751,1.41,33.9861,33.9861,3.9334,11.9885,11.9885,,,20855.1974,6915.9974,3274.62,152242.941,50486.781,2023-08-05
000055.SZ,1998-08-20,24.89,0.9686,0.9686,1.91,46.3421,37.0031,7.2258,14.7515,12.9696,0.6027,1.0044,24000.0,2800.0,2800.0,597360.0,69692.0,2023-08-05
600729.SH,1998-08-20,10.89,1.4739,2.5057,1.35,31.3548,31.3548,5.6503,1.9444,1.9444,,2.663,20400.0003,5100.0003,3000.0,222156.0033,55539.0033,2023-08-05
000518.SZ,1998-08-20,6.51,2.0918,3.1754,1.28,150.2914,150.2914,4.6862,4.212,4.212,,,13374.24,7590.0,5000.0,87066.3024,49410.9,2023-08-05
000561.SZ,1998-08-20,5.62,1.0689,5.1198,1.73,60.9589,60.9589,2.8641,2.0656,2.0656,,,39701.2585,23948.028,5000.0,223121.0728,134587.9174,2023-08-05
600852.SH,1998-08-20,11.91,0.3538,0.54,0.24,35.6443,35.6443,3.7804,3.1771,3.1771,0.0,,10953.9068,2900.0,1900.0,130461.03,34539.0,2023-08-05
000522.SZ,1998-08-20,4.32,0.982,0.982,1.24,,,2.624,3.4687,3.5299,,,37434.4355,15028.2,15028.2,161716.7614,64921.824,2023-08-05
000408.SZ,1998-08-20,7.46,1.1676,1.1676,1.46,44.4394,59.8699,2.7447,4.6027,3.5789,,,10382.4,3090.0,3090.0,77452.704,23051.4,2023-08-05
000425.SZ,1998-08-20,9.68,4.3572,4.3572,1.76,32.2561,28.4013,3.68,2.0581,1.9669,1.5893,11.1521,15593.058,3900.0,3900.0,150940.8014,37752.0,2023-08-05
600846.SH,1998-08-20,11.72,1.5791,1.5791,0.8,40.7479,42.0239,4.0386,4.3381,4.0224,1.2799,5.0798,10179.6471,3248.7,3248.7,119305.464,38074.764,2023-08-05
600760.SH,1998-08-20,12.48,0.5623,0.5623,1.15,26.93,28.762,4.5031,6.6995,7.1225,,,27299.9973,6824.9993,6824.9993,340703.9663,85175.9913,2023-08-05
600856.SH,1998-08-20,5.07,1.2611,1.7656,1.4,34.0228,28.8952,2.5041,1.6561,1.322,0.0,,18273.7712,8408.4,6006.0,92648.02,42630.588,2023-08-05
600150.SH,1998-08-20,6.86,2.6286,2.6286,1.33,33.236,33.236,2.8576,1.8506,1.8506,,,21953.92,6300.0,6300.0,150603.8912,43218.0,2023-08-05
600687.SH,1998-08-20,10.28,1.6877,3.1487,1.6,26.6818,26.6818,4.5873,3.2973,3.2973,0.0,,6342.908,2434.608,1305.0,65205.0942,25027.7702,2023-08-05
600744.SH,1998-08-20,12.65,0.7125,1.425,0.93,25.1178,25.1178,4.2722,8.0522,8.0522,,,38400.0,9600.0,4800.0,485760.0,121440.0,2023-08-05
000592.SZ,1998-08-20,6.78,5.5897,5.5897,1.37,34.5038,37.8748,3.4157,6.342,6.2534,,,29440.4655,8681.1384,8681.1384,199606.3561,58858.1184,2023-08-05
600697.SH,1998-08-20,8.41,4.9013,4.9013,1.55,32.3653,29.0098,3.0996,1.834,1.7563,0.0,,10204.1786,4523.09,4523.09,85817.142,38039.1869,2023-08-05
000807.SZ,1998-08-20,5.87,1.3772,1.3772,1.4,34.955,34.955,2.3787,2.8757,2.8757,,,31000.0,7200.0,7200.0,181970.0,42264.0,2023-08-05
000790.SZ,1998-08-20,24.15,0.6982,0.6982,0.53,42.8928,44.7306,7.9461,10.1756,10.6979,,,6600.0,1700.0,1700.0,159390.0,41055.0,2023-08-05
600057.SH,1998-08-20,32.58,2.8775,2.8775,1.33,89.1368,37.0238,9.073,7.6485,3.6721,,,11000.0,4000.0,4000.0,358380.0,130320.0,2023-08-05
600072.SH,1998-08-20,15.54,1.0758,1.0758,0.62,30.8619,24.0642,3.9995,5.6236,5.0043,,1.287,13201.0,6000.0,6000.0,205143.54,93240.0,2023-08-05
600841.SH,1998-08-20,9.5,2.1255,3.1882,2.58,46.8741,43.4867,2.709,2.914,2.5944,,1.5789,48030.928,2160.0,1440.0,456293.816,20520.0,2023-08-05
000501.SZ,1998-08-20,5.34,0.8683,0.8683,1.89,20.1355,19.3051,1.9392,1.6055,1.8381,0.3957,,50724.859,20252.6156,20252.6156,270870.7471,108148.9673,2023-08-05
000406.SZ,1998-08-20,12.29,2.3781,2.3781,1.09,54.4129,34.7901,5.4501,9.3221,6.9169,0.0,,16853.13,8100.0,8100.0,207124.9677,99549.0,2023-08-05
000650.SZ,1998-08-20,8.2,2.9893,3.5872,1.67,42.8741,44.6885,4.2063,5.1526,4.8597,,,8562.0,2340.0,1950.0,70208.4,19188.0,2023-08-05
000756.SZ,1998-08-20,9.1,1.152,1.152,1.22,46.0374,46.0374,4.8254,4.2468,4.2468,,0.7692,42731.283,1250.0,1250.0,388854.6753,11375.0,2023-08-05
600745.SH,1998-08-20,12.3,0.6823,1.3645,1.62,22.5309,22.5309,6.0625,6.9615,6.9615,,,10558.32,3596.88,1798.44,129867.336,44241.624,2023-08-05
000821.SZ,1998-08-20,13.08,3.7013,3.7013,2.37,30.2541,29.2688,3.4961,7.0039,6.6244,,1.5291,20588.0888,5500.0,5500.0,269292.2015,71940.0,2023-08-05
600064.SH,1998-08-20,24.7,1.1823,1.1823,0.89,54.7778,26.42,5.9568,11.6953,7.1363,0.6073,0.6073,17520.0,6000.0,6000.0,432744.0,148200.0,2023-08-05
600196.SH,1998-08-20,22.39,4.6611,4.6611,0.48,93.6557,93.6557,31.1125,17.7262,17.7262,,,15070.0,4500.0,4500.0,337417.3,100755.0,2023-08-05
600833.SH,1998-08-20,7.0,1.6594,2.1572,1.18,35.8598,38.8025,3.2656,3.8441,4.2083,,,15934.733,3486.1934,2681.6872,111543.131,24403.3538,2023-08-05
600736.SH,1998-08-20,15.7,0.6935,0.6935,0.66,32.2764,30.0303,6.9389,11.4364,10.165,,,28176.0,7200.0,7200.0,442363.2,113040.0,2023-08-05
000587.SZ,1998-08-20,6.74,1.3732,1.3732,1.38,37.4818,34.604,3.5478,4.9081,5.0493,,,16644.3739,6359.8073,6359.8073,112183.0801,42865.1012,2023-08-05
000626.SZ,1998-08-20,11.62,4.9093,4.9093,0.62,59.7383,,5.9395,10.1447,20.9885,,,6000.0,1500.0,1500.0,69720.0,17430.0,2023-08-05
000623.SZ,1998-08-20,12.6,2.1565,2.1565,2.13,27.545,30.1998,4.5778,7.4533,7.2159,,,19546.8,4914.0,4914.0,246289.68,61916.4,2023-08-05
000723.SZ,1998-08-20,11.74,2.998,2.998,1.56,23.8974,26.0114,2.4159,1.9914,2.1295,,,8290.0,3000.0,3000.0,97324.6,35220.0,2023-08-05
600611.SH,1998-08-20,13.93,0.4938,0.4938,1.07,34.6547,31.9817,4.751,8.7819,8.8382,,,42585.16,3380.0,3380.0,593211.2788,47083.4,2023-08-05
000003.SZ,1998-08-20,5.2,0.4751,3.7736,1.47,51.4023,51.4023,1.5396,3.2957,3.2957,0.0,,33343.3584,19175.4496,2414.3774,173385.4637,99712.3379,2023-08-05
000037.SZ,1998-08-20,8.61,1.2133,1.2133,1.68,31.4093,39.6916,5.0663,7.1491,8.6593,1.9357,2.7178,35640.0,3366.0,3366.0,306860.4,28981.26,2023-08-05
600750.SH,1998-08-20,11.51,1.1658,2.3317,0.8,55.0629,55.0629,5.8521,6.57,6.57,,,12480.0,4800.0,2400.0,143644.8,55248.0,2023-08-05
600051.SH,1998-08-20,9.7,1.4788,1.4788,1.4,24.6283,33.5425,3.4734,2.6421,2.527,0.8182,,30240.0,7560.0,7560.0,293328.0,73332.0,2023-08-05
000562.SZ,1998-08-20,8.29,2.1422,3.2133,1.57,59.831,80.8277,6.1335,12.8699,15.4751,0.5849,0.5849,33684.75,9900.0,6600.0,279246.5775,82071.0,2023-08-05
600757.SH,1998-08-20,9.38,0.9598,0.9598,1.51,19.8393,24.5854,4.0895,2.2651,1.648,,,18000.0,4500.0,4500.0,168840.0,42210.0,2023-08-05
000065.SZ,1998-08-20,15.28,1.7458,1.7458,0.51,65.1825,70.2883,6.7185,7.5457,6.5317,,,5000.0,1125.0,1125.0,76400.0,17190.0,2023-08-05
000560.SZ,1998-08-20,5.96,1.0825,1.0825,1.25,72.7924,122.2025,2.7712,1.2061,1.2448,0.0,,13440.0,6240.0,6240.0,80102.4,37190.4,2023-08-05
000627.SZ,1998-08-20,10.83,3.2825,8.5346,2.63,25.5293,25.5293,7.2374,5.8869,5.8869,0.0,16.9227,12911.6,3380.0,1300.0,139832.628,36605.4,2023-08-05
600607.SH,1998-08-20,14.9,0.8655,0.8655,0.96,48.4218,34.0599,5.1537,17.6483,21.0884,0.5369,,15434.1567,3347.1828,3347.1828,229968.9348,49873.0237,2023-08-05
000047.SZ,1998-08-20,8.4,1.287,1.287,1.35,29.5301,34.6586,3.2918,4.8907,4.1683,0.3968,0.3968,12040.4582,3166.3583,3166.3583,101139.8489,26597.4097,2023-08-05
000062.SZ,1998-08-20,23.93,0.989,0.989,0.84,60.1424,37.6723,7.0884,3.8675,4.3411,,,16000.0,4000.0,4000.0,382880.0,95720.0,2023-08-05
000015.SZ,1998-08-20,5.47,1.1865,2.5967,0.96,,,19.3796,23.2117,23.2117,0.0,,15721.342,2626.26,1200.0,85995.7407,14365.6422,2023-08-05
000024.SZ,1998-08-20,11.58,1.8249,4.2275,1.51,39.9138,39.9138,3.6001,2.6115,2.6115,0.0,,36036.0,4633.2,2000.0,417296.88,53652.456,2023-08-05
000428.SZ,1998-08-20,13.0,2.735,2.735,2.29,25.1589,27.7074,5.2899,9.1605,9.2724,,1.5385,14400.0,3600.0,3600.0,187200.0,46800.0,2023-08-05
600083.SH,1998-08-20,4.99,2.015,2.015,1.52,,,1.585,4.2404,4.2404,,,23000.0,7000.0,7000.0,114770.0,34930.0,2023-08-05
600762.SH,1998-08-20,11.99,3.9697,5.1606,3.15,34.5458,34.5458,4.58,3.9786,3.9786,,,6604.0,2704.0,2080.0,79181.96,32420.96,2023-08-05
000795.SZ,1998-08-20,15.4,7.2676,7.2676,2.53,50.1403,38.7194,4.9727,11.7371,10.526,,,15500.0,5500.0,5500.0,238700.0,84700.0,2023-08-05
000068.SZ,1998-08-20,4.82,0.4449,0.7416,1.2,22.6167,22.6167,2.456,5.2504,5.2504,,,78597.0517,22500.0,13500.0,378837.7892,108450.0,2023-08-05
000521.SZ,1998-08-20,5.83,0.8888,0.8888,1.73,20.4496,25.6994,1.7329,1.7059,1.7453,,,41364.2949,11231.5365,11231.5365,241153.8393,65479.8578,2023-08-05
600680.SH,1998-08-20,14.23,1.5882,1.5882,1.82,52.3439,47.3462,5.0881,7.4878,5.2016,0.5406,,19057.8336,1690.0,1690.0,271192.9721,24048.7,2023-08-05
600899.SH,1998-08-20,7.47,1.3704,2.4667,0.8,33.9563,33.9563,3.6603,7.3548,7.3548,0.7441,2.2002,17750.5386,5400.0,3000.0,132596.5233,40338.0,2023-08-05
000553.SZ,1998-08-20,6.93,2.1893,2.1893,6.39,20.8422,23.6995,2.09,2.7716,2.6925,5.0505,2.7417,29696.161,9180.8575,9180.8575,205794.3957,63623.3425,2023-08-05
600089.SH,1998-08-20,21.3,0.736,0.736,0.7,47.347,35.3449,6.2708,8.1332,5.6832,,0.939,8168.0,3000.0,3000.0,173978.4,63900.0,2023-08-05
000405.SZ,1998-08-20,6.63,1.1768,1.1768,1.17,40.2623,52.3889,3.4713,3.2135,3.0919,,,38092.5448,11042.8113,11042.8113,252553.572,73213.8389,2023-08-05
600606.SH,1998-08-20,11.29,1.4746,32.37,1.61,356.4242,356.4242,6.9469,3.9916,3.9916,0.0,,8673.4072,2195.208,100.0,97922.7673,24783.8983,2023-08-05
000571.SZ,1998-08-20,15.3,0.7706,0.7706,0.99,61.4864,36.4135,6.2852,4.2721,3.3409,,,52576.0,21030.4,21030.4,804412.8,321765.12,2023-08-05
000569.SZ,1998-08-20,4.86,1.2599,1.819,1.57,,,4.8585,2.4535,2.4535,,,69514.2187,12993.75,9000.0,337839.1029,63149.625,2023-08-05
600614.SH,1998-08-20,9.28,2.8447,3.1291,2.28,153.2343,501.9879,4.467,3.417,3.4831,,,11513.3378,834.9,759.0,106843.7748,7747.872,2023-08-05
000018.SZ,1998-08-20,6.42,1.2639,1.2639,1.38,,,3.609,2.9246,3.0681,0.0,,16914.235,2023.12,2023.12,108589.3887,12988.4304,2023-08-05
000025.SZ,1998-08-20,7.25,1.295,2.0372,2.05,47.3007,47.3007,4.7995,4.228,4.228,0.0,,22028.16,3429.36,2180.0,159704.16,24862.86,2023-08-05
600654.SH,1998-08-20,9.21,1.0387,209.4884,1.71,35.1201,35.1201,3.7344,5.1383,5.1383,0.6334,0.6334,23423.3176,17344.655,86.0,215728.7551,159744.2726,2023-08-05
000735.SZ,1998-08-20,10.02,0.4647,0.4647,0.89,29.7541,29.7541,3.4991,10.0559,10.0559,,,14500.0,4500.0,4500.0,145290.0,45090.0,2023-08-05
600765.SH,1998-08-20,7.31,1.7313,1.7313,1.31,43.3974,42.5591,4.6555,14.6001,14.6329,,2.052,10220.0,3000.0,3000.0,74708.2,21930.0,2023-08-05
000576.SZ,1998-08-20,6.54,0.8442,0.9977,1.16,20.9745,25.9754,2.0683,3.858,4.0425,1.1762,2.9402,24759.8624,10310.3266,8724.1225,161929.5001,67429.536,2023-08-05
600779.SH,1998-08-20,13.37,0.606,0.8241,1.83,67.5606,67.5606,6.8601,6.669,6.669,,0.9349,15093.7946,4284.0,3150.0,201804.0338,57277.08,2023-08-05
600713.SH,1998-08-20,9.38,1.4138,3.3083,2.08,47.8169,47.8169,7.2613,3.129,3.129,0.9112,,19426.0716,4857.84,2076.0,182216.5516,45566.5392,2023-08-05
600060.SH,1998-08-20,13.78,2.3827,3.0976,2.15,29.7147,33.8533,4.6883,1.959,2.0446,,,29606.5337,9100.0,7000.0,407978.0344,125398.0,2023-08-05
600806.SH,1998-08-20,7.27,9.1917,10.3277,0.83,1491.1561,1491.1561,3.0817,23.9579,23.9579,0.0,,24500.74,6000.0,5340.0,178120.3798,43620.0,2023-08-05
000617.SZ,1998-08-20,6.22,1.6745,1.6745,1.39,724.578,,3.2602,4.6277,4.1597,,,10400.0,3250.0,3250.0,64688.0,20215.0,2023-08-05
000899.SZ,1998-08-20,17.68,1.8807,1.8807,2.72,44.4671,29.7233,4.9559,14.5591,13.9136,,,31000.0,8600.0,8600.0,548080.0,152048.0,2023-08-05
600735.SH,1998-08-20,8.5,2.7394,2.7394,1.31,28.0674,18.6508,4.3728,4.3705,3.3817,0.0,,8757.225,4212.225,4212.225,74436.4125,35803.9125,2023-08-05
000630.SZ,1998-08-20,6.76,0.719,0.719,0.74,35.3407,29.8728,2.4395,1.9975,2.0911,0.0,,36400.0,9100.0,9100.0,246064.0,61516.0,2023-08-05
600819.SH,1998-08-20,6.23,1.3283,1.8502,1.59,43.4221,43.4221,2.0295,4.7522,4.7522,2.4077,0.8026,48750.0,3125.0,2243.6,303712.5,19468.75,2023-08-05
600635.SH,1998-08-20,9.5,2.4512,2.4512,2.68,35.3639,29.3211,5.8415,18.9385,13.4567,,,38845.17,17264.52,17264.52,369029.115,164012.94,2023-08-05
600824.SH,1998-08-20,6.9,0.9821,0.9821,1.63,28.6512,30.8217,2.5975,2.2193,2.1632,1.2898,2.3188,16988.8102,4286.8665,4286.8665,117222.7904,29579.3789,2023-08-05
600861.SH,1998-08-20,13.58,1.9277,3.308,0.5,30.2022,30.2022,3.0214,1.9522,1.9522,0.8837,2.3543,22860.0,8580.0,5000.0,310438.8,116516.4,2023-08-05
600152.SH,1998-08-20,7.83,2.5349,2.5349,1.74,35.2591,35.2591,3.0992,3.1714,3.1714,,,13618.46,4500.0,4500.0,106632.5418,35235.0,2023-08-05
600800.SH,1998-08-20,14.93,1.1353,1.1353,1.4,37.2334,36.7106,7.0672,17.0738,14.9198,,,21333.0306,7634.25,7634.25,318502.1469,113979.3525,2023-08-05
600797.SH,1998-08-20,7.02,1.763,2.0935,1.5,26.6131,48.5121,2.8736,2.4238,3.1405,,,14087.5,5700.0,4800.0,98894.25,40014.0,2023-08-05
000797.SZ,1998-08-20,8.99,2.135,2.135,1.73,23.2959,23.8251,3.1167,2.2939,2.5026,,,35942.244,10010.0,10010.0,323120.7736,89989.9,2023-08-05
600162.SH,1998-08-20,7.48,2.1249,2.1249,1.78,31.2513,31.2513,2.962,4.458,4.458,,,13650.0,3500.0,3500.0,102102.0,26180.0,2023-08-05
600718.SH,1998-08-20,29.4,0.4417,0.4417,0.42,75.5515,59.0428,8.8143,17.6039,12.5653,,,15500.1,4790.94,4790.94,455702.94,140853.636,2023-08-05
600872.SH,1998-08-20,7.32,0.4948,0.4948,1.07,21.8542,20.1321,2.2115,4.4439,3.947,0.5254,,26964.054,14184.144,14184.144,197376.8753,103827.9341,2023-08-05
000555.SZ,1998-08-20,11.03,5.415,5.415,2.22,5087.2207,1370.4054,6.6592,20.9333,21.2018,0.0,,8182.7678,2200.0,2200.0,90255.9288,24266.0,2023-08-05
600108.SH,1998-08-20,9.1,4.026,8.0521,1.84,40.2597,40.2597,4.1125,11.0856,11.0856,,,27000.0,12600.0,6300.0,245700.0,114660.0,2023-08-05
000502.SZ,1998-08-20,10.79,2.295,10.3185,2.08,194.5402,194.5402,4.7142,190.1683,190.1683,0.0,,15566.8513,5715.9006,1271.3098,167966.3255,61674.5675,2023-08-05
000531.SZ,1998-08-20,6.31,0.6752,3.4493,0.98,34.1932,34.1932,3.115,2.7211,2.7211,1.698,1.4407,26652.126,10778.7401,2110.0,168174.9151,68013.85,2023-08-05
600656.SH,1998-08-20,10.4,4.5096,4.5096,2.49,86.6971,33.5895,7.7335,5.4945,6.2619,0.0,,9321.8441,4131.8905,4131.8905,96947.1786,42971.6612,2023-08-05
600133.SH,1998-08-20,13.38,2.3695,2.6328,1.14,74.3315,70.1249,5.5858,12.9616,10.8401,,,16000.0,4000.0,3600.0,214080.0,53520.0,2023-08-05
600670.SH,1998-08-20,6.27,2.4003,5.0665,1.17,,,9.6819,7.7308,7.7308,0.0,,14033.3684,7809.7983,3700.0,87989.2199,48967.4353,2023-08-05
600787.SH,1998-08-20,11.02,2.4284,2.4284,1.28,70.4653,41.0604,5.3223,1.8353,2.1904,,,9654.81,3553.0,3553.0,106396.0062,39154.06,2023-08-05
000004.SZ,1998-08-20,6.63,1.1611,1.1611,1.25,35.3867,34.4685,3.5099,1.6443,1.8258,0.0,,8397.6684,4165.7228,4165.7228,55676.5415,27618.7422,2023-08-05
000848.SZ,1998-08-20,23.25,2.1686,2.1686,1.23,49.0772,49.0772,7.5782,5.0667,5.0667,,0.8516,11550.0,3500.0,3500.0,268537.5,81375.0,2023-08-05
600077.SH,1998-08-20,14.35,0.7399,0.7399,0.64,68.8383,49.527,7.6364,13.6361,11.4428,,,8009.6,2272.0,2272.0,114937.76,32603.2,2023-08-05
000409.SZ,1998-08-20,16.4,2.8579,2.8579,0.65,82.7927,75.7761,6.2264,14.1688,12.9055,,,14902.1,4145.4002,4145.4002,244394.44,67984.5633,2023-08-05
000595.SZ,1998-08-20,6.24,1.0304,1.2364,1.7,23.9355,19.4426,2.3569,2.1923,2.1051,,,17495.9878,5400.0,4500.0,109174.9639,33696.0,2023-08-05
000680.SZ,1998-08-20,4.81,0.551,0.551,1.55,25.7233,35.2736,1.8388,3.0085,3.0026,,,28272.0,12128.8656,12128.8656,135988.32,58339.8435,2023-08-05
600843.SH,1998-08-20,6.52,1.3404,2.1781,0.89,220.8242,220.8242,2.5303,3.6247,3.6247,,,25246.637,1560.0,960.0,164608.0732,10171.2,2023-08-05
600659.SH,1998-08-20,9.59,1.6123,2.7016,0.36,715.6347,715.6347,6.7671,7.3411,7.3411,,,12387.2694,3183.576,1900.0,118793.9135,30530.4938,2023-08-05
600686.SH,1998-08-20,7.67,1.6599,4.4264,1.47,197.284,197.284,3.403,1.6971,1.6971,0.0,,10101.168,3840.0,1440.0,77475.9586,29452.8,2023-08-05
600117.SH,1998-08-20,12.1,5.3098,5.3098,2.51,38.2849,38.2849,4.3062,3.3878,3.3878,,,32000.0,8000.0,8000.0,387200.0,96800.0,2023-08-05
000732.SZ,1998-08-20,7.45,0.9595,0.9595,0.6,24.3276,27.6853,3.0223,3.1961,3.9172,,2.4405,13200.0,4400.0,4400.0,98340.0,32780.0,2023-08-05
600608.SH,1998-08-20,5.69,0.9665,1.1598,1.48,34.2045,26.4701,3.2993,4.1462,3.1858,,,11656.9421,5807.7162,4839.7635,66328.0005,33045.9052,2023-08-05
600780.SH,1998-08-20,8.4,0.7057,0.7057,1.04,36.591,29.611,3.6311,9.7834,7.2338,,,10680.0,3000.0,3000.0,89712.0,25200.0,2023-08-05
000020.SZ,1998-08-20,10.5,6.5818,6.5818,1.67,,,7.6584,17.0924,33.0772,0.8718,0.8718,28316.1227,4984.5125,4984.5125,297319.2884,52337.3813,2023-08-05
600854.SH,1998-08-20,27.62,0.7409,0.7409,1.19,22.6334,21.8728,5.8528,3.4013,3.3629,1.5572,5.606,20592.0,5148.0,5148.0,568751.04,142187.76,2023-08-05
000601.SZ,1998-08-20,8.24,0.9436,0.9436,1.46,24.7102,34.1637,2.5259,5.8058,5.7607,,1.2136,31136.6688,8400.0,8400.0,256566.1509,69216.0,2023-08-05
000679.SZ,1998-08-20,9.27,0.9595,1.1514,2.16,20.8745,20.8745,2.3859,1.7971,1.7971,0.0,10.1711,13200.0,4200.0,3500.0,122364.0,38934.0,2023-08-05
600777.SH,1998-08-20,9.19,1.3562,1.5143,1.28,35.6713,41.1879,4.8389,8.9217,8.9072,,,14336.398,4023.6,3603.6,131751.4976,36976.884,2023-08-05
600059.SH,1998-08-20,12.56,0.6497,0.6497,0.94,33.1923,32.5757,4.604,6.4916,6.1997,,,18000.0,6300.0,6300.0,226080.0,79128.0,2023-08-05
600839.SH,1998-08-20,17.1,0.6593,8.0604,1.2,13.021,13.021,3.7902,2.1701,2.1701,,8.4944,198896.8232,61092.0243,4997.37,3401135.6767,1044673.6155,2023-08-05
000538.SZ,1998-08-20,12.49,2.2808,2.2808,0.99,54.4934,41.1168,5.7343,10.6242,8.7696,1.0248,1.0408,11212.328,3234.0,3234.0,140041.9767,40392.66,2023-08-05
600095.SH,1998-08-20,11.19,1.5372,1.5372,1.2,31.8806,41.8805,3.1394,4.9389,5.6122,,8.1323,13000.0,5000.0,5000.0,145470.0,55950.0,2023-08-05
000034.SZ,1998-08-20,5.78,0.8007,1.6948,1.21,,,3.0355,2.7358,2.7358,0.0,,31113.94,8465.8866,4000.0,179838.5732,48932.8245,2023-08-05
000568.SZ,1998-08-20,12.64,2.5539,2.5539,1.7,19.3896,22.9043,5.0806,5.7783,6.287,2.193,1.8257,48893.4574,12313.4074,12313.4074,618013.3015,155641.4695,2023-08-05
000637.SZ,1998-08-20,9.0,0.9123,0.9123,2.08,21.1626,26.57,4.9196,2.8548,3.028,,12.9989,13080.5998,4472.3628,4472.3628,117725.3982,40251.2652,2023-08-05
000583.SZ,1998-08-20,22.78,3.168,3.168,0.5,1991.359,137.9006,10.0667,30.2174,16.7294,0.0,,8812.4313,3500.0,3500.0,200747.185,79730.0,2023-08-05
000669.SZ,1998-08-20,7.55,2.04,2.04,1.05,,,5.2609,38.2574,38.2574,0.0,,6167.0,1600.0,1600.0,46560.85,12080.0,2023-08-05
000721.SZ,1998-08-20,9.83,1.8898,1.8898,1.35,37.0033,38.1062,3.8397,6.4997,6.2379,,,11441.51,4000.0,4000.0,112470.0433,39320.0,2023-08-05
600764.SH,1998-08-20,13.05,1.5551,2.7992,1.46,43.2181,43.2181,6.8404,6.0036,6.0036,,,9013.698,2255.1696,1252.872,117628.7589,29429.9633,2023-08-05
001896.SZ,1998-08-20,7.55,2.2314,2.4668,2.46,30.0854,30.0854,3.5295,7.3414,7.3414,,,43000.0,8000.0,7236.5,324650.0,60400.0,2023-08-05
000820.SZ,1998-08-20,6.98,2.3478,2.3478,1.29,38.0221,38.0221,3.1715,2.7275,2.7275,,,17618.0,4500.0,4500.0,122973.64,31410.0,2023-08-05
600070.SH,1998-08-20,9.6,2.0146,2.0146,0.87,39.7271,38.7453,4.2251,8.0718,5.3579,,,6720.0,2400.0,2400.0,64512.0,23040.0,2023-08-05
000517.SZ,1998-08-20,6.6,1.0843,1.0843,1.46,103.7384,231.4377,3.0162,8.0,6.9525,0.0,,8989.7841,2780.496,2780.496,59332.5751,18351.2736,2023-08-05
600851.SH,1998-08-20,8.59,1.317,1.317,1.64,20.3724,21.3766,3.2277,2.6642,2.7822,2.5074,3.2596,27529.166,2145.0,2145.0,236475.5359,18425.55,2023-08-05
000666.SZ,1998-08-20,6.0,1.7226,1.7226,1.54,62.1727,,3.5278,4.3287,5.3924,0.6667,0.1667,42380.0,2300.0,2300.0,254280.0,13800.0,2023-08-05
000588.SZ,1998-08-20,7.85,1.2055,2.2313,0.86,179.6935,179.6935,1.5855,1.8506,1.8506,2.5478,,13432.0,4257.07,2300.0,105441.2,33417.9995,2023-08-05
600054.SH,1998-08-20,9.78,1.242,1.242,1.81,30.423,32.3414,3.4156,9.0092,9.4746,0.0,,23300.0,4000.0,4000.0,227874.0,39120.0,2023-08-05
000776.SZ,1998-08-20,14.23,2.5127,2.5127,1.03,52.5134,32.5635,5.3312,59.8531,44.7985,,,8000.0,3000.0,3000.0,113840.0,42690.0,2023-08-05
000801.SZ,1998-08-20,18.38,0.7538,1.0553,1.25,50.403,49.7806,10.4089,8.5666,8.0063,,,7053.2,2100.0,1500.0,129637.816,38598.0,2023-08-05
600168.SH,1998-08-20,13.93,1.3874,1.3874,0.78,34.9125,34.9125,15.215,20.1583,20.1583,,,34000.0,7721.0,7721.0,473620.0,107553.53,2023-08-05
000565.SZ,1998-08-20,11.77,4.2573,4.2573,1.01,52.8308,88.6064,5.4846,3.0714,3.4193,0.7724,0.7724,10478.748,4856.3228,4856.3228,123334.864,57158.9194,2023-08-05
600104.SH,1998-08-20,14.0,0.6365,0.6365,0.56,29.6213,25.1705,3.8279,7.8908,7.7144,,,100000.0,30000.0,30000.0,1400000.0,420000.0,2023-08-05
000767.SZ,1998-08-20,14.01,1.2021,1.2021,2.46,34.0945,32.4006,5.6375,4.3759,4.6264,0.1784,0.1784,29000.0,8000.0,8000.0,406290.0,112080.0,2023-08-05
000005.SZ,1998-08-20,9.63,2.6798,2.6798,2.52,21.4032,11.4928,4.0287,81.5754,74.998,,,34534.5,16375.301,16375.301,332567.235,157694.1486,2023-08-05
600883.SH,1998-08-20,11.79,4.1294,4.1294,1.84,88.0451,83.5139,7.7515,16.3445,15.307,1.6964,,6800.0,1800.0,1800.0,80172.0,21222.0,2023-08-05
600815.SH,1998-08-20,5.45,0.8772,1.9444,1.45,52.46,52.46,1.9176,2.8191,2.8191,2.2018,,29960.91,7980.0,3600.0,163286.9595,43491.0,2023-08-05
000567.SZ,1998-08-20,11.13,3.8083,3.8083,2.55,46.1165,33.4242,4.5409,6.7306,6.5893,0.0,,10080.0,4032.0,4032.0,112190.4,44876.16,2023-08-05
600817.SH,1998-08-20,10.2,3.0199,3.0199,1.69,57.9911,103.3122,6.2194,4.2354,5.0181,0.9804,0.9804,8251.7982,1124.2,1124.2,84168.3416,11466.84,2023-08-05
600632.SH,1998-08-20,6.58,0.408,0.408,0.98,21.6894,23.2426,2.3082,0.666,0.6418,3.04,1.93,32050.1107,7978.6029,7978.6029,210889.7284,52499.2071,2023-08-05
600892.SH,1998-08-20,7.67,2.8681,,1.29,,,7.3018,6.1415,6.1415,,,5050.0,1530.97,1530.97,38733.5,11742.5399,2023-08-05
600098.SH,1998-08-20,8.74,0.8369,0.8369,1.35,28.6891,22.2313,4.6223,4.8824,4.0139,,,119880.0,18000.0,18000.0,1047751.2,157320.0,2023-08-05
600853.SH,1998-08-20,3.45,1.5273,1.6801,1.09,934.8209,237.1799,1.4173,1.4369,1.424,0.0,,53240.0018,16456.0018,14960.0,183678.0062,56773.2062,2023-08-05
000620.SZ,1998-08-20,6.6,0.54,0.6412,1.22,31.9079,24.6692,3.0533,2.1822,2.1758,,,25968.92,12540.0,10560.0,171394.872,82764.0,2023-08-05
000757.SZ,1998-08-20,10.7,3.06,3.06,1.7,33.2437,30.869,3.2213,4.1015,4.5916,,,10755.349,3300.0,3300.0,115082.2343,35310.0,2023-08-05
600647.SH,1998-08-20,24.92,2.7048,17.75,1.59,,,33.2907,24.6055,24.6055,0.0,,5351.675,2100.0,320.0,133363.741,52332.0,2023-08-05
000026.SZ,1998-08-20,10.08,2.7834,2.7834,2.39,32.2709,38.5456,3.894,6.8306,7.2862,0.5511,,24931.7999,6074.9999,6074.9999,251312.543,61235.999,2023-08-05
600891.SH,1998-08-20,6.36,1.5472,3.4193,2.36,24.525,24.525,2.4597,2.7357,2.7357,2.2767,6.0062,22142.194,5967.0,2700.0,140824.3538,37950.12,2023-08-05
000520.SZ,1998-08-20,6.21,2.2176,18.0185,1.93,22.3504,22.3504,3.8865,12.4553,12.4553,0.0,,51916.8762,26325.5953,3240.0,322403.8012,163481.9468,2023-08-05
600731.SH,1998-08-20,7.69,1.2331,1.4228,1.81,39.9322,39.8647,5.9266,4.6168,4.2323,,,14071.5413,3802.5,3295.5,108210.1526,29241.225,2023-08-05
000557.SZ,1998-08-20,13.69,2.4971,2.4971,1.77,60.7338,35.7712,5.3674,9.2952,5.6539,,,22020.3297,10809.131,10809.131,301458.3136,147977.0034,2023-08-05
000659.SZ,1998-08-20,13.33,1.8792,2.1961,1.82,44.1195,28.212,8.0053,7.0706,6.8886,0.0,,33926.0,12127.5,10377.72,452233.58,161659.575,2023-08-05
000703.SZ,1998-08-20,10.81,1.2949,1.2949,1.04,25.6995,38.758,5.4464,5.7953,8.4022,,,10660.0,4680.0,4680.0,115234.6,50590.8,2023-08-05
000779.SZ,1998-08-20,8.47,1.5253,1.9829,2.1,27.217,27.051,2.6303,5.0769,5.7031,,,11746.0,5850.0,4500.0,99488.62,49549.5,2023-08-05
000008.SZ,1998-08-20,6.4,1.1842,3.6708,1.51,59.434,59.434,3.0908,6.1703,6.1703,0.0,,7365.3208,3529.0573,1138.4486,47138.0531,22585.9667,2023-08-05
000504.SZ,1998-08-20,5.11,1.2835,1.2835,1.15,153.4084,,3.0976,9.3688,13.0079,0.0,,31157.3902,8618.0221,8618.0221,159214.2639,44038.0929,2023-08-05
600086.SH,1998-08-20,10.4,1.102,1.102,0.88,25.1476,28.5975,3.6297,4.9018,4.5598,,11.15,11595.99,3000.0,3000.0,120598.296,31200.0,2023-08-05
000750.SZ,1998-08-20,17.89,0.9568,0.9568,0.79,38.4903,37.2879,3.6465,9.7508,8.9597,,,8500.0,4000.0,4000.0,152065.0,71560.0,2023-08-05
600163.SH,1998-08-20,6.93,2.1794,2.1794,2.42,22.4505,22.4505,2.7396,2.9996,2.9996,,,27808.0,6300.0,6300.0,192709.44,43659.0,2023-08-05
600873.SH,1998-08-20,8.2,1.7422,1.7422,0.94,309.161,947.3464,2.8858,20.3162,21.0781,1.3133,,10823.6603,5070.0,5070.0,88754.0145,41574.0,2023-08-05
000792.SZ,1998-08-20,8.6,1.4288,1.4288,1.59,36.9191,32.8142,3.8935,10.681,9.3495,,2.3023,20000.0,5000.0,5000.0,172000.0,43000.0,2023-08-05
600700.SH,1998-08-20,10.16,2.0923,3.6196,1.09,77.9132,77.9132,7.8908,1.5761,1.5761,,,8831.65,3426.438,1980.6,89729.564,34812.6101,2023-08-05
000510.SZ,1998-08-20,6.23,1.0347,,1.04,24.4287,24.4287,2.4575,3.7575,3.7575,,,29287.6084,19319.4964,,182461.8003,120360.4626,2023-08-05
600685.SH,1998-08-20,3.95,0.4567,0.5889,1.17,49.2458,49.2458,1.4574,1.1616,1.1616,1.2658,1.2658,49467.758,12647.95,9808.26,195397.6441,49959.4025,2023-08-05
600818.SH,1998-08-20,8.2,1.5492,2.2269,0.87,1613.6908,1613.6908,3.8943,2.9973,2.9973,,,26565.943,1495.0,1040.0,217840.7326,12259.0,2023-08-05
000689.SZ,1998-08-20,7.83,3.1296,3.1296,4.44,32.8853,28.8456,3.2925,5.3679,3.8286,,,11128.0,2808.0,2808.0,87132.24,21986.64,2023-08-05
600087.SH,1998-08-20,13.18,1.42,1.42,1.24,25.8906,22.0505,3.134,7.7439,5.8862,,9.4678,12478.6,3500.0,3500.0,164467.948,46130.0,2023-08-05
000420.SZ,1998-08-20,5.72,1.0101,1.0101,1.58,27.3954,19.7613,2.6491,2.1341,2.1971,0.0,8.3914,29783.184,7446.0,7446.0,170359.8125,42591.12,2023-08-05
000730.SZ,1998-08-20,21.42,1.0764,1.0764,0.87,84.5332,40.6796,8.0068,26.508,27.1916,,,19349.9192,4950.0,4950.0,414475.2693,106029.0,2023-08-05
000753.SZ,1998-08-20,11.54,2.691,3.2291,3.13,30.0123,36.8809,2.9194,14.0847,12.8347,,,12003.096,4200.0,3500.0,138515.7278,48468.0,2023-08-05
000810.SZ,1998-08-20,9.93,3.188,3.188,1.58,42.9533,50.6938,3.1224,2.564,2.9783,,,5277.4,2000.0,2000.0,52404.582,19860.0,2023-08-05
600880.SH,1998-08-20,11.95,0.7447,0.7447,1.11,49.2958,54.5958,5.0223,9.0566,10.2406,1.4895,5.2374,7232.225,2080.0,2080.0,86425.0888,24856.0,2023-08-05
600717.SH,1998-08-20,11.75,2.9458,2.9458,3.49,39.3556,26.0604,3.6189,12.4388,7.8387,0.6079,6.7217,33899.2956,9197.496,9197.496,398316.7233,108070.578,2023-08-05
000563.SZ,1998-08-20,16.27,1.1064,1.1064,0.62,98.977,56.7364,6.4205,7.5863,7.3988,0.7092,2.0478,17454.8348,7020.0,7020.0,283990.1622,114215.4,2023-08-05
600119.SH,1998-08-20,15.29,0.9978,1.1086,0.4,52.6015,52.5718,5.9095,6.3155,6.1889,,,12500.0,4000.0,3600.0,191125.0,61160.0,2023-08-05
000402.SZ,1998-08-20,7.3,1.8341,1.8341,1.29,61.6142,68.8388,3.3435,4.4629,3.656,,,7869.15,2700.0,2700.0,57444.795,19710.0,2023-08-05
600894.SH,1998-08-20,3.81,0.3793,0.3793,0.77,17.845,15.9014,1.5882,1.0283,1.1389,2.6247,3.937,63246.0627,10800.0,10800.0,240967.4989,41148.0,2023-08-05
600093.SH,1998-08-20,8.18,1.5582,1.5582,2.16,56.585,49.8269,3.4299,15.9555,13.1299,,1.4364,12750.0,5100.0,5100.0,104295.0,41718.0,2023-08-05
000602.SZ,1998-08-20,8.16,1.7507,1.7507,1.72,37.3877,75.983,2.5678,9.0718,9.3237,0.0,,10050.0,2756.0,2756.0,82008.0,22488.96,2023-08-05
000613.SZ,1998-08-20,6.95,0.937,1.0307,1.56,96.8209,96.8209,5.0002,30.1818,30.1818,0.0,,36410.0,1540.0,1400.0,253049.5,10703.0,2023-08-05
000748.SZ,1998-08-20,27.55,1.5467,1.5467,1.11,74.522,45.6537,7.2016,11.7532,7.723,,0.36,12513.0,4500.0,4500.0,344733.15,123975.0,2023-08-05
000712.SZ,1998-08-20,7.95,1.6013,1.6013,1.43,30.8575,34.3693,3.1469,6.5801,5.547,,,12692.627,3174.33,3174.33,100906.3847,25235.9235,2023-08-05
600768.SH,1998-08-20,11.9,0.7838,0.7838,1.27,44.9163,44.9163,4.5142,5.5001,5.5001,,0.4202,5160.0,1360.0,1360.0,61404.0,16184.0,2023-08-05
000838.SZ,1998-08-20,10.12,1.5487,1.5487,1.63,59.5125,83.8503,6.545,7.6278,9.2924,,,6511.986,1755.0,1755.0,65901.2983,17760.6,2023-08-05
000866.SZ,1998-08-20,3.94,0.7335,0.7335,1.08,14.9384,14.9384,3.6535,1.1201,1.1201,,,233000.0,31500.0,31500.0,918020.0,124110.0,2023-08-05
600829.SH,1998-08-20,6.91,3.597,3.597,0.39,108.4787,193.7821,2.137,2.9664,2.8136,0.6578,,13216.83,3327.5,3327.5,91328.2953,22993.025,2023-08-05
600827.SH,1998-08-20,8.32,3.0604,8.5275,1.89,43.5069,43.5069,4.3867,2.5392,2.5392,1.0668,1.1095,18961.8,2237.6039,803.05,157762.176,18616.8644,2023-08-05
600871.SH,1998-08-20,3.51,0.6232,0.6232,1.62,3090.4689,3090.4689,1.7004,2.2447,2.2447,0.9402,,400000.0,20000.0,20000.0,1404000.0,70200.0,2023-08-05
000032.SZ,1998-08-20,12.1,1.4628,1.4628,0.91,302.8955,555.8751,5.7963,5.0451,4.3153,0.4959,0.4959,13081.2,3630.0003,3630.0003,158282.52,43923.0036,2023-08-05
600714.SH,1998-08-20,9.14,4.1076,4.1076,0.65,163.4972,519.3054,4.7626,8.9406,8.4012,,,9375.0,2500.0,2500.0,85687.5,22850.0,2023-08-05
600067.SH,1998-08-20,10.46,1.6275,1.6275,1.75,46.7643,49.51,5.2035,3.2678,3.104,,,8296.848,2172.048,2172.048,86785.0301,22719.6221,2023-08-05
000631.SZ,1998-08-20,23.49,2.5375,3.8062,1.1,63.8304,63.8304,6.7042,11.0392,11.0392,,,7250.5,3150.0,2100.0,170314.245,73993.5,2023-08-05
000636.SZ,1998-08-20,30.7,0.6351,0.6351,0.71,51.9106,45.9979,7.5424,6.1389,4.5632,,,11613.11,3105.0,3105.0,356522.477,95323.5,2023-08-05
600766.SH,1998-08-20,16.07,2.3437,2.7573,1.37,73.9597,39.4727,12.4257,7.2825,6.6686,,,10660.18,3345.18,2843.403,171309.0926,53757.0426,2023-08-05
600707.SH,1998-08-20,8.24,0.8713,0.8713,0.94,21.2807,40.1487,4.1158,2.6112,3.095,3.6408,,36000.0,11049.6,11049.6,296640.0,91048.704,2023-08-05
600708.SH,1998-08-20,11.3,3.1059,5.9634,1.07,57.8361,57.8361,6.1088,10.1839,10.1839,,,23793.4848,6240.0,3250.0,268866.3782,70512.0,2023-08-05
600001.SH,1998-08-20,7.61,1.2772,1.3969,0.68,18.1958,12.8448,2.1733,2.5367,2.2002,,,124137.1,35000.0,32000.0,944683.331,266350.0,2023-08-05
600076.SH,1998-08-20,26.0,1.1632,1.1632,0.63,58.7629,46.9169,6.6937,10.7319,11.4502,,,14026.0,5000.0,5000.0,364676.0,130000.0,2023-08-05
000403.SZ,1998-08-20,9.48,2.7794,2.7794,1.38,51.4219,59.0444,5.022,6.7529,6.9597,0.8883,2.9888,11215.3839,4750.0,4750.0,106321.8394,45030.0,2023-08-05
000537.SZ,1998-08-20,7.01,1.3329,1.3329,1.01,32.1743,29.7609,3.2284,7.0343,7.9246,0.0,6.9677,13797.098,5028.078,5028.078,96717.657,35246.8268,2023-08-05
600688.SH,1998-08-20,3.07,0.277,0.7978,0.93,30.4265,30.4265,1.7553,1.8227,1.8227,2.6059,1.9544,720000.0,72000.0,25000.0,2210400.0,221040.0,2023-08-05
000591.SZ,1998-08-20,9.0,1.4546,1.7455,0.9,44.7304,44.9491,4.812,2.0115,1.9861,2.3148,,7605.516,2400.0,2000.0,68449.644,21600.0,2023-08-05
000596.SZ,1998-08-20,17.09,1.7685,1.7685,1.2,21.1224,31.3283,4.1721,4.1816,4.7763,0.6788,2.048,23500.0,2000.0,2000.0,401615.0,34180.0,2023-08-05
600661.SH,1998-08-20,12.79,3.0828,3.0828,1.09,105.8504,115.5274,4.3317,5.8952,8.0111,0.0,,8771.5568,1542.75,1542.75,112188.2115,19731.7725,2023-08-05
000803.SZ,1998-08-20,8.8,3.4856,5.2284,1.71,65.0543,73.446,3.9599,8.2796,7.9342,,,7797.0,3750.0,2500.0,68613.6,33000.0,2023-08-05
600669.SH,1998-08-20,15.18,1.1717,1.1717,1.21,179.9544,40.8058,8.652,11.8755,9.7011,0.0,,13228.9,8470.0,8470.0,200814.702,128574.6,2023-08-05
600091.SH,1998-08-20,7.89,2.5716,2.5716,3.29,47.2204,36.2307,4.7061,6.5825,7.251,,,20240.0,7400.0,7400.0,159693.6,58386.0,2023-08-05
000800.SZ,1998-08-20,7.61,1.1975,1.3306,1.2,19.9836,19.9836,2.4788,1.5407,1.5407,,1.1869,105000.0,30000.0,27000.0,799050.0,228300.0,2023-08-05
600158.SH,1998-08-20,12.7,1.4714,1.4714,0.76,58.0919,58.0919,4.8101,12.8924,12.8924,,,18000.0,4050.0,4050.0,228600.0,51435.0,2023-08-05
600838.SH,1998-08-20,5.82,0.8513,0.8513,1.09,31.9088,31.5347,3.1361,2.4311,2.1906,0.9689,,23693.0848,5985.0,5985.0,137893.7535,34832.7,2023-08-05
600651.SH,1998-08-20,9.26,2.3381,5758.3946,2.78,51.2071,51.2071,5.1314,7.5045,7.5045,,,8112.0,8112.0,3.2938,75117.12,75117.12,2023-08-05
000418.SZ,1998-08-20,14.4,0.5686,0.6823,1.54,20.0011,18.7431,2.767,2.8583,2.6809,,2.6042,36510.384,7200.0,6000.0,525749.5296,103680.0,2023-08-05
000423.SZ,1998-08-20,12.7,0.7743,0.7743,0.81,54.7001,52.5818,5.1162,9.3611,9.3162,,,13973.0556,3915.9905,3915.9905,177457.8061,49733.0794,2023-08-05
600808.SH,1998-08-20,2.16,0.303,0.4434,0.84,226.2739,226.2739,1.3101,2.0977,2.0977,0.463,,645530.0,60000.0,41000.0,1394344.8,129600.0,2023-08-05
600755.SH,1998-08-20,14.89,2.5606,2.9036,4.71,28.0862,27.2178,5.4535,0.9161,0.8806,,,19812.0,5080.0,4480.0,295000.68,75641.2,2023-08-05
600616.SH,1998-08-20,9.38,1.3212,1.9819,0.78,60.8896,39.1718,5.8294,2.6282,2.2652,0.9666,1.3077,10892.1138,3511.8489,2341.2326,102168.0274,32941.1427,2023-08-05
000823.SZ,1998-08-20,15.14,0.9357,0.9357,0.68,54.2643,34.8985,5.1098,11.8904,9.3712,,,20500.0,6500.0,6500.0,310370.0,98410.0,2023-08-05
600681.SH,1998-08-20,9.38,0.9841,1.1575,0.45,30.0219,38.7305,3.4444,5.2786,5.1185,0.0,0.802,13871.202,6357.96,5405.4,130111.8748,59637.6648,2023-08-05
600613.SH,1998-08-20,10.5,0.4603,8.4,0.75,161.1636,161.1636,4.3395,5.8211,5.8211,,,14790.4607,912.525,50.0,155299.8374,9581.5125,2023-08-05
600618.SH,1998-08-20,14.72,6.4212,6.4212,1.88,88.8836,,5.2255,6.9366,7.4574,0.3706,,105862.097,2530.22,2530.22,1558290.0678,37244.8384,2023-08-05
600153.SH,1998-08-20,15.2,0.7576,0.7576,0.7,48.1384,48.1384,5.089,1.9124,1.9124,,,18500.0,4500.0,4500.0,281200.0,68400.0,2023-08-05
600828.SH,1998-08-20,8.36,2.016,2.016,1.33,30.2101,29.8877,3.1867,1.4507,1.3526,,6.4866,16929.0,4257.0,4257.0,141526.44,35588.52,2023-08-05
000012.SZ,1998-08-20,6.57,0.5002,3.1529,1.08,43.1121,43.1121,2.3251,6.0959,6.0959,0.5375,0.5375,67697.5416,10716.5997,1700.0,444772.8483,70408.06,2023-08-05
600676.SH,1998-08-20,16.8,5.2122,5.2122,2.01,64.8219,26.8267,9.937,14.2146,7.2763,0.0,,9150.912,1800.0,1800.0,153735.3216,30240.0,2023-08-05
000088.SZ,1998-08-20,6.71,0.4934,0.4934,1.08,27.3833,29.1376,2.7579,14.9131,16.9868,,,58500.0,12500.0,12500.0,392535.0,83875.0,2023-08-05
600653.SH,1998-08-20,10.75,1.151,494.48,1.16,28.858,28.858,4.114,10.7721,10.7721,,,21481.2,21481.2,50.0,230922.9,230922.9,2023-08-05
600052.SH,1998-08-20,8.04,0.689,1.2403,1.04,26.6345,26.6345,4.3453,1.9545,1.9545,,,25200.0,6300.0,3500.0,202608.0,50652.0,2023-08-05
000780.SZ,1998-08-20,7.15,0.7578,0.7578,1.37,30.3015,29.1948,3.3181,3.6055,2.8875,,,25200.0,7200.0,7200.0,180180.0,51480.0,2023-08-05
000554.SZ,1998-08-20,3.54,0.43,0.516,1.19,24.1135,38.5941,1.5168,1.419,1.2934,0.0,1.177,32052.888,19656.0,16380.0,113467.2235,69582.24,2023-08-05
000639.SZ,1998-08-20,8.18,0.949,1.2337,1.27,49.5238,49.5238,5.3815,7.6436,7.6436,0.0,,7286.4935,3281.226,2524.02,59603.5168,26840.4287,2023-08-05
000693.SZ,1998-08-20,11.48,1.5258,1.5258,0.68,85.7915,120.3876,8.7544,14.4362,13.5927,0.7919,4.1479,11916.4856,3003.0,3003.0,136801.2547,34474.44,2023-08-05
000731.SZ,1998-08-20,13.8,0.9431,0.9431,1.53,26.5538,25.2589,3.4823,8.9591,7.93,1.1148,1.1148,9780.42,2990.0,2990.0,134969.796,41262.0,2023-08-05
600749.SH,1998-08-20,21.82,0.4942,0.4942,0.54,191.5511,129.9075,15.0293,59.9138,47.0619,,,8000.0,2400.0,2400.0,174560.0,52368.0,2023-08-05
600810.SH,1998-08-20,16.84,0.6727,0.6727,0.99,27.9621,24.4422,4.2708,4.7052,4.2352,1.142,,34320.0,8580.0,8580.0,577948.8,144487.2,2023-08-05
000621.SZ,1998-08-20,12.65,5.6612,5.6612,1.03,48.6095,71.1363,7.6472,34.0341,1054.2266,,,14968.3198,3917.7336,3917.7336,189349.2455,49559.33,2023-08-05
000761.SZ,1998-08-20,4.36,0.9,1.0,1.2,12.9892,14.1542,1.7561,1.114,1.0432,,1.1239,113600.0,12000.0,10800.0,495296.0,52320.0,2023-08-05
600061.SH,1998-08-20,7.3,1.2086,1.2086,1.8,27.2971,32.1733,2.8376,2.3202,2.4161,,,13200.0,3600.0,3600.0,96360.0,26280.0,2023-08-05
600063.SH,1998-08-20,12.83,0.9426,0.9426,0.83,37.13,43.6506,3.7068,6.5399,7.3248,,,14000.0,5000.0,5000.0,179620.0,64150.0,2023-08-05
600603.SH,1998-08-20,11.46,2.9093,2.9093,2.13,41.9929,39.5139,4.6805,14.335,13.235,,,13516.8,13516.8,13516.8,154902.528,154902.528,2023-08-05
600798.SH,1998-08-20,13.05,0.8872,0.8872,1.26,27.5972,21.7278,5.1434,19.0239,16.6394,,,24600.0,6150.0,6150.0,321030.0,80257.5,2023-08-05
600884.SH,1998-08-20,26.91,0.3002,0.3002,0.41,36.9912,35.2055,5.6944,2.778,2.5456,0.7651,2.8986,10342.8,2652.0,2652.0,278324.748,71365.32,2023-08-05
000509.SZ,1998-08-20,9.2,2.717,2.717,1.42,,,4.7612,9.285,10.6162,,,14345.6808,7738.8168,7738.8168,131980.2634,71197.1146,2023-08-05
000401.SZ,1998-08-20,6.1,1.2605,1.2605,1.58,31.6018,33.6294,3.6292,9.8338,9.2293,,18.49,81440.1612,14040.0,14040.0,496784.9833,85644.0,2023-08-05
600705.SH,1998-08-20,6.5,1.368,1.6416,2.39,33.7311,40.8736,3.3111,8.9717,11.2496,,,24073.92,6020.352,5016.96,156480.48,39132.288,2023-08-05
600649.SH,1998-08-20,7.08,0.4388,5.8269,1.15,30.1854,30.1854,3.0493,15.8001,15.8001,1.1258,18.932,171308.6054,25561.0555,1924.68,1212864.9262,180972.2729,2023-08-05
600801.SH,1998-08-20,5.69,2.7881,2.7881,2.24,189.542,184.0382,2.6351,4.9681,4.9758,0.0,,25140.0,4800.0,4800.0,143046.6,27312.0,2023-08-05
000516.SZ,1998-08-20,8.58,2.0241,2.0241,1.19,42.5573,48.4471,5.5813,1.5884,1.6294,0.0,,12035.034,3342.6521,3342.6521,103260.5917,28679.955,2023-08-05
000089.SZ,1998-08-20,8.79,1.0819,1.0819,0.91,26.9851,26.9851,2.67,11.2713,11.2713,,,30000.0,9575.0,9575.0,263700.0,84164.25,2023-08-05
000598.SZ,1998-08-20,14.7,1.0938,1.0938,0.93,27.1682,30.1764,3.1656,12.7888,13.1363,,4.0816,7550.0,3250.0,3250.0,110985.0,47775.0,2023-08-05
000597.SZ,1998-08-20,5.93,1.1717,1.5232,1.33,,,1.5872,1.9821,2.4073,,,25317.5,6500.0,5000.0,150132.775,38545.0,2023-08-05
600758.SH,1998-08-20,10.02,0.5608,1.1215,0.93,29.3346,29.3346,3.4808,2.1388,2.1388,,,15975.52,4000.0,2000.0,160074.7104,40080.0,2023-08-05
600127.SH,1998-08-20,11.06,0.8098,0.8098,0.79,44.2076,37.6977,3.7412,3.3409,3.2126,,,15000.0,4500.0,4500.0,165900.0,49770.0,2023-08-05
000711.SZ,1998-08-20,8.73,1.0809,1.0809,1.4,35.9768,32.9322,3.7464,39.6148,34.3795,,,6583.2,2839.2,2839.2,57471.336,24786.216,2023-08-05
000839.SZ,1998-08-20,22.59,2.843,2.843,0.62,86.7478,86.7478,12.8609,21.921,21.921,,,40000.0,10000.0,10000.0,903600.0,225900.0,2023-08-05
000551.SZ,1998-08-20,7.03,0.825,3.373,1.62,134.7851,134.7851,3.6921,4.1242,4.1242,,,24172.6394,11039.3278,2700.0,169933.655,77606.4744,2023-08-05
600746.SH,1998-08-20,12.24,1.287,1.287,0.36,50.1771,57.5017,5.2428,5.1486,5.1287,,,8697.105,2328.75,2328.75,106452.5652,28503.9,2023-08-05
600055.SH,1998-08-20,9.95,2.1823,2.1823,1.98,32.6456,32.0675,4.5469,7.3585,6.8703,,,10000.0,3000.0,3000.0,99500.0,29850.0,2023-08-05
000818.SZ,1998-08-20,6.02,1.0986,1.0986,1.51,21.7358,23.9102,2.1108,2.9315,3.0028,,,34000.0,9000.0,9000.0,204680.0,54180.0,2023-08-05
600772.SH,1998-08-20,13.55,0.6446,0.6446,0.8,58.8661,69.7822,6.1231,32.952,18.3447,,,15132.0,3900.0,3900.0,205038.6,52845.0,2023-08-05
600826.SH,1998-08-20,8.59,0.6765,0.6765,1.23,23.4502,25.9974,3.3651,1.4718,1.3873,0.0,25.5445,28042.8192,7029.0,7029.0,240887.8169,60379.11,2023-08-05
600799.SH,1998-08-20,4.47,0.7696,1.1544,1.42,21.4189,21.4189,2.1752,4.1906,4.1906,,3.73,22932.0,7500.0,5000.0,102506.04,33525.0,2023-08-05
000019.SZ,1998-08-20,8.09,0.9684,0.9684,1.08,44.6815,42.7576,4.7448,12.916,15.7138,,1.2361,16670.7684,3072.9598,3072.9598,134866.5164,24860.2448,2023-08-05
000506.SZ,1998-08-20,4.68,1.4851,4.7627,1.18,38.4431,38.4431,4.7978,4.6923,4.6923,0.0,,24910.1743,14431.35,4500.0,116579.6157,67538.718,2023-08-05
600080.SH,1998-08-20,21.2,3.8281,3.8281,0.75,82.0477,52.4142,12.5608,32.818,27.2046,,,20480.0,7680.0,7680.0,434176.0,162816.0,2023-08-05
000505.SZ,1998-08-20,5.44,2.3168,12.4602,2.24,498.862,498.862,3.5362,10.8912,10.8912,0.0,,37765.08,11340.5824,2108.64,205442.0352,61692.7683,2023-08-05
000722.SZ,1998-08-20,8.96,1.4512,1.4512,2.0,39.3012,45.331,4.1141,3.9115,3.4937,,,10400.0,5000.0,5000.0,93184.0,44800.0,2023-08-05
000698.SZ,1998-08-20,8.91,1.6239,1.6239,0.89,24.5572,24.273,2.2276,3.0124,3.7207,,,22940.0,8000.0,8000.0,204395.4,71280.0,2023-08-05
600823.SH,1998-08-20,7.95,0.8867,3.3102,1.77,31.3643,31.3643,3.2636,1.939,1.939,,,16800.0,4200.0,1125.0,133560.0,33390.0,2023-08-05
600711.SH,1998-08-20,13.2,3.8254,4.5905,0.99,,,10.9226,22.1239,22.1239,0.0,,6036.0,1512.0,1260.0,79675.2,19958.4,2023-08-05
600893.SH,1998-08-20,7.15,2.6004,2.6004,1.66,26.0946,64.3799,1.9963,2.2088,2.1731,2.0377,,21355.5332,6644.0,6644.0,152692.0624,47504.6,2023-08-05
000616.SZ,1998-08-20,10.91,2.4591,3.1968,1.56,39.3291,41.9242,4.7501,6.6028,7.6705,1.4101,1.4101,6500.0,1625.0,1250.0,70915.0,17728.75,2023-08-05
600770.SH,1998-08-20,14.7,1.4086,1.4086,0.83,27.226,24.2195,4.6907,7.2355,6.3132,,,12000.0,4400.0,4400.0,176400.0,64680.0,2023-08-05
000600.SZ,1998-08-20,7.38,0.8141,0.8141,1.11,34.8944,40.2641,3.4607,9.4974,10.2415,,,15373.3407,3905.9707,3905.9707,113455.2544,28826.0638,2023-08-05
000720.SZ,1998-08-20,15.84,4.1088,4.1088,1.64,38.4529,60.0607,4.9681,5.5349,5.8885,,1.2626,18200.0,5200.0,5200.0,288288.0,82368.0,2023-08-05
600157.SH,1998-08-20,15.3,5.5465,9.9838,3.29,69.855,69.855,10.4608,6.0184,6.0184,,,9469.2312,3531.024,1961.68,144879.2374,54024.6672,2023-08-05
600073.SH,1998-08-20,6.51,0.9053,0.9053,1.08,27.5342,20.6708,2.6661,3.6325,3.5448,,,32400.0,12000.0,12000.0,210924.0,78120.0,2023-08-05
000063.SZ,1998-08-20,34.84,0.8034,0.8034,0.5,74.4069,45.5629,10.746,13.7984,8.015,,0.3444,25000.0,6500.0,6500.0,871000.0,226460.0,2023-08-05
000033.SZ,1998-08-20,6.55,5.4122,5.4122,1.35,,,3.7521,14.2704,14.7527,0.0,,28772.3488,5733.0,5733.0,188458.8846,37551.15,2023-08-05
600137.SH,1998-08-20,10.15,1.8109,2.1731,1.71,62.1647,62.1647,6.1708,4.2575,4.2575,,,6071.1288,1740.0,1450.0,61621.9573,17661.0,2023-08-05
600868.SH,1998-08-20,7.95,0.5018,0.6125,1.31,24.353,20.6791,4.6835,9.8495,8.7909,,,43396.1079,31099.3143,25478.9563,344999.0578,247239.5487,2023-08-05
600885.SH,1998-08-20,8.93,3.4141,4.4383,1.15,239.4699,239.4699,3.8784,4.6555,4.6555,0.0,,9271.938,2340.0,1800.0,82798.4063,20896.2,2023-08-05
600002.SH,1998-08-20,4.49,1.0986,1.0986,1.15,16.1662,16.1662,2.0259,1.8168,1.8168,,,195000.0,31500.0,31500.0,875550.0,141435.0,2023-08-05
600069.SH,1998-08-20,12.57,0.5005,0.5005,0.78,34.1195,34.7713,4.363,8.1698,12.273,,3.9777,16000.0,4000.0,4000.0,201120.0,50280.0,2023-08-05
000045.SZ,1998-08-20,7.92,1.4692,2.5062,1.33,72.5814,72.5814,3.1134,6.149,6.149,0.0,,16341.6,2217.6,1300.0,129425.472,17563.392,2023-08-05
600802.SH,1998-08-20,5.48,1.175,1.175,1.62,28.4771,28.792,2.1811,4.1592,4.144,1.4037,,25235.5495,9625.33,9625.33,138290.8113,52746.8084,2023-08-05
000416.SZ,1998-08-20,7.35,5.9546,10.7183,2.71,39.2026,39.2026,3.9569,1.912,1.912,,8.1486,11367.9049,3240.0,1800.0,83554.101,23814.0,2023-08-05
000543.SZ,1998-08-20,6.08,0.8956,0.8956,1.85,18.03,21.6993,2.2036,6.0348,6.8851,3.0364,,77300.8816,13013.0,13013.0,469989.3601,79119.04,2023-08-05
000594.SZ,1998-08-20,10.13,1.202,3.0291,1.26,72.7142,72.7142,7.7589,12.2087,12.2087,0.3526,1.0166,13224.96,4586.4,1820.0,133968.8448,46460.232,2023-08-05
000651.SZ,1998-08-20,35.06,0.9081,0.9081,0.87,28.7396,26.873,5.4656,1.6516,1.4816,2.194,2.194,16260.0,5460.0,5460.0,570075.6,191427.6,2023-08-05
000856.SZ,1998-08-20,7.08,11.6324,11.6324,0.47,34.8229,34.8229,3.2096,2.8817,2.8817,,,16000.0,4500.0,4500.0,113280.0,31860.0,2023-08-05
600646.SH,1998-08-20,35.6,1.0327,3.78,1.15,68.6888,68.6888,13.5254,6.2832,6.2832,,,8660.7166,1464.1,400.0,308321.511,52121.96,2023-08-05
600090.SH,1998-08-20,13.3,1.5547,1.5547,1.22,26.2671,26.2671,4.5016,6.7645,6.7645,,,8000.0,3000.0,3000.0,106400.0,39900.0,2023-08-05
600118.SH,1998-08-20,7.28,0.7698,0.7698,1.19,31.1386,31.1386,3.8015,4.5332,4.5332,,,11844.0,4500.0,4500.0,86224.32,32760.0,2023-08-05
000692.SZ,1998-08-20,23.77,2.2799,2.2799,1.61,53.8459,32.5566,6.4763,10.8722,10.2185,0.3984,1.4023,10559.9998,2639.9989,2639.9989,251011.1952,62752.7739,2023-08-05
600116.SH,1998-08-20,11.0,1.3478,1.3478,1.11,31.6046,28.9352,3.2137,14.4805,14.2336,,1.0909,15888.0,5000.0,5000.0,174768.0,55000.0,2023-08-05
000738.SZ,1998-08-20,6.21,1.7883,2.3248,2.18,16.3041,17.842,2.165,1.6293,2.0912,,,37050.0,11050.0,8500.0,230080.5,68620.5,2023-08-05
600621.SH,1998-08-20,7.55,0.6923,0.6923,0.97,42.4013,39.8672,4.045,5.3171,5.3947,,,23376.89,5733.2209,5733.2209,176495.5195,43285.8178,2023-08-05
600652.SH,1998-08-20,13.34,2.5957,39358.75,2.23,77.5421,77.5421,7.7777,9.3308,9.3308,0.0,,12130.56,12130.56,0.8,161821.6704,161821.6704,2023-08-05
600742.SH,1998-08-20,13.14,1.1986,2.1574,1.46,23.7004,23.7004,5.7082,2.7955,2.7955,1.9026,,10890.0,2790.0,1550.0,143094.6,36660.6,2023-08-05
600663.SH,1998-08-20,15.45,0.3156,0.3156,0.74,46.2844,51.6019,4.7663,18.8355,19.3377,0.0,,133406.0,11466.0,11466.0,2061122.7,177149.7,2023-08-05
000673.SZ,1998-08-20,11.93,0.687,0.687,1.36,31.2935,27.4508,5.4691,6.6616,6.6821,,,10200.0,3000.0,3000.0,121686.0,35790.0,2023-08-05
000817.SZ,1998-08-20,4.42,1.4372,1.4372,1.3,23.5295,25.9759,2.145,3.7712,4.1121,,,110000.0,18000.0,18000.0,486200.0,79560.0,2023-08-05
600822.SH,1998-08-20,7.16,1.5355,1.5355,1.54,235.8534,431.261,4.3036,2.2757,1.9264,,,22974.5725,1210.0,1210.0,164497.9391,8663.6,2023-08-05
000611.SZ,1998-08-20,6.19,1.267,1.5205,1.91,36.2723,36.4054,3.9517,3.2039,3.1451,,0.8078,15416.3976,3992.9656,3327.2914,95427.5011,24716.4571,2023-08-05
000662.SZ,1998-08-20,7.32,1.0996,1.0996,0.99,41.5375,57.5744,4.4224,3.9208,3.8904,,,10713.75,2998.275,2998.275,78424.65,21947.373,2023-08-05
600128.SH,1998-08-20,13.0,0.7509,0.7509,0.69,31.3528,27.9408,3.5196,1.4078,1.4172,,,11648.75,3500.0,3500.0,151433.75,45500.0,2023-08-05
600789.SH,1998-08-20,6.55,2.7138,2.7138,3.98,22.7542,23.2331,2.3437,3.1157,3.4098,2.7759,1.6655,32851.5,8800.0,8800.0,215177.325,57640.0,2023-08-05
000768.SZ,1998-08-20,12.67,2.1972,2.1972,1.79,33.5559,25.6106,3.588,5.4855,4.5426,,,17000.0,6000.0,6000.0,215390.0,76020.0,2023-08-05
000006.SZ,1998-08-20,11.88,2.5653,2.8219,6.83,25.6505,33.7605,2.7588,2.3098,2.264,0.45,2.4594,25359.1631,15780.7037,14346.0945,301266.8576,187474.76,2023-08-05
000050.SZ,1998-08-20,15.45,2.7072,2.7072,1.22,38.87,40.9127,5.242,8.2017,8.4832,0.3699,6.9809,11627.0,1694.0,1694.0,179637.15,26172.3,2023-08-05
000503.SZ,1998-08-20,6.36,0.3178,0.3178,0.37,,,5.3394,7.2603,7.4672,0.0,,20134.5409,6979.9515,6979.9515,128055.6801,44392.4915,2023-08-05
600738.SH,1998-08-20,7.11,1.667,2.0004,1.69,28.2989,28.0953,3.0544,1.1361,1.2027,,,9628.8,5250.24,4375.2,68460.768,37329.2064,2023-08-05
000523.SZ,1998-08-20,4.62,0.5103,0.5103,0.97,34.018,33.6116,2.1046,2.1275,2.8644,,,22935.0622,9413.1939,9413.1939,105959.9874,43488.9558,2023-08-05
000671.SZ,1998-08-20,9.84,2.2973,2.8717,0.98,53.2675,55.396,6.4556,18.1963,14.7331,,,6798.078,2078.928,1663.1424,66893.0875,20456.6515,2023-08-05
000678.SZ,1998-08-20,8.57,1.7271,1.7271,2.75,22.1443,30.8162,2.3386,2.689,2.7775,,,12086.5568,3094.119,3094.119,103581.7918,26516.5998,2023-08-05
000759.SZ,1998-08-20,13.58,1.0244,1.0244,2.27,54.473,38.7634,5.371,4.703,3.5104,,0.4463,14863.2,8679.0,8679.0,201842.256,117860.82,2023-08-05
000868.SZ,1998-08-20,9.67,1.8388,1.8388,1.41,28.346,26.5668,2.751,3.2159,2.8566,,,14000.0,6000.0,6000.0,135380.0,58020.0,2023-08-05
000023.SZ,1998-08-20,9.09,2.3923,2.7511,1.83,36.5765,120.4596,4.3084,8.1868,6.9763,0.0,1.1495,13214.88,4399.164,3825.36,120123.2592,39988.4008,2023-08-05
000017.SZ,1998-08-20,5.63,0.781,2.1796,1.59,,,2.3461,5.7725,5.7725,0.0,,47943.3003,7675.2,2750.0,269920.7807,43211.376,2023-08-05
000498.SZ,1998-08-20,12.97,2.5043,2.5043,2.89,39.5974,30.882,3.7478,3.9277,3.731,,,19500.0,6000.0,6000.0,252915.0,77820.0,2023-08-05
000625.SZ,1998-08-20,4.14,0.6463,0.6463,1.03,25.3782,36.7531,2.1264,1.736,1.7366,,0.5842,122666.6,16800.0,16800.0,507839.724,69552.0,2023-08-05
000791.SZ,1998-08-20,4.75,1.7318,3.048,1.87,35.145,35.8764,2.4848,5.4493,6.3139,,,18900.0,7920.0,4500.0,89775.0,37620.0,2023-08-05
000007.SZ,1998-08-20,6.44,1.0434,1.0434,1.5,28.5895,46.156,2.8683,5.322,4.0498,,,14359.3664,7956.0961,7956.0961,92474.3196,51237.2589,2023-08-05
600728.SH,1998-08-20,7.77,0.8663,0.8663,1.66,23.5283,34.2548,4.8983,3.0943,4.2016,3.4749,11.7868,15700.0,4800.0,4800.0,121989.0,37296.0,2023-08-05
600847.SH,1998-08-20,7.57,2.3724,6.1065,1.56,,,5.4699,5.5085,5.5085,,,8866.0,3989.7,1550.0,67115.62,30202.029,2023-08-05
600898.SH,1998-08-20,7.8,4.8436,5.9614,3.24,19.6492,40.7801,3.797,0.2187,0.2418,,,19758.2119,10709.92,8701.81,154114.0528,83537.376,2023-08-05
600126.SH,1998-08-20,8.3,2.5699,2.5699,1.42,27.227,27.227,3.0123,1.2715,1.2715,,,40000.0,7650.0,7650.0,332000.0,63495.0,2023-08-05
600628.SH,1998-08-20,8.31,0.9391,1.033,1.52,25.6467,23.2403,3.7421,0.8852,0.8895,,1.094,18890.8537,6281.7638,5710.6944,156982.9942,52201.4572,2023-08-05
000806.SZ,1998-08-20,17.33,7.1876,7.1876,2.15,53.9077,53.9077,5.561,10.7133,10.7133,,,8220.0,2100.0,2100.0,142452.6,36393.0,2023-08-05
600062.SH,1998-08-20,10.93,1.1583,1.1583,1.51,33.7906,46.2927,3.2876,6.7992,6.3295,,,14700.0,4700.0,4700.0,160671.0,51371.0,2023-08-05
600812.SH,1998-08-20,4.44,0.4347,0.4347,1.16,23.7989,30.4962,2.316,3.0445,3.2975,,,100388.1943,34820.7296,34820.7296,445723.5827,154604.0394,2023-08-05
000566.SZ,1998-08-20,8.16,2.8644,2.8644,0.68,,,4.4286,25.761,41.2077,,,20234.8992,8316.0,8316.0,165116.7775,67858.56,2023-08-05
000584.SZ,1998-08-20,7.96,4.0477,5.7882,4.44,23.4308,23.4308,2.3498,7.5843,7.5843,,,20223.508,5056.48,3536.0,160979.1237,40249.5808,2023-08-05
000681.SZ,1998-08-20,9.17,1.3032,1.3032,1.11,44.172,47.7,6.4322,3.6715,3.8196,,1.8299,10000.0,2500.0,2500.0,91700.0,22925.0,2023-08-05
600600.SH,1998-08-20,5.55,0.5007,0.5563,1.32,48.862,48.862,2.2701,3.2617,3.2617,0.0,,90000.0,10000.0,9000.0,499500.0,55500.0,2023-08-05
600615.SH,1998-08-20,14.85,0.9586,0.9586,0.8,50.5468,31.8654,4.8784,17.8844,8.3336,,,12935.687,2021.76,2021.76,192094.952,30023.136,2023-08-05
000763.SZ,1998-08-20,4.05,1.4408,1.4408,1.35,16.1045,16.1045,2.1424,0.6594,0.6594,,,72000.0,12000.0,12000.0,291600.0,48600.0,2023-08-05
600825.SH,1998-08-20,9.58,6.2172,6.2172,2.97,53.828,51.3167,5.3361,2.5406,2.4305,0.0,,10285.0165,2571.2665,2571.2665,98530.4581,24632.7331,2023-08-05
600876.SH,1998-08-20,5.32,5.268,6.585,1.03,,,2.0713,6.2621,6.2621,0.0,,70000.0,5000.0,4000.0,372400.0,26600.0,2023-08-05
600792.SH,1998-08-20,9.48,1.216,1.3511,0.98,73.8066,73.8066,3.6397,5.1181,5.1181,,,5100.0,1500.0,1350.0,48348.0,14220.0,2023-08-05
000056.SZ,1998-08-20,6.28,0.8799,1.0558,2.05,33.8589,41.7774,3.3062,6.4787,4.6439,0.0,,22090.1184,2880.0,2400.0,138725.9436,18086.4,2023-08-05
600725.SH,1998-08-20,9.98,2.3813,2.6459,2.32,47.6029,47.6029,3.0916,6.7095,6.7095,1.8036,,11000.0,3750.0,3375.0,109780.0,37425.0,2023-08-05
600840.SH,1998-08-20,6.36,0.7969,0.7969,1.01,31.7104,33.6314,5.1287,4.5608,3.1614,,,13975.1403,6437.0751,6437.0751,88881.8923,40939.7976,2023-08-05
000544.SZ,1998-08-20,5.56,3.4256,3.4256,1.85,153.4382,76.5052,3.1568,2.4778,2.4009,,,26945.9799,10519.7397,10519.7397,149819.6482,58489.7527,2023-08-05
600138.SH,1998-08-20,13.55,1.3162,1.3162,1.17,37.2679,37.2679,3.688,5.466,5.466,,,16000.0,6000.0,6000.0,216800.0,81300.0,2023-08-05
600724.SH,1998-08-20,10.25,0.3378,0.3378,1.25,40.8688,48.1738,4.3513,4.0503,4.1066,1.1891,1.1891,10252.2232,2572.6552,2572.6552,105085.2878,26369.7158,2023-08-05
000527.SZ,1998-08-20,11.33,2.8657,2.8657,0.46,29.1517,20.2506,2.6649,1.7232,1.3772,,3.2059,33094.1244,18222.0374,18222.0374,374956.4295,206455.6837,2023-08-05
600129.SH,1998-08-20,12.48,0.9253,0.9253,1.11,33.1687,28.7281,4.1674,5.0131,3.8302,,,23400.0,6000.0,6000.0,292032.0,74880.0,2023-08-05
600878.SH,1998-08-20,8.01,6.4271,21.6915,3.8,52.2412,52.2412,5.287,8.3347,8.3347,,4.3023,21879.2852,6348.888,1881.152,175253.0745,50854.5929,2023-08-05
000059.SZ,1998-08-20,7.16,0.5997,0.6663,0.9,20.4434,20.4434,3.3864,3.2488,3.2488,0.0,7.2679,61500.0,13000.0,11700.0,440340.0,93080.0,2023-08-05
000686.SZ,1998-08-20,8.23,1.3931,1.3931,0.88,26.4861,25.5161,3.6876,2.8943,2.9427,,,9430.2,2366.0,2366.0,77610.546,19472.18,2023-08-05
000752.SZ,1998-08-20,10.66,1.7088,1.8987,1.9,37.5931,37.5931,4.3735,13.9531,13.9531,,,6600.0,2500.0,2250.0,70356.0,26650.0,2023-08-05
000805.SZ,1998-08-20,9.28,2.2159,,1.11,65.3312,65.3312,6.5792,3.0177,3.0177,,,5721.825,1441.825,,53098.536,13380.136,2023-08-05
000809.SZ,1998-08-20,7.67,2.0549,2.0549,1.72,40.1148,40.1148,4.2565,4.7605,4.7605,,,11457.0,3500.0,3500.0,87875.19,26845.0,2023-08-05
600065.SH,1998-08-20,14.91,3.0392,3.3769,2.58,26.921,26.921,2.9864,3.3191,3.3191,,,16000.0,5000.0,4500.0,238560.0,74550.0,2023-08-05
000029.SZ,1998-08-20,5.38,0.4949,0.7317,1.28,51.825,51.825,2.185,4.5892,4.5892,,,101166.0,14784.0,10000.0,544273.08,79537.92,2023-08-05
600156.SH,1998-08-20,7.93,2.3637,2.6591,1.58,34.0015,34.0015,3.0947,3.8146,3.8146,,,31800.0,7650.0,6800.0,252174.0,60664.5,2023-08-05
000836.SZ,1998-08-20,28.53,1.1577,1.1577,0.58,66.5005,66.5005,8.6754,28.289,28.289,,,9375.4552,3000.0,3000.0,267481.7369,85590.0,2023-08-05
000667.SZ,1998-08-20,14.31,1.6618,3.3236,1.46,30.9362,30.9362,5.226,12.671,12.671,,,17502.0,4542.0,2271.0,250453.62,64996.02,2023-08-05
000783.SZ,1998-08-20,6.12,0.8156,0.8156,1.12,22.0266,20.7745,3.3417,2.1248,2.2263,,,108000.0,18000.0,18000.0,660960.0,110160.0,2023-08-05
000622.SZ,1998-08-20,11.4,1.2205,1.2205,1.23,41.8034,59.9445,4.9649,4.066,4.3409,,,6240.0,1560.0,1560.0,71136.0,17784.0,2023-08-05
600690.SH,1998-08-20,17.65,0.3014,0.3014,0.82,30.4297,29.8185,4.3246,1.9454,1.8106,1.874,7.2009,42174.8031,15596.2177,15596.2177,744385.2747,275273.2424,2023-08-05
000665.SZ,1998-08-20,7.82,4.0214,7.5087,3.51,33.6481,32.9747,4.1195,3.5128,3.886,,,12942.7845,3847.2144,2060.4,101212.5748,30085.2166,2023-08-05
600897.SH,1998-08-20,9.17,0.4692,0.4692,1.27,55.2444,57.3577,2.3877,16.0821,16.1187,,,27000.0,6750.0,6750.0,247590.0,61897.5,2023-08-05
000524.SZ,1998-08-20,5.36,0.5964,0.5964,1.44,20.5213,22.0562,1.9821,5.5535,5.6586,,12.7071,26967.3744,9898.4714,9898.4714,144545.1268,53055.8067,2023-08-05
600105.SH,1998-08-20,17.39,3.4737,3.4737,4.28,41.0519,37.203,5.6738,5.2676,4.8187,,,13500.0,3500.0,3500.0,234765.0,60865.0,2023-08-05
000607.SZ,1998-08-20,8.59,4.5396,4.5396,0.96,,,3.8608,3.9614,4.6536,0.6938,,15278.0,4500.0,4500.0,131238.02,38655.0,2023-08-05
000570.SZ,1998-08-20,11.7,4.5992,10.7315,3.86,18.4228,18.4228,3.109,1.5084,1.5084,3.0769,,35200.0,6300.0,2700.0,411840.0,73710.0,2023-08-05
600634.SH,1998-08-20,9.95,1.1048,1.2153,1.45,81.9712,78.5391,4.2116,5.8729,3.1296,,,7267.2736,3317.4781,3015.8,72309.3723,33008.9071,2023-08-05
600867.SH,1998-08-20,12.2,0.7069,0.7069,1.07,27.9994,25.9483,2.972,12.3556,11.5215,,,20800.8356,10108.8,10108.8,253770.1943,123327.36,2023-08-05
600180.SH,1998-08-20,15.19,1.6326,1.6326,0.71,55.7635,55.7635,5.6529,12.8173,12.8173,,,11900.0,2880.0,2880.0,180761.0,43747.2,2023-08-05
000609.SZ,1998-08-20,12.3,1.1846,1.1846,1.29,27.5891,42.959,5.8473,12.2274,14.7804,,,11114.9999,2925.124,2925.124,136714.4988,35979.0252,2023-08-05
600753.SH,1998-08-20,6.58,0.8297,1.475,1.24,36.1968,36.1968,3.6534,6.0499,6.0499,,,12800.0,3200.0,1800.0,84224.0,21056.0,2023-08-05
000755.SZ,1998-08-20,6.75,0.938,0.938,0.84,31.1269,24.8111,2.9697,6.2703,6.0052,,,25200.0,8400.0,8400.0,170100.0,56700.0,2023-08-05
600870.SH,1998-08-20,18.2,0.5195,0.5195,0.81,79.4387,47.3715,7.3991,2.5198,2.2123,,,18561.4875,5611.6125,5611.6125,337819.0725,102131.3475,2023-08-05
600743.SH,1998-08-20,18.95,3.4358,6.8717,1.87,45.7113,45.7113,9.3789,9.9712,9.9712,,,16000.0,3600.0,1800.0,303200.0,68220.0,2023-08-05
000813.SZ,1998-08-20,14.09,5.0993,5.0993,1.31,52.9233,60.7842,4.8355,6.4093,6.279,,,18782.0,4230.0,4230.0,264638.38,59600.7,2023-08-05
600803.SH,1998-08-20,12.0,0.6556,1.2745,0.71,37.3386,37.3386,4.6965,7.2881,7.2881,0.0,,7548.24,3888.0,2000.0,90578.88,46656.0,2023-08-05
000528.SZ,1998-08-20,4.55,0.8578,0.8578,1.4,60.2445,92.0259,2.007,2.0864,2.1759,2.0931,2.0931,32753.6793,10873.0438,10873.0438,149029.2408,49472.3493,2023-08-05
000675.SZ,1998-08-20,8.69,2.2323,2.2323,1.25,47.8799,56.1661,5.6254,5.7935,4.0028,,,11435.0262,3315.0,3315.0,99370.3777,28807.35,2023-08-05
000002.SZ,1998-08-20,9.4,0.7393,0.8133,1.4,24.9132,22.8576,2.4298,2.3936,2.2972,0.6732,1.4507,49594.3165,27069.4005,24608.5457,466186.5751,254452.3647,2023-08-05
000036.SZ,1998-08-20,6.28,3.8323,14.4113,0.95,,,8.2006,9.0534,9.0534,0.0915,,23970.339,11281.5,3000.0,150533.7289,70847.82,2023-08-05
600081.SH,1998-08-20,24.0,1.4016,1.4016,0.35,48.7951,39.8538,6.8046,9.5541,9.5654,,3.3333,5000.0,1250.0,1250.0,120000.0,30000.0,2023-08-05
000430.SZ,1998-08-20,8.12,2.3274,2.3274,1.9,41.5726,71.9226,4.5089,11.7496,20.3688,0.0,,10800.0,2700.0,2700.0,87696.0,21924.0,2023-08-05
000513.SZ,1998-08-20,7.17,0.6931,0.6931,1.03,50.7976,48.2057,2.1591,2.6687,2.6242,,,30603.5482,11566.2777,11566.2777,219427.4406,82930.2111,2023-08-05
000663.SZ,1998-08-20,13.5,6.108,7.9466,3.29,38.4192,24.0602,7.0332,9.769,7.6463,,,14749.02,4563.0,3507.2946,199111.77,61600.5,2023-08-05
600641.SH,1998-08-20,13.56,0.7095,0.7095,0.79,34.1011,20.858,7.0327,14.5717,7.5518,0.0,,26276.1408,4717.44,4717.44,356304.4692,63968.4864,2023-08-05
000851.SZ,1998-08-20,7.84,3.2533,3.6148,1.34,38.2527,38.2527,6.8711,6.4391,6.4391,,,17300.0,4500.0,4050.0,135632.0,35280.0,2023-08-05
600199.SH,1998-08-20,11.2,12.8639,12.8639,0.66,39.7445,39.7445,10.7194,3.4422,3.4422,,,19000.0,5850.0,5850.0,212800.0,65520.0,2023-08-05
600107.SH,1998-08-20,11.6,1.4682,1.4682,1.8,26.5659,33.56,2.6917,4.0864,4.9477,,0.6897,20000.0,5000.0,5000.0,232000.0,58000.0,2023-08-05
000572.SZ,1998-08-20,5.16,1.4414,1.4414,0.87,1055.3873,,3.1972,11.3507,9.6419,,,21589.451,8685.8903,8685.8903,111401.5672,44819.1939,2023-08-05
000718.SZ,1998-08-20,5.18,1.0671,1.0671,2.3,20.6558,15.6436,2.0568,3.9709,4.4097,,,35256.0,9360.0,9360.0,182626.08,48484.8,2023-08-05
600767.SH,1998-08-20,8.55,0.8548,1.1112,1.26,26.9903,26.9903,2.7092,11.9447,11.9447,,,13000.0,3250.0,2500.0,111150.0,27787.5,2023-08-05
000889.SZ,1998-08-20,5.71,2.7813,5.0063,1.39,44.1864,39.4954,4.27,3.0967,3.3387,,,19808.9999,5400.0,3000.0,113109.3894,30834.0,2023-08-05
600640.SH,1998-08-20,14.8,1.1261,1.1261,0.77,27.2151,31.8851,4.5547,8.5345,9.2695,1.6892,23.1161,36488.27,4266.1663,4266.1663,540026.396,63139.2612,2023-08-05
600831.SH,1998-08-20,5.59,1.8472,3.0123,1.36,106.6933,106.6933,10.8647,3.9419,3.9419,0.0,,11128.67,4634.54,2842.0,62209.2653,25907.0786,2023-08-05
600648.SH,1998-08-20,13.4,0.5241,1.2775,1.2,62.8757,62.8757,6.5583,10.0251,10.0251,0.7463,,61575.0,1950.0,800.0,825105.0,26130.0,2023-08-05
600748.SH,1998-08-20,7.15,0.6003,0.6603,0.93,19.1726,19.1726,2.6682,2.5846,2.5846,,,26400.0,6600.0,6000.0,188760.0,47190.0,2023-08-05
000819.SZ,1998-08-20,14.55,1.2699,1.2699,1.72,26.4596,28.7364,7.9418,6.4763,4.9147,,,10400.0,2894.62,2894.62,151320.0,42116.721,2023-08-05
000038.SZ,1998-08-20,11.43,6.6803,6.6803,1.89,97.0294,122.1696,5.816,5.4601,6.4933,0.5408,0.5408,9048.6,1914.0,1914.0,103425.498,21877.02,2023-08-05
000556.SZ,1998-08-20,6.08,1.5056,6.9712,1.55,40.6313,40.6313,4.5577,5.643,5.643,0.0,,24871.8128,11575.7106,2500.0,151220.6218,70380.3204,2023-08-05
600689.SH,1998-08-20,6.34,8.1124,41.373,1.27,145.2369,145.2369,3.321,3.6646,3.6646,0.1546,,14954.713,5100.0,1000.0,94812.8804,32334.0,2023-08-05
000876.SZ,1998-08-20,13.26,2.0225,2.0225,1.09,35.3552,38.9113,4.3459,4.0133,4.1002,,,14002.0,3600.0,3600.0,185666.52,47736.0,2023-08-05
600703.SH,1998-08-20,9.39,0.7063,0.7063,0.87,35.6033,32.7736,2.757,3.5955,4.6222,3.7899,,11951.6464,3200.0,3200.0,112225.9597,30048.0,2023-08-05
600723.SH,1998-08-20,6.82,1.7917,1.7917,1.46,22.096,20.5664,3.2982,1.3508,1.4202,,,32385.89,8551.43,8551.43,220871.7698,58320.7526,2023-08-05
000546.SZ,1998-08-20,5.85,2.0335,2.0335,2.32,24.4545,27.4293,2.5166,5.6041,4.5036,0.0,,16950.6479,6807.3165,6807.3165,99161.2902,39822.8015,2023-08-05
600850.SH,1998-08-20,13.75,1.344,1.344,0.73,66.4392,70.6441,6.6072,1.077,0.9175,0.6061,,6000.0,1500.0,1500.0,82500.0,20625.0,2023-08-05
000013.SZ,1998-08-20,5.85,0.7184,1.8435,1.29,88.603,88.603,2.4831,0.7219,0.7219,0.0,,30335.4979,5132.4002,2000.0,177462.6627,30024.5412,2023-08-05
600131.SH,1998-08-20,10.05,3.4382,3.782,2.45,38.5102,39.0229,4.4339,18.6983,18.1579,,3.7125,15193.268,3850.0,3500.0,152692.3434,38692.5,2023-08-05
000886.SZ,1998-08-20,10.64,1.4664,1.4664,1.99,25.0938,24.493,2.19,19.7445,20.6149,,1.8797,49441.415,7700.0,7700.0,526056.6556,81928.0,2023-08-05
600638.SH,1998-08-20,17.2,0.8044,0.8044,1.13,42.9538,44.2403,5.3049,10.3253,6.6548,,,51830.7374,8222.5088,8222.5088,891488.6833,141427.1514,2023-08-05
000022.SZ,1998-08-20,6.74,1.0492,1.0492,2.46,27.549,38.603,2.5237,6.4532,6.8824,,,38151.7,5060.0,5060.0,257142.458,34104.4,2023-08-05
600085.SH,1998-08-20,14.84,0.9308,0.9308,1.0,28.9945,26.5653,4.3864,4.7323,4.5158,,8.0863,20000.0,5000.0,5000.0,296800.0,74200.0,2023-08-05
600106.SH,1998-08-20,9.24,0.857,,0.83,33.3934,33.3934,3.8595,31.3393,31.3393,,1.4069,31000.0,9000.0,,286440.0,83160.0,2023-08-05
000739.SZ,1998-08-20,7.33,1.1728,1.5637,2.23,24.0916,24.0916,2.5023,1.5071,1.5071,,3.4106,7560.0,3600.0,2700.0,55414.8,26388.0,2023-08-05
000690.SZ,1998-08-20,11.88,0.7048,0.7048,1.38,31.0357,35.7374,4.9154,7.45,7.6649,,,10000.0,2500.0,2500.0,118800.0,29700.0,2023-08-05
000407.SZ,1998-08-20,7.99,2.6059,2.6059,1.84,36.8137,31.4223,3.8852,2.5444,1.9227,0.0,0.4172,14520.0,4189.368,4189.368,116014.8,33473.0503,2023-08-05
600637.SH,1998-08-20,8.14,1.1337,1.1337,1.92,51.874,37.7652,5.0209,2.8718,2.7383,0.0,,61528.4298,5527.764,5527.764,500841.4186,44995.999,2023-08-05
600786.SH,1998-08-20,6.5,1.7237,1.7237,1.47,31.8593,38.053,3.2067,1.3175,1.2083,4.3077,,21127.1181,5400.0,5400.0,137326.2677,35100.0,2023-08-05
600066.SH,1998-08-20,17.41,1.9991,1.9991,2.71,29.8112,28.4867,2.981,2.9105,2.5111,,3.4463,7300.0,3500.0,3500.0,127093.0,60935.0,2023-08-05
600684.SH,1998-08-20,7.5,0.5257,0.5257,1.55,38.6937,53.1502,2.1619,10.1592,10.1969,3.9297,2.1333,18703.9387,7224.751,7224.751,140279.5403,54185.6325,2023-08-05
600111.SH,1998-08-20,7.82,0.9315,0.9315,1.06,40.0553,40.0553,4.5118,14.1104,14.1104,,,36449.0,11200.0,11200.0,285031.18,87584.0,2023-08-05
000717.SZ,1998-08-20,8.01,1.4863,1.9321,2.44,18.9281,20.8137,2.7433,1.4803,1.3596,,,41600.0,10400.0,8000.0,333216.0,83304.0,2023-08-05
000699.SZ,1998-08-20,5.45,0.7546,0.981,1.17,23.3741,23.3741,2.345,2.4104,2.4104,,,22744.8,6500.0,5000.0,123959.16,35425.0,2023-08-05
000863.SZ,1998-08-20,17.18,1.8685,1.8685,0.87,61.5397,59.4333,6.7898,13.877,14.0542,,,5001.9258,1300.0,1300.0,85933.0852,22334.0,2023-08-05
000628.SZ,1998-08-20,10.79,0.2963,0.2963,0.39,30.5981,24.173,3.1076,5.2517,5.2168,,,16130.0,7200.0,7200.0,174042.7,77688.0,2023-08-05
000633.SZ,1998-08-20,29.06,1.8148,3.2104,1.35,185.2316,103.087,18.0291,42.9396,30.3364,0.0,,11886.0,3219.58,1820.0,345407.16,93560.9948,2023-08-05
000589.SZ,1998-08-20,8.74,0.7104,0.7104,1.93,22.8512,27.1229,3.0274,1.8424,1.87,0.0,2.2883,21800.9634,7999.9949,7999.9949,190540.4201,69919.9554,2023-08-05
000677.SZ,1998-08-20,10.95,2.0205,2.0205,1.46,46.8505,50.7873,6.6935,4.4739,4.2508,,,7669.35,2340.0,2340.0,83979.3825,25623.0,2023-08-05
600148.SH,1998-08-20,10.8,3.6289,3.6289,1.71,69.4308,69.4308,4.3436,7.4013,7.4013,,,7483.0,1800.0,1800.0,80816.4,19440.0,2023-08-05
600644.SH,1998-08-20,8.6,0.789,0.789,1.22,39.9867,37.0865,3.869,8.6025,8.4087,0.0,,13028.952,6190.4604,6190.4604,112048.9872,53237.9594,2023-08-05
600795.SH,1998-08-20,32.24,1.922,1.922,2.52,45.8515,32.939,14.2881,16.6053,13.0541,,,10608.0,2662.4,2662.4,342001.92,85835.776,2023-08-05
000031.SZ,1998-08-20,5.95,0.7923,0.7923,1.64,112.843,597.5401,2.2531,6.5644,6.5611,1.0756,,46630.2377,14066.2499,14066.2499,277449.9143,83694.1869,2023-08-05
000713.SZ,1998-08-20,12.28,2.5842,2.5842,2.03,27.0544,37.2355,2.948,7.179,6.4961,,,10800.0,4500.0,4500.0,132624.0,55260.0,2023-08-05
600609.SH,1998-08-20,5.16,1.1524,1.1524,1.12,40.3077,21.8368,2.9067,1.3589,1.3713,0.0,,97181.13,28000.0,28000.0,501454.6308,144480.0,2023-08-05
000027.SZ,1998-08-20,7.43,0.4344,1.5288,1.32,31.1067,31.1067,4.6689,4.8133,4.8133,0.6057,,90661.6206,29207.9594,8300.0,673615.8411,217015.1383,2023-08-05
000060.SZ,1998-08-20,14.85,2.258,2.258,2.36,28.726,27.0141,2.9591,1.3956,1.5261,1.3468,,8000.0,2000.0,2000.0,118800.0,29700.0,2023-08-05
000582.SZ,1998-08-20,12.0,0.9284,0.9284,0.6,66.5743,118.2609,6.9927,26.025,34.2736,,,14548.6,4400.0,4400.0,174583.2,52800.0,2023-08-05
000612.SZ,1998-08-20,7.37,0.994,0.994,1.06,36.2741,47.2576,3.3541,3.1091,3.3482,,,22470.631,5761.8,5761.8,165608.5505,42464.466,2023-08-05
600752.SH,1998-08-20,23.03,2.183,2.5104,1.14,53.8154,32.3766,8.8953,19.9242,12.1828,,,19219.6,5290.0,4600.0,442627.388,121828.7,2023-08-05
000709.SZ,1998-08-20,9.38,0.491,0.491,1.11,14.7924,14.7924,1.6169,1.5734,1.5734,,,79388.1929,12000.0,12000.0,744661.2494,112560.0,2023-08-05
000733.SZ,1998-08-20,12.29,6.8377,6.8377,1.26,39.2238,33.1192,4.2622,7.0629,6.0721,,,28000.0,11200.0,11200.0,344120.0,137648.0,2023-08-05
600864.SH,1998-08-20,7.42,1.1107,1.344,1.53,30.5877,30.5877,2.7631,3.7447,3.7447,1.2252,,10431.41,3025.0,2500.0,77401.0622,22445.5,2023-08-05
600082.SH,1998-08-20,6.33,2.3267,3.0247,1.44,37.1927,44.5406,1.922,1.8846,1.4396,,,14898.0783,3900.0,3000.0,94304.8356,24687.0,2023-08-05
600809.SH,1998-08-20,5.55,0.9063,0.9063,1.04,46.4764,88.5387,3.1182,5.3319,7.146,1.8018,3.6036,43292.4133,7150.0011,7150.0011,240272.8938,39682.5061,2023-08-05
600751.SH,1998-08-20,13.6,0.4301,0.4301,1.08,24.1891,24.1891,4.7925,6.1145,6.1145,,,23300.0,3464.0,3464.0,316880.0,47110.4,2023-08-05
000578.SZ,1998-08-20,9.41,2.066,4.4993,2.95,52.6026,52.6026,5.8977,6.7985,6.7985,1.2145,,10126.5424,2939.937,1350.0,95290.764,27664.8072,2023-08-05
600009.SH,1998-08-20,10.0,0.9934,1.1038,0.62,27.9516,27.9516,10.0297,16.8574,16.8574,,,90000.0,30000.0,27000.0,900000.0,300000.0,2023-08-05
600740.SH,1998-08-20,7.2,0.5014,0.6518,1.35,29.2105,27.2305,3.6399,4.8009,4.8344,0.0,8.3333,18160.0,6500.0,5000.0,130752.0,46800.0,2023-08-05
000603.SZ,1998-08-20,8.2,3.0105,3.0105,1.62,35.3495,61.4068,3.9504,9.0599,13.3656,0.0,,11186.25,2850.0,2850.0,91727.25,23370.0,2023-08-05
000632.SZ,1998-08-20,8.98,0.6089,0.6089,0.6,35.4415,53.9007,4.614,3.2226,3.3867,,,12828.4199,3207.5999,3207.5999,115199.2107,28804.2471,2023-08-05
000716.SZ,1998-08-20,10.15,1.6494,1.6494,1.91,40.8142,36.2819,4.7799,12.3719,10.7795,,,11913.1814,3600.0,3600.0,120918.7912,36540.0,2023-08-05
600110.SH,1998-08-20,17.58,6.7167,6.7167,2.84,49.2539,49.2539,6.1173,27.2632,27.2632,,4.2093,8896.0,3000.0,3000.0,156391.68,52740.0,2023-08-05
600120.SH,1998-08-20,22.3,0.9336,0.9336,0.65,26.1683,25.4292,3.8496,0.8095,0.7846,,5.9193,5000.0,1250.0,1250.0,111500.0,27875.0,2023-08-05
600625.SH,1998-08-20,7.4,0.9903,2.1725,0.98,,,4.0538,3.8602,3.8602,0.0,,23640.1,1754.94,800.0,174936.74,12986.556,2023-08-05
000782.SZ,1998-08-20,6.78,1.1717,1.1717,1.43,25.7673,24.1256,2.5673,2.4523,2.3975,,1.4749,34200.0,10000.0,10000.0,231876.0,67800.0,2023-08-05
000822.SZ,1998-08-20,6.65,8.5982,8.5982,5.88,26.0172,26.0172,2.606,2.7016,2.7016,,,42000.0,10800.0,10800.0,279300.0,71820.0,2023-08-05
600763.SH,1998-08-20,8.51,1.8132,1.8132,0.76,2492.129,,5.7633,,,,,16032.0,4032.0,4032.0,136432.32,34312.32,2023-08-05
000787.SZ,1998-08-20,18.67,2.7064,2.7064,0.52,62.579,62.1472,6.6134,3.4068,3.2074,,0.43,8935.01,2500.0,2500.0,166816.6367,46675.0,2023-08-05
600784.SH,1998-08-20,12.19,0.5983,0.5983,0.95,45.1195,36.7676,4.909,19.8245,15.3017,,,20521.215,5672.7,5672.7,250153.6109,69150.213,2023-08-05
001872.SZ,1998-08-20,6.74,1.0492,1.0492,2.46,27.549,38.603,2.5237,6.4532,6.8824,2.5074,,38151.7,5060.0,5060.0,257142.458,34104.4,2023-08-05
001914.SZ,1998-08-20,8.59,1.4419,1.4419,1.71,23.1479,27.8764,2.4563,2.0402,1.9928,0.8315,4.3944,13932.5472,3690.96,3690.96,119680.5804,31705.3464,2023-08-05
