security_code,trade_date,open,high,low,close,pre_close,change,pct_chg,vol,amount,data_date
300202.SZ,2012-08-10,21.99,23.62,21.74,23.2,21.89,1.31,5.98,14006.83,31866.8163,2023-08-01
300108.SZ,2012-08-10,8.63,8.71,8.55,8.66,8.64,0.02,0.23,14992.08,12944.5215,2023-08-01
600363.SH,2012-08-10,9.29,9.32,8.9,9.03,9.29,-0.26,-2.8,277455.16,251910.713,2023-08-01
002080.SZ,2012-08-10,9.24,9.48,9.16,9.42,9.25,0.17,1.84,29024.22,27129.9832,2023-08-01
002677.SZ,2012-08-10,9.09,9.11,8.91,9.0,9.08,-0.08,-0.88,23921.29,21533.7182,2023-08-01
002594.SZ,2012-08-10,15.42,15.61,15.25,15.43,15.4,0.03,0.19,77746.06,119840.2783,2023-08-01
600879.SH,2012-08-10,7.07,7.74,7.01,7.55,7.06,0.49,6.94,227106.14,168088.834,2023-08-01
000510.SZ,2012-08-10,5.22,5.35,5.1,5.25,5.25,0.0,0.0,121263.52,63286.6615,2023-08-01
000633.SZ,2012-08-10,5.33,5.42,5.25,5.25,5.29,-0.04,-0.76,7101.86,3794.3129,2023-08-01
000514.SZ,2012-08-10,4.82,4.87,4.78,4.84,4.88,-0.04,-0.82,26944.59,13008.1774,2023-08-01
002576.SZ,2012-08-10,7.02,7.05,6.93,7.02,7.01,0.01,0.14,8390.81,5868.5492,2023-08-01
600297.SH,2012-08-10,6.02,6.14,5.9,5.9,6.05,-0.15,-2.48,39018.71,23249.147,2023-08-01
002015.SZ,2012-08-10,7.05,7.25,7.02,7.16,7.06,0.1,1.42,25790.65,18412.011,2023-08-01
002527.SZ,2012-08-10,13.75,13.9,13.53,13.6,13.71,-0.11,-0.8,12000.57,16435.7644,2023-08-01
300069.SZ,2012-08-10,11.7,11.7,11.5,11.57,11.63,-0.06,-0.52,1699.08,1966.0661,2023-08-01
600184.SH,2012-08-10,15.67,15.76,15.42,15.49,15.67,-0.18,-1.15,20257.53,31479.916,2023-08-01
002380.SZ,2012-08-10,21.66,22.58,21.5,21.96,21.65,0.31,1.43,2553.69,5627.9568,2023-08-01
600730.SH,2012-08-10,6.18,6.24,6.15,6.2,6.19,0.01,0.16,13388.39,8298.904,2023-08-01
600383.SH,2012-08-10,5.65,5.66,5.5,5.53,5.67,-0.14,-2.47,599416.52,333279.909,2023-08-01
002492.SZ,2012-08-10,11.95,12.08,11.82,11.92,11.89,0.03,0.25,23688.67,28273.1821,2023-08-01
600408.SH,2012-08-10,3.86,3.91,3.78,3.8,3.87,-0.07,-1.81,81506.63,31172.853,2023-08-01
600841.SH,2012-08-10,12.26,12.35,12.0,12.29,12.38,-0.09,-0.73,25670.25,31321.042,2023-08-01
600707.SH,2012-08-10,4.91,4.99,4.89,4.91,4.9,0.01,0.2,53438.01,26365.394,2023-08-01
002320.SZ,2012-08-10,13.36,13.6,13.12,13.13,13.56,-0.43,-3.17,102367.27,135995.5825,2023-08-01
002634.SZ,2012-08-10,10.09,10.3,9.92,9.99,10.21,-0.22,-2.15,12216.7,12295.2232,2023-08-01
000565.SZ,2012-08-10,7.14,7.22,7.06,7.11,7.15,-0.04,-0.56,6027.38,4287.2483,2023-08-01
300243.SZ,2012-08-10,9.7,9.83,9.66,9.72,9.7,0.02,0.21,7578.67,7380.2332,2023-08-01
600178.SH,2012-08-10,5.66,5.79,5.65,5.71,5.7,0.01,0.18,34506.98,19746.954,2023-08-01
000878.SZ,2012-08-10,17.11,17.11,16.87,16.89,17.11,-0.22,-1.29,36375.3,61548.6237,2023-08-01
000886.SZ,2012-08-10,4.08,4.08,3.9,3.93,4.1,-0.17,-4.15,594996.01,235894.7708,2023-08-01
000502.SZ,2012-08-10,5.71,6.16,5.71,6.03,5.71,0.32,5.6,39455.61,23630.7011,2023-08-01
000963.SZ,2012-08-10,35.6,36.09,35.25,36.0,35.6,0.4,1.12,7512.68,26963.6023,2023-08-01
300197.SZ,2012-08-10,33.8,34.58,33.55,34.1,33.73,0.37,1.1,7823.24,26700.304,2023-08-01
000590.SZ,2012-08-10,14.1,14.14,13.83,13.99,14.12,-0.13,-0.92,15976.92,22323.0937,2023-08-01
601318.SH,2012-08-10,44.5,45.27,44.5,44.84,44.66,0.18,0.4,137099.96,616938.583,2023-08-01
600175.SH,2012-08-10,2.7,2.72,2.65,2.68,2.7,-0.02,-0.74,35900.27,9642.985,2023-08-01
000719.SZ,2012-08-10,12.33,12.65,12.2,12.2,12.42,-0.22,-1.77,89192.12,110719.7514,2023-08-01
002657.SZ,2012-08-10,29.7,29.97,29.44,29.52,29.9,-0.38,-1.27,7753.52,22969.2464,2023-08-01
600202.SH,2012-08-10,4.99,4.99,4.86,4.91,4.92,-0.01,-0.2,14980.1,7353.863,2023-08-01
600835.SH,2012-08-10,8.67,8.76,8.63,8.65,8.68,-0.03,-0.35,30592.47,26553.918,2023-08-01
002501.SZ,2012-08-10,17.8,17.9,17.58,17.66,17.85,-0.19,-1.06,19167.42,33949.9148,2023-08-01
002007.SZ,2012-08-10,25.83,26.9,25.68,26.9,25.84,1.06,4.1,101430.87,267442.0439,2023-08-01
600582.SH,2012-08-10,11.61,11.67,11.34,11.4,11.63,-0.23,-1.98,55321.84,63434.774,2023-08-01
300111.SZ,2012-08-10,6.56,6.76,6.48,6.65,6.57,0.08,1.22,46867.64,31167.3464,2023-08-01
002364.SZ,2012-08-10,16.29,16.3,16.05,16.1,16.23,-0.13,-0.8,2899.87,4684.9684,2023-08-01
002177.SZ,2012-08-10,5.77,5.88,5.71,5.77,5.77,0.0,0.0,85682.17,49681.4419,2023-08-01
600858.SH,2012-08-10,11.87,11.93,11.72,11.76,11.88,-0.12,-1.01,30502.83,35947.971,2023-08-01
300055.SZ,2012-08-10,19.26,19.26,18.89,18.95,19.3,-0.35,-1.81,14252.13,27165.6119,2023-08-01
000883.SZ,2012-08-10,9.22,9.22,9.22,9.22,8.38,0.84,10.02,114987.4,106018.3828,2023-08-01
600827.SH,2012-08-10,9.75,9.78,9.64,9.69,9.75,-0.06,-0.62,26561.6,25770.406,2023-08-01
600723.SH,2012-08-10,8.21,8.24,8.12,8.2,8.24,-0.04,-0.49,28109.48,22998.814,2023-08-01
002105.SZ,2012-08-10,4.32,4.35,4.25,4.27,4.37,-0.1,-2.29,12755.75,5469.3247,2023-08-01
300246.SZ,2012-08-10,13.55,13.55,13.25,13.32,13.4,-0.08,-0.6,4205.48,5628.8662,2023-08-01
600829.SH,2012-08-10,10.8,10.81,10.69,10.75,10.84,-0.09,-0.83,11706.3,12583.53,2023-08-01
600660.SH,2012-08-10,7.55,7.57,7.47,7.49,7.57,-0.08,-1.06,46244.74,34689.462,2023-08-01
002256.SZ,2012-08-10,5.62,5.75,5.57,5.66,5.62,0.04,0.71,17245.04,9803.993,2023-08-01
600837.SH,2012-08-10,9.81,9.82,9.65,9.74,9.83,-0.09,-0.92,288601.21,280649.565,2023-08-01
600426.SH,2012-08-10,7.75,7.78,7.5,7.56,7.77,-0.21,-2.7,80415.51,61255.567,2023-08-01
601231.SH,2012-08-10,12.35,12.63,12.3,12.43,12.34,0.09,0.73,69563.17,86862.883,2023-08-01
002543.SZ,2012-08-10,17.63,17.8,17.52,17.65,17.68,-0.03,-0.17,2630.76,4637.7507,2023-08-01
600105.SH,2012-08-10,6.06,6.59,5.95,6.57,6.01,0.56,9.32,102179.27,64181.309,2023-08-01
000507.SZ,2012-08-10,5.28,5.28,5.2,5.25,5.27,-0.02,-0.38,23769.58,12457.8783,2023-08-01
002004.SZ,2012-08-10,26.1,26.9,25.91,25.95,26.1,-0.15,-0.57,49202.91,129698.182,2023-08-01
002228.SZ,2012-08-10,4.95,5.07,4.91,4.99,4.95,0.04,0.81,11970.02,6005.3455,2023-08-01
600436.SH,2012-08-10,105.0,106.48,102.67,104.81,106.63,-1.82,-1.71,14396.47,150318.263,2023-08-01
600987.SH,2012-08-10,5.75,6.07,5.7,5.96,5.71,0.25,4.38,54724.85,32256.663,2023-08-01
601113.SH,2012-08-10,4.1,4.5,4.03,4.5,4.09,0.41,10.02,105319.65,45660.679,2023-08-01
600250.SH,2012-08-10,3.6,3.62,3.54,3.57,3.64,-0.07,-1.92,9149.56,3275.258,2023-08-01
000935.SZ,2012-08-10,8.11,8.17,7.68,7.68,8.21,-0.53,-6.46,138659.43,108902.0969,2023-08-01
002174.SZ,2012-08-10,16.36,17.1,16.0,16.05,16.36,-0.31,-1.89,33917.32,56028.291,2023-08-01
002281.SZ,2012-08-10,20.55,20.55,19.98,19.99,20.74,-0.75,-3.62,14116.94,28598.0706,2023-08-01
300307.SZ,2012-08-10,23.97,24.3,23.7,24.22,23.97,0.25,1.04,29111.45,70034.1772,2023-08-01
600027.SH,2012-08-10,4.05,4.1,4.01,4.09,4.06,0.03,0.74,154756.98,62923.968,2023-08-01
002389.SZ,2012-08-10,15.72,15.92,15.63,15.87,15.72,0.15,0.95,9739.44,15391.123,2023-08-01
002548.SZ,2012-08-10,12.64,12.85,12.56,12.66,12.7,-0.04,-0.32,14174.88,18021.596,2023-08-01
002405.SZ,2012-08-10,13.02,13.67,13.01,13.29,13.13,0.16,1.22,139313.19,186604.2218,2023-08-01
002599.SZ,2012-08-10,8.35,8.4,8.28,8.35,8.37,-0.02,-0.24,4176.49,3486.4699,2023-08-01
002199.SZ,2012-08-10,6.06,6.06,5.95,5.98,6.02,-0.04,-0.66,7251.07,4349.6167,2023-08-01
002336.SZ,2012-08-10,10.56,10.63,10.51,10.55,10.6,-0.05,-0.47,7262.48,7671.7037,2023-08-01
000966.SZ,2012-08-10,4.04,4.04,3.97,4.0,4.03,-0.03,-0.74,16362.86,6530.7177,2023-08-01
300339.SZ,2012-08-10,24.59,25.57,24.59,24.92,24.79,0.13,0.52,31844.27,79922.5026,2023-08-01
002471.SZ,2012-08-10,14.8,14.88,14.51,14.6,14.81,-0.21,-1.42,22280.99,32678.1144,2023-08-01
002209.SZ,2012-08-10,7.48,7.52,7.4,7.43,7.49,-0.06,-0.8,3444.32,2562.9399,2023-08-01
002511.SZ,2012-08-10,19.5,19.84,19.0,19.79,19.5,0.29,1.49,36072.13,70632.7016,2023-08-01
600088.SH,2012-08-10,11.99,12.17,11.85,11.98,12.12,-0.14,-1.16,57519.73,68976.111,2023-08-01
600231.SH,2012-08-10,4.06,4.09,4.03,4.08,4.06,0.02,0.49,28884.81,11717.458,2023-08-01
601886.SH,2012-08-10,19.61,19.98,19.41,19.8,19.5,0.3,1.54,35257.43,69802.689,2023-08-01
002247.SZ,2012-08-10,11.87,11.93,11.68,11.8,11.92,-0.12,-1.01,2479.01,2922.8637,2023-08-01
000718.SZ,2012-08-10,6.46,6.57,6.42,6.5,6.45,0.05,0.78,116881.55,75952.5822,2023-08-01
600157.SH,2012-08-10,9.48,9.48,9.19,9.23,9.48,-0.25,-2.64,155910.44,144829.604,2023-08-01
601238.SH,2012-08-10,7.33,7.38,7.21,7.22,7.33,-0.11,-1.5,19947.72,14501.525,2023-08-01
600075.SH,2012-08-10,6.31,6.57,6.25,6.51,6.34,0.17,2.68,46067.52,29573.912,2023-08-01
002406.SZ,2012-08-10,8.8,8.85,8.69,8.77,8.8,-0.03,-0.34,11440.73,10026.2478,2023-08-01
300304.SZ,2012-08-10,17.3,17.3,17.12,17.17,17.24,-0.07,-0.41,4743.43,8147.5217,2023-08-01
002036.SZ,2012-08-10,14.82,14.82,14.62,14.71,14.69,0.02,0.14,9221.65,13563.8618,2023-08-01
002115.SZ,2012-08-10,6.95,7.28,6.91,7.12,6.98,0.14,2.01,19806.88,14066.4602,2023-08-01
600220.SH,2012-08-10,2.93,3.0,2.91,2.95,2.92,0.03,1.03,76430.13,22535.408,2023-08-01
600787.SH,2012-08-10,8.39,8.48,8.29,8.31,8.4,-0.09,-1.07,64667.5,54036.865,2023-08-01
600599.SH,2012-08-10,9.88,9.9,9.78,9.82,9.87,-0.05,-0.51,10130.52,9966.429,2023-08-01
000971.SZ,2012-08-10,3.38,3.4,3.35,3.37,3.36,0.01,0.3,5407.41,1823.4622,2023-08-01
600135.SH,2012-08-10,6.99,7.0,6.84,6.95,7.0,-0.05,-0.71,59665.0,41232.438,2023-08-01
002449.SZ,2012-08-10,9.15,9.27,8.71,9.27,8.43,0.84,9.96,401090.36,366692.0687,2023-08-01
002338.SZ,2012-08-10,18.68,18.85,18.56,18.6,18.72,-0.12,-0.64,1636.67,3050.2931,2023-08-01
002591.SZ,2012-08-10,10.83,11.07,10.83,10.99,10.93,0.06,0.55,8275.21,9071.8286,2023-08-01
600222.SH,2012-08-10,4.35,4.38,4.31,4.36,4.36,0.0,0.0,19539.91,8490.753,2023-08-01
300028.SZ,2012-08-10,6.42,6.43,6.31,6.36,6.42,-0.06,-0.93,19160.64,12217.9916,2023-08-01
600070.SH,2012-08-10,7.08,7.3,7.05,7.18,7.09,0.09,1.27,64182.73,46216.085,2023-08-01
002523.SZ,2012-08-10,5.45,5.45,5.34,5.41,5.44,-0.03,-0.55,22497.06,12127.6525,2023-08-01
600750.SH,2012-08-10,24.95,24.95,24.3,24.55,24.84,-0.29,-1.17,17024.03,41737.058,2023-08-01
600190.SH,2012-08-10,3.79,3.8,3.73,3.78,3.77,0.01,0.27,17290.44,6508.167,2023-08-01
002448.SZ,2012-08-10,25.3,25.3,24.8,25.16,25.44,-0.28,-1.1,11862.74,29713.5111,2023-08-01
002622.SZ,2012-08-10,12.56,12.71,12.44,12.51,12.56,-0.05,-0.4,7785.41,9748.2019,2023-08-01
002127.SZ,2012-08-10,4.14,4.45,4.07,4.32,4.11,0.21,5.11,91107.62,38520.3416,2023-08-01
300188.SZ,2012-08-10,27.83,29.95,27.83,29.4,28.05,1.35,4.81,19590.55,56984.13,2023-08-01
000416.SZ,2012-08-10,5.44,5.53,5.4,5.48,5.44,0.04,0.74,12132.28,6637.8996,2023-08-01
600566.SH,2012-08-10,6.52,6.85,6.52,6.67,6.59,0.08,1.21,12661.8,8496.767,2023-08-01
300332.SZ,2012-08-10,9.95,10.03,9.68,9.81,9.99,-0.18,-1.8,68570.72,67283.6519,2023-08-01
600639.SH,2012-08-10,6.69,6.76,6.69,6.71,6.71,0.0,0.0,9579.91,6442.794,2023-08-01
600243.SH,2012-08-10,5.29,5.35,5.25,5.26,5.28,-0.02,-0.38,21198.91,11231.315,2023-08-01
600824.SH,2012-08-10,4.65,4.7,4.63,4.67,4.68,-0.01,-0.21,14005.04,6537.811,2023-08-01
002450.SZ,2012-08-10,20.8,21.45,20.41,20.45,20.79,-0.34,-1.64,117283.19,245026.7828,2023-08-01
600795.SH,2012-08-10,2.65,2.69,2.64,2.67,2.64,0.03,1.14,322903.2,86203.146,2023-08-01
000059.SZ,2012-08-10,7.3,7.39,7.24,7.33,7.28,0.05,0.69,41253.14,30175.2296,2023-08-01
600077.SH,2012-08-10,6.71,6.89,6.47,6.48,6.76,-0.28,-4.14,252815.14,167583.067,2023-08-01
600973.SH,2012-08-10,8.0,8.09,7.9,7.99,8.1,-0.11,-1.36,32723.31,26118.936,2023-08-01
600125.SH,2012-08-10,7.48,7.51,7.26,7.3,7.5,-0.2,-2.67,91779.13,67571.51,2023-08-01
600975.SH,2012-08-10,6.97,7.02,6.85,6.9,7.03,-0.13,-1.85,60400.34,41759.052,2023-08-01
000619.SZ,2012-08-10,7.67,7.75,7.6,7.64,7.75,-0.11,-1.42,27195.66,20826.3295,2023-08-01
002132.SZ,2012-08-10,5.1,5.26,5.07,5.17,5.12,0.05,0.98,81424.29,42124.5643,2023-08-01
002668.SZ,2012-08-10,11.44,11.54,11.36,11.37,11.41,-0.04,-0.35,15483.35,17716.7513,2023-08-01
002086.SZ,2012-08-10,12.55,12.57,12.34,12.41,12.52,-0.11,-0.88,25698.87,31959.0564,2023-08-01
002671.SZ,2012-08-10,25.57,25.9,25.21,25.6,25.86,-0.26,-1.01,7077.28,18103.5944,2023-08-01
000033.SZ,2012-08-10,4.4,4.45,4.33,4.4,4.44,-0.04,-0.9,19064.7,8367.7905,2023-08-01
000030.SZ,2012-08-10,7.45,7.54,7.25,7.31,7.44,-0.13,-1.75,16729.51,12324.4153,2023-08-01
600521.SH,2012-08-10,14.52,14.59,14.31,14.34,14.52,-0.18,-1.24,6690.44,9630.186,2023-08-01
002169.SZ,2012-08-10,5.28,5.3,5.24,5.27,5.25,0.02,0.38,25324.29,13351.7327,2023-08-01
300142.SZ,2012-08-10,46.6,47.0,45.51,45.89,46.76,-0.87,-1.86,7022.71,32367.6492,2023-08-01
600062.SH,2012-08-10,21.0,21.45,20.67,20.8,20.9,-0.1,-0.48,50374.67,106270.374,2023-08-01
600169.SH,2012-08-10,3.13,3.14,3.08,3.09,3.13,-0.04,-1.28,101382.9,31364.359,2023-08-01
002334.SZ,2012-08-10,12.5,12.78,12.42,12.74,12.57,0.17,1.35,14460.37,18280.8942,2023-08-01
002531.SZ,2012-08-10,15.15,15.15,14.75,14.75,15.16,-0.41,-2.7,21723.01,32330.3626,2023-08-01
600628.SH,2012-08-10,6.83,6.86,6.79,6.84,6.83,0.01,0.15,20452.47,13965.292,2023-08-01
300245.SZ,2012-08-10,9.39,9.5,9.19,9.2,9.55,-0.35,-3.66,26965.72,25086.7409,2023-08-01
002645.SZ,2012-08-10,13.22,13.24,12.85,13.13,13.23,-0.1,-0.76,20269.26,26473.6093,2023-08-01
000755.SZ,2012-08-10,6.42,6.42,6.27,6.29,6.43,-0.14,-2.18,38295.38,24206.6578,2023-08-01
000910.SZ,2012-08-10,5.1,5.1,5.02,5.09,5.1,-0.01,-0.2,10558.48,5343.7234,2023-08-01
601299.SH,2012-08-10,3.78,3.8,3.75,3.77,3.78,-0.01,-0.26,168361.95,63544.624,2023-08-01
300249.SZ,2012-08-10,12.88,12.88,12.47,12.52,12.79,-0.27,-2.11,6888.61,8668.1512,2023-08-01
600115.SH,2012-08-10,3.92,3.95,3.9,3.93,3.92,0.01,0.26,76718.76,30114.678,2023-08-01
300122.SZ,2012-08-10,27.12,27.5,26.82,27.25,26.96,0.29,1.08,5739.0,15617.9991,2023-08-01
002160.SZ,2012-08-10,7.67,7.73,7.57,7.62,7.67,-0.05,-0.65,12990.88,9915.4824,2023-08-01
600683.SH,2012-08-10,4.21,4.36,4.16,4.29,4.21,0.08,1.9,47306.93,20335.262,2023-08-01
002452.SZ,2012-08-10,11.38,11.97,11.38,11.79,11.42,0.37,3.24,22031.89,25909.9052,2023-08-01
000687.SZ,2012-08-10,4.75,4.76,4.69,4.73,4.73,0.0,0.0,11037.39,5216.0064,2023-08-01
002253.SZ,2012-08-10,14.14,14.22,13.85,13.95,14.12,-0.17,-1.2,6815.26,9552.6435,2023-08-01
000016.SZ,2012-08-10,3.25,3.25,3.2,3.23,3.25,-0.02,-0.62,43676.03,14082.1101,2023-08-01
601158.SH,2012-08-10,5.71,5.76,5.7,5.73,5.74,-0.01,-0.17,28801.73,16482.847,2023-08-01
002682.SZ,2012-08-10,9.31,9.4,9.26,9.28,9.31,-0.03,-0.32,16519.62,15401.7373,2023-08-01
000950.SZ,2012-08-10,5.73,6.03,5.71,5.87,5.73,0.14,2.44,68473.9,40586.0203,2023-08-01
300106.SZ,2012-08-10,11.5,11.89,11.32,11.77,11.65,0.12,1.03,33415.66,38587.2895,2023-08-01
600967.SH,2012-08-10,18.42,18.51,18.24,18.41,18.41,0.0,0.0,2961.53,5434.656,2023-08-01
002485.SZ,2012-08-10,9.53,9.99,9.52,9.82,9.6,0.22,2.29,29336.14,28665.0363,2023-08-01
002141.SZ,2012-08-10,4.86,4.92,4.82,4.87,4.86,0.01,0.21,9331.22,4534.996,2023-08-01
600285.SH,2012-08-10,11.27,11.43,11.18,11.24,11.25,-0.01,-0.09,18423.49,20807.524,2023-08-01
300179.SZ,2012-08-10,11.9,12.2,11.76,11.92,11.95,-0.03,-0.25,9890.96,11812.7045,2023-08-01
300291.SZ,2012-08-10,53.68,53.85,52.65,53.15,53.47,-0.32,-0.6,4277.06,22719.3014,2023-08-01
002686.SZ,2012-08-10,19.21,19.47,18.7,18.75,19.34,-0.59,-3.05,27317.51,51730.6047,2023-08-01
300303.SZ,2012-08-10,27.53,27.93,27.25,27.25,27.96,-0.71,-2.54,27654.4,76023.4801,2023-08-01
600114.SH,2012-08-10,9.27,9.34,9.15,9.19,9.3,-0.11,-1.18,30829.75,28431.906,2023-08-01
600609.SH,2012-08-10,1.99,2.0,1.97,1.99,1.99,0.0,0.0,33284.06,6613.697,2023-08-01
300211.SZ,2012-08-10,13.91,14.09,13.9,14.04,14.03,0.01,0.07,1699.67,2381.1079,2023-08-01
300200.SZ,2012-08-10,13.88,13.93,13.72,13.83,13.89,-0.06,-0.43,1503.85,2080.8622,2023-08-01
600776.SH,2012-08-10,5.17,5.17,5.1,5.11,5.17,-0.06,-1.16,17713.75,9072.616,2023-08-01
601801.SH,2012-08-10,11.74,11.87,11.66,11.7,11.89,-0.19,-1.6,36368.66,42718.911,2023-08-01
002637.SZ,2012-08-10,10.44,10.52,10.28,10.43,10.53,-0.1,-0.95,14796.78,15383.234,2023-08-01
600688.SH,2012-08-10,5.36,5.4,5.34,5.37,5.38,-0.01,-0.19,25878.22,13890.097,2023-08-01
300201.SZ,2012-08-10,6.03,6.07,5.98,6.02,6.03,-0.01,-0.17,8797.91,5300.0862,2023-08-01
600260.SH,2012-08-10,14.35,14.56,13.95,14.17,14.48,-0.31,-2.14,332804.86,472524.557,2023-08-01
601808.SH,2012-08-10,17.36,17.4,17.15,17.18,17.39,-0.21,-1.21,58424.28,100714.216,2023-08-01
601607.SH,2012-08-10,11.24,11.27,11.11,11.15,11.28,-0.13,-1.15,82405.55,92153.29,2023-08-01
601233.SH,2012-08-10,9.15,9.77,9.05,9.27,9.25,0.02,0.22,277855.44,261142.99,2023-08-01
600532.SH,2012-08-10,7.78,8.13,7.71,8.05,7.75,0.3,3.87,14896.54,11891.593,2023-08-01
000419.SZ,2012-08-10,4.86,4.97,4.84,4.97,4.86,0.11,2.26,43618.97,21445.256,2023-08-01
000901.SZ,2012-08-10,10.01,10.23,9.95,10.18,10.06,0.12,1.19,21729.29,21982.7275,2023-08-01
000979.SZ,2012-08-10,6.77,6.92,6.66,6.85,6.81,0.04,0.59,65844.84,44684.0819,2023-08-01
600048.SH,2012-08-10,10.88,10.92,10.56,10.63,10.92,-0.29,-2.66,310234.57,331873.535,2023-08-01
002438.SZ,2012-08-10,15.32,15.35,15.14,15.16,15.37,-0.21,-1.37,16821.79,25603.6337,2023-08-01
000800.SZ,2012-08-10,9.02,9.28,8.95,9.16,9.01,0.15,1.66,52566.06,47921.0223,2023-08-01
600830.SH,2012-08-10,7.58,7.8,7.51,7.64,7.61,0.03,0.39,96113.65,73949.035,2023-08-01
002229.SZ,2012-08-10,5.56,5.74,5.52,5.57,5.56,0.01,0.18,38422.45,21536.4979,2023-08-01
300330.SZ,2012-08-10,12.55,12.65,12.43,12.52,12.59,-0.07,-0.56,7689.33,9627.5745,2023-08-01
000679.SZ,2012-08-10,5.75,5.86,5.68,5.7,5.72,-0.02,-0.35,24446.91,14044.1042,2023-08-01
600801.SH,2012-08-10,12.17,12.28,11.93,12.03,12.29,-0.26,-2.12,26628.02,32105.247,2023-08-01
002285.SZ,2012-08-10,13.21,13.37,13.12,13.24,13.29,-0.05,-0.38,4903.38,6488.2626,2023-08-01
300229.SZ,2012-08-10,13.6,13.63,13.19,13.36,13.6,-0.24,-1.76,7294.27,9767.0117,2023-08-01
600794.SH,2012-08-10,11.31,11.35,11.15,11.17,11.4,-0.23,-2.02,8807.54,9881.539,2023-08-01
002463.SZ,2012-08-10,4.34,4.44,4.32,4.33,4.36,-0.03,-0.69,40509.52,17720.7401,2023-08-01
601268.SH,2012-08-10,5.45,5.53,5.44,5.48,5.46,0.02,0.37,26200.34,14358.382,2023-08-01
300206.SZ,2012-08-10,22.38,22.55,21.95,22.45,22.4,0.05,0.22,3895.44,8681.5111,2023-08-01
600616.SH,2012-08-10,12.43,12.47,12.2,12.3,12.49,-0.19,-1.52,40828.41,50261.973,2023-08-01
000552.SZ,2012-08-10,16.5,16.53,16.2,16.27,16.57,-0.3,-1.81,27784.62,45421.6017,2023-08-01
000032.SZ,2012-08-10,5.75,5.76,5.64,5.72,5.71,0.01,0.18,8672.03,4941.2145,2023-08-01
600881.SH,2012-08-10,5.42,5.44,5.35,5.37,5.4,-0.03,-0.56,63207.67,34066.431,2023-08-01
601567.SH,2012-08-10,8.16,8.25,8.12,8.17,8.19,-0.02,-0.24,13326.04,10905.22,2023-08-01
000812.SZ,2012-08-10,4.1,4.15,4.06,4.1,4.09,0.01,0.24,32345.81,13259.9,2023-08-01
600650.SH,2012-08-10,6.93,6.94,6.89,6.9,6.93,-0.03,-0.43,2836.86,1960.413,2023-08-01
000600.SZ,2012-08-10,4.49,4.61,4.46,4.58,4.5,0.08,1.78,31985.34,14585.2681,2023-08-01
002535.SZ,2012-08-10,7.54,7.55,7.36,7.4,7.54,-0.14,-1.86,23767.24,17668.8558,2023-08-01
300135.SZ,2012-08-10,7.2,7.27,7.14,7.15,7.2,-0.05,-0.69,13285.89,9562.5732,2023-08-01
600191.SH,2012-08-10,6.9,6.92,6.68,6.92,6.29,0.63,10.02,279378.77,191904.282,2023-08-01
601088.SH,2012-08-10,22.68,22.75,22.38,22.49,22.75,-0.26,-1.14,74952.23,169041.798,2023-08-01
600439.SH,2012-08-10,5.54,5.7,5.48,5.5,5.58,-0.08,-1.43,181020.66,101098.28,2023-08-01
601600.SH,2012-08-10,6.16,6.19,6.12,6.15,6.17,-0.02,-0.32,52644.08,32386.639,2023-08-01
601566.SH,2012-08-10,24.51,24.66,24.18,24.55,24.51,0.04,0.16,17958.27,43938.951,2023-08-01
000785.SZ,2012-08-10,6.69,6.78,6.69,6.74,6.74,0.0,0.0,20041.0,13513.9077,2023-08-01
000799.SZ,2012-08-10,55.99,56.79,54.1,56.3,56.1,0.2,0.36,127426.98,706907.0415,2023-08-01
002231.SZ,2012-08-10,8.25,8.37,8.12,8.16,8.37,-0.21,-2.51,54451.04,44806.5564,2023-08-01
601992.SH,2012-08-10,6.3,6.37,6.22,6.26,6.34,-0.08,-1.26,90529.16,56642.472,2023-08-01
600103.SH,2012-08-10,3.23,3.44,3.22,3.28,3.23,0.05,1.55,471271.01,156759.765,2023-08-01
000716.SZ,2012-08-10,10.59,10.64,10.25,10.37,10.59,-0.22,-2.08,10664.57,11107.5856,2023-08-01
300071.SZ,2012-08-10,7.89,8.08,7.7,8.05,7.99,0.06,0.75,49493.35,39110.5544,2023-08-01
002552.SZ,2012-08-10,9.97,10.05,9.85,10.0,10.04,-0.04,-0.4,6396.5,6371.6555,2023-08-01
600421.SH,2012-08-10,4.4,4.45,4.31,4.4,4.37,0.03,0.69,7109.32,3114.023,2023-08-01
600284.SH,2012-08-10,7.06,7.16,7.05,7.09,7.12,-0.03,-0.42,32814.56,23309.646,2023-08-01
600468.SH,2012-08-10,12.49,12.84,12.41,12.72,12.55,0.17,1.35,18837.92,23784.059,2023-08-01
600377.SH,2012-08-10,5.08,5.09,5.06,5.07,5.08,-0.01,-0.2,21782.33,11050.299,2023-08-01
601588.SH,2012-08-10,2.75,2.76,2.74,2.75,2.75,0.0,0.0,11527.47,3167.41,2023-08-01
600644.SH,2012-08-10,8.26,8.74,8.25,8.44,8.31,0.13,1.56,82429.59,69698.013,2023-08-01
600812.SH,2012-08-10,5.75,5.89,5.75,5.8,5.71,0.09,1.58,73334.54,42695.145,2023-08-01
600354.SH,2012-08-10,7.17,7.26,7.06,7.08,7.23,-0.15,-2.07,227042.29,161663.803,2023-08-01
600761.SH,2012-08-10,8.42,8.42,8.24,8.39,8.4,-0.01,-0.12,26982.17,22508.33,2023-08-01
000652.SZ,2012-08-10,3.63,3.69,3.62,3.63,3.67,-0.04,-1.09,36202.24,13205.8713,2023-08-01
600897.SH,2012-08-10,12.6,12.87,12.53,12.65,12.65,0.0,0.0,9272.09,11796.365,2023-08-01
600395.SH,2012-08-10,17.65,17.65,17.2,17.35,17.67,-0.32,-1.81,80499.44,139955.291,2023-08-01
002524.SZ,2012-08-10,6.03,6.45,6.03,6.27,6.09,0.18,2.96,71775.63,44980.7866,2023-08-01
600548.SH,2012-08-10,3.63,3.64,3.6,3.62,3.63,-0.01,-0.28,13643.72,4937.026,2023-08-01
002043.SZ,2012-08-10,3.72,3.72,3.65,3.67,3.72,-0.05,-1.34,11083.02,4076.5603,2023-08-01
600108.SH,2012-08-10,5.27,5.34,5.25,5.31,5.26,0.05,0.95,128006.27,67785.557,2023-08-01
600655.SH,2012-08-10,7.14,7.16,7.07,7.09,7.16,-0.07,-0.98,31095.37,22111.762,2023-08-01
300318.SZ,2012-08-10,17.29,17.29,16.97,17.19,17.2,-0.01,-0.06,11841.24,20264.628,2023-08-01
002540.SZ,2012-08-10,12.46,12.74,12.45,12.65,12.51,0.14,1.12,13481.36,16979.8741,2023-08-01
600712.SH,2012-08-10,4.25,4.32,4.21,4.26,4.24,0.02,0.47,28889.89,12322.017,2023-08-01
600279.SH,2012-08-10,6.71,6.85,6.68,6.78,6.73,0.05,0.74,14714.23,9922.128,2023-08-01
002128.SZ,2012-08-10,13.86,13.89,13.67,13.69,13.84,-0.15,-1.08,21028.1,28901.549,2023-08-01
600613.SH,2012-08-10,21.08,21.79,20.7,20.9,21.46,-0.56,-2.61,62221.19,131983.309,2023-08-01
002144.SZ,2012-08-10,14.06,14.99,13.95,14.71,14.07,0.64,4.55,66521.3,95974.2151,2023-08-01
002139.SZ,2012-08-10,6.68,6.73,6.59,6.65,6.75,-0.1,-1.48,31337.99,20834.9247,2023-08-01
000546.SZ,2012-08-10,7.02,7.09,6.8,6.8,7.12,-0.32,-4.49,22903.26,15932.7115,2023-08-01
002049.SZ,2012-08-10,21.17,22.06,21.17,21.49,21.1,0.39,1.85,30430.9,65835.0429,2023-08-01
300266.SZ,2012-08-10,16.55,16.55,16.03,16.11,16.41,-0.3,-1.83,12945.62,20944.2389,2023-08-01
002250.SZ,2012-08-10,18.8,19.28,18.8,19.0,18.85,0.15,0.8,25528.33,48741.1855,2023-08-01
000707.SZ,2012-08-10,6.21,6.34,6.17,6.19,6.28,-0.09,-1.43,76655.97,47783.1587,2023-08-01
002571.SZ,2012-08-10,16.55,16.76,16.42,16.49,16.7,-0.21,-1.26,6943.92,11495.9054,2023-08-01
002416.SZ,2012-08-10,6.3,6.37,6.24,6.34,6.31,0.03,0.48,22249.29,14022.2087,2023-08-01
000930.SZ,2012-08-10,4.54,4.6,4.51,4.57,4.54,0.03,0.66,63165.88,28788.4062,2023-08-01
002313.SZ,2012-08-10,24.7,25.01,23.75,23.82,24.5,-0.68,-2.78,18436.49,44881.4988,2023-08-01
002458.SZ,2012-08-10,13.53,13.57,13.36,13.43,13.53,-0.1,-0.74,9232.79,12406.1567,2023-08-01
600848.SH,2012-08-10,6.8,6.94,6.76,6.91,6.85,0.06,0.88,9284.56,6368.408,2023-08-01
000551.SZ,2012-08-10,5.65,5.7,5.51,5.6,5.76,-0.16,-2.78,183235.99,102776.1269,2023-08-01
300282.SZ,2012-08-10,14.85,15.18,14.65,14.87,14.85,0.02,0.13,5761.61,8634.5809,2023-08-01
000885.SZ,2012-08-10,10.59,10.6,10.27,10.35,10.64,-0.29,-2.73,70087.51,72957.9158,2023-08-01
600602.SH,2012-08-10,3.89,3.91,3.81,3.83,3.89,-0.06,-1.54,16530.0,6360.765,2023-08-01
000791.SZ,2012-08-10,6.7,6.75,6.63,6.67,6.74,-0.07,-1.04,11177.44,7457.0134,2023-08-01
002062.SZ,2012-08-10,4.64,4.78,4.61,4.67,4.62,0.05,1.08,22502.17,10604.6755,2023-08-01
000887.SZ,2012-08-10,8.39,8.43,8.31,8.42,8.38,0.04,0.48,15094.86,12634.0466,2023-08-01
002220.SZ,2012-08-10,7.71,7.73,7.63,7.67,7.72,-0.05,-0.65,4919.78,3776.7207,2023-08-01
600290.SH,2012-08-10,5.94,6.03,5.89,5.99,5.93,0.06,1.01,42249.87,25160.767,2023-08-01
002395.SZ,2012-08-10,14.31,14.37,14.13,14.17,14.34,-0.17,-1.19,2072.22,2952.1441,2023-08-01
600390.SH,2012-08-10,13.36,13.4,13.09,13.22,13.38,-0.16,-1.2,8839.19,11677.595,2023-08-01
600121.SH,2012-08-10,7.5,7.58,7.44,7.49,7.54,-0.05,-0.66,15352.56,11506.211,2023-08-01
000985.SZ,2012-08-10,10.76,11.0,10.75,10.84,10.76,0.08,0.74,2266.0,2470.4399,2023-08-01
600320.SH,2012-08-10,4.0,4.02,3.97,4.0,4.0,0.0,0.0,41394.31,16558.966,2023-08-01
600727.SH,2012-08-10,5.37,5.42,5.26,5.38,5.38,0.0,0.0,56898.73,30380.136,2023-08-01
002629.SZ,2012-08-10,21.44,21.81,20.86,21.28,21.36,-0.08,-0.37,53749.9,114666.2804,2023-08-01
002411.SZ,2012-08-10,13.72,13.89,13.04,13.19,13.79,-0.6,-4.35,191302.89,254933.5559,2023-08-01
600270.SH,2012-08-10,6.63,6.78,6.62,6.69,6.7,-0.01,-0.15,19476.65,13087.559,2023-08-01
002058.SZ,2012-08-10,6.4,6.53,6.31,6.5,6.43,0.07,1.09,6386.77,4133.4604,2023-08-01
002319.SZ,2012-08-10,9.62,9.89,9.62,9.64,9.71,-0.07,-0.72,3653.55,3550.0044,2023-08-01
002149.SZ,2012-08-10,11.7,11.95,11.56,11.84,11.7,0.14,1.2,13645.69,16087.75,2023-08-01
002307.SZ,2012-08-10,6.69,7.24,6.66,7.2,6.77,0.43,6.35,85176.16,59540.7101,2023-08-01
300131.SZ,2012-08-10,10.82,10.83,10.65,10.71,10.84,-0.13,-1.2,3152.47,3376.9106,2023-08-01
600038.SH,2012-08-10,14.9,15.35,14.83,15.22,14.92,0.3,2.01,45201.12,68261.078,2023-08-01
002051.SZ,2012-08-10,31.3,31.54,31.02,31.06,31.24,-0.18,-0.58,11084.65,34590.3712,2023-08-01
002029.SZ,2012-08-10,25.52,26.0,25.35,25.81,25.22,0.59,2.34,20482.4,52752.3407,2023-08-01
300325.SZ,2012-08-10,14.58,14.63,14.42,14.57,14.6,-0.03,-0.21,4941.96,7180.3693,2023-08-01
600626.SH,2012-08-10,3.64,3.71,3.63,3.68,3.67,0.01,0.27,54734.29,20117.839,2023-08-01
600318.SH,2012-08-10,10.06,10.09,9.86,9.9,10.05,-0.15,-1.49,16808.69,16670.002,2023-08-01
000955.SZ,2012-08-10,3.92,3.97,3.9,3.93,3.94,-0.01,-0.25,9149.62,3593.6311,2023-08-01
002361.SZ,2012-08-10,8.46,8.51,8.32,8.32,8.52,-0.2,-2.35,4751.0,4013.2099,2023-08-01
000918.SZ,2012-08-10,3.88,3.89,3.77,3.8,3.87,-0.07,-1.81,35826.82,13605.3314,2023-08-01
600301.SH,2012-08-10,3.05,3.11,3.04,3.08,3.08,0.0,0.0,22647.77,6988.446,2023-08-01
300080.SZ,2012-08-10,5.96,5.99,5.88,5.96,5.96,0.0,0.0,20626.06,12236.2629,2023-08-01
000025.SZ,2012-08-10,6.3,6.38,6.2,6.26,6.37,-0.11,-1.73,11371.25,7135.6255,2023-08-01
600387.SH,2012-08-10,9.21,10.26,9.21,10.26,9.33,0.93,9.97,272872.53,277514.608,2023-08-01
600145.SH,2012-08-10,3.97,4.08,3.94,4.08,4.0,0.08,2.0,85231.6,34163.017,2023-08-01
300166.SZ,2012-08-10,24.4,24.51,23.68,23.68,24.49,-0.81,-3.31,10012.76,23940.8586,2023-08-01
002310.SZ,2012-08-10,64.8,65.5,64.12,65.16,65.11,0.05,0.08,12092.84,78562.3806,2023-08-01
600271.SH,2012-08-10,17.36,17.36,17.01,17.19,17.36,-0.17,-0.98,52516.39,90170.799,2023-08-01
002386.SZ,2012-08-10,7.06,7.06,6.91,6.99,7.01,-0.02,-0.29,11482.77,8012.3655,2023-08-01
002625.SZ,2012-08-10,9.55,9.55,9.29,9.29,9.55,-0.26,-2.72,12644.74,11867.0918,2023-08-01
000983.SZ,2012-08-10,14.8,14.94,14.67,14.71,14.8,-0.09,-0.61,85557.03,126483.3595,2023-08-01
002679.SZ,2012-08-10,10.42,10.96,10.33,10.73,10.51,0.22,2.09,43724.43,47008.6815,2023-08-01
002269.SZ,2012-08-10,20.55,20.75,20.45,20.68,20.5,0.18,0.88,5784.15,11931.7874,2023-08-01
002300.SZ,2012-08-10,8.58,8.65,8.46,8.53,8.55,-0.02,-0.23,8512.07,7271.4902,2023-08-01
000720.SZ,2012-08-10,1.88,1.94,1.88,1.92,1.89,0.03,1.59,59948.44,11511.4305,2023-08-01
600126.SH,2012-08-10,3.28,3.28,3.22,3.26,3.28,-0.02,-0.61,16482.7,5351.582,2023-08-01
000413.SZ,2012-08-10,10.74,10.74,10.56,10.67,10.73,-0.06,-0.56,6929.68,7377.4878,2023-08-01
002502.SZ,2012-08-10,11.74,11.74,11.42,11.42,11.73,-0.31,-2.64,15050.98,17408.0273,2023-08-01
000004.SZ,2012-08-10,8.48,8.55,8.36,8.45,8.56,-0.11,-1.29,25905.78,21887.9124,2023-08-01
600692.SH,2012-08-10,5.78,5.88,5.77,5.81,5.75,0.06,1.04,28322.01,16531.34,2023-08-01
300171.SZ,2012-08-10,30.31,31.17,30.22,30.77,30.5,0.27,0.89,5200.49,15926.9257,2023-08-01
600885.SH,2012-08-10,9.84,9.99,9.55,9.68,9.99,-0.31,-3.1,8519.67,8281.373,2023-08-01
000691.SZ,2012-08-10,6.84,6.94,6.61,6.65,6.93,-0.28,-4.04,119400.48,80710.386,2023-08-01
000783.SZ,2012-08-10,9.02,9.05,8.89,8.95,9.04,-0.09,-1.0,81029.87,72559.8356,2023-08-01
600452.SH,2012-08-10,8.58,8.67,8.38,8.53,8.68,-0.15,-1.73,40188.04,34032.514,2023-08-01
000023.SZ,2012-08-10,5.98,6.06,5.96,6.0,6.09,-0.09,-1.48,11399.99,6848.3979,2023-08-01
002600.SZ,2012-08-10,13.39,13.95,13.22,13.58,13.42,0.16,1.19,51770.64,70279.0056,2023-08-01
600601.SH,2012-08-10,2.35,2.38,2.34,2.36,2.35,0.01,0.43,49500.06,11681.86,2023-08-01
002559.SZ,2012-08-10,25.13,25.13,24.71,24.94,25.11,-0.17,-0.68,2502.88,6233.815,2023-08-01
000933.SZ,2012-08-10,9.08,9.08,8.91,8.97,9.08,-0.11,-1.21,86422.08,77605.4641,2023-08-01
601038.SH,2012-08-10,10.38,10.71,10.3,10.71,9.74,0.97,9.96,568828.05,602824.377,2023-08-01
002461.SZ,2012-08-10,9.95,10.64,9.95,10.14,9.95,0.19,1.91,21217.6,21778.7097,2023-08-01
002401.SZ,2012-08-10,7.56,7.73,7.52,7.64,7.58,0.06,0.79,15308.27,11703.1891,2023-08-01
600496.SH,2012-08-10,6.94,7.16,6.94,7.11,6.99,0.12,1.72,50500.89,35816.023,2023-08-01
002243.SZ,2012-08-10,6.97,6.97,6.84,6.88,6.97,-0.09,-1.29,6114.47,4214.6013,2023-08-01
600225.SH,2012-08-10,4.33,4.38,4.28,4.29,4.37,-0.08,-1.83,16055.23,6936.479,2023-08-01
600839.SH,2012-08-10,2.1,2.1,2.07,2.08,2.1,-0.02,-0.95,155268.92,32369.652,2023-08-01
600258.SH,2012-08-10,12.48,12.48,12.3,12.39,12.48,-0.09,-0.72,10458.67,12948.247,2023-08-01
000807.SZ,2012-08-10,5.23,5.23,5.14,5.17,5.24,-0.07,-1.34,64562.53,33390.7621,2023-08-01
300190.SZ,2012-08-10,22.72,22.93,22.39,22.4,22.65,-0.25,-1.1,4276.63,9654.7957,2023-08-01
600236.SH,2012-08-10,3.49,3.58,3.49,3.57,3.5,0.07,2.0,32715.4,11607.892,2023-08-01
600990.SH,2012-08-10,14.0,14.6,14.0,14.28,13.99,0.29,2.07,18576.92,26619.829,2023-08-01
600961.SH,2012-08-10,8.29,8.37,8.19,8.25,8.3,-0.05,-0.6,32769.07,27116.856,2023-08-01
600505.SH,2012-08-10,8.58,8.93,8.58,8.82,8.64,0.18,2.08,20657.85,18101.834,2023-08-01
300096.SZ,2012-08-10,10.18,10.31,10.08,10.15,10.2,-0.05,-0.49,7945.16,8093.8937,2023-08-01
600896.SH,2012-08-10,4.61,4.66,4.52,4.58,4.69,-0.11,-2.35,191689.75,88016.712,2023-08-01
600992.SH,2012-08-10,6.88,6.94,6.8,6.91,6.88,0.03,0.44,5674.11,3907.27,2023-08-01
002530.SZ,2012-08-10,6.38,6.47,6.33,6.4,6.44,-0.04,-0.62,18528.54,11827.9597,2023-08-01
002687.SZ,2012-08-10,20.33,20.55,19.96,20.11,20.47,-0.36,-1.76,20279.76,40918.8996,2023-08-01
002219.SZ,2012-08-10,12.55,12.65,12.48,12.5,12.61,-0.11,-0.87,8378.79,10507.2125,2023-08-01
000797.SZ,2012-08-10,4.46,4.9,4.46,4.76,4.51,0.25,5.54,49454.04,23636.0836,2023-08-01
300107.SZ,2012-08-10,8.95,8.99,8.86,8.88,8.95,-0.07,-0.78,1580.87,1408.023,2023-08-01
600771.SH,2012-08-10,7.15,7.35,7.11,7.27,7.14,0.13,1.82,12354.5,8975.187,2023-08-01
000550.SZ,2012-08-10,16.48,16.48,16.12,16.27,16.49,-0.22,-1.33,36641.54,59482.5457,2023-08-01
600299.SH,2012-08-10,4.62,4.67,4.6,4.63,4.63,0.0,0.0,20076.03,9303.033,2023-08-01
300316.SZ,2012-08-10,28.38,28.38,27.4,28.24,28.38,-0.14,-0.49,25314.82,70593.7355,2023-08-01
300295.SZ,2012-08-10,50.66,51.8,50.31,51.11,50.72,0.39,0.77,6195.4,31736.7078,2023-08-01
600072.SH,2012-08-10,15.16,15.16,14.78,14.84,15.21,-0.37,-2.43,46298.46,69038.824,2023-08-01
000839.SZ,2012-08-10,6.93,7.05,6.89,6.99,6.91,0.08,1.16,66893.14,46649.9373,2023-08-01
002321.SZ,2012-08-10,6.14,6.21,6.11,6.15,6.18,-0.03,-0.49,17664.33,10887.2765,2023-08-01
002635.SZ,2012-08-10,52.02,55.37,52.02,53.88,52.39,1.49,2.84,14746.94,79200.5497,2023-08-01
601208.SH,2012-08-10,6.55,7.18,6.52,6.98,6.55,0.43,6.56,134069.14,92239.837,2023-08-01
300279.SZ,2012-08-10,7.3,7.34,7.19,7.23,7.31,-0.08,-1.09,8608.24,6237.065,2023-08-01
601599.SH,2012-08-10,6.19,6.2,6.05,6.18,6.06,0.12,1.98,20601.3,12629.23,2023-08-01
300227.SZ,2012-08-10,13.66,13.92,13.3,13.52,13.74,-0.22,-1.6,5934.59,8113.4474,2023-08-01
600399.SH,2012-08-10,4.79,4.84,4.68,4.71,4.81,-0.1,-2.08,50959.62,24167.14,2023-08-01
600012.SH,2012-08-10,3.97,3.98,3.96,3.98,3.96,0.02,0.51,8881.57,3526.816,2023-08-01
300067.SZ,2012-08-10,8.09,8.45,7.85,8.34,8.06,0.28,3.47,30530.48,24854.2163,2023-08-01
002690.SZ,2012-08-10,16.88,17.38,16.71,16.79,16.69,0.1,0.6,80758.02,137804.6077,2023-08-01
300250.SZ,2012-08-10,14.08,14.33,14.0,14.06,14.25,-0.19,-1.33,10055.46,14187.468,2023-08-01
600179.SH,2012-08-10,3.76,3.79,3.71,3.72,3.79,-0.07,-1.85,39892.07,14937.569,2023-08-01
600008.SH,2012-08-10,4.62,4.63,4.54,4.57,4.62,-0.05,-1.08,35135.3,16086.17,2023-08-01
300254.SZ,2012-08-10,8.72,8.72,8.53,8.63,8.7,-0.07,-0.8,9380.18,8077.9387,2023-08-01
600029.SH,2012-08-10,4.13,4.15,4.11,4.14,4.14,0.0,0.0,122415.0,50567.007,2023-08-01
300186.SZ,2012-08-10,13.86,13.94,13.76,13.8,13.94,-0.14,-1.0,3441.99,4764.2452,2023-08-01
600493.SH,2012-08-10,4.8,5.23,4.76,5.08,4.76,0.32,6.72,332703.45,167900.946,2023-08-01
002593.SZ,2012-08-10,8.2,8.36,8.17,8.19,8.19,0.0,0.0,10280.78,8480.7593,2023-08-01
002417.SZ,2012-08-10,6.6,7.26,6.53,7.26,6.6,0.66,10.0,96086.97,67287.0973,2023-08-01
600448.SH,2012-08-10,3.59,3.67,3.58,3.62,3.59,0.03,0.84,31082.3,11308.638,2023-08-01
002314.SZ,2012-08-10,7.57,7.7,7.53,7.63,7.59,0.04,0.53,11827.04,9012.5289,2023-08-01
601928.SH,2012-08-10,9.09,9.09,8.85,8.9,9.07,-0.17,-1.87,62316.09,55733.334,2023-08-01
300209.SZ,2012-08-10,11.33,11.74,11.33,11.41,11.42,-0.01,-0.09,36768.34,42492.7539,2023-08-01
002583.SZ,2012-08-10,17.0,17.38,16.72,17.0,17.0,0.0,0.0,9904.79,16827.0781,2023-08-01
000655.SZ,2012-08-10,10.46,10.46,10.26,10.31,10.47,-0.16,-1.53,21065.3,21764.0033,2023-08-01
000021.SZ,2012-08-10,5.22,5.3,5.19,5.21,5.21,0.0,0.0,37107.42,19453.6906,2023-08-01
600900.SH,2012-08-10,6.57,6.6,6.55,6.58,6.55,0.03,0.46,115082.41,75712.431,2023-08-01
600333.SH,2012-08-10,7.25,7.25,7.13,7.15,7.18,-0.03,-0.42,23759.96,17050.373,2023-08-01
600657.SH,2012-08-10,3.97,3.98,3.85,3.89,3.96,-0.07,-1.77,31253.9,12151.681,2023-08-01
600305.SH,2012-08-10,16.7,17.19,16.52,16.72,16.69,0.03,0.18,14701.25,24839.172,2023-08-01
000586.SZ,2012-08-10,4.82,4.85,4.75,4.79,4.82,-0.03,-0.62,20351.94,9755.7194,2023-08-01
603128.SH,2012-08-10,6.41,6.41,6.26,6.29,6.39,-0.1,-1.56,51781.17,32768.343,2023-08-01
600086.SH,2012-08-10,15.45,15.5,15.12,15.32,15.54,-0.22,-1.42,43723.65,66843.895,2023-08-01
002606.SZ,2012-08-10,8.5,8.83,8.46,8.71,8.5,0.21,2.47,30419.66,26243.5434,2023-08-01
600731.SH,2012-08-10,5.67,6.24,5.61,6.24,5.67,0.57,10.05,152676.69,92534.073,2023-08-01
002020.SZ,2012-08-10,12.24,12.28,11.9,12.11,12.23,-0.12,-0.98,12449.41,15016.279,2023-08-01
002375.SZ,2012-08-10,28.16,28.78,27.79,28.5,28.12,0.38,1.35,23587.56,66547.3784,2023-08-01
601618.SH,2012-08-10,2.34,2.35,2.32,2.32,2.34,-0.02,-0.85,99157.42,23141.489,2023-08-01
300263.SZ,2012-08-10,10.65,10.77,10.51,10.58,10.7,-0.12,-1.12,4889.42,5190.684,2023-08-01
600055.SH,2012-08-10,9.86,10.1,9.82,10.01,9.9,0.11,1.11,5729.16,5696.476,2023-08-01
000850.SZ,2012-08-10,5.95,5.99,5.87,5.91,6.0,-0.09,-1.5,42736.91,25275.6621,2023-08-01
600239.SH,2012-08-10,6.77,6.8,6.61,6.64,6.81,-0.17,-2.5,73112.51,48759.131,2023-08-01
600663.SH,2012-08-10,11.55,11.58,11.38,11.4,11.53,-0.13,-1.13,14120.46,16148.932,2023-08-01
002026.SZ,2012-08-10,9.03,9.14,8.92,9.01,9.1,-0.09,-0.99,8188.49,7375.9122,2023-08-01
600739.SH,2012-08-10,15.8,15.8,15.39,15.49,15.67,-0.18,-1.15,161994.8,252093.746,2023-08-01
002077.SZ,2012-08-10,6.12,6.22,6.08,6.09,6.12,-0.03,-0.49,12335.08,7567.9563,2023-08-01
002117.SZ,2012-08-10,6.7,6.83,6.67,6.71,6.69,0.02,0.3,14802.36,9978.7692,2023-08-01
000951.SZ,2012-08-10,10.89,10.9,10.73,10.83,10.9,-0.07,-0.64,12470.83,13456.0303,2023-08-01
002358.SZ,2012-08-10,14.58,14.7,14.13,14.35,14.53,-0.18,-1.24,39665.03,56886.8709,2023-08-01
002584.SZ,2012-08-10,8.77,8.84,8.69,8.79,8.84,-0.05,-0.57,14345.52,12565.1382,2023-08-01
000422.SZ,2012-08-10,13.11,13.17,12.8,12.81,13.09,-0.28,-2.14,122499.47,158729.2813,2023-08-01
600076.SH,2012-08-10,2.77,2.87,2.77,2.84,2.79,0.05,1.79,19082.93,5397.681,2023-08-01
600758.SH,2012-08-10,7.79,8.35,7.74,8.2,7.86,0.34,4.33,77427.67,62258.071,2023-08-01
600539.SH,2012-08-10,4.18,4.19,4.08,4.1,4.18,-0.08,-1.91,22881.86,9442.186,2023-08-01
601218.SH,2012-08-10,7.92,8.31,7.89,8.21,7.98,0.23,2.88,21756.29,17688.978,2023-08-01
000711.SZ,2012-08-10,7.62,7.92,7.58,7.77,7.63,0.14,1.83,74174.89,57492.3147,2023-08-01
000630.SZ,2012-08-10,18.56,18.72,18.46,18.6,18.75,-0.15,-0.8,57420.89,106653.871,2023-08-01
002529.SZ,2012-08-10,8.58,8.58,8.45,8.54,8.55,-0.01,-0.12,7368.0,6263.7004,2023-08-01
601216.SH,2012-08-10,6.79,6.83,6.71,6.75,6.8,-0.05,-0.74,16482.4,11128.404,2023-08-01
002615.SZ,2012-08-10,14.65,14.87,14.42,14.52,14.64,-0.12,-0.82,11844.95,17352.49,2023-08-01
002240.SZ,2012-08-10,4.2,4.26,4.1,4.17,4.17,0.0,0.0,86286.44,36157.1922,2023-08-01
600068.SH,2012-08-10,5.91,5.95,5.88,5.9,5.92,-0.02,-0.34,104082.98,61502.038,2023-08-01
600661.SH,2012-08-10,6.15,6.2,6.09,6.13,6.1,0.03,0.49,5031.83,3083.809,2023-08-01
600405.SH,2012-08-10,5.47,6.0,5.44,5.66,5.46,0.2,3.66,84724.34,48582.844,2023-08-01
001696.SZ,2012-08-10,5.75,5.79,5.71,5.72,5.74,-0.02,-0.35,17364.12,9951.321,2023-08-01
601336.SH,2012-08-10,30.49,31.41,30.32,30.88,30.53,0.35,1.15,56188.1,173815.271,2023-08-01
000916.SZ,2012-08-10,2.92,2.94,2.9,2.92,2.93,-0.01,-0.34,7967.0,2328.503,2023-08-01
600999.SH,2012-08-10,10.96,10.97,10.83,10.84,10.98,-0.14,-1.28,58779.26,63958.31,2023-08-01
002491.SZ,2012-08-10,10.16,10.37,10.09,10.25,10.15,0.1,0.99,11537.81,11786.7538,2023-08-01
002093.SZ,2012-08-10,4.7,4.86,4.7,4.79,4.69,0.1,2.13,82529.09,39400.6399,2023-08-01
600734.SH,2012-08-10,3.65,3.79,3.63,3.64,3.65,-0.01,-0.27,31660.29,11704.121,2023-08-01
600461.SH,2012-08-10,7.28,7.35,7.2,7.3,7.32,-0.02,-0.27,17114.0,12496.54,2023-08-01
002113.SZ,2012-08-10,6.43,6.5,6.34,6.35,6.5,-0.15,-2.31,2242.16,1432.0544,2023-08-01
600393.SH,2012-08-10,6.35,6.9,6.28,6.68,6.31,0.37,5.86,61620.97,41005.735,2023-08-01
002646.SZ,2012-08-10,28.81,29.05,28.27,28.56,29.19,-0.63,-2.16,39790.9,113788.5703,2023-08-01
000917.SZ,2012-08-10,11.44,11.44,11.2,11.2,11.39,-0.19,-1.67,64103.08,72395.9821,2023-08-01
600535.SH,2012-08-10,51.0,51.4,50.61,50.64,50.97,-0.33,-0.65,46200.07,235183.443,2023-08-01
000697.SZ,2012-08-10,15.87,15.96,15.48,15.89,15.87,0.02,0.13,29391.29,46292.2648,2023-08-01
600614.SH,2012-08-10,13.61,14.26,13.57,14.12,13.71,0.41,2.99,187283.27,262234.078,2023-08-01
000544.SZ,2012-08-10,10.36,10.4,10.18,10.25,10.38,-0.13,-1.25,31979.26,32858.9753,2023-08-01
600173.SH,2012-08-10,3.87,3.87,3.74,3.79,3.88,-0.09,-2.32,56133.45,21305.562,2023-08-01
300156.SZ,2012-08-10,11.17,11.19,10.87,10.92,11.1,-0.18,-1.62,66764.91,73461.7016,2023-08-01
600533.SH,2012-08-10,5.1,5.16,5.0,5.1,5.14,-0.04,-0.78,99483.65,50548.633,2023-08-01
600458.SH,2012-08-10,12.38,12.38,12.08,12.13,12.4,-0.27,-2.18,33925.03,41295.953,2023-08-01
600981.SH,2012-08-10,4.4,4.51,4.37,4.51,4.41,0.1,2.27,12877.96,5725.842,2023-08-01
600295.SH,2012-08-10,9.55,9.56,9.34,9.43,9.51,-0.08,-0.84,16204.0,15306.027,2023-08-01
600676.SH,2012-08-10,4.61,4.61,4.55,4.56,4.61,-0.05,-1.08,14514.21,6632.801,2023-08-01
000520.SZ,2012-08-10,2.17,2.17,2.14,2.16,2.17,-0.01,-0.46,29261.45,6311.321,2023-08-01
600658.SH,2012-08-10,6.8,6.91,6.78,6.82,6.83,-0.01,-0.15,11156.33,7628.369,2023-08-01
601901.SH,2012-08-10,4.55,4.59,4.51,4.55,4.57,-0.02,-0.44,295144.55,134085.985,2023-08-01
002056.SZ,2012-08-10,15.2,15.55,14.85,15.27,15.17,0.1,0.66,37799.59,57466.9256,2023-08-01
600681.SH,2012-08-10,3.17,3.2,3.09,3.14,3.19,-0.05,-1.57,21669.49,6822.522,2023-08-01
002116.SZ,2012-08-10,15.25,15.41,15.03,15.16,15.42,-0.26,-1.69,32195.24,48851.6336,2023-08-01
600629.SH,2012-08-10,8.15,8.15,8.03,8.08,8.14,-0.06,-0.74,5568.03,4493.153,2023-08-01
000528.SZ,2012-08-10,11.42,11.48,11.22,11.23,11.46,-0.23,-2.01,71633.98,80980.4608,2023-08-01
000695.SZ,2012-08-10,8.74,8.78,8.45,8.45,8.67,-0.22,-2.54,12152.52,10423.6909,2023-08-01
600470.SH,2012-08-10,10.19,10.24,10.02,10.02,10.17,-0.15,-1.47,182495.48,184158.279,2023-08-01
000001.SZ,2012-08-10,15.07,15.17,15.07,15.08,15.04,0.04,0.27,105498.17,159571.4759,2023-08-01
600082.SH,2012-08-10,5.65,6.29,5.62,5.93,5.82,0.11,1.89,1039564.2,621613.074,2023-08-01
002224.SZ,2012-08-10,8.08,8.08,7.96,7.98,8.08,-0.1,-1.24,6310.0,5045.3772,2023-08-01
600578.SH,2012-08-10,8.13,8.15,8.01,8.15,8.13,0.02,0.25,20084.55,16249.714,2023-08-01
000860.SZ,2012-08-10,15.0,15.03,14.7,14.74,15.07,-0.33,-2.19,30906.84,45779.2274,2023-08-01
600701.SH,2012-08-10,3.5,3.54,3.49,3.54,3.51,0.03,0.85,35655.43,12556.436,2023-08-01
002308.SZ,2012-08-10,11.08,11.17,11.01,11.05,11.06,-0.01,-0.09,22582.25,25036.4439,2023-08-01
600188.SH,2012-08-10,19.4,19.44,19.08,19.1,19.36,-0.26,-1.34,29230.9,56029.541,2023-08-01
600495.SH,2012-08-10,11.14,11.14,10.86,10.94,11.15,-0.21,-1.88,39053.1,42805.602,2023-08-01
000685.SZ,2012-08-10,10.71,10.75,10.62,10.75,10.73,0.02,0.19,12797.77,13688.4192,2023-08-01
002092.SZ,2012-08-10,7.91,7.93,7.8,7.84,7.9,-0.06,-0.76,41369.88,32510.5854,2023-08-01
601789.SH,2012-08-10,6.95,7.05,6.91,6.92,7.04,-0.12,-1.7,55633.81,38744.833,2023-08-01
300173.SZ,2012-08-10,8.14,8.17,8.0,8.04,8.14,-0.1,-1.23,5753.41,4629.5121,2023-08-01
000488.SZ,2012-08-10,4.08,4.08,4.04,4.06,4.08,-0.02,-0.49,32203.36,13076.0629,2023-08-01
600192.SH,2012-08-10,5.65,5.73,5.59,5.7,5.65,0.05,0.89,15231.32,8613.917,2023-08-01
000703.SZ,2012-08-10,15.1,16.18,15.1,15.58,15.04,0.54,3.59,44034.85,69174.0053,2023-08-01
300104.SZ,2012-08-10,25.22,25.38,24.5,24.64,25.1,-0.46,-1.83,60170.9,149670.6272,2023-08-01
300027.SZ,2012-08-10,16.96,17.16,16.6,16.9,17.01,-0.11,-0.65,33254.21,56067.7401,2023-08-01
000989.SZ,2012-08-10,18.89,19.19,18.43,18.96,18.84,0.12,0.64,30355.1,57143.0055,2023-08-01
000912.SZ,2012-08-10,5.73,5.8,5.68,5.72,5.74,-0.02,-0.35,30968.62,17757.9081,2023-08-01
002192.SZ,2012-08-10,15.63,15.63,15.26,15.4,15.58,-0.18,-1.16,7316.96,11295.645,2023-08-01
601179.SH,2012-08-10,3.65,3.68,3.63,3.64,3.66,-0.02,-0.55,52431.11,19152.197,2023-08-01
600313.SH,2012-08-10,7.62,7.85,7.59,7.65,7.78,-0.13,-1.67,45268.34,34781.539,2023-08-01
002018.SZ,2012-08-10,7.59,7.88,7.56,7.72,7.71,0.01,0.13,121818.86,94043.681,2023-08-01
300212.SZ,2012-08-10,25.86,26.89,25.72,25.95,26.4,-0.45,-1.7,22111.67,57908.8489,2023-08-01
600104.SH,2012-08-10,12.7,12.7,12.54,12.59,12.73,-0.14,-1.1,110518.55,139328.26,2023-08-01
300110.SZ,2012-08-10,14.25,14.55,14.09,14.37,14.37,0.0,0.0,9419.22,13431.7527,2023-08-01
000795.SZ,2012-08-10,12.6,13.15,12.38,12.79,12.57,0.22,1.75,54265.37,69051.3112,2023-08-01
600328.SH,2012-08-10,8.15,8.16,8.04,8.08,8.15,-0.07,-0.86,18654.26,15092.838,2023-08-01
600277.SH,2012-08-10,5.45,5.57,5.34,5.48,5.41,0.07,1.29,47544.59,26055.663,2023-08-01
002201.SZ,2012-08-10,6.44,6.51,6.42,6.48,6.46,0.02,0.31,7587.45,4901.8196,2023-08-01
000534.SZ,2012-08-10,5.3,5.31,5.16,5.24,5.22,0.02,0.38,37186.08,19442.3169,2023-08-01
002255.SZ,2012-08-10,14.01,14.25,13.8,13.84,13.95,-0.11,-0.79,13677.46,19231.7428,2023-08-01
300333.SZ,2012-08-10,24.07,24.08,23.52,23.65,24.05,-0.4,-1.66,18318.27,43494.3425,2023-08-01
000020.SZ,2012-08-10,6.63,6.7,6.55,6.58,6.72,-0.14,-2.08,16202.23,10718.3144,2023-08-01
600703.SH,2012-08-10,14.61,14.79,14.38,14.43,14.8,-0.37,-2.5,123082.82,179247.304,2023-08-01
600418.SH,2012-08-10,4.87,4.96,4.84,4.92,4.9,0.02,0.41,148252.32,72712.605,2023-08-01
601766.SH,2012-08-10,4.35,4.36,4.31,4.33,4.35,-0.02,-0.46,98298.76,42607.848,2023-08-01
002186.SZ,2012-08-10,35.42,35.43,34.85,35.05,35.42,-0.37,-1.04,7237.84,25400.5892,2023-08-01
002373.SZ,2012-08-10,11.56,11.67,11.52,11.63,11.62,0.01,0.09,5379.18,6238.8361,2023-08-01
002161.SZ,2012-08-10,8.4,8.44,8.24,8.3,8.43,-0.13,-1.54,59492.86,49630.291,2023-08-01
600520.SH,2012-08-10,9.82,9.82,9.34,9.55,9.82,-0.27,-2.75,31392.02,30112.123,2023-08-01
002587.SZ,2012-08-10,10.03,10.1,9.92,10.01,10.14,-0.13,-1.28,14639.23,14658.9573,2023-08-01
002636.SZ,2012-08-10,7.0,7.09,6.96,7.04,7.03,0.01,0.14,10453.69,7333.7051,2023-08-01
601699.SH,2012-08-10,21.51,21.53,21.08,21.12,21.53,-0.41,-1.9,75464.68,160212.116,2023-08-01
601616.SH,2012-08-10,3.99,4.06,3.94,4.03,4.0,0.03,0.75,57309.16,22979.187,2023-08-01
002031.SZ,2012-08-10,6.0,6.06,5.9,5.94,6.01,-0.07,-1.16,16740.15,10015.2247,2023-08-01
601628.SH,2012-08-10,18.7,19.05,18.61,18.86,18.68,0.18,0.96,68953.97,130072.849,2023-08-01
300068.SZ,2012-08-10,12.88,12.97,12.61,12.68,12.83,-0.15,-1.17,28172.18,35930.2581,2023-08-01
002579.SZ,2012-08-10,6.04,6.16,5.99,6.1,6.02,0.08,1.33,14592.31,8845.7771,2023-08-01
300162.SZ,2012-08-10,12.06,12.44,12.06,12.22,12.25,-0.03,-0.24,12766.54,15631.9116,2023-08-01
601636.SH,2012-08-10,7.12,7.16,7.06,7.1,7.14,-0.04,-0.56,30834.58,21896.491,2023-08-01
000006.SZ,2012-08-10,4.33,4.39,4.28,4.39,4.38,0.01,0.23,94352.73,40939.1723,2023-08-01
002597.SZ,2012-08-10,15.5,15.98,15.35,15.76,15.56,0.2,1.29,28466.81,44615.0277,2023-08-01
600282.SH,2012-08-10,2.36,2.37,2.34,2.35,2.37,-0.02,-0.84,22152.6,5227.725,2023-08-01
000932.SZ,2012-08-10,2.48,2.64,2.42,2.56,2.48,0.08,3.23,584686.29,146663.3169,2023-08-01
600699.SH,2012-08-10,8.42,8.42,8.16,8.27,8.4,-0.13,-1.55,17351.41,14317.734,2023-08-01
000748.SZ,2012-08-10,5.4,5.46,5.36,5.42,5.41,0.01,0.18,18925.81,10239.6008,2023-08-01
002146.SZ,2012-08-10,10.1,10.1,9.7,9.78,10.16,-0.38,-3.74,82215.19,80922.3301,2023-08-01
300009.SZ,2012-08-10,9.91,9.91,9.74,9.86,9.91,-0.05,-0.5,5803.92,5690.3347,2023-08-01
600010.SH,2012-08-10,6.1,6.67,5.97,6.32,6.06,0.26,4.29,2518783.78,1610183.201,2023-08-01
600463.SH,2012-08-10,5.24,5.26,5.2,5.24,5.25,-0.01,-0.19,5817.99,3042.842,2023-08-01
000050.SZ,2012-08-10,6.12,6.55,6.08,6.42,6.06,0.36,5.94,113280.83,72316.1312,2023-08-01
000858.SZ,2012-08-10,37.1,37.1,36.23,36.58,37.46,-0.88,-2.35,305887.95,1117966.1852,2023-08-01
601339.SH,2012-08-10,9.11,9.26,9.11,9.16,9.14,0.02,0.22,25297.64,23176.863,2023-08-01
600015.SH,2012-08-10,9.16,9.2,9.03,9.04,9.03,0.01,0.11,350622.79,319329.268,2023-08-01
300151.SZ,2012-08-10,10.7,10.87,10.64,10.69,10.7,-0.01,-0.09,2567.61,2759.0557,2023-08-01
002351.SZ,2012-08-10,8.0,8.01,7.88,7.91,7.99,-0.08,-1.0,3160.72,2508.4457,2023-08-01
600647.SH,2012-08-10,9.2,9.27,9.15,9.16,9.18,-0.02,-0.22,6193.12,5697.846,2023-08-01
002643.SZ,2012-08-10,18.16,18.16,17.71,17.85,18.08,-0.23,-1.27,5679.98,10137.3401,2023-08-01
000921.SZ,2012-08-10,3.47,3.47,3.42,3.44,3.47,-0.03,-0.86,14996.43,5149.2433,2023-08-01
600330.SH,2012-08-10,5.87,6.47,5.81,6.28,5.88,0.4,6.8,146710.31,91612.08,2023-08-01
300253.SZ,2012-08-10,22.49,22.49,21.68,22.1,22.29,-0.19,-0.85,7492.56,16601.6093,2023-08-01
002474.SZ,2012-08-10,19.1,19.52,18.92,19.43,19.18,0.25,1.3,23912.68,46114.0893,2023-08-01
600621.SH,2012-08-10,4.91,4.98,4.87,4.88,4.93,-0.05,-1.01,46048.87,22650.603,2023-08-01
600273.SH,2012-08-10,7.21,7.58,7.17,7.25,7.57,-0.32,-4.23,295989.04,217111.791,2023-08-01
002513.SZ,2012-08-10,9.65,9.83,9.59,9.72,9.68,0.04,0.41,9993.46,9700.2735,2023-08-01
002291.SZ,2012-08-10,6.28,6.36,6.25,6.3,6.3,0.0,0.0,10151.09,6399.1946,2023-08-01
300119.SZ,2012-08-10,18.29,18.29,17.9,18.02,18.18,-0.16,-0.88,11822.57,21283.8861,2023-08-01
000961.SZ,2012-08-10,10.42,10.57,10.3,10.38,10.55,-0.17,-1.61,34367.09,35736.7677,2023-08-01
000766.SZ,2012-08-10,5.0,5.0,4.86,4.9,5.0,-0.1,-2.0,56552.44,27818.5166,2023-08-01
600336.SH,2012-08-10,4.2,4.27,4.19,4.22,4.22,0.0,0.0,16622.42,7027.381,2023-08-01
600695.SH,2012-08-10,4.73,4.84,4.69,4.77,4.75,0.02,0.42,31770.34,15103.893,2023-08-01
600257.SH,2012-08-10,8.05,8.11,7.91,7.95,8.1,-0.15,-1.85,73278.5,58559.021,2023-08-01
600511.SH,2012-08-10,14.7,15.12,14.52,14.96,14.7,0.26,1.77,37804.26,56288.541,2023-08-01
002462.SZ,2012-08-10,10.8,10.8,10.42,10.44,10.6,-0.16,-1.51,6559.0,6902.1489,2023-08-01
601890.SH,2012-08-10,8.25,8.39,8.18,8.25,8.4,-0.15,-1.79,68518.92,56650.613,2023-08-01
600984.SH,2012-08-10,6.02,6.02,5.87,5.89,6.02,-0.13,-2.16,18417.07,10923.715,2023-08-01
300231.SZ,2012-08-10,11.98,11.98,11.71,11.74,12.0,-0.26,-2.17,9908.58,11712.7838,2023-08-01
600211.SH,2012-08-10,11.88,11.88,11.73,11.74,11.91,-0.17,-1.43,12429.74,14624.003,2023-08-01
002272.SZ,2012-08-10,8.25,8.66,8.01,8.35,7.98,0.37,4.64,533516.06,443007.9468,2023-08-01
000987.SZ,2012-08-10,12.27,12.3,12.16,12.26,12.26,0.0,0.0,13033.76,15932.7435,2023-08-01
002293.SZ,2012-08-10,59.57,60.12,58.75,58.82,59.98,-1.16,-1.93,1438.14,8529.7845,2023-08-01
002151.SZ,2012-08-10,15.75,15.93,15.62,15.71,15.93,-0.22,-1.38,10653.28,16774.5844,2023-08-01
000631.SZ,2012-08-10,4.83,4.99,4.81,4.95,4.83,0.12,2.48,28544.09,14054.9673,2023-08-01
002387.SZ,2012-08-10,11.47,11.63,11.28,11.58,11.48,0.1,0.87,18292.64,20982.3396,2023-08-01
002506.SZ,2012-08-10,5.29,5.44,5.21,5.38,5.28,0.1,1.89,164158.24,87372.6526,2023-08-01
600488.SH,2012-08-10,5.64,5.67,5.58,5.59,5.65,-0.06,-1.06,31521.01,17714.244,2023-08-01
002453.SZ,2012-08-10,23.36,23.84,23.15,23.43,23.67,-0.24,-1.01,38803.2,91084.2431,2023-08-01
600777.SH,2012-08-10,4.49,4.5,4.38,4.42,4.49,-0.07,-1.56,12588.65,5583.403,2023-08-01
002050.SZ,2012-08-10,9.23,9.26,9.03,9.12,9.23,-0.11,-1.19,8917.56,8109.9958,2023-08-01
300320.SZ,2012-08-10,17.9,18.53,17.78,18.44,17.85,0.59,3.31,17314.06,31386.3374,2023-08-01
002582.SZ,2012-08-10,14.45,14.67,14.42,14.48,14.6,-0.12,-0.82,10176.16,14768.4363,2023-08-01
600327.SH,2012-08-10,5.85,5.85,5.73,5.79,5.83,-0.04,-0.69,27265.97,15791.635,2023-08-01
002470.SZ,2012-08-10,15.12,15.26,15.04,15.1,15.12,-0.02,-0.13,11127.27,16854.4431,2023-08-01
600449.SH,2012-08-10,8.68,8.68,8.5,8.54,8.67,-0.13,-1.5,37118.46,31899.618,2023-08-01
600389.SH,2012-08-10,14.55,15.19,14.44,14.48,14.84,-0.36,-2.43,62208.51,91593.36,2023-08-01
600094.SH,2012-08-10,5.62,5.63,5.4,5.41,5.62,-0.21,-3.74,87884.97,48151.076,2023-08-01
002073.SZ,2012-08-10,8.64,8.7,8.48,8.52,8.7,-0.18,-2.07,133935.06,114589.4461,2023-08-01
002468.SZ,2012-08-10,10.3,10.37,9.96,9.96,10.29,-0.33,-3.21,63607.6,64497.9325,2023-08-01
000701.SZ,2012-08-10,8.84,9.11,8.77,8.79,8.88,-0.09,-1.01,42444.24,38019.3611,2023-08-01
600710.SH,2012-08-10,5.12,5.24,5.09,5.18,5.12,0.06,1.17,42209.75,21806.886,2023-08-01
300198.SZ,2012-08-10,18.25,19.6,17.92,19.0,17.84,1.16,6.5,43243.91,80541.4404,2023-08-01
600189.SH,2012-08-10,5.98,6.05,5.95,5.99,5.99,0.0,0.0,18692.31,11222.029,2023-08-01
002167.SZ,2012-08-10,18.95,18.95,18.31,18.51,18.9,-0.39,-2.06,35336.86,65440.2635,2023-08-01
300158.SZ,2012-08-10,10.19,11.35,10.15,11.1,10.37,0.73,7.04,73187.48,79802.396,2023-08-01
000157.SZ,2012-08-10,9.86,9.92,9.74,9.81,9.86,-0.05,-0.51,172039.53,169152.0766,2023-08-01
600241.SH,2012-08-10,5.31,5.45,5.31,5.38,5.41,-0.03,-0.55,11154.66,6000.289,2023-08-01
002467.SZ,2012-08-10,11.91,11.91,11.62,11.74,11.9,-0.16,-1.34,13058.13,15313.1334,2023-08-01
002412.SZ,2012-08-10,18.17,18.18,17.78,17.93,18.17,-0.24,-1.32,10439.04,18726.1577,2023-08-01
002644.SZ,2012-08-10,16.35,16.45,16.08,16.17,16.38,-0.21,-1.28,10116.75,16425.6167,2023-08-01
002377.SZ,2012-08-10,6.88,6.95,6.68,6.71,6.87,-0.16,-2.33,20823.89,14075.8986,2023-08-01
002091.SZ,2012-08-10,9.16,9.49,9.02,9.26,9.21,0.05,0.54,51772.41,47917.2872,2023-08-01
300112.SZ,2012-08-10,6.9,6.94,6.8,6.85,6.94,-0.09,-1.3,8565.28,5872.0797,2023-08-01
002301.SZ,2012-08-10,6.46,6.6,6.34,6.38,6.5,-0.12,-1.85,60457.23,39008.4991,2023-08-01
002295.SZ,2012-08-10,6.72,6.76,6.62,6.69,6.74,-0.05,-0.74,8121.58,5433.0135,2023-08-01
002603.SZ,2012-08-10,28.88,29.5,28.51,29.26,28.99,0.27,0.93,13921.38,40437.5047,2023-08-01
300199.SZ,2012-08-10,17.74,18.16,17.66,18.15,17.9,0.25,1.4,28619.4,51356.8451,2023-08-01
600479.SH,2012-08-10,10.85,11.2,10.8,11.14,10.89,0.25,2.3,71631.3,79211.774,2023-08-01
600053.SH,2012-08-10,6.3,6.37,6.2,6.33,6.34,-0.01,-0.16,7303.55,4572.785,2023-08-01
600778.SH,2012-08-10,11.99,12.11,11.72,11.97,12.08,-0.11,-0.91,22040.64,26236.019,2023-08-01
300343.SZ,2012-08-10,32.73,32.98,31.57,31.57,32.81,-1.24,-3.78,22149.44,71122.149,2023-08-01
600283.SH,2012-08-10,8.97,9.05,8.93,9.01,8.99,0.02,0.22,15087.06,13582.269,2023-08-01
002037.SZ,2012-08-10,26.0,26.28,25.7,25.96,25.92,0.04,0.15,7996.46,20782.2899,2023-08-01
002207.SZ,2012-08-10,13.6,13.77,13.3,13.44,13.53,-0.09,-0.67,25176.41,33934.3037,2023-08-01
000028.SZ,2012-08-10,32.68,32.7,32.05,32.59,32.7,-0.11,-0.34,5629.67,18312.8445,2023-08-01
601929.SH,2012-08-10,8.46,8.54,8.26,8.28,8.49,-0.21,-2.47,155186.58,130476.75,2023-08-01
000069.SZ,2012-08-10,5.96,6.0,5.91,5.97,5.97,0.0,0.0,176232.34,105094.9193,2023-08-01
000404.SZ,2012-08-10,5.31,5.34,5.21,5.21,5.34,-0.13,-2.43,71222.53,37389.3521,2023-08-01
000739.SZ,2012-08-10,8.87,9.12,8.8,8.96,8.85,0.11,1.24,44249.21,39769.3226,2023-08-01
000788.SZ,2012-08-10,6.7,6.74,6.6,6.7,6.7,0.0,0.0,13597.59,9085.6308,2023-08-01
000798.SZ,2012-08-10,6.7,6.86,6.63,6.81,6.71,0.1,1.49,26011.67,17678.3015,2023-08-01
000957.SZ,2012-08-10,6.89,6.95,6.5,6.93,6.91,0.02,0.29,11964.54,8243.5679,2023-08-01
600019.SH,2012-08-10,4.24,4.25,4.22,4.24,4.24,0.0,0.0,139176.33,58980.518,2023-08-01
600166.SH,2012-08-10,6.8,6.87,6.75,6.84,6.81,0.03,0.44,159222.76,108336.152,2023-08-01
600182.SH,2012-08-10,7.29,7.29,7.19,7.23,7.24,-0.01,-0.14,5532.18,3997.547,2023-08-01
600185.SH,2012-08-10,5.45,5.48,5.37,5.38,5.48,-0.1,-1.82,15266.72,8257.299,2023-08-01
600248.SH,2012-08-10,7.43,7.85,7.38,7.58,7.49,0.09,1.2,89606.43,68361.504,2023-08-01
600589.SH,2012-08-10,5.4,5.44,5.36,5.42,5.42,0.0,0.0,32376.48,17506.581,2023-08-01
600847.SH,2012-08-10,12.99,12.99,12.63,12.83,12.94,-0.11,-0.85,8380.94,10714.009,2023-08-01
600895.SH,2012-08-10,7.76,7.89,7.7,7.71,7.77,-0.06,-0.77,115364.91,89912.402,2023-08-01
600030.SH,2012-08-10,12.24,12.24,12.02,12.09,12.24,-0.15,-1.23,321808.35,389392.585,2023-08-01
600035.SH,2012-08-10,3.06,3.07,3.04,3.05,3.07,-0.02,-0.65,21391.81,6516.574,2023-08-01
600979.SH,2012-08-10,4.07,4.09,4.02,4.06,4.04,0.02,0.5,33076.67,13401.206,2023-08-01
002063.SZ,2012-08-10,15.67,15.87,15.5,15.64,15.7,-0.06,-0.38,19417.98,30511.3683,2023-08-01
002371.SZ,2012-08-10,28.63,29.49,28.62,29.31,28.45,0.86,3.02,7436.17,21667.1375,2023-08-01
002159.SZ,2012-08-10,12.46,12.46,12.0,12.13,12.5,-0.37,-2.96,17001.1,20806.1622,2023-08-01
002195.SZ,2012-08-10,15.2,15.31,15.01,15.08,15.18,-0.1,-0.66,4915.57,7454.0617,2023-08-01
300018.SZ,2012-08-10,9.12,9.27,9.06,9.17,9.12,0.05,0.55,7299.31,6698.4864,2023-08-01
002425.SZ,2012-08-10,8.76,9.2,8.63,9.01,8.82,0.19,2.15,57748.48,51315.0559,2023-08-01
002423.SZ,2012-08-10,6.25,6.32,6.2,6.23,6.24,-0.01,-0.16,18590.96,11646.205,2023-08-01
002469.SZ,2012-08-10,19.05,19.06,18.72,18.76,18.95,-0.19,-1.0,3422.19,6463.3974,2023-08-01
002595.SZ,2012-08-10,18.7,18.7,18.27,18.51,18.65,-0.14,-0.75,6696.6,12373.9911,2023-08-01
300147.SZ,2012-08-10,11.15,11.41,10.86,10.96,11.27,-0.31,-2.75,85444.25,95008.7128,2023-08-01
002586.SZ,2012-08-10,15.71,16.06,15.52,15.62,15.78,-0.16,-1.01,46349.6,72970.3896,2023-08-01
002602.SZ,2012-08-10,7.34,7.49,7.25,7.4,7.34,0.06,0.82,16647.23,12272.059,2023-08-01
300261.SZ,2012-08-10,15.9,15.9,15.34,15.42,15.9,-0.48,-3.02,10774.86,16721.8984,2023-08-01
000663.SZ,2012-08-10,9.26,10.05,9.26,10.05,9.14,0.91,9.96,369300.57,364163.716,2023-08-01
300103.SZ,2012-08-10,7.7,7.77,7.52,7.53,7.78,-0.25,-3.21,11183.77,8502.9178,2023-08-01
300222.SZ,2012-08-10,12.68,12.96,12.5,12.88,12.8,0.08,0.63,5445.44,6953.7731,2023-08-01
600098.SH,2012-08-10,6.78,7.44,6.78,7.44,6.76,0.68,10.06,272890.54,198155.07,2023-08-01
300242.SZ,2012-08-10,8.7,8.74,8.56,8.67,8.76,-0.09,-1.03,2936.0,2545.0123,2023-08-01
002152.SZ,2012-08-10,15.22,15.33,15.12,15.15,15.3,-0.15,-0.98,7479.33,11375.5704,2023-08-01
600640.SH,2012-08-10,7.87,8.22,7.83,8.07,7.87,0.2,2.54,38208.14,30909.378,2023-08-01
002510.SZ,2012-08-10,9.83,9.98,9.76,9.89,9.83,0.06,0.61,2509.75,2475.7367,2023-08-01
000602.SZ,2012-08-10,25.61,26.14,25.41,25.5,25.8,-0.3,-1.16,49184.58,126570.8706,2023-08-01
600310.SH,2012-08-10,10.56,10.78,10.48,10.71,10.51,0.2,1.9,35125.95,37319.907,2023-08-01
002189.SZ,2012-08-10,7.2,7.66,7.19,7.45,7.25,0.2,2.76,25792.92,19048.9886,2023-08-01
600586.SH,2012-08-10,3.89,3.95,3.83,3.89,3.88,0.01,0.26,65992.35,25618.447,2023-08-01
600375.SH,2012-08-10,8.81,8.85,8.57,8.61,8.7,-0.09,-1.03,12527.74,10858.491,2023-08-01
600806.SH,2012-08-10,5.13,5.3,5.07,5.2,5.13,0.07,1.36,27967.33,14520.01,2023-08-01
002276.SZ,2012-08-10,5.97,6.02,5.81,5.83,5.98,-0.15,-2.51,38983.38,22970.1949,2023-08-01
600272.SH,2012-08-10,13.42,14.0,13.35,13.45,13.65,-0.2,-1.47,178008.96,243061.848,2023-08-01
300030.SZ,2012-08-10,9.24,9.27,9.1,9.19,9.24,-0.05,-0.54,6537.0,6005.411,2023-08-01
601933.SH,2012-08-10,22.4,22.81,22.32,22.61,22.39,0.22,0.98,24075.29,54409.017,2023-08-01
002138.SZ,2012-08-10,12.5,12.5,12.11,12.17,12.4,-0.23,-1.85,9726.35,11899.8121,2023-08-01
600800.SH,2012-08-10,2.35,2.41,2.33,2.41,2.38,0.03,1.26,30208.43,7134.921,2023-08-01
300299.SZ,2012-08-10,14.2,14.31,14.12,14.21,14.36,-0.15,-1.04,6066.25,8616.2002,2023-08-01
600480.SH,2012-08-10,7.36,7.55,7.33,7.5,7.39,0.11,1.49,45214.95,33824.85,2023-08-01
000668.SZ,2012-08-10,7.94,8.09,7.88,7.88,7.95,-0.07,-0.88,8464.79,6721.3862,2023-08-01
000598.SZ,2012-08-10,7.97,8.0,7.85,7.89,7.84,0.05,0.64,111596.27,88383.7089,2023-08-01
600459.SH,2012-08-10,17.1,17.1,16.77,16.95,16.97,-0.02,-0.12,6879.42,11600.08,2023-08-01
002203.SZ,2012-08-10,7.74,7.79,7.65,7.75,7.74,0.01,0.13,23112.22,17836.735,2023-08-01
600833.SH,2012-08-10,9.8,9.8,9.26,9.54,9.83,-0.29,-2.95,290561.79,275782.175,2023-08-01
601608.SH,2012-08-10,4.4,4.55,4.4,4.42,4.43,-0.01,-0.23,592678.13,264316.998,2023-08-01
300286.SZ,2012-08-10,13.79,13.85,13.5,13.55,13.79,-0.24,-1.74,3567.2,4861.0235,2023-08-01
600132.SH,2012-08-10,19.21,20.18,19.07,19.46,19.16,0.3,1.57,113082.55,223000.169,2023-08-01
600775.SH,2012-08-10,5.43,5.43,5.36,5.39,5.41,-0.02,-0.37,3091.0,1664.8,2023-08-01
002267.SZ,2012-08-10,7.72,7.79,7.63,7.67,7.65,0.02,0.26,12879.77,9926.5281,2023-08-01
300191.SZ,2012-08-10,19.11,19.55,18.86,19.1,19.12,-0.02,-0.1,45803.19,88107.4692,2023-08-01
600656.SH,2012-08-10,4.2,4.31,4.17,4.23,4.24,-0.01,-0.24,24298.27,10281.039,2023-08-01
600168.SH,2012-08-10,6.92,6.92,6.81,6.83,6.92,-0.09,-1.3,21395.68,14649.942,2023-08-01
002561.SZ,2012-08-10,9.93,9.99,9.81,9.89,9.99,-0.1,-1.0,11214.73,11070.526,2023-08-01
000530.SZ,2012-08-10,6.19,6.27,6.14,6.2,6.18,0.02,0.32,15473.99,9569.6519,2023-08-01
601333.SH,2012-08-10,2.77,2.78,2.76,2.77,2.77,0.0,0.0,68371.43,18939.227,2023-08-01
000962.SZ,2012-08-10,14.11,14.19,13.88,13.94,14.18,-0.24,-1.69,48059.68,67247.2612,2023-08-01
000816.SZ,2012-08-10,5.06,5.56,5.02,5.37,5.06,0.31,6.13,195123.81,103936.331,2023-08-01
002060.SZ,2012-08-10,5.37,5.42,5.36,5.41,5.39,0.02,0.37,24273.32,13073.7916,2023-08-01
000929.SZ,2012-08-10,6.86,7.17,6.81,6.87,6.88,-0.01,-0.15,22748.89,15925.4716,2023-08-01
600998.SH,2012-08-10,13.96,14.15,13.76,13.81,13.96,-0.15,-1.07,8424.17,11668.519,2023-08-01
600793.SH,2012-08-10,7.57,7.62,7.55,7.61,7.56,0.05,0.66,2638.99,2003.767,2023-08-01
002650.SZ,2012-08-10,24.19,24.19,23.41,23.77,24.45,-0.68,-2.78,9244.23,21960.3325,2023-08-01
600398.SH,2012-08-10,3.61,3.62,3.57,3.59,3.61,-0.02,-0.55,26487.39,9526.67,2023-08-01
600679.SH,2012-08-10,8.89,9.28,8.74,9.17,8.88,0.29,3.27,100926.31,92087.831,2023-08-01
000752.SZ,2012-08-10,16.38,17.37,16.3,16.65,16.49,0.16,0.97,118660.18,200374.8078,2023-08-01
600228.SH,2012-08-10,11.4,11.97,11.32,11.64,11.43,0.21,1.84,33826.56,39507.088,2023-08-01
300008.SZ,2012-08-10,7.56,7.63,7.52,7.57,7.63,-0.06,-0.79,18794.43,14214.706,2023-08-01
600071.SH,2012-08-10,6.23,6.24,6.03,6.04,6.06,-0.02,-0.33,11523.7,7022.319,2023-08-01
002573.SZ,2012-08-10,17.06,17.24,17.0,17.15,17.02,0.13,0.76,6578.58,11268.3659,2023-08-01
002601.SZ,2012-08-10,28.92,31.5,28.92,31.11,29.62,1.49,5.03,90731.66,275433.4251,2023-08-01
300236.SZ,2012-08-10,12.0,12.0,11.8,11.95,12.07,-0.12,-0.99,1953.94,2323.4106,2023-08-01
000779.SZ,2012-08-10,9.03,9.2,8.92,8.99,9.14,-0.15,-1.64,18976.2,17160.7004,2023-08-01
601857.SH,2012-08-10,9.05,9.05,9.0,9.0,9.03,-0.03,-0.33,61306.12,55294.249,2023-08-01
002455.SZ,2012-08-10,10.12,10.5,10.01,10.03,10.05,-0.02,-0.2,55700.31,57020.9931,2023-08-01
600252.SH,2012-08-10,12.45,12.88,12.4,12.67,12.53,0.14,1.12,370239.28,469484.069,2023-08-01
000581.SZ,2012-08-10,26.44,26.77,26.23,26.5,26.43,0.07,0.26,12629.65,33472.9379,2023-08-01
002098.SZ,2012-08-10,7.7,8.47,7.7,8.47,7.7,0.77,10.0,96253.66,79628.5256,2023-08-01
600317.SH,2012-08-10,4.01,4.08,3.95,3.99,3.94,0.05,1.27,49605.13,19919.031,2023-08-01
002363.SZ,2012-08-10,13.03,13.38,13.02,13.15,13.08,0.07,0.54,15353.11,20323.1148,2023-08-01
002429.SZ,2012-08-10,11.81,11.96,11.75,11.88,11.8,0.08,0.68,24632.98,29241.6054,2023-08-01
600339.SH,2012-08-10,5.34,5.46,5.31,5.42,5.39,0.03,0.56,48676.53,26083.552,2023-08-01
603001.SH,2012-08-10,25.45,25.8,25.42,25.55,25.58,-0.03,-0.12,4387.34,11237.743,2023-08-01
600782.SH,2012-08-10,4.46,4.48,4.45,4.48,4.46,0.02,0.45,5153.0,2300.501,2023-08-01
000792.SZ,2012-08-10,35.5,35.69,34.84,34.91,35.4,-0.49,-1.38,42946.53,151085.0066,2023-08-01
300037.SZ,2012-08-10,17.07,17.22,16.98,17.08,17.18,-0.1,-0.58,2754.94,4710.7607,2023-08-01
002555.SZ,2012-08-10,10.16,10.48,10.13,10.4,10.24,0.16,1.56,5948.53,6162.6196,2023-08-01
600870.SH,2012-08-10,3.75,3.79,3.71,3.77,3.77,0.0,0.0,17612.62,6598.048,2023-08-01
300264.SZ,2012-08-10,7.35,7.46,7.31,7.45,7.4,0.05,0.68,19763.04,14587.5674,2023-08-01
601717.SH,2012-08-10,12.31,12.32,12.12,12.15,12.36,-0.21,-1.7,102563.8,125067.767,2023-08-01
300168.SZ,2012-08-10,26.8,26.81,26.4,26.8,26.8,0.0,0.0,3687.17,9837.1008,2023-08-01
002070.SZ,2012-08-10,10.8,11.65,10.77,10.97,11.08,-0.11,-0.99,289585.37,326133.4546,2023-08-01
300113.SZ,2012-08-10,25.51,26.25,25.51,26.16,25.66,0.5,1.95,6372.04,16563.963,2023-08-01
300239.SZ,2012-08-10,14.0,14.3,13.89,14.14,14.14,0.0,0.0,57269.78,80670.6365,2023-08-01
601258.SH,2012-08-10,6.18,6.2,6.07,6.12,6.17,-0.05,-0.81,40321.4,24687.079,2023-08-01
600275.SH,2012-08-10,6.3,6.37,6.23,6.33,6.29,0.04,0.64,48255.06,30490.061,2023-08-01
600251.SH,2012-08-10,20.5,20.85,20.16,20.2,20.5,-0.3,-1.46,30222.73,61848.618,2023-08-01
600146.SH,2012-08-10,11.06,11.11,10.69,10.72,11.11,-0.39,-3.51,72627.92,79135.967,2023-08-01
002216.SZ,2012-08-10,27.71,27.82,27.2,27.58,27.92,-0.34,-1.22,5679.39,15608.5315,2023-08-01
002483.SZ,2012-08-10,8.46,8.61,8.43,8.5,8.59,-0.09,-1.05,7844.7,6682.1482,2023-08-01
600028.SH,2012-08-10,6.17,6.18,6.1,6.13,6.15,-0.02,-0.33,176562.38,108601.084,2023-08-01
600267.SH,2012-08-10,16.41,17.16,16.33,17.05,16.46,0.59,3.58,106302.35,179856.205,2023-08-01
002660.SZ,2012-08-10,20.3,22.0,20.3,21.75,20.38,1.37,6.72,27572.95,58284.5748,2023-08-01
000949.SZ,2012-08-10,2.79,2.89,2.77,2.84,2.79,0.05,1.79,69176.73,19643.2757,2023-08-01
600615.SH,2012-08-10,9.6,9.71,9.48,9.66,9.62,0.04,0.42,13412.71,12865.558,2023-08-01
002489.SZ,2012-08-10,10.39,10.53,10.34,10.36,10.4,-0.04,-0.38,20716.84,21596.8107,2023-08-01
002079.SZ,2012-08-10,4.94,5.07,4.92,5.01,4.95,0.06,1.21,54817.23,27369.1034,2023-08-01
600321.SH,2012-08-10,2.45,2.45,2.36,2.42,2.46,-0.04,-1.63,197995.74,47608.65,2023-08-01
002354.SZ,2012-08-10,10.02,10.08,9.92,9.93,10.13,-0.2,-1.97,5928.21,5926.7731,2023-08-01
000639.SZ,2012-08-10,13.39,13.58,13.31,13.43,13.41,0.02,0.15,19430.72,26098.3422,2023-08-01
600306.SH,2012-08-10,11.28,11.28,11.03,11.09,11.25,-0.16,-1.42,8741.14,9705.935,2023-08-01
300241.SZ,2012-08-10,13.35,13.68,13.21,13.41,13.28,0.13,0.98,10670.05,14379.0663,2023-08-01
002162.SZ,2012-08-10,6.29,6.78,6.22,6.5,6.33,0.17,2.69,147748.43,96141.1531,2023-08-01
600242.SH,2012-08-10,6.27,6.44,6.23,6.26,6.27,-0.01,-0.16,44729.14,28293.26,2023-08-01
300215.SZ,2012-08-10,21.6,22.5,21.48,22.2,21.56,0.64,2.97,27681.9,61329.8482,2023-08-01
002242.SZ,2012-08-10,7.28,7.34,7.19,7.23,7.31,-0.08,-1.09,18630.38,13496.4074,2023-08-01
000998.SZ,2012-08-10,20.83,21.01,20.42,20.5,20.82,-0.32,-1.54,56672.59,116963.3119,2023-08-01
300328.SZ,2012-08-10,12.55,12.63,12.35,12.41,12.59,-0.18,-1.43,17605.42,21945.4533,2023-08-01
600547.SH,2012-08-10,35.16,35.2,34.1,34.38,35.0,-0.62,-1.77,59548.78,205412.86,2023-08-01
300094.SZ,2012-08-10,5.38,5.38,5.31,5.32,5.37,-0.05,-0.93,12980.03,6926.4859,2023-08-01
002596.SZ,2012-08-10,22.9,22.97,21.8,22.24,23.3,-1.06,-4.55,101304.62,227256.3453,2023-08-01
000620.SZ,2012-08-10,5.61,5.66,5.54,5.58,5.61,-0.03,-0.53,24298.44,13566.3339,2023-08-01
300276.SZ,2012-08-10,13.18,13.27,13.03,13.15,13.3,-0.15,-1.13,5101.22,6708.8057,2023-08-01
600112.SH,2012-08-10,13.0,13.3,12.98,13.14,13.09,0.05,0.38,47456.49,62444.446,2023-08-01
000516.SZ,2012-08-10,5.13,5.35,5.09,5.26,5.11,0.15,2.94,259973.48,135881.3338,2023-08-01
002265.SZ,2012-08-10,6.01,6.05,5.95,5.96,6.06,-0.1,-1.65,11065.69,6614.3865,2023-08-01
600499.SH,2012-08-10,8.86,9.0,8.82,8.83,8.9,-0.07,-0.79,25427.63,22608.409,2023-08-01
002158.SZ,2012-08-10,9.46,9.46,9.28,9.33,9.44,-0.11,-1.17,5869.79,5483.315,2023-08-01
002630.SZ,2012-08-10,14.39,14.47,14.2,14.31,14.43,-0.12,-0.83,4773.14,6834.5874,2023-08-01
600367.SH,2012-08-10,10.91,10.98,10.7,10.71,10.95,-0.24,-2.19,31219.74,33711.729,2023-08-01
600037.SH,2012-08-10,7.45,7.66,7.36,7.6,7.45,0.15,2.01,79004.29,59705.021,2023-08-01
300019.SZ,2012-08-10,12.5,12.5,12.3,12.38,12.5,-0.12,-0.96,3871.3,4792.993,2023-08-01
600702.SH,2012-08-10,37.59,37.6,36.5,36.74,37.89,-1.15,-3.04,74164.12,273498.573,2023-08-01
000735.SZ,2012-08-10,6.37,6.44,6.0,6.05,6.22,-0.17,-2.73,1271792.34,786822.5437,2023-08-01
002190.SZ,2012-08-10,12.5,13.17,12.41,12.77,12.59,0.18,1.43,78097.37,100430.6543,2023-08-01
601898.SH,2012-08-10,7.76,7.79,7.7,7.74,7.78,-0.04,-0.51,54439.48,42123.979,2023-08-01
000626.SZ,2012-08-10,8.16,8.39,8.11,8.32,8.18,0.14,1.71,34131.04,28327.0708,2023-08-01
000521.SZ,2012-08-10,4.41,4.42,4.34,4.39,4.39,0.0,0.0,36628.93,16010.8915,2023-08-01
002348.SZ,2012-08-10,8.05,8.06,7.92,7.93,8.07,-0.14,-1.73,14080.0,11238.95,2023-08-01
002428.SZ,2012-08-10,20.28,20.61,20.12,20.39,20.4,-0.01,-0.05,30888.31,62959.0073,2023-08-01
002676.SZ,2012-08-10,11.62,11.66,11.52,11.56,11.62,-0.06,-0.52,8495.47,9833.056,2023-08-01
601001.SH,2012-08-10,10.27,10.27,10.12,10.16,10.29,-0.13,-1.26,31952.93,32515.613,2023-08-01
600608.SH,2012-08-10,4.58,4.61,4.5,4.58,4.6,-0.02,-0.43,12021.49,5459.496,2023-08-01
600617.SH,2012-08-10,9.31,9.77,9.31,9.76,9.46,0.3,3.17,10012.46,9720.572,2023-08-01
002002.SZ,2012-08-10,8.01,8.12,7.85,7.9,8.06,-0.16,-1.99,17337.91,13805.7975,2023-08-01
300189.SZ,2012-08-10,11.07,11.18,10.86,10.91,11.09,-0.18,-1.62,44844.78,49147.9643,2023-08-01
600791.SH,2012-08-10,4.26,4.29,4.2,4.21,4.26,-0.05,-1.17,10292.87,4347.623,2023-08-01
000605.SZ,2012-08-10,11.08,11.18,11.0,11.11,11.2,-0.09,-0.8,1452.87,1606.7668,2023-08-01
002346.SZ,2012-08-10,13.54,13.7,13.3,13.38,13.52,-0.14,-1.04,15284.06,20560.9779,2023-08-01
600291.SH,2012-08-10,6.25,6.31,6.18,6.2,6.25,-0.05,-0.8,11564.07,7202.257,2023-08-01
002196.SZ,2012-08-10,11.56,11.63,11.36,11.44,11.62,-0.18,-1.55,2287.97,2623.0214,2023-08-01
000996.SZ,2012-08-10,14.02,14.13,13.72,13.9,14.13,-0.23,-1.63,29923.2,41597.7322,2023-08-01
002335.SZ,2012-08-10,9.58,10.18,9.58,10.18,9.65,0.53,5.49,18335.11,18261.0037,2023-08-01
600171.SH,2012-08-10,5.38,5.48,5.28,5.39,5.38,0.01,0.19,47788.97,25758.248,2023-08-01
000978.SZ,2012-08-10,7.2,7.23,7.1,7.14,7.21,-0.07,-0.97,18873.9,13487.329,2023-08-01
002344.SZ,2012-08-10,25.07,25.25,24.98,25.14,25.05,0.09,0.36,13808.94,34671.1791,2023-08-01
600662.SH,2012-08-10,4.2,4.21,4.17,4.18,4.2,-0.02,-0.48,15210.03,6369.29,2023-08-01
300284.SZ,2012-08-10,9.61,9.65,9.52,9.61,9.65,-0.04,-0.41,4330.16,4150.2241,2023-08-01
002322.SZ,2012-08-10,17.81,18.15,17.76,17.83,17.87,-0.04,-0.22,9342.86,16791.2213,2023-08-01
002581.SZ,2012-08-10,19.8,19.96,19.61,19.7,19.89,-0.19,-0.96,9377.68,18534.7337,2023-08-01
000852.SZ,2012-08-10,18.98,19.19,18.39,18.47,18.69,-0.22,-1.18,213583.64,400525.6919,2023-08-01
300337.SZ,2012-08-10,18.3,18.57,18.06,18.15,18.49,-0.34,-1.84,18712.9,34256.0015,2023-08-01
002305.SZ,2012-08-10,5.06,5.07,4.98,5.03,5.08,-0.05,-0.98,31369.42,15729.718,2023-08-01
300100.SZ,2012-08-10,11.21,11.3,11.14,11.18,11.3,-0.12,-1.06,3357.04,3758.9187,2023-08-01
300296.SZ,2012-08-10,14.4,14.4,14.11,14.13,14.39,-0.26,-1.81,8525.31,12121.6289,2023-08-01
601177.SH,2012-08-10,10.4,10.4,10.23,10.37,10.38,-0.01,-0.1,5839.5,6023.387,2023-08-01
600163.SH,2012-08-10,3.58,3.66,3.56,3.57,3.55,0.02,0.56,236764.84,85356.549,2023-08-01
600234.SH,2012-08-10,4.17,4.24,4.16,4.19,4.2,-0.01,-0.24,4659.93,1955.753,2023-08-01
300169.SZ,2012-08-10,7.83,7.84,7.63,7.72,7.79,-0.07,-0.9,10886.68,8403.3297,2023-08-01
002640.SZ,2012-08-10,9.6,9.61,9.46,9.53,9.6,-0.07,-0.73,8616.48,8216.677,2023-08-01
002096.SZ,2012-08-10,13.01,13.15,12.9,13.04,13.19,-0.15,-1.14,25066.77,32661.9769,2023-08-01
002289.SZ,2012-08-10,16.11,17.39,15.8,16.73,16.1,0.63,3.91,39716.15,66147.1847,2023-08-01
002109.SZ,2012-08-10,7.8,7.89,7.72,7.84,7.8,0.04,0.51,32594.63,25510.7775,2023-08-01
600143.SH,2012-08-10,5.28,5.69,5.27,5.49,5.29,0.2,3.78,200229.65,110013.189,2023-08-01
000567.SZ,2012-08-10,6.64,6.64,6.42,6.46,6.64,-0.18,-2.71,35112.66,22847.0485,2023-08-01
601872.SH,2012-08-10,2.83,2.85,2.8,2.83,2.83,0.0,0.0,36540.18,10333.636,2023-08-01
002061.SZ,2012-08-10,8.57,8.58,8.38,8.4,8.54,-0.14,-1.64,20651.58,17453.3344,2023-08-01
601700.SH,2012-08-10,14.9,15.49,14.81,15.19,14.92,0.27,1.81,10102.65,15226.151,2023-08-01
002369.SZ,2012-08-10,14.71,15.3,14.66,15.0,14.8,0.2,1.35,15379.04,22946.2544,2023-08-01
600714.SH,2012-08-10,13.77,14.14,13.45,13.5,13.92,-0.42,-3.02,59427.81,81550.458,2023-08-01
002683.SZ,2012-08-10,17.77,18.56,17.48,18.23,17.92,0.31,1.73,95706.48,172511.2463,2023-08-01
300251.SZ,2012-08-10,24.7,26.7,24.56,25.78,24.94,0.84,3.37,17105.31,43570.7409,2023-08-01
600429.SH,2012-08-10,5.7,5.77,5.62,5.67,5.7,-0.03,-0.53,42097.09,23892.695,2023-08-01
600963.SH,2012-08-10,4.05,4.1,4.03,4.08,4.06,0.02,0.49,52455.22,21354.656,2023-08-01
600507.SH,2012-08-10,3.82,3.86,3.76,3.83,3.82,0.01,0.26,43839.36,16764.912,2023-08-01
300064.SZ,2012-08-10,6.32,6.42,6.18,6.25,6.37,-0.12,-1.88,88236.71,55318.1877,2023-08-01
300152.SZ,2012-08-10,8.08,8.34,8.05,8.27,8.13,0.14,1.72,43169.72,35441.2002,2023-08-01
601518.SH,2012-08-10,2.56,2.57,2.54,2.56,2.57,-0.01,-0.39,22029.34,5623.269,2023-08-01
600859.SH,2012-08-10,26.27,26.52,25.6,26.5,26.34,0.16,0.61,32365.39,84002.311,2023-08-01
600110.SH,2012-08-10,3.9,3.92,3.83,3.86,3.91,-0.05,-1.28,72176.13,27911.247,2023-08-01
000635.SZ,2012-08-10,9.29,9.29,9.12,9.17,9.29,-0.12,-1.29,10146.28,9313.9618,2023-08-01
300265.SZ,2012-08-10,11.76,11.87,11.63,11.7,11.83,-0.13,-1.1,18679.39,21925.8443,2023-08-01
002490.SZ,2012-08-10,9.4,9.93,9.24,9.93,9.03,0.9,9.97,602444.63,584794.3093,2023-08-01
600215.SH,2012-08-10,4.43,4.52,4.37,4.41,4.45,-0.04,-0.9,25518.02,11329.722,2023-08-01
601101.SH,2012-08-10,13.88,13.9,13.6,13.63,13.88,-0.25,-1.8,38560.8,52878.978,2023-08-01
600069.SH,2012-08-10,5.44,5.98,5.4,5.98,5.44,0.54,9.93,170801.87,98973.917,2023-08-01
300041.SZ,2012-08-10,14.3,14.3,13.78,13.82,13.71,0.11,0.8,25114.54,35200.5028,2023-08-01
000022.SZ,2012-08-10,9.29,9.34,9.19,9.25,9.35,-0.1,-1.07,11921.15,11012.2069,2023-08-01
000607.SZ,2012-08-10,4.91,5.06,4.72,4.79,4.97,-0.18,-3.62,106139.09,51789.1445,2023-08-01
002486.SZ,2012-08-10,7.5,7.61,7.5,7.59,7.56,0.03,0.4,4800.1,3628.5262,2023-08-01
002466.SZ,2012-08-10,30.77,30.85,29.9,29.94,30.77,-0.83,-2.7,13368.4,40513.037,2023-08-01
600805.SH,2012-08-10,8.95,9.0,8.86,8.89,9.01,-0.12,-1.33,84647.71,75436.445,2023-08-01
600536.SH,2012-08-10,13.99,14.18,13.95,14.0,14.0,0.0,0.0,9402.14,13214.437,2023-08-01
600208.SH,2012-08-10,3.48,3.49,3.44,3.46,3.48,-0.02,-0.57,73241.32,25309.149,2023-08-01
601939.SH,2012-08-10,4.06,4.07,4.04,4.05,4.06,-0.01,-0.25,95843.58,38913.149,2023-08-01
600764.SH,2012-08-10,5.6,5.71,5.55,5.58,5.59,-0.01,-0.18,18297.76,10270.457,2023-08-01
002312.SZ,2012-08-10,12.28,12.28,11.85,11.97,12.3,-0.33,-2.68,5363.51,6431.7995,2023-08-01
600528.SH,2012-08-10,7.29,7.29,7.08,7.09,7.27,-0.18,-2.48,201542.3,144241.797,2023-08-01
002074.SZ,2012-08-10,6.23,6.26,5.98,5.98,6.22,-0.24,-3.86,25858.8,15842.7432,2023-08-01
002575.SZ,2012-08-10,12.22,12.3,12.05,12.09,12.2,-0.11,-0.9,2441.73,2959.9574,2023-08-01
600435.SH,2012-08-10,7.51,7.63,7.42,7.52,7.51,0.01,0.13,33890.87,25464.528,2023-08-01
600095.SH,2012-08-10,5.5,5.77,5.46,5.56,5.51,0.05,0.91,129965.24,72790.292,2023-08-01
002604.SZ,2012-08-10,17.55,18.09,17.55,17.87,17.68,0.19,1.07,12379.25,22132.4657,2023-08-01
002262.SZ,2012-08-10,26.49,26.6,25.98,26.35,26.3,0.05,0.19,3863.99,10163.1517,2023-08-01
002340.SZ,2012-08-10,14.5,14.68,14.36,14.62,14.61,0.01,0.07,113084.16,164127.5573,2023-08-01
300341.SZ,2012-08-10,12.46,12.58,12.1,12.18,12.52,-0.34,-2.72,42343.88,52358.0596,2023-08-01
000725.SZ,2012-08-10,1.77,1.78,1.77,1.77,1.78,-0.01,-0.56,153697.71,27250.7947,2023-08-01
300115.SZ,2012-08-10,28.9,29.69,28.2,29.43,28.81,0.62,2.15,29741.0,86131.0817,2023-08-01
600099.SH,2012-08-10,5.3,5.41,5.26,5.33,5.34,-0.01,-0.19,4552.0,2428.555,2023-08-01
600152.SH,2012-08-10,5.59,5.6,5.45,5.54,5.61,-0.07,-1.25,44825.73,24797.763,2023-08-01
000793.SZ,2012-08-10,6.02,6.08,5.98,6.02,6.04,-0.02,-0.33,20700.5,12457.3624,2023-08-01
300114.SZ,2012-08-10,13.09,13.17,12.81,12.9,12.99,-0.09,-0.69,1776.08,2289.9373,2023-08-01
600477.SH,2012-08-10,4.64,4.73,4.56,4.6,4.65,-0.05,-1.08,45389.32,21020.007,2023-08-01
002612.SZ,2012-08-10,36.2,36.47,35.63,35.8,36.45,-0.65,-1.78,2629.92,9458.4682,2023-08-01
300340.SZ,2012-08-10,56.9,58.25,56.75,57.08,57.42,-0.34,-0.59,20270.43,116686.8578,2023-08-01
000150.SZ,2012-08-10,4.01,4.01,3.97,3.99,4.01,-0.02,-0.5,4203.34,1675.4816,2023-08-01
600600.SH,2012-08-10,34.68,35.33,34.34,34.91,34.67,0.24,0.69,21433.61,74705.573,2023-08-01
600718.SH,2012-08-10,8.6,8.65,8.5,8.6,8.59,0.01,0.12,19228.19,16474.96,2023-08-01
300066.SZ,2012-08-10,8.09,8.17,8.05,8.1,8.11,-0.01,-0.12,4963.78,4023.2869,2023-08-01
002520.SZ,2012-08-10,13.29,13.37,13.17,13.29,13.37,-0.08,-0.6,4128.69,5474.9673,2023-08-01
000576.SZ,2012-08-10,6.07,6.12,5.95,5.98,6.05,-0.07,-1.16,21129.46,12689.2245,2023-08-01
600594.SH,2012-08-10,21.7,22.58,21.5,22.32,21.8,0.52,2.39,30222.17,67055.231,2023-08-01
600797.SH,2012-08-10,4.22,4.3,4.16,4.25,4.21,0.04,0.95,65652.92,27703.574,2023-08-01
601998.SH,2012-08-10,4.0,4.0,3.96,3.96,3.96,0.0,0.0,113038.97,45066.026,2023-08-01
002324.SZ,2012-08-10,11.8,12.04,11.71,11.73,11.8,-0.07,-0.59,3937.99,4667.0614,2023-08-01
002664.SZ,2012-08-10,18.6,19.14,18.6,18.74,18.63,0.11,0.59,19108.78,36022.3092,2023-08-01
002040.SZ,2012-08-10,5.23,5.29,5.19,5.28,5.23,0.05,0.96,8489.89,4453.1768,2023-08-01
002273.SZ,2012-08-10,18.59,18.75,18.31,18.6,18.54,0.06,0.32,12926.61,23992.3151,2023-08-01
002560.SZ,2012-08-10,13.23,13.23,13.1,13.14,13.21,-0.07,-0.53,4266.65,5613.0912,2023-08-01
300309.SZ,2012-08-10,35.15,35.78,34.8,35.64,35.7,-0.06,-0.17,14850.91,52451.0257,2023-08-01
000603.SZ,2012-08-10,20.52,20.7,19.96,20.14,20.72,-0.58,-2.8,31743.27,64384.6564,2023-08-01
600064.SH,2012-08-10,10.17,10.19,10.03,10.09,10.16,-0.07,-0.69,31492.95,31831.384,2023-08-01
601991.SH,2012-08-10,4.95,5.01,4.93,5.01,4.95,0.06,1.21,77007.89,38274.067,2023-08-01
000981.SZ,2012-08-10,7.92,7.93,7.79,7.9,7.9,0.0,0.0,3803.25,2984.4264,2023-08-01
000908.SZ,2012-08-10,7.57,7.64,7.48,7.49,7.55,-0.06,-0.79,8108.3,6098.4536,2023-08-01
002280.SZ,2012-08-10,12.12,12.19,11.93,11.97,12.09,-0.12,-0.99,4432.16,5346.7568,2023-08-01
002286.SZ,2012-08-10,13.3,13.35,13.05,13.08,13.3,-0.22,-1.65,8194.95,10774.7267,2023-08-01
600965.SH,2012-08-10,5.65,5.68,5.56,5.62,5.65,-0.03,-0.53,17847.49,10004.87,2023-08-01
002422.SZ,2012-08-10,43.95,45.88,43.83,45.64,43.98,1.66,3.77,12283.64,55328.9671,2023-08-01
002184.SZ,2012-08-10,5.69,5.95,5.65,5.78,5.7,0.08,1.4,14149.36,8229.9526,2023-08-01
002135.SZ,2012-08-10,5.86,5.98,5.75,5.89,5.83,0.06,1.03,30819.43,18096.0558,2023-08-01
600988.SH,2012-08-10,18.89,19.08,18.22,18.41,18.89,-0.48,-2.54,12182.59,22495.742,2023-08-01
300167.SZ,2012-08-10,9.85,10.15,9.75,10.06,9.85,0.21,2.13,14896.86,14775.2279,2023-08-01
000903.SZ,2012-08-10,4.5,4.51,4.42,4.45,4.49,-0.04,-0.89,27777.81,12358.8937,2023-08-01
002642.SZ,2012-08-10,14.71,15.29,14.6,15.14,14.77,0.37,2.51,31329.55,46827.9731,2023-08-01
600120.SH,2012-08-10,9.57,10.15,9.55,9.8,9.46,0.34,3.59,235121.06,231945.932,2023-08-01
300257.SZ,2012-08-10,28.87,29.58,28.57,29.58,28.9,0.68,2.35,12813.96,37557.0279,2023-08-01
600822.SH,2012-08-10,5.37,5.38,5.32,5.34,5.36,-0.02,-0.37,13365.32,7145.918,2023-08-01
002410.SZ,2012-08-10,19.8,19.8,19.56,19.74,19.83,-0.09,-0.45,4487.3,8820.8,2023-08-01
600039.SH,2012-08-10,6.01,6.18,5.92,5.93,6.07,-0.14,-2.31,448187.28,270228.484,2023-08-01
000504.SZ,2012-08-10,4.56,4.79,4.56,4.77,4.59,0.18,3.92,27437.11,12908.461,2023-08-01
300290.SZ,2012-08-10,15.23,15.45,15.13,15.16,15.42,-0.26,-1.69,9484.54,14477.2223,2023-08-01
600686.SH,2012-08-10,5.94,6.04,5.9,6.03,5.95,0.08,1.34,22981.52,13759.26,2023-08-01
000967.SZ,2012-08-10,6.36,6.41,6.26,6.32,6.36,-0.04,-0.63,9560.35,6036.065,2023-08-01
002382.SZ,2012-08-10,9.04,9.13,8.93,9.0,9.04,-0.04,-0.44,19147.38,17246.5503,2023-08-01
601000.SH,2012-08-10,6.84,6.93,6.82,6.9,6.86,0.04,0.58,38238.9,26334.572,2023-08-01
002125.SZ,2012-08-10,7.66,7.7,7.5,7.53,7.74,-0.21,-2.71,22456.36,17028.1207,2023-08-01
002075.SZ,2012-08-10,3.95,4.09,3.86,3.97,3.93,0.04,1.02,21518.64,8571.0391,2023-08-01
000973.SZ,2012-08-10,4.11,4.53,4.08,4.53,4.12,0.41,9.95,188601.19,83421.3097,2023-08-01
601877.SH,2012-08-10,15.15,15.2,15.0,15.16,15.16,0.0,0.0,3815.87,5762.088,2023-08-01
601818.SH,2012-08-10,2.79,2.81,2.78,2.79,2.78,0.01,0.36,265100.69,74010.844,2023-08-01
002317.SZ,2012-08-10,27.5,28.42,27.02,28.18,27.74,0.44,1.59,23696.63,66289.8597,2023-08-01
600007.SH,2012-08-10,10.2,10.27,10.16,10.2,10.22,-0.02,-0.2,1121.94,1144.668,2023-08-01
002639.SZ,2012-08-10,11.65,11.85,11.54,11.56,11.67,-0.11,-0.94,4117.1,4796.7298,2023-08-01
002234.SZ,2012-08-10,11.0,11.15,10.86,10.91,10.96,-0.05,-0.46,18665.89,20522.3304,2023-08-01
002482.SZ,2012-08-10,19.57,19.65,18.98,19.17,19.57,-0.4,-2.04,21974.42,42426.5902,2023-08-01
000541.SZ,2012-08-10,6.95,7.43,6.9,7.22,6.93,0.29,4.18,103362.33,74386.0473,2023-08-01
002475.SZ,2012-08-10,32.45,32.92,32.0,32.86,32.38,0.48,1.48,9808.77,32076.6125,2023-08-01
600512.SH,2012-08-10,2.97,3.0,2.93,2.96,2.98,-0.02,-0.67,22874.97,6777.745,2023-08-01
000993.SZ,2012-08-10,9.66,10.22,9.57,9.89,9.62,0.27,2.81,32470.5,32159.9994,2023-08-01
002655.SZ,2012-08-10,16.49,16.74,16.35,16.4,16.45,-0.05,-0.3,10185.35,16830.7743,2023-08-01
600307.SH,2012-08-10,3.31,3.38,3.31,3.34,3.33,0.01,0.3,40776.08,13644.157,2023-08-01
000632.SZ,2012-08-10,3.44,3.8,3.44,3.6,3.48,0.12,3.45,190535.72,69808.0543,2023-08-01
000031.SZ,2012-08-10,4.14,4.14,4.01,4.06,4.15,-0.09,-2.17,67089.33,27275.6282,2023-08-01
600361.SH,2012-08-10,5.61,5.65,5.59,5.63,5.64,-0.01,-0.18,4877.0,2739.778,2023-08-01
002590.SZ,2012-08-10,8.73,8.77,8.51,8.58,8.79,-0.21,-2.39,14475.27,12452.8495,2023-08-01
600111.SH,2012-08-10,41.2,41.2,39.91,40.25,41.51,-1.26,-3.04,809256.22,3273322.012,2023-08-01
000008.SZ,2012-08-10,9.5,9.98,9.5,9.7,9.5,0.2,2.11,2598.55,2522.8357,2023-08-01
002396.SZ,2012-08-10,18.55,19.4,18.43,18.77,18.43,0.34,1.84,94424.66,179228.5388,2023-08-01
002182.SZ,2012-08-10,9.2,9.2,9.03,9.06,9.18,-0.12,-1.31,28723.73,26108.7862,2023-08-01
300185.SZ,2012-08-10,5.2,5.26,5.16,5.2,5.23,-0.03,-0.57,72387.15,37697.9276,2023-08-01
600754.SH,2012-08-10,15.43,15.56,15.37,15.53,15.53,0.0,0.0,4594.33,7105.691,2023-08-01
002111.SZ,2012-08-10,8.5,8.61,8.46,8.46,8.49,-0.03,-0.35,20664.1,17643.8056,2023-08-01
600819.SH,2012-08-10,6.25,6.25,6.02,6.11,6.19,-0.08,-1.29,10469.41,6392.772,2023-08-01
002372.SZ,2012-08-10,14.1,14.18,14.0,14.02,14.1,-0.08,-0.57,9439.38,13256.0457,2023-08-01
300298.SZ,2012-08-10,51.06,51.21,49.38,49.91,51.05,-1.14,-2.23,8366.2,41954.0643,2023-08-01
002198.SZ,2012-08-10,8.7,8.7,8.56,8.56,8.66,-0.1,-1.15,2636.01,2268.1962,2023-08-01
300281.SZ,2012-08-10,16.5,17.01,16.5,16.91,16.62,0.29,1.74,3373.07,5675.9615,2023-08-01
300175.SZ,2012-08-10,11.23,11.56,11.16,11.38,11.23,0.15,1.34,47203.05,53673.5747,2023-08-01
002537.SZ,2012-08-10,12.02,12.1,11.9,12.09,12.08,0.01,0.08,3180.11,3821.2518,2023-08-01
601311.SH,2012-08-10,9.05,9.19,8.72,8.74,8.76,-0.02,-0.23,92452.35,82343.277,2023-08-01
600976.SH,2012-08-10,19.1,20.2,19.01,20.04,19.27,0.77,4.0,44690.81,88347.591,2023-08-01
000948.SZ,2012-08-10,7.29,7.42,7.26,7.32,7.29,0.03,0.41,15224.89,11168.0501,2023-08-01
002067.SZ,2012-08-10,2.36,2.42,2.35,2.37,2.35,0.02,0.85,256277.99,61049.9169,2023-08-01
600685.SH,2012-08-10,14.0,14.0,13.75,13.75,14.0,-0.25,-1.79,14523.62,20073.153,2023-08-01
300217.SZ,2012-08-10,10.31,10.47,10.22,10.39,10.25,0.14,1.37,14173.48,14655.6367,2023-08-01
600744.SH,2012-08-10,3.07,3.07,3.02,3.04,3.05,-0.01,-0.33,30219.97,9189.577,2023-08-01
600133.SH,2012-08-10,7.49,7.79,7.42,7.55,7.66,-0.11,-1.44,238022.58,180614.046,2023-08-01
300196.SZ,2012-08-10,16.75,17.19,16.71,16.91,16.75,0.16,0.96,18781.69,31749.6336,2023-08-01
600348.SH,2012-08-10,15.77,15.85,15.55,15.56,15.79,-0.23,-1.46,93004.08,145583.871,2023-08-01
002082.SZ,2012-08-10,7.26,7.26,7.12,7.2,7.25,-0.05,-0.69,10660.58,7645.2566,2023-08-01
002222.SZ,2012-08-10,6.31,6.71,6.3,6.47,6.36,0.11,1.73,57116.91,37303.8788,2023-08-01
600051.SH,2012-08-10,8.02,8.16,7.99,8.06,8.08,-0.02,-0.25,35835.31,28935.491,2023-08-01
002577.SZ,2012-08-10,11.44,11.59,11.33,11.39,11.54,-0.15,-1.3,3194.51,3649.0181,2023-08-01
000869.SZ,2012-08-10,60.8,60.88,55.13,55.23,61.25,-6.02,-9.83,110960.33,627864.7754,2023-08-01
000713.SZ,2012-08-10,10.82,11.1,10.82,10.9,10.93,-0.03,-0.27,30834.76,33749.7294,2023-08-01
300083.SZ,2012-08-10,9.57,9.57,9.41,9.46,9.57,-0.11,-1.15,3942.52,3746.1297,2023-08-01
300014.SZ,2012-08-10,12.39,12.49,12.2,12.25,12.37,-0.12,-0.97,14272.84,17573.2046,2023-08-01
002403.SZ,2012-08-10,8.71,8.72,8.5,8.54,8.7,-0.16,-1.84,14277.01,12242.8563,2023-08-01
600844.SH,2012-08-10,12.7,12.93,12.55,12.59,12.91,-0.32,-2.48,79662.8,101192.279,2023-08-01
000005.SZ,2012-08-10,3.1,3.39,3.06,3.19,3.14,0.05,1.59,422514.69,136181.9893,2023-08-01
300081.SZ,2012-08-10,14.55,14.66,14.48,14.51,14.65,-0.14,-0.96,6136.13,8929.1215,2023-08-01
002390.SZ,2012-08-10,21.2,21.91,21.02,21.48,21.5,-0.02,-0.09,39528.41,84770.8162,2023-08-01
600713.SH,2012-08-10,5.88,5.94,5.69,5.73,5.84,-0.11,-1.88,262313.3,152055.562,2023-08-01
600515.SH,2012-08-10,4.57,4.67,4.5,4.63,4.56,0.07,1.54,19112.04,8748.851,2023-08-01
300134.SZ,2012-08-10,12.03,12.09,11.8,11.91,12.02,-0.11,-0.92,7509.9,8960.6153,2023-08-01
000429.SZ,2012-08-10,3.01,3.28,2.98,3.25,3.01,0.24,7.97,37325.19,11634.1523,2023-08-01
600379.SH,2012-08-10,7.06,7.06,6.93,6.99,7.0,-0.01,-0.14,5752.7,4026.423,2023-08-01
000558.SZ,2012-08-10,4.02,4.16,4.0,4.15,4.07,0.08,1.97,117001.29,47685.9682,2023-08-01
002588.SZ,2012-08-10,29.7,29.98,29.33,29.38,29.86,-0.48,-1.61,6754.67,19973.2229,2023-08-01
000736.SZ,2012-08-10,10.79,10.94,10.6,10.64,10.87,-0.23,-2.12,49149.32,52673.378,2023-08-01
600005.SH,2012-08-10,2.64,2.64,2.62,2.63,2.64,-0.01,-0.38,70401.2,18499.642,2023-08-01
002684.SZ,2012-08-10,41.51,43.34,40.9,41.18,42.37,-1.19,-2.81,31092.02,130411.5915,2023-08-01
600058.SH,2012-08-10,22.4,22.5,21.79,21.82,22.5,-0.68,-3.02,64947.55,143494.152,2023-08-01
300192.SZ,2012-08-10,9.47,9.47,9.23,9.26,9.51,-0.25,-2.63,5024.92,4682.0887,2023-08-01
002413.SZ,2012-08-10,7.29,7.39,7.21,7.31,7.27,0.04,0.55,19711.78,14402.9821,2023-08-01
002212.SZ,2012-08-10,4.72,4.81,4.68,4.77,4.71,0.06,1.27,27502.06,13085.2198,2023-08-01
600874.SH,2012-08-10,5.13,5.13,5.07,5.08,5.13,-0.05,-0.97,19570.98,9959.342,2023-08-01
002172.SZ,2012-08-10,3.88,4.04,3.82,3.96,3.9,0.06,1.54,67425.48,26609.485,2023-08-01
300125.SZ,2012-08-10,12.75,12.89,12.62,12.7,12.84,-0.14,-1.09,5266.9,6678.5205,2023-08-01
000723.SZ,2012-08-10,11.53,11.9,11.43,11.54,11.41,0.13,1.14,28148.24,32641.0985,2023-08-01
601126.SH,2012-08-10,15.25,15.55,15.03,15.07,15.39,-0.32,-2.08,9369.68,14306.741,2023-08-01
300043.SZ,2012-08-10,16.7,16.82,16.02,16.48,16.73,-0.25,-1.49,2733.9,4527.4037,2023-08-01
601398.SH,2012-08-10,3.76,3.8,3.76,3.79,3.76,0.03,0.8,201502.72,76384.452,2023-08-01
002508.SZ,2012-08-10,17.58,18.5,17.44,18.0,17.56,0.44,2.51,37361.98,66583.1607,2023-08-01
000612.SZ,2012-08-10,11.19,11.24,11.05,11.08,11.22,-0.14,-1.25,14528.58,16150.2457,2023-08-01
000705.SZ,2012-08-10,13.1,13.28,13.1,13.17,13.18,-0.01,-0.08,13344.58,17598.3584,2023-08-01
002556.SZ,2012-08-10,6.72,6.94,6.72,6.89,6.78,0.11,1.62,66899.92,45744.084,2023-08-01
300194.SZ,2012-08-10,20.2,20.2,19.99,19.99,20.13,-0.14,-0.7,2263.33,4544.7302,2023-08-01
300049.SZ,2012-08-10,13.97,14.1,13.67,14.0,13.9,0.1,0.72,17802.78,24663.9331,2023-08-01
002368.SZ,2012-08-10,16.05,16.67,15.99,16.45,16.15,0.3,1.86,22293.51,36833.579,2023-08-01
600326.SH,2012-08-10,9.04,9.28,9.0,9.15,9.04,0.11,1.22,56252.78,51567.631,2023-08-01
002157.SZ,2012-08-10,9.87,10.15,9.76,9.93,9.84,0.09,0.91,79306.73,79177.6486,2023-08-01
000683.SZ,2012-08-10,5.8,5.8,5.65,5.7,5.85,-0.15,-2.56,55124.27,31474.8929,2023-08-01
600409.SH,2012-08-10,5.87,5.98,5.85,5.88,5.95,-0.07,-1.18,49831.9,29347.396,2023-08-01
600595.SH,2012-08-10,5.59,5.62,5.55,5.6,5.59,0.01,0.18,29099.28,16228.071,2023-08-01
600596.SH,2012-08-10,8.35,8.48,8.18,8.18,8.39,-0.21,-2.5,85169.15,70508.173,2023-08-01
002445.SZ,2012-08-10,9.78,10.13,9.77,9.95,9.78,0.17,1.74,19906.42,19875.7543,2023-08-01
600416.SH,2012-08-10,5.93,6.0,5.88,5.91,5.93,-0.02,-0.34,18565.22,11016.796,2023-08-01
600563.SH,2012-08-10,14.75,14.99,14.71,14.9,14.83,0.07,0.47,39847.67,59228.634,2023-08-01
000151.SZ,2012-08-10,6.21,6.35,6.17,6.3,6.24,0.06,0.96,19115.97,11955.8656,2023-08-01
600643.SH,2012-08-10,8.46,8.63,8.38,8.45,8.4,0.05,0.6,75754.53,64615.214,2023-08-01
600716.SH,2012-08-10,4.85,4.91,4.81,4.83,4.89,-0.06,-1.23,25811.98,12543.712,2023-08-01
300228.SZ,2012-08-10,30.8,32.4,30.61,31.62,31.12,0.5,1.61,24681.0,77330.0124,2023-08-01
600792.SH,2012-08-10,13.02,13.24,12.72,12.75,13.1,-0.35,-2.67,29448.42,38112.943,2023-08-01
000758.SZ,2012-08-10,22.26,22.45,21.77,22.0,22.6,-0.6,-2.65,272331.92,602011.3077,2023-08-01
600368.SH,2012-08-10,3.9,3.93,3.86,3.88,3.9,-0.02,-0.51,21804.0,8479.31,2023-08-01
002027.SZ,2012-08-10,3.97,4.0,3.93,3.94,4.01,-0.07,-1.75,19689.6,7787.0312,2023-08-01
002331.SZ,2012-08-10,11.68,11.74,11.57,11.57,11.78,-0.21,-1.78,9023.29,10504.7252,2023-08-01
000833.SZ,2012-08-10,7.16,7.46,7.15,7.2,7.13,0.07,0.98,37887.84,27557.2607,2023-08-01
002439.SZ,2012-08-10,15.4,15.52,15.11,15.29,15.31,-0.02,-0.13,8667.28,13245.2279,2023-08-01
000426.SZ,2012-08-10,12.82,13.19,12.77,12.89,12.88,0.01,0.08,44357.29,57624.9615,2023-08-01
000920.SZ,2012-08-10,7.49,7.54,7.4,7.41,7.49,-0.08,-1.07,22579.01,16846.4478,2023-08-01
300029.SZ,2012-08-10,7.44,7.57,7.42,7.5,7.45,0.05,0.67,23248.18,17432.3278,2023-08-01
601222.SH,2012-08-10,10.37,10.39,10.12,10.15,10.47,-0.32,-3.06,40883.99,41785.378,2023-08-01
002563.SZ,2012-08-10,23.05,23.71,23.05,23.19,23.2,-0.01,-0.04,5380.13,12552.4091,2023-08-01
600538.SH,2012-08-10,3.61,3.71,3.56,3.63,3.64,-0.01,-0.27,32934.43,12060.546,2023-08-01
000678.SZ,2012-08-10,4.28,4.34,4.21,4.33,4.3,0.03,0.7,22414.69,9632.1369,2023-08-01
000877.SZ,2012-08-10,8.31,8.31,8.12,8.18,8.32,-0.14,-1.68,65741.42,53879.2201,2023-08-01
600720.SH,2012-08-10,11.06,11.09,10.77,10.81,11.06,-0.25,-2.26,37389.79,40663.585,2023-08-01
002332.SZ,2012-08-10,13.4,13.79,13.1,13.4,13.41,-0.01,-0.07,152062.97,204832.8502,2023-08-01
002402.SZ,2012-08-10,10.44,10.65,10.42,10.52,10.47,0.05,0.48,4993.43,5260.7288,2023-08-01
002268.SZ,2012-08-10,13.13,13.2,12.81,13.03,13.13,-0.1,-0.76,14768.19,19189.3334,2023-08-01
002549.SZ,2012-08-10,11.85,12.28,11.7,12.15,11.86,0.29,2.45,11700.99,14060.3763,2023-08-01
000780.SZ,2012-08-10,10.28,10.35,10.16,10.17,10.27,-0.1,-0.97,33257.82,34011.8335,2023-08-01
002641.SZ,2012-08-10,15.13,15.15,14.92,15.05,15.14,-0.09,-0.59,17383.69,26142.672,2023-08-01
600742.SH,2012-08-10,16.46,16.46,16.14,16.21,16.46,-0.25,-1.52,23508.05,38278.886,2023-08-01
002076.SZ,2012-08-10,9.0,9.27,8.81,9.05,8.95,0.1,1.12,91952.3,83085.5234,2023-08-01
002376.SZ,2012-08-10,18.2,18.27,17.89,17.97,18.2,-0.23,-1.26,10170.98,18278.3522,2023-08-01
002170.SZ,2012-08-10,8.91,8.99,8.83,8.86,8.88,-0.02,-0.23,28834.95,25631.336,2023-08-01
000676.SZ,2012-08-10,2.68,2.73,2.66,2.69,2.69,0.0,0.0,16212.97,4367.0491,2023-08-01
002430.SZ,2012-08-10,12.34,12.52,12.16,12.27,12.34,-0.07,-0.57,39439.7,48861.0276,2023-08-01
300144.SZ,2012-08-10,14.89,14.89,14.54,14.58,14.83,-0.25,-1.69,12817.44,18794.7295,2023-08-01
002673.SZ,2012-08-10,14.21,14.29,13.98,14.07,14.3,-0.23,-1.61,161139.88,227093.0234,2023-08-01
300039.SZ,2012-08-10,25.96,26.07,25.51,25.95,26.06,-0.11,-0.42,19027.66,49201.5655,2023-08-01
600156.SH,2012-08-10,4.18,4.24,4.15,4.19,4.18,0.01,0.24,19797.94,8304.313,2023-08-01
000099.SZ,2012-08-10,8.18,8.21,8.07,8.12,8.22,-0.1,-1.22,39715.16,32289.9837,2023-08-01
002277.SZ,2012-08-10,16.55,16.65,16.29,16.41,16.49,-0.08,-0.49,25117.21,41291.3995,2023-08-01
600864.SH,2012-08-10,6.3,6.3,6.19,6.22,6.3,-0.08,-1.27,15717.36,9788.633,2023-08-01
000895.SZ,2012-08-10,64.09,65.26,64.09,64.6,64.09,0.51,0.8,15420.08,99782.2245,2023-08-01
600818.SH,2012-08-10,12.74,13.78,12.61,13.27,12.76,0.51,4.0,26351.8,34946.253,2023-08-01
600605.SH,2012-08-10,7.95,7.97,7.79,7.89,7.95,-0.06,-0.75,16008.81,12594.279,2023-08-01
002047.SZ,2012-08-10,2.79,2.87,2.78,2.81,2.82,-0.01,-0.35,30765.65,8674.1368,2023-08-01
000862.SZ,2012-08-10,6.61,6.7,6.6,6.67,6.63,0.04,0.6,8843.78,5885.5118,2023-08-01
300040.SZ,2012-08-10,12.19,12.19,12.19,12.19,11.08,1.11,10.02,53449.88,65155.4037,2023-08-01
600763.SH,2012-08-10,24.15,24.35,24.0,24.02,24.09,-0.07,-0.29,5389.39,13024.768,2023-08-01
000825.SZ,2012-08-10,3.57,3.6,3.55,3.57,3.57,0.0,0.0,93575.34,33503.8994,2023-08-01
600803.SH,2012-08-10,9.33,9.4,9.17,9.28,9.34,-0.06,-0.64,14085.08,13054.903,2023-08-01
600392.SH,2012-08-10,13.83,13.83,13.83,13.83,13.17,0.66,5.01,699.6,967.547,2023-08-01
002443.SZ,2012-08-10,7.5,8.27,7.45,7.97,7.52,0.45,5.98,162598.4,130714.5972,2023-08-01
300091.SZ,2012-08-10,6.83,6.87,6.77,6.81,6.86,-0.05,-0.73,7137.99,4861.3054,2023-08-01
002454.SZ,2012-08-10,8.9,8.96,8.8,8.89,8.92,-0.03,-0.34,9321.62,8279.4659,2023-08-01
600033.SH,2012-08-10,2.3,2.34,2.29,2.32,2.31,0.01,0.43,88887.03,20649.329,2023-08-01
601799.SH,2012-08-10,10.7,10.81,10.63,10.75,10.79,-0.04,-0.37,7037.0,7535.819,2023-08-01
600785.SH,2012-08-10,16.24,16.24,16.0,16.11,16.24,-0.13,-0.8,9509.53,15334.951,2023-08-01
600588.SH,2012-08-10,15.3,15.4,15.16,15.38,15.29,0.09,0.59,27860.18,42714.044,2023-08-01
000036.SZ,2012-08-10,3.45,3.53,3.42,3.46,3.53,-0.07,-1.98,131703.17,45635.321,2023-08-01
600635.SH,2012-08-10,4.65,4.66,4.58,4.61,4.64,-0.03,-0.65,42753.95,19753.81,2023-08-01
002434.SZ,2012-08-10,7.43,7.51,7.4,7.51,7.43,0.08,1.08,9268.74,6917.6254,2023-08-01
002087.SZ,2012-08-10,3.59,3.62,3.57,3.6,3.58,0.02,0.56,39117.71,14053.1388,2023-08-01
600209.SH,2012-08-10,10.0,10.28,9.57,9.59,10.1,-0.51,-5.05,475701.92,469962.74,2023-08-01
600637.SH,2012-08-10,17.2,17.34,16.65,16.82,17.2,-0.38,-2.21,88930.72,150579.574,2023-08-01
002343.SZ,2012-08-10,8.92,9.05,8.84,8.88,8.87,0.01,0.11,9342.77,8351.1344,2023-08-01
002150.SZ,2012-08-10,5.5,5.63,5.44,5.5,5.52,-0.02,-0.36,13004.43,7194.6144,2023-08-01
002627.SZ,2012-08-10,11.04,11.1,10.96,11.01,11.07,-0.06,-0.54,7092.62,7814.8231,2023-08-01
300310.SZ,2012-08-10,22.83,22.83,22.83,22.83,20.75,2.08,10.02,10428.87,23809.1102,2023-08-01
600113.SH,2012-08-10,11.24,11.63,11.03,11.16,11.25,-0.09,-0.8,266888.88,302525.898,2023-08-01
002303.SZ,2012-08-10,17.32,17.7,17.2,17.7,17.35,0.35,2.02,6610.95,11565.9089,2023-08-01
300248.SZ,2012-08-10,11.26,11.3,11.0,11.16,11.23,-0.07,-0.62,4063.64,4514.202,2023-08-01
000509.SZ,2012-08-10,8.3,8.33,8.2,8.22,8.3,-0.08,-0.96,13127.67,10822.0121,2023-08-01
300317.SZ,2012-08-10,8.29,8.3,8.15,8.19,8.3,-0.11,-1.33,11345.64,9326.3965,2023-08-01
002522.SZ,2012-08-10,15.88,16.22,15.82,15.95,15.92,0.03,0.19,21125.95,33829.1473,2023-08-01
300129.SZ,2012-08-10,5.72,5.89,5.71,5.79,5.74,0.05,0.87,63809.86,36876.0136,2023-08-01
000415.SZ,2012-08-10,6.89,6.93,6.72,6.76,6.89,-0.13,-1.89,38144.77,25940.8037,2023-08-01
000058.SZ,2012-08-10,4.96,5.34,4.96,5.03,5.51,-0.48,-8.71,320195.68,162455.4974,2023-08-01
600884.SH,2012-08-10,11.42,11.55,11.37,11.49,11.46,0.03,0.26,26309.18,30187.693,2023-08-01
600724.SH,2012-08-10,6.72,6.83,6.7,6.81,6.79,0.02,0.29,14880.8,10085.851,2023-08-01
600067.SH,2012-08-10,5.24,5.25,5.15,5.17,5.26,-0.09,-1.71,125152.5,64908.487,2023-08-01
000995.SZ,2012-08-10,10.94,11.02,10.62,10.77,10.95,-0.18,-1.64,16077.31,17328.0338,2023-08-01
000061.SZ,2012-08-10,5.56,5.6,5.46,5.49,5.57,-0.08,-1.44,76661.32,42361.776,2023-08-01
600649.SH,2012-08-10,5.36,5.36,5.31,5.34,5.37,-0.03,-0.56,56461.23,30090.95,2023-08-01
002110.SZ,2012-08-10,5.85,5.96,5.82,5.94,5.85,0.09,1.54,18556.52,10957.3599,2023-08-01
002656.SZ,2012-08-10,46.0,46.28,45.03,45.15,46.0,-0.85,-1.85,3152.19,14325.4896,2023-08-01
300224.SZ,2012-08-10,20.5,20.53,19.89,20.19,20.5,-0.31,-1.51,29468.96,59537.2552,2023-08-01
000088.SZ,2012-08-10,4.37,4.38,4.27,4.33,4.38,-0.05,-1.14,59978.37,25862.2517,2023-08-01
601360.SH,2012-08-10,10.79,11.77,10.78,11.36,10.7,0.66,6.17,85284.46,95670.595,2023-08-01
600543.SH,2012-08-10,12.95,13.05,12.61,12.89,13.09,-0.2,-1.53,96474.15,123654.168,2023-08-01
002197.SZ,2012-08-10,8.32,8.36,8.22,8.3,8.37,-0.07,-0.84,10448.68,8657.2778,2023-08-01
300293.SZ,2012-08-10,19.72,20.78,19.45,20.66,20.08,0.58,2.89,86327.86,172581.6268,2023-08-01
600843.SH,2012-08-10,6.98,7.04,6.92,6.97,6.98,-0.01,-0.14,9928.6,6912.313,2023-08-01
300323.SZ,2012-08-10,13.65,13.69,13.34,13.45,13.73,-0.28,-2.04,29192.62,39405.174,2023-08-01
300154.SZ,2012-08-10,8.3,8.42,8.27,8.32,8.36,-0.04,-0.48,5354.24,4466.3405,2023-08-01
600648.SH,2012-08-10,8.15,8.29,8.15,8.21,8.2,0.01,0.12,8135.9,6684.995,2023-08-01
600693.SH,2012-08-10,7.65,7.89,7.62,7.81,7.71,0.1,1.3,36448.88,28483.462,2023-08-01
300062.SZ,2012-08-10,9.22,10.09,9.2,10.09,9.17,0.92,10.03,24160.71,24178.4424,2023-08-01
600618.SH,2012-08-10,9.12,9.24,8.88,8.96,9.28,-0.32,-3.45,83541.2,75570.04,2023-08-01
300001.SZ,2012-08-10,11.45,11.48,11.31,11.32,11.44,-0.12,-1.05,4955.31,5632.9306,2023-08-01
600084.SH,2012-08-10,5.4,5.44,5.2,5.37,5.44,-0.07,-1.29,52260.98,27871.069,2023-08-01
600561.SH,2012-08-10,8.69,8.69,8.58,8.59,8.68,-0.09,-1.04,7315.4,6310.13,2023-08-01
002341.SZ,2012-08-10,10.69,10.94,10.6,10.7,10.91,-0.21,-1.92,61448.33,66228.7335,2023-08-01
002185.SZ,2012-08-10,4.94,5.01,4.86,4.9,4.96,-0.06,-1.21,43556.34,21401.5791,2023-08-01
600853.SH,2012-08-10,2.97,2.98,2.93,2.94,2.97,-0.03,-1.01,18461.2,5437.609,2023-08-01
300082.SZ,2012-08-10,12.04,12.07,11.94,11.97,12.04,-0.07,-0.58,11819.7,14179.9411,2023-08-01
000898.SZ,2012-08-10,3.8,3.83,3.78,3.81,3.81,0.0,0.0,50356.48,19181.8399,2023-08-01
000592.SZ,2012-08-10,4.98,5.25,4.93,5.01,5.0,0.01,0.2,236212.15,120851.0649,2023-08-01
002260.SZ,2012-08-10,5.32,5.39,5.28,5.32,5.32,0.0,0.0,13795.27,7339.9177,2023-08-01
600674.SH,2012-08-10,6.36,6.99,6.3,6.99,6.35,0.64,10.08,291605.67,198354.664,2023-08-01
600753.SH,2012-08-10,5.83,5.9,5.7,5.88,5.81,0.07,1.2,17630.81,10209.786,2023-08-01
600567.SH,2012-08-10,1.91,1.93,1.89,1.89,1.9,-0.01,-0.53,250705.28,47864.524,2023-08-01
002100.SZ,2012-08-10,11.36,11.39,11.19,11.25,11.36,-0.11,-0.97,25835.28,29092.3399,2023-08-01
600370.SH,2012-08-10,4.19,4.23,4.13,4.19,4.19,0.0,0.0,18464.72,7745.784,2023-08-01
600545.SH,2012-08-10,5.53,5.88,5.46,5.79,5.61,0.18,3.21,145575.49,82432.922,2023-08-01
002481.SZ,2012-08-10,16.37,16.74,16.37,16.73,16.58,0.15,0.9,5372.82,8908.7022,2023-08-01
300218.SZ,2012-08-10,5.73,5.95,5.73,5.79,5.73,0.06,1.05,11332.94,6591.8555,2023-08-01
600622.SH,2012-08-10,6.44,6.49,6.33,6.45,6.43,0.02,0.31,59859.96,38407.279,2023-08-01
601788.SH,2012-08-10,12.6,12.6,12.23,12.47,12.61,-0.14,-1.11,71895.91,89011.258,2023-08-01
300306.SZ,2012-08-10,44.0,44.74,43.49,43.68,44.13,-0.45,-1.02,11747.04,51683.6477,2023-08-01
600668.SH,2012-08-10,11.3,11.33,11.02,11.06,11.29,-0.23,-2.04,93278.54,103640.428,2023-08-01
300344.SZ,2012-08-10,15.15,15.59,15.13,15.19,15.26,-0.07,-0.46,29363.67,45165.9936,2023-08-01
000418.SZ,2012-08-10,8.4,8.47,8.28,8.29,8.41,-0.12,-1.43,31025.42,25864.0472,2023-08-01
600641.SH,2012-08-10,4.21,4.21,4.15,4.16,4.21,-0.05,-1.19,26302.67,11000.497,2023-08-01
002550.SZ,2012-08-10,19.29,19.48,19.22,19.4,19.29,0.11,0.57,10105.34,19568.2611,2023-08-01
002316.SZ,2012-08-10,6.88,6.93,6.83,6.86,6.91,-0.05,-0.72,5772.32,3975.7911,2023-08-01
600509.SH,2012-08-10,7.7,7.81,7.67,7.78,7.71,0.07,0.91,33402.45,25912.709,2023-08-01
000988.SZ,2012-08-10,6.54,6.62,6.5,6.55,6.59,-0.04,-0.61,44610.6,29226.1521,2023-08-01
000937.SZ,2012-08-10,14.87,15.05,14.55,14.58,14.92,-0.34,-2.28,137894.49,202739.0611,2023-08-01
600217.SH,2012-08-10,2.62,2.64,2.6,2.62,2.63,-0.01,-0.38,26657.51,6979.149,2023-08-01
002006.SZ,2012-08-10,10.03,10.13,9.93,10.12,10.08,0.04,0.4,75603.73,75949.1773,2023-08-01
600832.SH,2012-08-10,5.32,5.35,5.27,5.35,5.33,0.02,0.38,47272.84,25115.763,2023-08-01
600886.SH,2012-08-10,4.34,4.55,4.32,4.55,4.34,0.21,4.84,140152.72,62616.496,2023-08-01
002263.SZ,2012-08-10,6.27,6.98,6.17,6.87,6.42,0.45,7.01,157815.9,102891.3439,2023-08-01
000925.SZ,2012-08-10,8.23,8.65,8.08,8.57,8.23,0.34,4.13,26025.74,21631.7144,2023-08-01
300230.SZ,2012-08-10,6.63,6.77,6.5,6.64,6.64,0.0,0.0,7111.0,4727.1263,2023-08-01
600826.SH,2012-08-10,13.14,13.14,12.91,12.99,13.1,-0.11,-0.84,22905.73,29738.165,2023-08-01
300331.SZ,2012-08-10,26.96,27.37,25.9,25.91,27.07,-1.16,-4.29,29607.5,78198.4435,2023-08-01
000856.SZ,2012-08-10,8.88,8.9,8.4,8.5,8.83,-0.33,-3.74,172948.32,149578.5458,2023-08-01
000906.SZ,2012-08-10,6.23,6.23,6.15,6.19,6.23,-0.04,-0.64,9646.64,5968.2151,2023-08-01
000338.SZ,2012-08-10,23.99,23.99,23.43,23.44,24.04,-0.6,-2.5,53936.94,127391.1601,2023-08-01
600151.SH,2012-08-10,6.1,6.14,6.03,6.05,6.09,-0.04,-0.66,35458.61,21541.451,2023-08-01
002226.SZ,2012-08-10,13.22,13.23,12.72,12.85,13.19,-0.34,-2.58,16859.75,21734.7192,2023-08-01
600704.SH,2012-08-10,6.56,6.58,6.44,6.45,6.56,-0.11,-1.68,56412.69,36658.376,2023-08-01
002033.SZ,2012-08-10,22.89,22.92,22.5,22.75,22.88,-0.13,-0.57,16688.98,37913.145,2023-08-01
002514.SZ,2012-08-10,10.5,11.0,10.3,10.9,10.6,0.3,2.83,27053.12,28984.1915,2023-08-01
600167.SH,2012-08-10,9.9,9.93,9.76,9.86,9.9,-0.04,-0.4,19908.93,19591.758,2023-08-01
000926.SZ,2012-08-10,7.76,7.76,7.69,7.71,7.76,-0.05,-0.64,51883.32,40034.8569,2023-08-01
002114.SZ,2012-08-10,5.95,6.08,5.92,6.02,5.94,0.08,1.35,32327.44,19415.5677,2023-08-01
600890.SH,2012-08-10,3.01,3.01,2.95,2.97,2.99,-0.02,-0.67,13723.99,4095.602,2023-08-01
600266.SH,2012-08-10,12.28,12.28,12.0,12.07,12.24,-0.17,-1.39,37452.21,45293.782,2023-08-01
002633.SZ,2012-08-10,7.81,7.88,7.7,7.73,7.82,-0.09,-1.15,23043.03,17921.9021,2023-08-01
300139.SZ,2012-08-10,26.41,27.14,26.41,26.77,26.41,0.36,1.36,9833.77,26397.5118,2023-08-01
002071.SZ,2012-08-10,6.18,6.23,6.08,6.14,6.24,-0.1,-1.6,18765.81,11527.0578,2023-08-01
601988.SH,2012-08-10,2.77,2.78,2.76,2.77,2.76,0.01,0.36,90151.48,25011.693,2023-08-01
002251.SZ,2012-08-10,24.5,24.6,24.14,24.44,24.5,-0.06,-0.24,9406.79,22845.1733,2023-08-01
002541.SZ,2012-08-10,11.22,11.64,11.17,11.53,11.21,0.32,2.85,37062.61,42373.9478,2023-08-01
002099.SZ,2012-08-10,8.48,8.66,8.42,8.6,8.47,0.13,1.53,81385.87,69693.115,2023-08-01
002391.SZ,2012-08-10,18.81,19.44,18.63,19.3,18.98,0.32,1.69,33809.31,64598.4203,2023-08-01
002123.SZ,2012-08-10,10.29,10.34,10.12,10.12,10.34,-0.22,-2.13,76803.41,78243.4014,2023-08-01
600255.SH,2012-08-10,6.01,6.09,5.93,6.0,5.99,0.01,0.17,22577.44,13543.446,2023-08-01
002619.SZ,2012-08-10,13.62,13.93,13.21,13.65,13.67,-0.02,-0.15,72921.38,99137.253,2023-08-01
600863.SH,2012-08-10,7.71,7.74,7.66,7.73,7.74,-0.01,-0.13,16419.87,12657.81,2023-08-01
002558.SZ,2012-08-10,23.1,23.34,23.01,23.23,23.18,0.05,0.22,2200.07,5105.5001,2023-08-01
600085.SH,2012-08-10,18.62,18.64,18.25,18.44,18.56,-0.12,-0.65,156293.84,288703.243,2023-08-01
000838.SZ,2012-08-10,5.43,5.47,5.37,5.39,5.41,-0.02,-0.37,2592.0,1403.3084,2023-08-01
600888.SH,2012-08-10,9.77,9.77,9.54,9.62,9.75,-0.13,-1.33,67659.52,65124.934,2023-08-01
002001.SZ,2012-08-10,19.8,19.88,19.64,19.8,19.9,-0.1,-0.5,16233.92,32097.0484,2023-08-01
002133.SZ,2012-08-10,4.54,4.56,4.48,4.51,4.53,-0.02,-0.44,59174.07,26692.5621,2023-08-01
300334.SZ,2012-08-10,26.3,26.47,25.68,25.69,26.57,-0.88,-3.31,24394.71,63390.8713,2023-08-01
002692.SZ,2012-08-10,16.2,16.64,15.5,15.5,16.71,-1.21,-7.24,227916.73,366474.5706,2023-08-01
000543.SZ,2012-08-10,6.54,6.62,6.51,6.57,6.57,0.0,0.0,31900.51,20873.1879,2023-08-01
600673.SH,2012-08-10,8.83,9.02,8.65,8.95,8.8,0.15,1.7,46865.86,41473.091,2023-08-01
300089.SZ,2012-08-10,7.38,7.42,7.34,7.39,7.4,-0.01,-0.14,3771.96,2784.1941,2023-08-01
600696.SH,2012-08-10,6.84,6.92,6.64,6.72,6.87,-0.15,-2.18,136218.99,91971.156,2023-08-01
002353.SZ,2012-08-10,48.9,49.77,48.02,48.12,48.36,-0.24,-0.5,23713.48,116224.6208,2023-08-01
000813.SZ,2012-08-10,8.44,8.71,8.43,8.53,8.41,0.12,1.43,18804.24,16063.4134,2023-08-01
002689.SZ,2012-08-10,7.63,7.96,7.57,7.63,7.66,-0.03,-0.39,155260.5,120640.3982,2023-08-01
600497.SH,2012-08-10,14.39,14.68,14.3,14.31,14.3,0.01,0.07,38709.2,55841.781,2023-08-01
601100.SH,2012-08-10,10.05,10.25,9.94,10.15,10.04,0.11,1.1,35239.51,35745.378,2023-08-01
600259.SH,2012-08-10,62.65,62.67,60.9,61.03,62.93,-1.9,-3.02,25997.11,159938.932,2023-08-01
601106.SH,2012-08-10,3.13,3.13,3.1,3.1,3.13,-0.03,-0.96,67395.6,20982.626,2023-08-01
000571.SZ,2012-08-10,5.06,5.07,4.97,4.99,5.06,-0.07,-1.38,59252.72,29638.3563,2023-08-01
002397.SZ,2012-08-10,16.37,16.43,16.09,16.16,16.37,-0.21,-1.28,6613.69,10734.8282,2023-08-01
600138.SH,2012-08-10,18.81,18.98,18.54,18.64,18.84,-0.2,-1.06,26871.39,50319.307,2023-08-01
002628.SZ,2012-08-10,12.4,12.6,12.2,12.3,12.38,-0.08,-0.65,54981.94,67858.9395,2023-08-01
300121.SZ,2012-08-10,12.01,12.27,11.94,12.15,12.09,0.06,0.5,2854.0,3446.8816,2023-08-01
601388.SH,2012-08-10,15.04,15.08,14.68,14.85,15.11,-0.26,-1.72,77235.27,114631.479,2023-08-01
600737.SH,2012-08-10,5.8,5.95,5.75,5.85,5.8,0.05,0.86,65918.07,38524.011,2023-08-01
600760.SH,2012-08-10,5.84,6.04,5.82,5.85,5.82,0.03,0.52,45838.9,27156.146,2023-08-01
000548.SZ,2012-08-10,5.16,5.6,5.08,5.35,5.21,0.14,2.69,250518.24,133209.215,2023-08-01
002414.SZ,2012-08-10,17.89,17.89,17.6,17.7,17.87,-0.17,-0.95,6673.67,11823.6741,2023-08-01
601058.SH,2012-08-10,7.88,7.97,7.83,7.91,7.9,0.01,0.13,5419.2,4278.839,2023-08-01
000562.SZ,2012-08-10,18.6,18.77,18.2,18.36,18.77,-0.41,-2.18,116403.21,215101.9434,2023-08-01
002426.SZ,2012-08-10,6.6,6.66,6.54,6.62,6.6,0.02,0.3,5168.92,3412.4982,2023-08-01
600747.SH,2012-08-10,3.92,3.93,3.8,3.85,3.93,-0.08,-2.04,152067.44,58445.97,2023-08-01
600106.SH,2012-08-10,4.27,4.47,4.23,4.29,4.3,-0.01,-0.23,220834.02,96068.7,2023-08-01
600969.SH,2012-08-10,12.61,12.61,12.39,12.54,12.58,-0.04,-0.32,2942.39,3667.845,2023-08-01
600356.SH,2012-08-10,7.24,7.37,7.24,7.26,7.27,-0.01,-0.14,7476.18,5445.288,2023-08-01
000959.SZ,2012-08-10,3.23,3.24,3.13,3.16,3.23,-0.07,-2.17,75370.67,23967.2975,2023-08-01
300244.SZ,2012-08-10,28.29,28.89,27.52,28.56,28.26,0.3,1.06,8776.98,24724.8968,2023-08-01
300269.SZ,2012-08-10,13.27,13.31,13.03,13.14,13.27,-0.13,-0.98,4327.69,5680.821,2023-08-01
002330.SZ,2012-08-10,11.82,12.2,11.54,12.18,11.87,0.31,2.61,9363.74,11191.6603,2023-08-01
600825.SH,2012-08-10,5.63,5.66,5.58,5.6,5.66,-0.06,-1.06,45532.41,25548.868,2023-08-01
002215.SZ,2012-08-10,7.58,7.68,7.53,7.58,7.59,-0.01,-0.13,34058.87,25878.2073,2023-08-01
600415.SH,2012-08-10,7.31,7.36,7.23,7.23,7.36,-0.13,-1.77,112926.64,82175.558,2023-08-01
002488.SZ,2012-08-10,9.4,9.4,9.06,9.07,9.41,-0.34,-3.61,27542.32,25257.8898,2023-08-01
300126.SZ,2012-08-10,8.85,8.85,8.58,8.69,8.79,-0.1,-1.14,7842.37,6797.1683,2023-08-01
600009.SH,2012-08-10,12.91,12.93,12.84,12.89,12.88,0.01,0.08,53467.36,68920.56,2023-08-01
002675.SZ,2012-08-10,24.69,25.2,24.61,24.91,24.79,0.12,0.48,18558.54,46212.0505,2023-08-01
000997.SZ,2012-08-10,9.0,9.17,8.96,9.04,9.04,0.0,0.0,43808.9,39798.6799,2023-08-01
000553.SZ,2012-08-10,6.05,6.19,6.01,6.06,6.12,-0.06,-0.98,40162.9,24371.5205,2023-08-01
300084.SZ,2012-08-10,15.76,16.38,15.5,15.55,16.09,-0.54,-3.36,218149.62,345560.7409,2023-08-01
002442.SZ,2012-08-10,5.8,5.82,5.66,5.67,5.84,-0.17,-2.91,95392.69,54677.9594,2023-08-01
600510.SH,2012-08-10,6.33,6.33,6.2,6.25,6.31,-0.06,-0.95,12866.34,8045.84,2023-08-01
600559.SH,2012-08-10,32.21,32.21,30.9,31.27,32.42,-1.15,-3.55,33070.89,103756.853,2023-08-01
601377.SH,2012-08-10,10.2,10.2,9.95,9.98,10.21,-0.23,-2.25,83730.28,84042.285,2023-08-01
600238.SH,2012-08-10,9.5,9.5,9.16,9.18,9.46,-0.28,-2.96,31626.07,29323.939,2023-08-01
600221.SH,2012-08-10,4.42,4.43,4.38,4.38,4.45,-0.07,-1.57,86628.12,38109.477,2023-08-01
002519.SZ,2012-08-10,15.01,15.08,14.76,14.86,15.1,-0.24,-1.59,9927.91,14781.9065,2023-08-01
000880.SZ,2012-08-10,9.3,9.35,9.17,9.31,9.3,0.01,0.11,13183.07,12179.972,2023-08-01
600872.SH,2012-08-10,5.14,5.18,5.05,5.06,5.14,-0.08,-1.56,70233.5,35805.464,2023-08-01
002370.SZ,2012-08-10,9.27,9.32,9.05,9.17,9.22,-0.05,-0.54,16146.73,14775.0282,2023-08-01
600159.SH,2012-08-10,3.32,3.33,3.24,3.25,3.35,-0.1,-2.99,65213.83,21395.672,2023-08-01
000301.SZ,2012-08-10,3.0,3.0,2.96,2.99,3.0,-0.01,-0.33,29110.98,8680.8912,2023-08-01
300120.SZ,2012-08-10,6.24,6.29,6.19,6.24,6.3,-0.06,-0.95,4058.01,2534.068,2023-08-01
002473.SZ,2012-08-10,6.67,6.84,6.65,6.78,6.72,0.06,0.89,22896.99,15452.3674,2023-08-01
300133.SZ,2012-08-10,15.27,15.35,15.0,15.29,15.32,-0.03,-0.2,17053.34,25915.4874,2023-08-01
002097.SZ,2012-08-10,7.74,7.8,7.65,7.69,7.72,-0.03,-0.39,22830.45,17612.8262,2023-08-01
000599.SZ,2012-08-10,3.71,3.79,3.69,3.75,3.71,0.04,1.08,34309.09,12844.1596,2023-08-01
002648.SZ,2012-08-10,16.1,16.83,16.01,16.15,16.1,0.05,0.31,49897.8,81967.9778,2023-08-01
002252.SZ,2012-08-10,12.71,12.83,12.52,12.77,12.7,0.07,0.55,16273.88,20654.6495,2023-08-01
600875.SH,2012-08-10,16.57,16.84,16.38,16.4,16.66,-0.26,-1.56,164198.15,271845.794,2023-08-01
600721.SH,2012-08-10,11.21,11.33,11.0,11.18,11.3,-0.12,-1.06,25313.2,28230.641,2023-08-01
000829.SZ,2012-08-10,5.3,5.33,5.2,5.26,5.35,-0.09,-1.68,86368.64,45403.5728,2023-08-01
000702.SZ,2012-08-10,4.61,4.62,4.53,4.57,4.62,-0.05,-1.08,30877.81,14093.4627,2023-08-01
002518.SZ,2012-08-10,10.1,10.2,10.06,10.15,10.21,-0.06,-0.59,8374.06,8483.4638,2023-08-01
600219.SH,2012-08-10,6.9,7.01,6.88,6.95,6.92,0.03,0.43,59678.75,41516.778,2023-08-01
601688.SH,2012-08-10,9.55,9.64,9.39,9.44,9.59,-0.15,-1.56,87739.08,83175.12,2023-08-01
600623.SH,2012-08-10,8.65,8.65,8.45,8.56,8.64,-0.08,-0.93,6813.92,5828.341,2023-08-01
000615.SZ,2012-08-10,5.39,5.64,5.33,5.5,5.4,0.1,1.85,69810.49,38374.1304,2023-08-01
300184.SZ,2012-08-10,7.28,7.28,7.19,7.21,7.24,-0.03,-0.41,3048.46,2206.6117,2023-08-01
600550.SH,2012-08-10,8.1,8.35,8.04,8.23,8.08,0.15,1.86,67136.72,55023.818,2023-08-01
300267.SZ,2012-08-10,22.66,22.99,22.4,22.51,22.9,-0.39,-1.7,8856.14,20105.012,2023-08-01
600000.SH,2012-08-10,7.79,7.85,7.78,7.8,7.75,0.05,0.65,467829.8,365500.895,2023-08-01
002288.SZ,2012-08-10,13.8,14.08,13.57,13.66,13.84,-0.18,-1.3,62173.87,85688.804,2023-08-01
002065.SZ,2012-08-10,17.75,17.95,17.55,17.75,17.74,0.01,0.06,9183.49,16217.4356,2023-08-01
300105.SZ,2012-08-10,26.0,26.6,26.0,26.48,26.01,0.47,1.81,11603.93,30558.3792,2023-08-01
002419.SZ,2012-08-10,10.74,10.88,10.6,10.66,10.65,0.01,0.09,22339.82,23926.9384,2023-08-01
002249.SZ,2012-08-10,7.32,7.48,7.27,7.46,7.31,0.15,2.05,36048.56,26576.5407,2023-08-01
601999.SH,2012-08-10,6.9,6.92,6.8,6.87,6.9,-0.03,-0.43,14006.86,9603.572,2023-08-01
002424.SZ,2012-08-10,17.15,18.4,17.06,17.8,17.2,0.6,3.49,74547.16,130986.7957,2023-08-01
000601.SZ,2012-08-10,3.76,3.78,3.7,3.76,3.75,0.01,0.27,77705.8,29030.0678,2023-08-01
000568.SZ,2012-08-10,42.1,42.16,41.48,41.95,42.29,-0.34,-0.8,111987.76,468436.7181,2023-08-01
600406.SH,2012-08-10,17.33,17.38,16.8,16.88,17.31,-0.43,-2.48,96627.56,164946.715,2023-08-01
002638.SZ,2012-08-10,16.4,16.92,16.3,16.68,16.22,0.46,2.84,62904.67,104860.3424,2023-08-01
000002.SZ,2012-08-10,9.0,9.0,8.75,8.79,9.0,-0.21,-2.33,459934.56,405112.3008,2023-08-01
000531.SZ,2012-08-10,13.07,13.35,13.06,13.18,13.08,0.1,0.76,27279.7,35975.0502,2023-08-01
600490.SH,2012-08-10,25.81,25.81,25.5,25.69,25.69,0.0,0.0,1591.46,4082.65,2023-08-01
600371.SH,2012-08-10,14.29,14.51,14.14,14.15,14.25,-0.1,-0.7,26669.64,38133.474,2023-08-01
000587.SZ,2012-08-10,12.89,12.97,12.58,12.84,13.0,-0.16,-1.23,74138.13,94684.589,2023-08-01
600993.SH,2012-08-10,17.46,17.7,17.05,17.59,17.45,0.14,0.8,23225.27,40449.536,2023-08-01
002663.SZ,2012-08-10,47.0,47.06,46.17,46.66,46.78,-0.12,-0.26,16160.49,75291.7381,2023-08-01
000034.SZ,2012-08-10,4.42,4.51,4.38,4.39,4.48,-0.09,-2.01,34151.51,15139.9156,2023-08-01
600117.SH,2012-08-10,5.65,5.77,5.51,5.61,5.57,0.04,0.72,76995.21,43422.246,2023-08-01
000593.SZ,2012-08-10,5.9,5.91,5.8,5.88,5.87,0.01,0.17,14083.72,8250.6215,2023-08-01
600026.SH,2012-08-10,4.78,4.79,4.74,4.76,4.77,-0.01,-0.21,21204.04,10087.623,2023-08-01
600645.SH,2012-08-10,17.48,18.47,17.28,18.15,17.6,0.55,3.13,43608.05,78956.359,2023-08-01
300277.SZ,2012-08-10,9.03,9.03,8.86,8.92,9.05,-0.13,-1.44,8068.02,7212.215,2023-08-01
000809.SZ,2012-08-10,10.22,10.29,9.97,10.07,10.27,-0.2,-1.95,34956.52,35310.3884,2023-08-01
002616.SZ,2012-08-10,12.71,12.85,12.66,12.75,12.72,0.03,0.24,13208.65,16849.6807,2023-08-01
300232.SZ,2012-08-10,9.7,10.0,9.6,9.95,9.67,0.28,2.9,9643.1,9523.3524,2023-08-01
002104.SZ,2012-08-10,9.85,10.26,9.73,10.06,9.8,0.26,2.65,170871.09,171897.1996,2023-08-01
600891.SH,2012-08-10,7.94,8.13,7.88,7.96,7.95,0.01,0.13,16850.47,13459.357,2023-08-01
002292.SZ,2012-08-10,21.9,21.9,21.4,21.52,21.89,-0.37,-1.69,25757.47,55479.2802,2023-08-01
601669.SH,2012-08-10,3.58,3.62,3.56,3.61,3.59,0.02,0.56,312119.77,112211.299,2023-08-01
002342.SZ,2012-08-10,8.02,8.05,7.7,7.76,8.02,-0.26,-3.24,36623.76,28689.4999,2023-08-01
300092.SZ,2012-08-10,10.7,10.98,10.63,10.66,10.79,-0.13,-1.2,3959.13,4257.7866,2023-08-01
300177.SZ,2012-08-10,12.02,12.14,11.87,11.91,12.18,-0.27,-2.22,39603.93,47480.3266,2023-08-01
000503.SZ,2012-08-10,6.45,6.69,6.43,6.51,6.47,0.04,0.62,154807.19,101566.6458,2023-08-01
300013.SZ,2012-08-10,8.96,9.03,8.84,8.88,9.06,-0.18,-1.99,11343.01,10112.9929,2023-08-01
600400.SH,2012-08-10,4.38,4.39,4.31,4.32,4.38,-0.06,-1.37,32178.94,13972.336,2023-08-01
000802.SZ,2012-08-10,8.7,8.77,8.68,8.73,8.75,-0.02,-0.23,7509.27,6544.6852,2023-08-01
002333.SZ,2012-08-10,9.51,9.51,9.34,9.39,9.5,-0.11,-1.16,8952.98,8400.7952,2023-08-01
600312.SH,2012-08-10,6.45,6.5,6.41,6.44,6.45,-0.01,-0.16,30005.18,19333.808,2023-08-01
002456.SZ,2012-08-10,34.0,34.98,33.7,34.69,33.94,0.75,2.21,29561.28,102049.8671,2023-08-01
000708.SZ,2012-08-10,8.58,8.68,8.55,8.57,8.58,-0.01,-0.12,9624.64,8280.0004,2023-08-01
600568.SH,2012-08-10,16.52,16.78,16.41,16.63,16.51,0.12,0.73,34036.64,56423.814,2023-08-01
300195.SZ,2012-08-10,28.16,28.7,27.83,27.85,28.16,-0.31,-1.1,9934.23,28019.0051,2023-08-01
000976.SZ,2012-08-10,4.22,4.22,4.22,4.22,3.84,0.38,9.9,12926.37,5454.9281,2023-08-01
600136.SH,2012-08-10,7.92,8.02,7.92,7.98,7.98,0.0,0.0,4197.9,3352.26,2023-08-01
000527.SZ,2012-08-10,9.79,9.82,9.7,9.76,9.78,-0.02,-0.2,59151.88,57635.7765,2023-08-01
300015.SZ,2012-08-10,20.67,20.99,20.53,20.98,20.81,0.17,0.82,5528.66,11481.1772,2023-08-01
601558.SH,2012-08-10,6.24,6.37,6.2,6.33,6.24,0.09,1.44,30686.84,19295.64,2023-08-01
600078.SH,2012-08-10,9.17,9.32,8.97,8.98,9.17,-0.19,-2.07,214800.19,195605.6,2023-08-01
000892.SZ,2012-08-10,3.36,3.36,3.25,3.26,3.35,-0.09,-2.69,15709.24,5169.4705,2023-08-01
600677.SH,2012-08-10,7.68,7.85,7.5,7.75,7.73,0.02,0.26,26258.79,20274.489,2023-08-01
000517.SZ,2012-08-10,6.12,6.14,6.08,6.08,6.17,-0.09,-1.46,20856.44,12730.0147,2023-08-01
002103.SZ,2012-08-10,6.1,6.14,5.9,5.92,6.1,-0.18,-2.95,12102.01,7244.7765,2023-08-01
000851.SZ,2012-08-10,6.42,6.52,6.39,6.52,6.43,0.09,1.4,46334.43,30015.253,2023-08-01
000423.SZ,2012-08-10,38.0,38.23,37.66,37.8,37.93,-0.13,-0.34,44691.65,169455.4407,2023-08-01
300178.SZ,2012-08-10,11.96,11.96,11.7,11.8,11.97,-0.17,-1.42,14265.59,16847.7572,2023-08-01
000009.SZ,2012-08-10,9.45,9.89,9.3,9.76,9.54,0.22,2.31,403418.57,388228.2098,2023-08-01
300050.SZ,2012-08-10,10.17,10.17,9.98,10.05,10.15,-0.1,-0.99,5935.1,5967.1352,2023-08-01
600500.SH,2012-08-10,6.22,6.24,6.16,6.17,6.25,-0.08,-1.28,28680.34,17764.893,2023-08-01
601515.SH,2012-08-10,12.38,12.43,12.21,12.28,12.38,-0.1,-0.81,9617.32,11851.786,2023-08-01
300319.SZ,2012-08-10,18.45,18.68,17.81,18.14,18.76,-0.62,-3.3,28033.88,51014.812,2023-08-01
300305.SZ,2012-08-10,36.25,36.25,35.12,35.54,35.99,-0.45,-1.25,9939.66,35285.7876,2023-08-01
601866.SH,2012-08-10,2.51,2.55,2.5,2.51,2.52,-0.01,-0.4,74094.23,18711.397,2023-08-01
002246.SZ,2012-08-10,7.98,8.23,7.89,8.16,7.98,0.18,2.26,6848.59,5508.0639,2023-08-01
603123.SH,2012-08-10,9.46,9.48,9.29,9.37,9.45,-0.08,-0.85,45457.94,42627.704,2023-08-01
000613.SZ,2012-08-10,3.32,3.32,3.14,3.16,3.3,-0.14,-4.24,57964.29,18532.4457,2023-08-01
600855.SH,2012-08-10,7.87,8.02,7.78,7.94,7.87,0.07,0.89,23359.41,18478.092,2023-08-01
002539.SZ,2012-08-10,11.42,11.57,11.4,11.48,11.4,0.08,0.7,10489.78,12059.558,2023-08-01
300102.SZ,2012-08-10,9.67,9.75,9.56,9.62,9.69,-0.07,-0.72,24994.68,24059.6824,2023-08-01
601678.SH,2012-08-10,11.07,11.56,11.05,11.43,11.22,0.21,1.87,82759.78,94397.09,2023-08-01
002283.SZ,2012-08-10,6.58,7.09,6.58,6.93,6.58,0.35,5.32,86753.44,59662.6833,2023-08-01
002662.SZ,2012-08-10,21.07,21.34,20.68,21.2,21.11,0.09,0.43,13596.36,28544.2789,2023-08-01
000533.SZ,2012-08-10,3.89,4.16,3.85,4.03,3.9,0.13,3.33,74297.07,29863.0478,2023-08-01
002131.SZ,2012-08-10,9.45,9.52,9.31,9.45,9.45,0.0,0.0,21229.76,19998.8827,2023-08-01
000158.SZ,2012-08-10,3.6,3.61,3.53,3.58,3.59,-0.01,-0.28,16898.18,6034.0315,2023-08-01
600491.SH,2012-08-10,5.86,6.06,5.78,5.99,5.86,0.13,2.22,207593.42,124033.944,2023-08-01
000637.SZ,2012-08-10,4.12,4.19,4.06,4.11,4.14,-0.03,-0.72,37061.93,15214.8899,2023-08-01
300273.SZ,2012-08-10,19.9,20.27,19.55,20.1,19.7,0.4,2.03,22208.5,44432.4154,2023-08-01
002232.SZ,2012-08-10,7.11,7.12,6.96,7.0,7.11,-0.11,-1.55,18522.36,13030.48,2023-08-01
000425.SZ,2012-08-10,12.75,12.81,12.65,12.69,12.79,-0.1,-0.78,32880.46,41790.336,2023-08-01
600325.SH,2012-08-10,7.69,7.7,7.54,7.56,7.69,-0.13,-1.69,40751.51,30982.02,2023-08-01
600962.SH,2012-08-10,8.0,8.07,7.83,7.85,7.97,-0.12,-1.51,19632.93,15557.262,2023-08-01
000923.SZ,2012-08-10,5.38,5.4,5.33,5.37,5.38,-0.01,-0.19,6868.8,3683.7896,2023-08-01
000819.SZ,2012-08-10,12.45,12.45,12.12,12.16,12.4,-0.24,-1.94,8632.37,10584.5771,2023-08-01
601958.SH,2012-08-10,12.76,12.88,12.62,12.68,12.76,-0.08,-0.63,31028.35,39515.718,2023-08-01
600247.SH,2012-08-10,4.49,4.78,4.43,4.52,4.35,0.17,3.91,370860.62,170669.423,2023-08-01
000656.SZ,2012-08-10,10.2,10.29,10.05,10.16,10.27,-0.11,-1.07,30942.55,31363.3826,2023-08-01
600261.SH,2012-08-10,11.28,11.55,11.21,11.41,11.26,0.15,1.33,21924.01,24977.016,2023-08-01
300163.SZ,2012-08-10,12.77,12.85,12.71,12.8,12.78,0.02,0.16,1263.33,1612.098,2023-08-01
601007.SH,2012-08-10,7.28,7.32,7.27,7.29,7.27,0.02,0.28,8076.24,5896.898,2023-08-01
002194.SZ,2012-08-10,6.26,6.29,6.21,6.26,6.25,0.01,0.16,10576.86,6617.4085,2023-08-01
601139.SH,2012-08-10,8.03,8.05,7.83,7.89,8.03,-0.14,-1.74,25303.48,19966.08,2023-08-01
600619.SH,2012-08-10,6.9,6.95,6.82,6.83,6.92,-0.09,-1.3,8834.0,6052.834,2023-08-01
600751.SH,2012-08-10,5.84,6.25,5.84,6.11,5.96,0.15,2.52,18460.44,11323.723,2023-08-01
300174.SZ,2012-08-10,8.83,9.16,8.8,9.1,8.81,0.29,3.29,22732.49,20524.9492,2023-08-01
600423.SH,2012-08-10,6.24,6.3,6.21,6.22,6.24,-0.02,-0.32,24615.66,15372.863,2023-08-01
002465.SZ,2012-08-10,23.9,24.35,23.89,24.19,24.06,0.13,0.54,6242.63,15066.889,2023-08-01
002667.SZ,2012-08-10,24.08,24.1,23.65,23.72,23.9,-0.18,-0.75,4815.99,11478.6122,2023-08-01
000899.SZ,2012-08-10,3.5,3.57,3.47,3.54,3.5,0.04,1.14,36357.71,12829.9464,2023-08-01
002003.SZ,2012-08-10,10.01,10.04,9.92,9.92,10.03,-0.11,-1.1,9526.51,9502.824,2023-08-01
300292.SZ,2012-08-10,13.7,13.76,13.28,13.59,13.84,-0.25,-1.81,21530.52,29091.6318,2023-08-01
600309.SH,2012-08-10,13.51,13.51,13.25,13.27,13.51,-0.24,-1.78,70620.84,94315.949,2023-08-01
600137.SH,2012-08-10,11.19,11.36,11.18,11.24,11.19,0.05,0.45,6927.62,7801.804,2023-08-01
300302.SZ,2012-08-10,26.56,26.88,26.5,26.79,26.56,0.23,0.87,5472.5,14635.1677,2023-08-01
000919.SZ,2012-08-10,9.7,9.9,9.58,9.6,9.7,-0.1,-1.03,29993.56,29201.1504,2023-08-01
600446.SH,2012-08-10,6.02,6.13,5.98,6.12,6.06,0.06,0.99,10625.98,6429.691,2023-08-01
300053.SZ,2012-08-10,7.13,7.13,7.05,7.1,7.13,-0.03,-0.42,8119.74,5762.4517,2023-08-01
600123.SH,2012-08-10,20.7,20.74,20.3,20.37,20.77,-0.4,-1.93,166190.54,339969.371,2023-08-01
600256.SH,2012-08-10,13.3,13.8,13.28,13.65,13.29,0.36,2.71,184370.57,250256.859,2023-08-01
600690.SH,2012-08-10,10.75,10.85,10.72,10.84,10.81,0.03,0.28,56201.31,60615.445,2023-08-01
600804.SH,2012-08-10,6.25,6.3,6.15,6.23,6.27,-0.04,-0.64,83496.87,52023.575,2023-08-01
002480.SZ,2012-08-10,8.83,8.89,8.71,8.78,8.85,-0.07,-0.79,15107.05,13287.0514,2023-08-01
000700.SZ,2012-08-10,5.65,5.73,5.64,5.66,5.69,-0.03,-0.53,8995.17,5119.5536,2023-08-01
300075.SZ,2012-08-10,24.84,25.18,24.03,24.7,24.7,0.0,0.0,4254.58,10500.1516,2023-08-01
000428.SZ,2012-08-10,4.6,4.79,4.57,4.73,4.63,0.1,2.16,36048.34,16943.5394,2023-08-01
002379.SZ,2012-08-10,11.8,11.94,11.49,11.59,11.94,-0.35,-2.93,32741.62,38156.9079,2023-08-01
600770.SH,2012-08-10,7.13,7.25,7.08,7.08,7.17,-0.09,-1.26,144250.1,103060.93,2023-08-01
600821.SH,2012-08-10,4.27,4.29,4.22,4.24,4.27,-0.03,-0.7,18270.76,7775.075,2023-08-01
600063.SH,2012-08-10,2.81,2.96,2.75,2.86,2.84,0.02,0.7,861989.38,245814.921,2023-08-01
000048.SZ,2012-08-10,6.93,7.0,6.92,6.94,6.98,-0.04,-0.57,9641.05,6706.9809,2023-08-01
600729.SH,2012-08-10,27.45,27.45,27.08,27.15,27.36,-0.21,-0.77,4104.98,11160.644,2023-08-01
000538.SZ,2012-08-10,62.57,62.57,61.51,62.43,62.54,-0.11,-0.18,11658.82,72394.9217,2023-08-01
600128.SH,2012-08-10,10.26,10.43,10.16,10.17,10.29,-0.12,-1.17,40094.84,41293.325,2023-08-01
600362.SH,2012-08-10,22.09,22.09,21.71,21.72,22.08,-0.36,-1.63,59257.84,129174.436,2023-08-01
300143.SZ,2012-08-10,8.95,9.01,8.85,8.88,8.99,-0.11,-1.22,10968.26,9802.8017,2023-08-01
000958.SZ,2012-08-10,2.94,2.99,2.93,2.96,2.95,0.01,0.34,11245.47,3332.7007,2023-08-01
000027.SZ,2012-08-10,6.16,6.22,6.15,6.22,6.18,0.04,0.65,35991.18,22276.5908,2023-08-01
002446.SZ,2012-08-10,8.54,9.22,8.51,8.84,8.55,0.29,3.39,18447.81,16388.9414,2023-08-01
002398.SZ,2012-08-10,18.3,18.79,18.2,18.6,18.36,0.24,1.31,17975.28,33342.6028,2023-08-01
600877.SH,2012-08-10,2.28,2.31,2.27,2.28,2.29,-0.01,-0.44,40987.46,9389.262,2023-08-01
601166.SH,2012-08-10,12.85,12.94,12.71,12.72,12.7,0.02,0.16,552464.93,710238.209,2023-08-01
600223.SH,2012-08-10,4.25,4.28,4.15,4.19,4.29,-0.1,-2.33,69603.6,29309.069,2023-08-01
600733.SH,2012-08-10,14.07,14.12,13.81,14.02,14.11,-0.09,-0.64,6051.06,8452.889,2023-08-01
601555.SH,2012-08-10,8.62,8.67,8.51,8.53,8.71,-0.18,-2.07,151219.67,129699.856,2023-08-01
600116.SH,2012-08-10,11.78,11.82,11.67,11.68,11.84,-0.16,-1.35,40078.37,46969.941,2023-08-01
601996.SH,2012-08-10,5.84,5.84,5.64,5.66,5.84,-0.18,-3.08,54096.05,30955.781,2023-08-01
000623.SZ,2012-08-10,17.02,17.03,16.8,16.84,17.04,-0.2,-1.17,32221.1,54438.981,2023-08-01
000595.SZ,2012-08-10,5.3,5.33,5.18,5.23,5.32,-0.09,-1.69,6868.83,3595.5091,2023-08-01
600366.SH,2012-08-10,20.5,20.55,20.01,20.14,20.58,-0.44,-2.14,128315.12,259319.826,2023-08-01
000893.SZ,2012-08-10,12.53,13.2,12.5,13.01,12.62,0.39,3.09,24526.66,31819.0757,2023-08-01
300021.SZ,2012-08-10,7.8,7.88,7.73,7.81,7.82,-0.01,-0.13,22994.38,17913.5176,2023-08-01
600746.SH,2012-08-10,4.62,4.62,4.52,4.57,4.59,-0.02,-0.44,15570.37,7106.183,2023-08-01
002221.SZ,2012-08-10,9.52,9.9,9.5,9.5,9.57,-0.07,-0.73,41562.51,40281.1537,2023-08-01
002241.SZ,2012-08-10,39.72,40.07,39.5,39.67,39.8,-0.13,-0.33,19639.98,78242.8938,2023-08-01
000506.SZ,2012-08-10,8.34,8.43,8.12,8.4,8.34,0.06,0.72,33791.95,28018.8437,2023-08-01
600572.SH,2012-08-10,11.08,11.22,11.05,11.09,11.2,-0.11,-0.98,66230.3,73663.637,2023-08-01
600323.SH,2012-08-10,6.94,6.95,6.85,6.88,6.93,-0.05,-0.72,15949.17,10991.93,2023-08-01
000566.SZ,2012-08-10,22.42,22.59,22.05,22.39,22.4,-0.01,-0.04,14730.55,32842.8347,2023-08-01
600831.SH,2012-08-10,7.94,7.98,7.78,7.86,7.97,-0.11,-1.38,68550.4,53792.424,2023-08-01
002614.SZ,2012-08-10,9.66,9.83,9.66,9.78,9.75,0.03,0.31,7038.02,6867.8505,2023-08-01
600531.SH,2012-08-10,18.6,18.65,18.25,18.28,18.55,-0.27,-1.46,15675.05,28787.178,2023-08-01
002366.SZ,2012-08-10,8.38,8.4,8.16,8.18,8.4,-0.22,-2.62,17637.08,14504.5054,2023-08-01
000888.SZ,2012-08-10,22.85,23.13,22.55,22.6,22.85,-0.25,-1.09,6149.07,14012.3462,2023-08-01
600022.SH,2012-08-10,2.25,2.28,2.24,2.26,2.26,0.0,0.0,116135.92,26237.649,2023-08-01
002296.SZ,2012-08-10,18.49,18.58,18.25,18.41,18.5,-0.09,-0.49,3531.49,6500.0355,2023-08-01
000511.SZ,2012-08-10,3.74,3.86,3.72,3.85,3.76,0.09,2.39,351733.19,133556.5544,2023-08-01
002532.SZ,2012-08-10,16.76,16.92,16.58,16.6,16.77,-0.17,-1.01,10458.0,17504.0333,2023-08-01
601633.SH,2012-08-10,15.75,15.78,15.41,15.63,15.7,-0.07,-0.45,36813.35,57388.801,2023-08-01
000638.SZ,2012-08-10,5.82,5.88,5.73,5.78,5.81,-0.03,-0.52,1616.76,936.4201,2023-08-01
000617.SZ,2012-08-10,9.24,9.3,9.07,9.12,9.24,-0.12,-1.3,8520.17,7802.9089,2023-08-01
002223.SZ,2012-08-10,17.61,17.78,17.46,17.66,17.6,0.06,0.34,20485.56,36141.4579,2023-08-01
002298.SZ,2012-08-10,10.65,10.67,10.31,10.31,10.78,-0.47,-4.36,158946.83,165887.2503,2023-08-01
000915.SZ,2012-08-10,16.2,16.32,16.0,16.11,16.28,-0.17,-1.04,14349.01,23126.9426,2023-08-01
002227.SZ,2012-08-10,18.67,19.97,18.52,19.12,18.66,0.46,2.47,8681.22,16851.1654,2023-08-01
600866.SH,2012-08-10,4.67,4.68,4.58,4.62,4.65,-0.03,-0.65,23315.05,10765.168,2023-08-01
600227.SH,2012-08-10,4.14,4.14,4.08,4.11,4.15,-0.04,-0.96,40191.19,16500.413,2023-08-01
600303.SH,2012-08-10,6.06,6.24,6.0,6.21,6.19,0.02,0.32,286181.74,175124.635,2023-08-01
600050.SH,2012-08-10,3.75,3.76,3.7,3.71,3.75,-0.04,-1.07,339508.55,126538.645,2023-08-01
601519.SH,2012-08-10,4.85,4.88,4.8,4.86,4.89,-0.03,-0.61,28970.58,14027.961,2023-08-01
002028.SZ,2012-08-10,12.95,13.2,12.8,13.03,12.99,0.04,0.31,21035.76,27329.6907,2023-08-01
002651.SZ,2012-08-10,14.71,15.42,14.6,15.22,14.79,0.43,2.91,14051.84,21207.5972,2023-08-01
300145.SZ,2012-08-10,16.8,16.82,16.46,16.59,16.83,-0.24,-1.43,9207.57,15270.2494,2023-08-01
000789.SZ,2012-08-10,12.53,12.68,12.25,12.49,12.53,-0.04,-0.32,68440.06,85214.8683,2023-08-01
000982.SZ,2012-08-10,10.29,10.4,10.11,10.12,10.29,-0.17,-1.65,36379.01,37161.3606,2023-08-01
002108.SZ,2012-08-10,7.93,7.95,7.81,7.91,7.9,0.01,0.13,10730.44,8473.1318,2023-08-01
600790.SH,2012-08-10,6.62,6.62,6.46,6.5,6.61,-0.11,-1.66,40174.07,26213.847,2023-08-01
600183.SH,2012-08-10,4.6,4.86,4.6,4.76,4.62,0.14,3.03,105170.69,49601.557,2023-08-01
300223.SZ,2012-08-10,15.1,15.1,14.84,14.9,14.95,-0.05,-0.33,3273.32,4893.639,2023-08-01
000806.SZ,2012-08-10,2.01,2.1,1.99,2.04,2.0,0.04,2.0,64905.52,13354.4079,2023-08-01
000837.SZ,2012-08-10,5.99,6.35,5.93,6.15,6.0,0.15,2.5,52132.45,32114.6718,2023-08-01
300256.SZ,2012-08-10,8.25,8.32,8.13,8.17,8.25,-0.08,-0.97,22011.87,18102.186,2023-08-01
600358.SH,2012-08-10,4.04,4.05,3.99,4.04,4.04,0.0,0.0,20577.02,8265.275,2023-08-01
000665.SZ,2012-08-10,13.6,13.7,13.35,13.42,13.64,-0.22,-1.61,10326.63,13950.0728,2023-08-01
002477.SZ,2012-08-10,19.78,19.97,19.5,19.55,19.6,-0.05,-0.26,42880.48,84705.2949,2023-08-01
000790.SZ,2012-08-10,8.45,8.63,8.38,8.41,8.49,-0.08,-0.94,45312.38,38466.7005,2023-08-01
300086.SZ,2012-08-10,12.32,12.32,12.12,12.19,12.34,-0.15,-1.22,7100.7,8668.705,2023-08-01
600478.SH,2012-08-10,28.18,28.56,27.75,28.24,28.09,0.15,0.53,43849.63,123310.886,2023-08-01
002693.SZ,2012-08-10,29.3,30.99,28.1,28.1,29.16,-1.06,-3.64,195087.87,580497.8109,2023-08-01
600867.SH,2012-08-10,8.75,8.88,8.69,8.82,8.82,0.0,0.0,74254.14,65227.753,2023-08-01
600246.SH,2012-08-10,3.58,3.59,3.49,3.58,3.58,0.0,0.0,66168.4,23437.419,2023-08-01
002534.SZ,2012-08-10,15.76,15.91,15.65,15.67,15.76,-0.09,-0.57,9047.55,14234.7699,2023-08-01
002408.SZ,2012-08-10,16.99,17.39,16.92,17.2,17.01,0.19,1.12,26423.98,45269.8505,2023-08-01
601117.SH,2012-08-10,6.6,6.68,6.43,6.51,6.62,-0.11,-1.66,193473.5,126351.727,2023-08-01
002244.SZ,2012-08-10,8.09,8.11,7.73,8.0,8.12,-0.12,-1.48,33692.84,26759.5538,2023-08-01
300161.SZ,2012-08-10,14.25,14.48,14.21,14.48,14.25,0.23,1.61,4493.65,6453.5012,2023-08-01
600240.SH,2012-08-10,3.66,3.84,3.61,3.75,3.68,0.07,1.9,316332.77,119161.275,2023-08-01
600887.SH,2012-08-10,19.52,19.54,19.21,19.44,19.52,-0.08,-0.41,64111.9,124445.198,2023-08-01
000835.SZ,2012-08-10,5.8,5.88,5.65,5.69,5.83,-0.14,-2.4,49058.21,28101.8232,2023-08-01
002259.SZ,2012-08-10,3.72,3.72,3.61,3.61,3.74,-0.13,-3.48,247642.76,90578.1946,2023-08-01
601888.SH,2012-08-10,30.1,30.23,29.55,29.56,30.06,-0.5,-1.66,25018.82,74570.173,2023-08-01
300180.SZ,2012-08-10,11.55,11.78,11.31,11.63,11.55,0.08,0.69,22049.21,25546.3972,2023-08-01
300132.SZ,2012-08-10,13.46,13.75,13.27,13.59,13.38,0.21,1.57,4286.34,5791.9215,2023-08-01
601727.SH,2012-08-10,4.39,4.42,4.38,4.4,4.41,-0.01,-0.23,30172.07,13265.432,2023-08-01
002279.SZ,2012-08-10,8.64,8.78,8.5,8.5,8.69,-0.19,-2.19,26934.37,23122.583,2023-08-01
300313.SZ,2012-08-10,12.58,12.72,12.5,12.58,12.65,-0.07,-0.55,14571.62,18343.4981,2023-08-01
600722.SH,2012-08-10,4.7,4.82,4.66,4.74,4.75,-0.01,-0.21,33166.16,15756.424,2023-08-01
002090.SZ,2012-08-10,7.6,7.66,7.52,7.6,7.6,0.0,0.0,6470.48,4911.5974,2023-08-01
600432.SH,2012-08-10,12.81,12.99,12.79,12.86,13.0,-0.14,-1.08,13620.75,17502.333,2023-08-01
300137.SZ,2012-08-10,12.69,12.75,12.49,12.56,12.73,-0.17,-1.34,16475.27,20726.4896,2023-08-01
600765.SH,2012-08-10,7.92,7.92,7.78,7.8,7.92,-0.12,-1.52,27321.88,21346.968,2023-08-01
000062.SZ,2012-08-10,5.74,5.74,5.66,5.7,5.74,-0.04,-0.7,5551.53,3161.2184,2023-08-01
600576.SH,2012-08-10,7.65,8.0,7.59,7.79,7.68,0.11,1.43,43688.34,34074.996,2023-08-01
600523.SH,2012-08-10,9.15,9.29,9.1,9.2,9.23,-0.03,-0.33,15766.22,14462.867,2023-08-01
600502.SH,2012-08-10,11.79,11.79,11.62,11.66,11.79,-0.13,-1.1,55096.4,64311.582,2023-08-01
300140.SZ,2012-08-10,10.44,10.68,10.35,10.4,10.56,-0.16,-1.52,9708.07,10171.4364,2023-08-01
002290.SZ,2012-08-10,9.72,9.89,9.61,9.68,9.86,-0.18,-1.83,20123.85,19576.3172,2023-08-01
600382.SH,2012-08-10,7.51,7.64,7.44,7.57,7.52,0.05,0.66,64233.95,48555.474,2023-08-01
000430.SZ,2012-08-10,10.64,10.65,10.4,10.5,10.65,-0.15,-1.41,41893.14,43994.3237,2023-08-01
002059.SZ,2012-08-10,9.0,9.12,8.88,9.11,9.04,0.07,0.77,8465.52,7685.8942,2023-08-01
600755.SH,2012-08-10,4.85,5.07,4.85,4.86,4.85,0.01,0.21,198087.67,98072.191,2023-08-01
600604.SH,2012-08-10,7.47,7.48,7.25,7.35,7.13,0.22,3.09,9714.32,7144.079,2023-08-01
002545.SZ,2012-08-10,14.31,14.41,14.2,14.27,14.37,-0.1,-0.7,7019.28,10017.7526,2023-08-01
600634.SH,2012-08-10,7.81,7.86,7.73,7.83,7.8,0.03,0.38,7925.44,6176.066,2023-08-01
600475.SH,2012-08-10,11.73,11.76,11.55,11.58,11.7,-0.12,-1.03,18423.83,21468.148,2023-08-01
002326.SZ,2012-08-10,13.28,13.44,13.18,13.34,13.34,0.0,0.0,18934.67,25181.1063,2023-08-01
002365.SZ,2012-08-10,9.85,9.93,9.74,9.83,9.8,0.03,0.31,14079.36,13859.5539,2023-08-01
600197.SH,2012-08-10,13.9,13.98,13.62,13.76,14.07,-0.31,-2.2,90347.6,124528.081,2023-08-01
000018.SZ,2012-08-10,5.5,5.71,5.5,5.58,5.6,-0.02,-0.36,1714.0,961.615,2023-08-01
600893.SH,2012-08-10,11.4,11.57,11.33,11.56,11.51,0.05,0.43,56970.39,65400.09,2023-08-01
600980.SH,2012-08-10,12.89,13.75,12.71,13.34,13.07,0.27,2.07,29710.34,39202.602,2023-08-01
300032.SZ,2012-08-10,20.79,21.0,20.27,20.58,20.95,-0.37,-1.77,1738.48,3582.0157,2023-08-01
002270.SZ,2012-08-10,5.74,6.01,5.69,5.88,5.74,0.14,2.44,38411.58,22549.9005,2023-08-01
601012.SH,2012-08-10,6.75,7.18,6.73,7.06,6.76,0.3,4.44,67251.63,46808.188,2023-08-01
300183.SZ,2012-08-10,24.7,24.88,24.35,24.54,24.6,-0.06,-0.24,11789.21,28988.7449,2023-08-01
002107.SZ,2012-08-10,9.91,10.34,9.75,10.07,9.97,0.1,1.0,27683.25,27691.8053,2023-08-01
002393.SZ,2012-08-10,30.58,30.6,30.36,30.44,30.59,-0.15,-0.49,4256.57,12974.6412,2023-08-01
002493.SZ,2012-08-10,14.24,14.92,14.16,14.41,14.27,0.14,0.98,45652.33,66260.3284,2023-08-01
300338.SZ,2012-08-10,25.38,25.65,24.65,24.82,25.39,-0.57,-2.25,24557.85,61615.5892,2023-08-01
002670.SZ,2012-08-10,7.08,7.09,6.97,7.0,7.07,-0.07,-0.99,23835.5,16734.72,2023-08-01
300065.SZ,2012-08-10,9.33,9.42,9.19,9.23,9.33,-0.1,-1.07,9618.1,8914.2976,2023-08-01
002089.SZ,2012-08-10,7.7,7.73,7.6,7.69,7.71,-0.02,-0.26,24131.51,18497.69,2023-08-01
000421.SZ,2012-08-10,5.06,5.11,5.04,5.05,5.04,0.01,0.2,19353.06,9817.4786,2023-08-01
000561.SZ,2012-08-10,6.58,6.69,6.52,6.59,6.58,0.01,0.15,31196.97,20652.2377,2023-08-01
300057.SZ,2012-08-10,6.78,6.85,6.67,6.69,6.8,-0.11,-1.62,7382.37,4966.7049,2023-08-01
000666.SZ,2012-08-10,11.89,11.92,11.61,11.62,11.86,-0.24,-2.02,61025.78,71803.1493,2023-08-01
000682.SZ,2012-08-10,3.26,3.27,3.23,3.24,3.27,-0.03,-0.92,28288.94,9193.9499,2023-08-01
000733.SZ,2012-08-10,6.32,6.33,6.23,6.28,6.32,-0.04,-0.63,12391.29,7788.1271,2023-08-01
002287.SZ,2012-08-10,17.05,17.05,16.75,16.95,17.05,-0.1,-0.59,7757.13,13097.0307,2023-08-01
300047.SZ,2012-08-10,13.39,13.44,13.09,13.24,13.45,-0.21,-1.56,7092.97,9372.9229,2023-08-01
300221.SZ,2012-08-10,6.97,6.97,6.64,6.64,6.83,-0.19,-2.78,35222.83,23895.3292,2023-08-01
600293.SH,2012-08-10,6.65,6.74,6.58,6.66,6.7,-0.04,-0.6,52078.8,34617.742,2023-08-01
002088.SZ,2012-08-10,8.95,8.99,8.93,8.96,8.95,0.01,0.11,5381.27,4821.2431,2023-08-01
002437.SZ,2012-08-10,19.35,19.35,18.93,18.96,19.3,-0.34,-1.76,5913.15,11261.7188,2023-08-01
600756.SH,2012-08-10,8.02,8.3,7.95,8.0,8.02,-0.02,-0.25,79745.72,64650.97,2023-08-01
600573.SH,2012-08-10,6.38,6.86,6.37,6.86,6.24,0.62,9.94,50010.0,33580.272,2023-08-01
600857.SH,2012-08-10,8.6,9.24,8.58,9.14,8.59,0.55,6.4,86013.33,77179.017,2023-08-01
600165.SH,2012-08-10,6.15,6.45,6.13,6.26,6.17,0.09,1.46,45762.05,28749.19,2023-08-01
600006.SH,2012-08-10,3.0,3.02,2.98,3.01,3.01,0.0,0.0,17423.47,5223.215,2023-08-01
000582.SZ,2012-08-10,10.91,11.15,10.6,10.7,10.91,-0.21,-1.92,33467.06,35959.8025,2023-08-01
600155.SH,2012-08-10,2.89,2.92,2.85,2.89,2.91,-0.02,-0.69,16338.81,4710.184,2023-08-01
000922.SZ,2012-08-10,9.03,9.15,8.99,9.15,9.04,0.11,1.22,6926.76,6285.019,2023-08-01
600372.SH,2012-08-10,18.5,18.9,18.3,18.72,18.42,0.3,1.63,29841.23,55850.483,2023-08-01
600810.SH,2012-08-10,6.47,6.77,6.47,6.68,6.5,0.18,2.77,31365.35,20816.196,2023-08-01
600551.SH,2012-08-10,10.46,10.46,10.34,10.36,10.46,-0.1,-0.96,13012.06,13507.693,2023-08-01
600506.SH,2012-08-10,9.4,9.4,9.11,9.3,9.37,-0.07,-0.75,10601.18,9804.327,2023-08-01
600581.SH,2012-08-10,6.18,6.26,6.1,6.21,6.18,0.03,0.49,72726.67,45139.503,2023-08-01
000411.SZ,2012-08-10,7.84,7.84,7.71,7.74,7.81,-0.07,-0.9,8954.07,6946.602,2023-08-01
002367.SZ,2012-08-10,8.47,8.5,8.35,8.4,8.46,-0.06,-0.71,18653.79,15698.496,2023-08-01
600161.SH,2012-08-10,14.55,14.62,14.35,14.4,14.64,-0.24,-1.64,26220.91,37882.66,2023-08-01
000662.SZ,2012-08-10,4.63,4.75,4.61,4.68,4.64,0.04,0.86,13609.82,6384.6669,2023-08-01
600101.SH,2012-08-10,9.63,10.19,9.51,10.08,9.59,0.49,5.11,70099.16,69466.909,2023-08-01
600380.SH,2012-08-10,4.51,4.55,4.46,4.52,4.53,-0.01,-0.22,42765.81,19230.302,2023-08-01
000505.SZ,2012-08-10,2.64,2.66,2.59,2.6,2.64,-0.04,-1.52,29150.09,7625.3629,2023-08-01
000868.SZ,2012-08-10,3.9,3.95,3.85,3.88,3.95,-0.07,-1.77,42172.2,16359.2606,2023-08-01
000690.SZ,2012-08-10,4.2,4.23,4.16,4.19,4.2,-0.01,-0.24,52537.37,22021.6075,2023-08-01
000659.SZ,2012-08-10,3.06,3.07,3.02,3.02,3.09,-0.07,-2.27,94193.55,28604.7153,2023-08-01
600311.SH,2012-08-10,8.29,8.29,8.1,8.18,8.27,-0.09,-1.09,50484.9,41232.55,2023-08-01
002432.SZ,2012-08-10,7.68,7.69,7.52,7.53,7.59,-0.06,-0.79,12503.18,9483.3938,2023-08-01
002598.SZ,2012-08-10,6.75,6.75,6.57,6.58,6.8,-0.22,-3.24,51896.24,34432.2958,2023-08-01
603077.SH,2012-08-10,17.21,17.7,17.01,17.23,17.4,-0.17,-0.98,135713.53,234990.2,2023-08-01
000980.SZ,2012-08-10,4.32,4.33,4.28,4.32,4.33,-0.01,-0.23,12439.0,5363.4863,2023-08-01
002620.SZ,2012-08-10,19.0,19.16,18.55,18.6,19.0,-0.4,-2.11,5892.04,11109.8555,2023-08-01
002023.SZ,2012-08-10,8.42,8.42,8.26,8.31,8.34,-0.03,-0.36,15235.88,12703.0053,2023-08-01
002271.SZ,2012-08-10,12.15,12.2,11.98,12.15,12.18,-0.03,-0.25,10214.09,12364.7993,2023-08-01
002484.SZ,2012-08-10,10.09,10.3,10.08,10.28,10.13,0.15,1.48,9890.56,10093.0725,2023-08-01
002218.SZ,2012-08-10,7.23,7.41,7.21,7.32,7.27,0.05,0.69,41880.24,30599.6344,2023-08-01
600624.SH,2012-08-10,5.79,5.85,5.7,5.74,5.77,-0.03,-0.52,23303.5,13445.288,2023-08-01
002052.SZ,2012-08-10,8.91,8.91,8.81,8.91,8.92,-0.01,-0.11,11255.96,9975.1088,2023-08-01
000692.SZ,2012-08-10,4.48,4.55,4.47,4.53,4.5,0.03,0.67,12634.86,5688.0744,2023-08-01
600131.SH,2012-08-10,6.05,6.22,5.98,6.13,6.06,0.07,1.16,64744.23,39509.539,2023-08-01
300098.SZ,2012-08-10,6.75,7.18,6.69,7.1,6.78,0.32,4.72,13937.29,9633.7616,2023-08-01
600172.SH,2012-08-10,7.63,7.75,7.46,7.48,7.63,-0.15,-1.97,96646.72,73171.954,2023-08-01
002202.SZ,2012-08-10,6.18,6.24,6.14,6.19,6.17,0.02,0.32,80153.23,49554.4144,2023-08-01
600060.SH,2012-08-10,9.04,9.06,8.81,8.84,9.01,-0.17,-1.89,105335.81,93694.031,2023-08-01
600302.SH,2012-08-10,3.9,3.92,3.83,3.88,3.9,-0.02,-0.51,13480.93,5221.735,2023-08-01
002562.SZ,2012-08-10,13.25,13.8,13.25,13.65,13.38,0.27,2.02,16155.8,21911.6919,2023-08-01
600789.SH,2012-08-10,4.38,4.41,4.33,4.35,4.42,-0.07,-1.58,35509.53,15470.349,2023-08-01
600738.SH,2012-08-10,6.26,6.7,6.25,6.48,6.28,0.2,3.18,102145.84,66587.326,2023-08-01
002487.SZ,2012-08-10,9.46,9.48,9.34,9.36,9.42,-0.06,-0.64,5199.57,4879.2776,2023-08-01
000778.SZ,2012-08-10,6.42,6.46,6.38,6.42,6.41,0.01,0.16,91080.34,58426.8631,2023-08-01
600784.SH,2012-08-10,5.23,5.28,5.16,5.25,5.25,0.0,0.0,38860.88,20297.599,2023-08-01
600298.SH,2012-08-10,24.1,24.29,24.0,24.23,24.13,0.1,0.41,11217.99,27096.773,2023-08-01
002140.SZ,2012-08-10,23.8,25.0,23.6,24.8,24.1,0.7,2.9,21605.63,52872.3147,2023-08-01
600636.SH,2012-08-10,15.8,16.2,15.6,15.68,15.92,-0.24,-1.51,83735.72,133019.215,2023-08-01
600373.SH,2012-08-10,16.2,16.31,15.86,15.91,16.19,-0.28,-1.73,40443.12,65055.069,2023-08-01
002499.SZ,2012-08-10,16.15,16.25,15.86,16.09,16.15,-0.06,-0.37,17959.15,28753.6471,2023-08-01
600090.SH,2012-08-10,7.76,8.12,7.76,7.88,7.76,0.12,1.55,57570.92,45731.866,2023-08-01
000017.SZ,2012-08-10,3.0,3.05,2.97,3.01,3.01,0.0,0.0,8509.46,2557.3656,2023-08-01
000629.SZ,2012-08-10,4.22,4.22,4.22,4.22,3.84,0.38,9.9,191613.83,80861.0363,2023-08-01
300033.SZ,2012-08-10,20.4,20.4,19.88,20.2,20.28,-0.08,-0.39,9779.85,19679.2637,2023-08-01
002585.SZ,2012-08-10,11.64,12.74,11.64,12.46,11.64,0.82,7.04,56522.76,69782.4716,2023-08-01
300182.SZ,2012-08-10,24.5,24.64,24.24,24.58,24.55,0.03,0.12,4455.62,10922.8787,2023-08-01
000902.SZ,2012-08-10,7.58,7.72,7.53,7.62,7.65,-0.03,-0.39,9618.01,7320.0501,2023-08-01
600093.SH,2012-08-10,5.28,5.3,5.21,5.24,5.3,-0.06,-1.13,28226.98,14806.013,2023-08-01
300058.SZ,2012-08-10,20.63,21.58,20.61,21.25,20.63,0.62,3.01,28577.26,60063.255,2023-08-01
300054.SZ,2012-08-10,22.3,23.8,21.78,23.25,22.12,1.13,5.11,10014.0,22950.315,2023-08-01
002165.SZ,2012-08-10,4.86,4.87,4.77,4.82,4.85,-0.03,-0.62,26822.07,12891.0268,2023-08-01
002191.SZ,2012-08-10,9.99,10.1,9.95,10.04,10.04,0.0,0.0,22982.75,23030.4144,2023-08-01
601800.SH,2012-08-10,4.68,4.71,4.66,4.68,4.68,0.0,0.0,145677.89,68292.121,2023-08-01
600584.SH,2012-08-10,4.47,4.51,4.43,4.45,4.47,-0.02,-0.45,62165.54,27837.289,2023-08-01
002509.SZ,2012-08-10,11.58,12.65,11.58,12.65,11.5,1.15,10.0,117746.76,146317.3784,2023-08-01
300297.SZ,2012-08-10,18.95,19.14,18.6,18.73,18.96,-0.23,-1.21,12282.65,23042.4523,2023-08-01
300216.SZ,2012-08-10,10.09,10.11,9.94,9.98,10.09,-0.11,-1.09,7383.95,7387.3795,2023-08-01
002653.SZ,2012-08-10,30.3,32.45,29.88,31.88,30.56,1.32,4.32,28434.12,88520.6852,2023-08-01
000012.SZ,2012-08-10,8.46,8.46,8.33,8.38,8.46,-0.08,-0.95,68145.88,57192.4811,2023-08-01
300315.SZ,2012-08-10,23.51,24.79,23.42,24.59,23.83,0.76,3.19,91338.52,221915.3013,2023-08-01
002101.SZ,2012-08-10,9.65,9.88,9.64,9.74,9.79,-0.05,-0.51,5229.06,5106.7761,2023-08-01
601718.SH,2012-08-10,3.16,3.16,3.12,3.13,3.15,-0.02,-0.63,41624.04,13050.707,2023-08-01
002238.SZ,2012-08-10,13.32,13.65,13.03,13.53,13.32,0.21,1.58,23394.03,31234.5807,2023-08-01
000882.SZ,2012-08-10,2.76,2.81,2.74,2.79,2.76,0.03,1.09,41140.27,11407.3065,2023-08-01
002010.SZ,2012-08-10,8.41,8.53,8.25,8.28,8.41,-0.13,-1.55,25536.05,21355.7328,2023-08-01
000596.SZ,2012-08-10,43.48,43.48,41.77,42.65,43.2,-0.55,-1.27,11739.41,49888.7078,2023-08-01
000717.SZ,2012-08-10,2.34,2.35,2.32,2.33,2.34,-0.01,-0.43,41296.56,9642.0696,2023-08-01
002148.SZ,2012-08-10,18.1,18.36,17.85,18.3,18.1,0.2,1.11,54061.76,98038.2197,2023-08-01
002233.SZ,2012-08-10,8.61,8.63,8.47,8.54,8.65,-0.11,-1.27,50811.28,43373.4191,2023-08-01
600774.SH,2012-08-10,7.18,7.64,7.1,7.23,7.0,0.23,3.29,53023.3,38935.312,2023-08-01
002538.SZ,2012-08-10,12.65,12.67,12.36,12.63,12.66,-0.03,-0.24,35835.85,44854.2013,2023-08-01
300150.SZ,2012-08-10,15.47,15.5,15.24,15.3,15.5,-0.2,-1.29,9608.74,14714.195,2023-08-01
300240.SZ,2012-08-10,9.32,9.32,9.01,9.1,9.25,-0.15,-1.62,19262.37,17521.585,2023-08-01
000938.SZ,2012-08-10,12.01,12.4,11.95,12.14,12.07,0.07,0.58,28243.41,34423.6933,2023-08-01
600664.SH,2012-08-10,6.25,6.29,6.22,6.23,6.27,-0.04,-0.64,46731.25,29230.613,2023-08-01
300205.SZ,2012-08-10,10.45,10.88,10.32,10.34,10.41,-0.07,-0.67,26786.05,28374.151,2023-08-01
000616.SZ,2012-08-10,3.37,3.37,3.32,3.34,3.37,-0.03,-0.89,125956.64,42096.0698,2023-08-01
002106.SZ,2012-08-10,16.9,17.76,16.85,17.5,16.97,0.53,3.12,185619.33,324096.0217,2023-08-01
000928.SZ,2012-08-10,9.28,9.74,9.2,9.54,9.35,0.19,2.03,111618.78,105557.0345,2023-08-01
600308.SH,2012-08-10,3.53,3.54,3.5,3.53,3.53,0.0,0.0,23831.38,8390.026,2023-08-01
300193.SZ,2012-08-10,11.46,11.48,11.34,11.38,11.43,-0.05,-0.44,2914.36,3321.8575,2023-08-01
600289.SH,2012-08-10,5.92,6.01,5.85,5.89,5.92,-0.03,-0.51,46012.63,27213.253,2023-08-01
002304.SZ,2012-08-10,147.13,147.13,143.1,143.4,147.96,-4.56,-3.08,20780.08,299939.3317,2023-08-01
600097.SH,2012-08-10,11.78,12.54,11.73,12.29,11.89,0.4,3.36,107528.55,132148.258,2023-08-01
300010.SZ,2012-08-10,7.73,7.79,7.54,7.63,7.62,0.01,0.13,15106.45,11572.2928,2023-08-01
000848.SZ,2012-08-10,17.69,17.88,17.4,17.81,17.71,0.1,0.56,33314.33,58612.4927,2023-08-01
002325.SZ,2012-08-10,16.26,16.4,15.95,16.01,16.36,-0.35,-2.14,16977.87,27390.8195,2023-08-01
600995.SH,2012-08-10,6.38,6.52,6.32,6.47,6.38,0.09,1.41,51599.84,33076.907,2023-08-01
002674.SZ,2012-08-10,11.44,12.38,11.25,11.88,11.49,0.39,3.39,188693.02,223535.498,2023-08-01
000537.SZ,2012-08-10,5.91,5.93,5.81,5.9,5.91,-0.01,-0.17,51679.5,30336.6498,2023-08-01
002433.SZ,2012-08-10,25.96,26.11,25.21,25.64,25.96,-0.32,-1.23,9513.97,24399.1733,2023-08-01
000972.SZ,2012-08-10,2.65,2.67,2.63,2.64,2.64,0.0,0.0,50568.23,13365.125,2023-08-01
000875.SZ,2012-08-10,3.01,3.07,2.84,2.88,2.9,-0.02,-0.69,245925.49,72820.0486,2023-08-01
002505.SZ,2012-08-10,7.14,7.17,7.08,7.11,7.15,-0.04,-0.56,19822.52,14095.5476,2023-08-01
600860.SH,2012-08-10,4.11,4.21,4.07,4.15,4.16,-0.01,-0.24,16624.8,6919.619,2023-08-01
000960.SZ,2012-08-10,19.69,19.7,19.33,19.45,19.83,-0.38,-1.92,47070.62,91797.5408,2023-08-01
600555.SH,2012-08-10,3.53,3.64,3.5,3.58,3.55,0.03,0.85,39806.49,14190.19,2023-08-01
000560.SZ,2012-08-10,7.34,7.41,7.31,7.38,7.38,0.0,0.0,6469.5,4760.8071,2023-08-01
000911.SZ,2012-08-10,9.4,9.9,9.38,9.4,9.24,0.16,1.73,43744.43,42055.9547,2023-08-01
300203.SZ,2012-08-10,15.0,15.09,14.73,14.85,14.92,-0.07,-0.47,1444.5,2139.392,2023-08-01
600170.SH,2012-08-10,6.78,6.94,6.76,6.82,6.81,0.01,0.15,109845.32,75323.923,2023-08-01
600280.SH,2012-08-10,28.0,30.0,27.42,29.91,27.41,2.5,9.12,9824.01,27998.485,2023-08-01
601118.SH,2012-08-10,6.48,6.48,6.37,6.38,6.45,-0.07,-1.09,69793.4,44708.792,2023-08-01
300225.SZ,2012-08-10,10.18,10.24,10.08,10.12,10.26,-0.14,-1.36,4318.61,4378.9546,2023-08-01
600489.SH,2012-08-10,22.26,22.26,21.82,21.83,22.3,-0.47,-2.11,63786.87,140164.774,2023-08-01
002208.SZ,2012-08-10,5.96,5.96,5.8,5.86,5.97,-0.11,-1.84,17792.44,10425.3772,2023-08-01
002275.SZ,2012-08-10,13.52,13.65,13.42,13.58,13.52,0.06,0.44,4906.26,6636.4936,2023-08-01
600476.SH,2012-08-10,7.02,7.1,6.94,7.05,7.06,-0.01,-0.14,5793.63,4068.957,2023-08-01
600200.SH,2012-08-10,8.67,8.7,8.58,8.61,8.74,-0.13,-1.49,62804.89,54184.073,2023-08-01
002225.SZ,2012-08-10,7.61,7.71,7.58,7.62,7.75,-0.13,-1.68,39344.62,30025.8076,2023-08-01
601168.SH,2012-08-10,8.4,8.47,8.31,8.34,8.42,-0.08,-0.95,79403.87,66515.231,2023-08-01
300258.SZ,2012-08-10,13.65,13.99,13.46,13.84,13.77,0.07,0.51,21688.08,29746.5062,2023-08-01
600482.SH,2012-08-10,7.8,8.13,7.78,8.0,7.84,0.16,2.04,46411.93,36872.037,2023-08-01
600749.SH,2012-08-10,9.7,9.82,9.65,9.69,9.7,-0.01,-0.1,14030.38,13632.724,2023-08-01
603366.SH,2012-08-10,16.7,16.98,16.68,16.81,16.83,-0.02,-0.12,24322.38,40895.609,2023-08-01
300012.SZ,2012-08-10,20.5,20.5,19.75,20.12,20.11,0.01,0.05,11561.4,23132.8627,2023-08-01
002328.SZ,2012-08-10,6.08,6.26,5.85,6.04,6.0,0.04,0.67,51182.01,30733.6966,2023-08-01
600031.SH,2012-08-10,12.07,12.07,11.92,11.94,12.07,-0.13,-1.08,121259.28,145111.153,2023-08-01
002035.SZ,2012-08-10,8.18,8.26,7.99,8.08,8.4,-0.32,-3.81,98233.33,79559.2972,2023-08-01
000801.SZ,2012-08-10,6.53,6.61,6.45,6.53,6.56,-0.03,-0.46,8683.52,5656.7059,2023-08-01
600516.SH,2012-08-10,8.85,9.04,8.72,8.9,8.9,0.0,0.0,144089.76,127710.155,2023-08-01
600592.SH,2012-08-10,7.6,7.8,7.5,7.54,7.57,-0.03,-0.4,43147.44,32824.592,2023-08-01
002431.SZ,2012-08-10,26.3,27.1,26.3,26.6,26.25,0.35,1.33,32728.65,87622.5531,2023-08-01
300288.SZ,2012-08-10,57.0,59.15,55.65,57.41,57.11,0.3,0.53,12452.96,71389.8645,2023-08-01
601137.SH,2012-08-10,13.78,13.78,13.58,13.64,13.75,-0.11,-0.8,2395.36,3272.522,2023-08-01
002137.SZ,2012-08-10,6.14,6.21,6.13,6.16,6.18,-0.02,-0.32,12108.23,7460.4255,2023-08-01
002012.SZ,2012-08-10,10.42,10.65,10.23,10.25,10.34,-0.09,-0.87,68486.24,71155.6964,2023-08-01
600982.SH,2012-08-10,10.09,10.18,9.9,9.96,10.05,-0.09,-0.9,8171.63,8181.546,2023-08-01
002665.SZ,2012-08-10,37.47,37.79,36.5,36.82,37.7,-0.88,-2.33,21743.62,80623.5646,2023-08-01
600706.SH,2012-08-10,12.1,12.15,11.9,11.9,12.09,-0.19,-1.57,5068.0,6064.438,2023-08-01
000905.SZ,2012-08-10,6.92,7.55,6.83,7.02,7.01,0.01,0.14,226378.64,162925.2353,2023-08-01
000526.SZ,2012-08-10,8.29,9.1,8.29,8.91,8.27,0.64,7.74,35598.98,31466.539,2023-08-01
000540.SZ,2012-08-10,6.7,6.74,6.49,6.54,6.74,-0.2,-2.97,118158.68,77688.4872,2023-08-01
300026.SZ,2012-08-10,33.99,37.29,33.99,37.15,33.9,3.25,9.59,48325.49,172764.0203,2023-08-01
600036.SH,2012-08-10,10.1,10.2,10.09,10.17,10.08,0.09,0.89,270653.85,275363.371,2023-08-01
600213.SH,2012-08-10,6.22,6.25,6.09,6.13,6.22,-0.09,-1.45,6143.9,3769.601,2023-08-01
000513.SZ,2012-08-10,28.0,28.09,27.38,27.77,28.06,-0.29,-1.03,4521.78,12529.6531,2023-08-01
002173.SZ,2012-08-10,9.57,9.98,9.51,9.87,9.64,0.23,2.39,70702.78,69356.0597,2023-08-01
002081.SZ,2012-08-10,42.48,43.0,42.1,42.62,42.55,0.07,0.16,15529.39,66371.7974,2023-08-01
300146.SZ,2012-08-10,68.2,68.82,66.8,67.0,68.24,-1.24,-1.82,10491.69,71027.7064,2023-08-01
601188.SH,2012-08-10,2.57,2.58,2.54,2.55,2.57,-0.02,-0.78,13806.07,3529.822,2023-08-01
600422.SH,2012-08-10,18.91,19.5,18.67,19.2,18.89,0.31,1.64,41376.52,79018.436,2023-08-01
002200.SZ,2012-08-10,10.18,10.24,10.03,10.18,10.13,0.05,0.49,6581.09,6648.3194,2023-08-01
002409.SZ,2012-08-10,16.18,16.18,15.6,15.66,16.15,-0.49,-3.03,5234.42,8278.3509,2023-08-01
000532.SZ,2012-08-10,8.31,8.55,8.3,8.55,8.41,0.14,1.66,38778.73,32812.8324,2023-08-01
600871.SH,2012-08-10,6.36,6.38,6.31,6.36,6.38,-0.02,-0.31,7784.02,4942.53,2023-08-01
000969.SZ,2012-08-10,13.07,13.25,12.9,13.12,13.16,-0.04,-0.3,58815.1,76755.6329,2023-08-01
300207.SZ,2012-08-10,11.77,12.29,11.59,12.0,11.76,0.24,2.04,9431.45,11323.6021,2023-08-01
600391.SH,2012-08-10,8.21,8.28,8.14,8.19,8.28,-0.09,-1.09,15167.2,12442.063,2023-08-01
300034.SZ,2012-08-10,14.63,14.68,14.3,14.45,14.68,-0.23,-1.57,7137.02,10306.0756,2023-08-01
600680.SH,2012-08-10,10.45,10.74,10.39,10.65,10.46,0.19,1.82,17422.91,18541.408,2023-08-01
600593.SH,2012-08-10,12.8,12.81,12.51,12.63,12.72,-0.09,-0.71,2553.2,3222.101,2023-08-01
002440.SZ,2012-08-10,13.21,13.45,13.05,13.36,13.4,-0.04,-0.3,29482.0,38987.9128,2023-08-01
002381.SZ,2012-08-10,15.32,15.66,15.32,15.38,15.39,-0.01,-0.07,15043.34,23300.863,2023-08-01
000737.SZ,2012-08-10,5.29,5.34,5.15,5.19,5.29,-0.1,-1.89,29660.19,15504.47,2023-08-01
300300.SZ,2012-08-10,24.31,25.3,24.02,24.79,24.3,0.49,2.02,5311.76,13047.1937,2023-08-01
002504.SZ,2012-08-10,10.1,10.61,10.05,10.48,10.08,0.4,3.97,25922.41,26794.0757,2023-08-01
300093.SZ,2012-08-10,6.97,7.06,6.94,7.02,7.0,0.02,0.29,32956.89,23095.3067,2023-08-01
000890.SZ,2012-08-10,3.9,3.9,3.83,3.85,3.9,-0.05,-1.28,27895.22,10740.8993,2023-08-01
600741.SH,2012-08-10,8.74,8.81,8.66,8.72,8.74,-0.02,-0.23,38290.89,33426.043,2023-08-01
000750.SZ,2012-08-10,10.96,10.96,10.75,10.75,11.0,-0.25,-2.27,217129.22,234964.4334,2023-08-01
002495.SZ,2012-08-10,6.4,6.42,6.28,6.29,6.41,-0.12,-1.87,22141.03,14039.0325,2023-08-01
300007.SZ,2012-08-10,17.83,18.08,17.65,18.0,17.83,0.17,0.95,10824.8,19454.0199,2023-08-01
600486.SH,2012-08-10,21.25,21.78,21.2,21.47,21.25,0.22,1.04,19333.47,41617.838,2023-08-01
601880.SH,2012-08-10,3.04,3.08,2.99,2.99,3.01,-0.02,-0.66,174834.54,53005.945,2023-08-01
300079.SZ,2012-08-10,18.35,18.63,18.08,18.4,18.47,-0.07,-0.38,18690.4,34319.859,2023-08-01
300127.SZ,2012-08-10,27.2,27.2,26.45,26.76,27.18,-0.42,-1.55,21353.23,57151.4435,2023-08-01
600966.SH,2012-08-10,5.04,5.08,5.03,5.06,5.04,0.02,0.4,15216.67,7688.694,2023-08-01
000410.SZ,2012-08-10,6.57,6.98,6.5,6.84,6.56,0.28,4.27,36770.47,24933.8053,2023-08-01
600726.SH,2012-08-10,2.32,2.34,2.3,2.31,2.32,-0.01,-0.43,24271.18,5629.966,2023-08-01
600176.SH,2012-08-10,9.26,9.42,9.18,9.35,9.25,0.1,1.08,40737.23,37933.957,2023-08-01
000024.SZ,2012-08-10,21.5,21.5,21.0,21.08,21.58,-0.5,-2.32,82314.3,174132.692,2023-08-01
300165.SZ,2012-08-10,11.96,12.16,11.9,12.09,11.96,0.13,1.09,4395.94,5273.0036,2023-08-01
600575.SH,2012-08-10,6.9,6.93,6.86,6.88,6.9,-0.02,-0.29,7739.44,5331.004,2023-08-01
600767.SH,2012-08-10,4.13,4.17,4.07,4.11,4.15,-0.04,-0.96,31870.0,13112.463,2023-08-01
300017.SZ,2012-08-10,19.05,19.08,18.52,18.8,18.9,-0.1,-0.53,19950.63,37435.9394,2023-08-01
300003.SZ,2012-08-10,11.96,11.99,11.8,11.84,11.97,-0.13,-1.09,12188.37,14455.0859,2023-08-01
000402.SZ,2012-08-10,6.54,6.56,6.45,6.47,6.55,-0.08,-1.22,134489.63,87339.0029,2023-08-01
002044.SZ,2012-08-10,8.07,8.08,7.92,7.94,8.04,-0.1,-1.24,6677.43,5337.4831,2023-08-01
000680.SZ,2012-08-10,5.47,5.51,5.37,5.39,5.47,-0.08,-1.46,102452.08,55624.0417,2023-08-01
002327.SZ,2012-08-10,41.2,41.2,40.38,40.57,41.3,-0.73,-1.77,2675.18,10850.336,2023-08-01
002094.SZ,2012-08-10,8.6,8.98,8.52,8.58,8.48,0.1,1.18,154480.14,134282.6637,2023-08-01
600820.SH,2012-08-10,7.89,7.95,7.79,7.8,7.89,-0.09,-1.14,39805.72,31279.313,2023-08-01
600571.SH,2012-08-10,7.36,7.42,7.31,7.39,7.39,0.0,0.0,7346.55,5410.868,2023-08-01
002392.SZ,2012-08-10,8.75,8.95,8.69,8.85,8.76,0.09,1.03,29013.21,25613.8762,2023-08-01
600525.SH,2012-08-10,6.52,6.65,6.5,6.53,6.54,-0.01,-0.15,24320.42,15922.505,2023-08-01
600056.SH,2012-08-10,21.09,21.39,20.93,21.28,21.09,0.19,0.9,22063.95,46835.253,2023-08-01
002611.SZ,2012-08-10,9.35,9.35,9.17,9.2,9.35,-0.15,-1.6,9789.9,9051.3411,2023-08-01
300274.SZ,2012-08-10,9.17,9.45,9.06,9.35,9.18,0.17,1.85,20044.67,18529.5066,2023-08-01
600322.SH,2012-08-10,3.49,3.49,3.44,3.45,3.49,-0.04,-1.15,41816.66,14445.597,2023-08-01
000547.SZ,2012-08-10,3.93,4.12,3.9,4.03,3.93,0.1,2.54,135961.67,54659.1179,2023-08-01
600557.SH,2012-08-10,18.06,19.86,17.84,19.13,18.05,1.08,5.98,78091.03,148120.291,2023-08-01
300153.SZ,2012-08-10,7.51,7.6,7.44,7.51,7.52,-0.01,-0.13,7138.85,5360.4267,2023-08-01
002055.SZ,2012-08-10,6.25,6.25,6.07,6.12,6.23,-0.11,-1.77,32350.6,19858.3651,2023-08-01
002057.SZ,2012-08-10,13.98,14.2,13.6,13.91,13.91,0.0,0.0,12217.54,16937.5485,2023-08-01
600587.SH,2012-08-10,29.16,29.3,28.81,29.03,29.16,-0.13,-0.45,4464.36,13004.561,2023-08-01
600569.SH,2012-08-10,2.31,2.34,2.3,2.33,2.31,0.02,0.87,71859.92,16686.983,2023-08-01
600811.SH,2012-08-10,5.58,5.6,5.5,5.51,5.59,-0.08,-1.43,88143.79,48855.169,2023-08-01
600162.SH,2012-08-10,5.18,5.67,5.14,5.49,5.23,0.26,4.97,400707.25,218954.811,2023-08-01
600149.SH,2012-08-10,6.18,6.25,6.04,6.25,5.95,0.3,5.04,43549.39,26962.729,2023-08-01
000761.SZ,2012-08-10,3.89,3.95,3.87,3.92,3.89,0.03,0.77,16621.73,6499.9034,2023-08-01
600332.SH,2012-08-10,26.32,27.58,26.1,26.23,25.97,0.26,1.0,216690.82,580826.705,2023-08-01
600360.SH,2012-08-10,3.68,3.73,3.66,3.7,3.69,0.01,0.27,23394.23,8653.74,2023-08-01
600096.SH,2012-08-10,12.4,12.57,12.25,12.53,12.41,0.12,0.97,42058.13,52524.788,2023-08-01
000408.SZ,2012-08-10,9.05,9.6,8.9,9.6,9.14,0.46,5.03,113605.42,104711.0188,2023-08-01
002647.SZ,2012-08-10,9.58,9.96,9.45,9.77,9.71,0.06,0.62,44078.55,42873.8158,2023-08-01
002565.SZ,2012-08-10,12.2,12.2,11.93,12.03,12.13,-0.1,-0.82,7882.61,9496.3064,2023-08-01
600177.SH,2012-08-10,8.28,8.28,8.21,8.23,8.26,-0.03,-0.36,25936.5,21371.676,2023-08-01
600779.SH,2012-08-10,28.4,28.55,27.72,28.11,28.69,-0.58,-2.02,108292.1,304395.497,2023-08-01
300046.SZ,2012-08-10,10.15,10.2,10.05,10.13,10.15,-0.02,-0.2,7678.34,7764.5738,2023-08-01
600612.SH,2012-08-10,19.66,19.66,19.32,19.39,19.62,-0.23,-1.17,9750.44,18968.442,2023-08-01
002507.SZ,2012-08-10,21.0,21.38,20.9,21.25,21.2,0.05,0.24,7316.03,15494.6724,2023-08-01
300044.SZ,2012-08-10,11.35,11.43,11.22,11.38,11.33,0.05,0.44,4623.3,5232.827,2023-08-01
600666.SH,2012-08-10,7.26,7.26,7.13,7.24,7.26,-0.02,-0.28,15327.18,11030.821,2023-08-01
600865.SH,2012-08-10,5.01,5.06,4.98,5.01,5.06,-0.05,-0.99,19710.67,9901.381,2023-08-01
000045.SZ,2012-08-10,6.12,6.23,6.11,6.2,6.2,0.0,0.0,16654.7,10267.2399,2023-08-01
000417.SZ,2012-08-10,8.18,8.36,8.09,8.31,8.17,0.14,1.71,68333.7,56454.8659,2023-08-01
002261.SZ,2012-08-10,10.26,10.68,10.19,10.62,10.3,0.32,3.11,138370.11,144553.9145,2023-08-01
600268.SH,2012-08-10,7.46,7.56,7.46,7.48,7.51,-0.03,-0.4,14114.89,10601.214,2023-08-01
600808.SH,2012-08-10,2.04,2.06,2.03,2.04,2.04,0.0,0.0,114374.29,23385.164,2023-08-01
600529.SH,2012-08-10,9.18,9.32,9.12,9.27,9.21,0.06,0.65,15109.26,13956.004,2023-08-01
002349.SZ,2012-08-10,12.71,12.87,12.42,12.71,12.7,0.01,0.08,62509.44,79143.0317,2023-08-01
600517.SH,2012-08-10,13.5,13.64,13.36,13.49,13.45,0.04,0.3,25084.79,33905.563,2023-08-01
300072.SZ,2012-08-10,11.98,12.05,11.44,11.7,11.82,-0.12,-1.02,40323.26,46924.0229,2023-08-01
601989.SH,2012-08-10,4.83,4.86,4.78,4.8,4.85,-0.05,-1.03,146152.27,70494.702,2023-08-01
300087.SZ,2012-08-10,15.69,15.85,15.37,15.46,15.7,-0.24,-1.53,23697.1,36809.1505,2023-08-01
002618.SZ,2012-08-10,11.75,12.14,11.73,12.0,11.84,0.16,1.35,13897.92,16669.2444,2023-08-01
300275.SZ,2012-08-10,27.81,28.3,27.73,27.85,28.24,-0.39,-1.38,2568.36,7171.0912,2023-08-01
300005.SZ,2012-08-10,20.06,20.25,19.88,20.04,20.03,0.01,0.05,11539.19,23165.3267,2023-08-01
600350.SH,2012-08-10,3.25,3.25,3.22,3.25,3.25,0.0,0.0,21454.09,6941.694,2023-08-01
300078.SZ,2012-08-10,12.1,12.16,12.05,12.09,12.12,-0.03,-0.25,4160.66,5039.285,2023-08-01
000726.SZ,2012-08-10,7.08,7.1,6.99,7.05,7.08,-0.03,-0.42,35125.63,24738.9399,2023-08-01
600198.SH,2012-08-10,9.38,9.48,9.24,9.24,9.24,0.0,0.0,25206.54,23525.206,2023-08-01
300234.SZ,2012-08-10,8.49,8.73,8.45,8.5,8.47,0.03,0.35,7893.18,6753.4588,2023-08-01
002564.SZ,2012-08-10,11.06,11.16,11.0,11.06,11.14,-0.08,-0.72,13579.64,15046.394,2023-08-01
600281.SH,2012-08-10,4.37,4.4,4.27,4.28,4.37,-0.09,-2.06,22886.69,9868.834,2023-08-01
300259.SZ,2012-08-10,13.19,13.45,12.96,13.12,13.26,-0.14,-1.06,36106.07,47567.4597,2023-08-01
300149.SZ,2012-08-10,9.1,9.13,8.86,8.95,9.1,-0.15,-1.65,34676.37,31105.8732,2023-08-01
300006.SZ,2012-08-10,16.27,16.46,15.93,16.18,16.28,-0.1,-0.61,8519.37,13775.6491,2023-08-01
600653.SH,2012-08-10,2.28,2.28,2.24,2.25,2.28,-0.03,-1.32,33095.25,7463.278,2023-08-01
002374.SZ,2012-08-10,14.59,14.88,14.11,14.37,14.6,-0.23,-1.58,17884.12,25799.0964,2023-08-01
600148.SH,2012-08-10,8.4,8.64,8.18,8.2,8.4,-0.2,-2.38,6681.18,5578.531,2023-08-01
600570.SH,2012-08-10,13.11,13.21,12.99,13.0,13.11,-0.11,-0.84,11863.15,15546.671,2023-08-01
600861.SH,2012-08-10,6.61,6.61,6.56,6.58,6.61,-0.03,-0.45,8831.39,5811.086,2023-08-01
000728.SZ,2012-08-10,11.25,11.35,11.0,11.14,11.27,-0.13,-1.15,55919.4,62381.4034,2023-08-01
600346.SH,2012-08-10,6.6,7.26,6.6,6.87,6.61,0.26,3.93,51444.46,35832.12,2023-08-01
000597.SZ,2012-08-10,6.48,6.54,6.42,6.44,6.49,-0.05,-0.77,13651.8,8812.7699,2023-08-01
002085.SZ,2012-08-10,8.92,9.06,8.88,9.02,8.92,0.1,1.12,11259.3,10110.1328,2023-08-01
600743.SH,2012-08-10,3.12,3.18,3.09,3.16,3.14,0.02,0.64,34114.24,10705.45,2023-08-01
600351.SH,2012-08-10,6.69,6.9,6.66,6.85,6.7,0.15,2.24,137234.78,93895.773,2023-08-01
002069.SZ,2012-08-10,22.13,22.17,21.84,22.09,22.13,-0.04,-0.18,13638.69,29985.4221,2023-08-01
002626.SZ,2012-08-10,14.5,14.94,14.36,14.75,14.35,0.4,2.79,36700.11,54244.3975,2023-08-01
300088.SZ,2012-08-10,17.82,18.66,17.65,18.45,17.84,0.61,3.42,87260.55,159481.6747,2023-08-01
000936.SZ,2012-08-10,4.29,4.38,4.26,4.31,4.29,0.02,0.47,43854.19,19005.4294,2023-08-01
601008.SH,2012-08-10,3.63,3.69,3.59,3.64,3.63,0.01,0.28,87805.06,31956.7,2023-08-01
000611.SZ,2012-08-10,4.04,4.12,4.01,4.09,4.04,0.05,1.24,45227.55,18449.6135,2023-08-01
300077.SZ,2012-08-10,16.9,17.0,16.53,16.62,16.75,-0.13,-0.78,19109.7,31924.4791,2023-08-01
300204.SZ,2012-08-10,64.7,64.7,62.88,62.95,65.03,-2.08,-3.2,17280.26,109767.1579,2023-08-01
002315.SZ,2012-08-10,30.1,30.93,29.8,30.73,30.09,0.64,2.13,4423.0,13429.1687,2023-08-01
600331.SH,2012-08-10,6.66,6.72,6.53,6.59,6.65,-0.06,-0.9,59312.03,39204.234,2023-08-01
002399.SZ,2012-08-10,20.73,20.96,20.55,20.6,20.75,-0.15,-0.72,17088.26,35376.1715,2023-08-01
600410.SH,2012-08-10,7.68,7.81,7.66,7.67,7.73,-0.06,-0.78,27818.16,21466.28,2023-08-01
002685.SZ,2012-08-10,8.28,8.3,8.16,8.18,8.26,-0.08,-0.97,8002.13,6579.8242,2023-08-01
002248.SZ,2012-08-10,7.61,7.89,7.55,7.83,7.58,0.25,3.3,35501.06,27546.5683,2023-08-01
600091.SH,2012-08-10,4.0,4.06,3.96,3.98,4.0,-0.02,-0.5,11562.53,4623.764,2023-08-01
002533.SZ,2012-08-10,5.91,6.0,5.85,5.98,5.93,0.05,0.84,32083.62,19089.9294,2023-08-01
000037.SZ,2012-08-10,4.32,4.36,4.28,4.34,4.36,-0.02,-0.46,4832.01,2082.9773,2023-08-01
002567.SZ,2012-08-10,14.68,14.75,14.26,14.3,14.7,-0.4,-2.72,35189.31,50903.6056,2023-08-01
000722.SZ,2012-08-10,9.83,10.59,9.59,10.23,9.64,0.59,6.12,407196.22,410046.1324,2023-08-01
002163.SZ,2012-08-10,3.72,3.77,3.69,3.73,3.72,0.01,0.27,35003.93,13086.9302,2023-08-01
002217.SZ,2012-08-10,4.7,4.79,4.61,4.64,4.75,-0.11,-2.32,25652.92,12058.4666,2023-08-01
600828.SH,2012-08-10,5.21,5.21,5.09,5.11,5.18,-0.07,-1.35,17386.34,8970.441,2023-08-01
600083.SH,2012-08-10,4.59,4.68,4.53,4.57,4.58,-0.01,-0.22,16117.54,7407.14,2023-08-01
000570.SZ,2012-08-10,5.99,6.09,5.96,6.06,6.02,0.04,0.66,11167.44,6756.1389,2023-08-01
002608.SZ,2012-08-10,16.41,16.62,16.35,16.47,16.49,-0.02,-0.12,6372.95,10501.5814,2023-08-01
600766.SH,2012-08-10,10.73,10.95,10.73,10.77,10.81,-0.04,-0.37,14210.77,15352.969,2023-08-01
600682.SH,2012-08-10,8.68,8.69,8.45,8.49,8.8,-0.31,-3.52,43876.47,37441.522,2023-08-01
300073.SZ,2012-08-10,8.78,8.84,8.51,8.73,8.75,-0.02,-0.23,16392.44,14244.6293,2023-08-01
002479.SZ,2012-08-10,13.85,13.86,13.68,13.73,13.83,-0.1,-0.72,9721.89,13363.305,2023-08-01
000900.SZ,2012-08-10,8.72,8.75,8.63,8.73,8.73,0.0,0.0,22609.65,19661.0303,2023-08-01
002404.SZ,2012-08-10,6.84,7.04,6.81,6.97,6.86,0.11,1.6,30576.65,21267.649,2023-08-01
300059.SZ,2012-08-10,11.68,11.68,11.49,11.59,11.67,-0.08,-0.69,14835.51,17168.9429,2023-08-01
600278.SH,2012-08-10,6.5,6.79,6.47,6.68,6.54,0.14,2.14,91515.07,60804.832,2023-08-01
300023.SZ,2012-08-10,10.67,10.98,10.54,10.62,10.66,-0.04,-0.38,25821.83,27746.305,2023-08-01
600892.SH,2012-08-10,11.29,11.52,11.07,11.52,10.97,0.55,5.01,2468.2,2830.113,2023-08-01
600732.SH,2012-08-10,7.44,7.63,7.36,7.5,7.56,-0.06,-0.79,99079.15,73980.006,2023-08-01
002156.SZ,2012-08-10,4.06,4.16,4.03,4.14,4.06,0.08,1.97,48646.13,19921.5568,2023-08-01
000953.SZ,2012-08-10,4.11,4.11,4.03,4.06,4.11,-0.05,-1.22,12934.0,5249.3926,2023-08-01
300052.SZ,2012-08-10,13.96,13.98,13.55,13.57,14.02,-0.45,-3.21,41546.3,57026.3138,2023-08-01
600736.SH,2012-08-10,5.09,5.18,5.05,5.07,5.13,-0.06,-1.17,150497.98,76663.435,2023-08-01
002264.SZ,2012-08-10,6.61,6.97,6.45,6.5,6.78,-0.28,-4.13,165519.79,111304.6782,2023-08-01
002302.SZ,2012-08-10,12.8,13.2,12.69,13.08,12.89,0.19,1.47,12787.72,16516.4725,2023-08-01
002235.SZ,2012-08-10,7.74,7.97,7.74,7.85,7.78,0.07,0.9,23688.93,18668.6169,2023-08-01
002014.SZ,2012-08-10,15.34,15.43,15.22,15.28,15.34,-0.06,-0.39,13918.15,21308.4024,2023-08-01
002574.SZ,2012-08-10,17.64,17.66,17.28,17.37,17.6,-0.23,-1.31,10927.65,19062.2164,2023-08-01
002547.SZ,2012-08-10,12.19,12.55,12.02,12.15,12.19,-0.04,-0.33,53756.15,65861.0657,2023-08-01
600233.SH,2012-08-10,11.17,11.27,11.12,11.15,11.19,-0.04,-0.36,13732.46,15344.631,2023-08-01
300011.SZ,2012-08-10,10.62,10.62,10.36,10.5,10.62,-0.12,-1.13,8643.77,9025.8591,2023-08-01
002623.SZ,2012-08-10,18.42,18.44,18.19,18.3,18.42,-0.12,-0.65,4659.56,8509.3578,2023-08-01
002147.SZ,2012-08-10,6.35,6.39,6.29,6.32,6.35,-0.03,-0.47,8478.88,5360.2413,2023-08-01
000762.SZ,2012-08-10,16.2,16.2,15.84,15.86,16.19,-0.33,-2.04,59643.73,95116.6239,2023-08-01
002359.SZ,2012-08-10,8.61,8.67,8.46,8.62,8.66,-0.04,-0.46,3560.59,3048.9465,2023-08-01
601668.SH,2012-08-10,3.14,3.17,3.14,3.16,3.15,0.01,0.32,249866.01,78785.378,2023-08-01
002609.SZ,2012-08-10,10.2,10.2,10.0,10.06,10.18,-0.12,-1.18,7167.25,7231.4345,2023-08-01
600017.SH,2012-08-10,2.76,2.77,2.74,2.75,2.76,-0.01,-0.36,33804.19,9305.232,2023-08-01
601918.SH,2012-08-10,13.46,13.54,13.3,13.35,13.51,-0.16,-1.18,32571.78,43623.866,2023-08-01
300272.SZ,2012-08-10,14.46,14.51,14.13,14.33,14.42,-0.09,-0.62,19670.18,28115.2183,2023-08-01
601186.SH,2012-08-10,4.71,4.72,4.66,4.7,4.71,-0.01,-0.21,124273.31,58221.738,2023-08-01
002632.SZ,2012-08-10,14.55,14.71,14.52,14.61,14.61,0.0,0.0,8965.81,13105.9698,2023-08-01
002503.SZ,2012-08-10,25.1,25.1,24.65,24.89,25.07,-0.18,-0.72,2587.88,6411.0515,2023-08-01
002554.SZ,2012-08-10,9.95,10.54,9.9,10.16,9.92,0.24,2.42,69928.14,71513.0878,2023-08-01
600807.SH,2012-08-10,5.81,5.89,5.76,5.84,5.87,-0.03,-0.51,21453.3,12497.724,2023-08-01
300155.SZ,2012-08-10,9.39,9.52,9.3,9.35,9.44,-0.09,-0.95,8671.33,8146.1334,2023-08-01
300031.SZ,2012-08-10,10.26,10.36,10.21,10.27,10.24,0.03,0.29,13755.46,14151.7229,2023-08-01
002083.SZ,2012-08-10,4.1,4.18,4.05,4.13,4.11,0.02,0.49,51502.67,21189.7877,2023-08-01
600054.SH,2012-08-10,14.22,14.26,14.09,14.15,14.25,-0.1,-0.7,6159.6,8721.121,2023-08-01
002451.SZ,2012-08-10,6.7,6.97,6.67,6.78,6.75,0.03,0.44,5511.57,3753.8489,2023-08-01
002176.SZ,2012-08-10,11.0,11.0,10.69,10.76,11.04,-0.28,-2.54,81710.32,88258.6106,2023-08-01
600580.SH,2012-08-10,4.89,4.91,4.84,4.9,4.88,0.02,0.41,22813.86,11124.365,2023-08-01
300035.SZ,2012-08-10,8.36,8.83,8.32,8.59,8.38,0.21,2.51,25184.99,21719.6143,2023-08-01
600386.SH,2012-08-10,7.61,7.9,7.54,7.88,7.64,0.24,3.14,68041.82,52646.915,2023-08-01
002210.SZ,2012-08-10,5.13,5.18,5.07,5.09,5.19,-0.1,-1.93,24717.05,12613.2262,2023-08-01
600232.SH,2012-08-10,5.04,5.11,5.01,5.04,5.04,0.0,0.0,27603.08,13958.026,2023-08-01
000731.SZ,2012-08-10,6.84,6.9,6.8,6.85,6.83,0.02,0.29,33696.97,23066.495,2023-08-01
600719.SH,2012-08-10,6.22,6.33,6.22,6.33,6.24,0.09,1.44,14148.07,8894.06,2023-08-01
601328.SH,2012-08-10,4.43,4.45,4.42,4.44,4.41,0.03,0.68,256664.38,113951.848,2023-08-01
600207.SH,2012-08-10,3.39,3.39,3.15,3.34,3.23,0.11,3.41,151339.65,49535.443,2023-08-01
002497.SZ,2012-08-10,15.22,15.26,14.97,15.08,15.28,-0.2,-1.31,5354.72,8083.3185,2023-08-01
000055.SZ,2012-08-10,4.15,4.17,4.05,4.1,4.21,-0.11,-2.61,67674.54,27824.3233,2023-08-01
600546.SH,2012-08-10,22.9,22.9,22.38,22.61,22.89,-0.28,-1.22,26234.09,59195.207,2023-08-01
300312.SZ,2012-08-10,18.81,19.15,18.75,18.96,19.01,-0.05,-0.26,13018.59,24652.8576,2023-08-01
300004.SZ,2012-08-10,20.41,20.66,20.27,20.36,20.59,-0.23,-1.12,1680.0,3432.508,2023-08-01
000029.SZ,2012-08-10,3.52,3.57,3.49,3.54,3.57,-0.03,-0.84,19601.21,6931.9353,2023-08-01
601677.SH,2012-08-10,13.24,13.47,13.16,13.31,13.36,-0.05,-0.37,31910.91,42396.685,2023-08-01
002095.SZ,2012-08-10,11.85,11.85,11.6,11.61,11.88,-0.27,-2.27,7767.89,9073.4904,2023-08-01
600971.SH,2012-08-10,14.03,14.13,13.84,13.9,14.03,-0.13,-0.93,48418.26,67592.089,2023-08-01
002154.SZ,2012-08-10,13.02,13.03,12.66,12.78,13.02,-0.24,-1.84,19083.3,24465.9863,2023-08-01
002142.SZ,2012-08-10,10.17,10.26,10.08,10.08,10.18,-0.1,-0.98,130825.57,132999.1027,2023-08-01
002472.SZ,2012-08-10,8.07,8.1,7.95,8.03,8.08,-0.05,-0.62,3219.42,2584.1493,2023-08-01
601028.SH,2012-08-10,8.4,8.88,8.37,8.61,8.43,0.18,2.14,72375.8,62703.454,2023-08-01
000823.SZ,2012-08-10,13.12,13.34,13.02,13.03,13.13,-0.1,-0.76,86806.01,114163.2102,2023-08-01
600269.SH,2012-08-10,3.49,3.5,3.44,3.48,3.49,-0.01,-0.29,42137.98,14590.783,2023-08-01
000594.SZ,2012-08-10,2.5,2.5,2.45,2.46,2.5,-0.04,-1.6,196042.62,48456.7726,2023-08-01
300116.SZ,2012-08-10,9.73,10.49,9.63,10.03,9.75,0.28,2.87,13526.76,13751.1286,2023-08-01
300311.SZ,2012-08-10,14.3,14.48,14.11,14.33,14.32,0.01,0.07,8117.12,11589.4244,2023-08-01
002624.SZ,2012-08-10,6.83,6.9,6.7,6.79,6.87,-0.08,-1.16,29732.42,20132.2924,2023-08-01
600199.SH,2012-08-10,25.26,25.26,24.7,24.99,25.35,-0.36,-1.42,57078.36,142230.742,2023-08-01
600728.SH,2012-08-10,8.5,8.59,8.35,8.43,8.49,-0.06,-0.71,7840.96,6606.733,2023-08-01
000401.SZ,2012-08-10,13.55,13.57,13.06,13.19,13.57,-0.38,-2.8,61328.31,81387.8128,2023-08-01
002385.SZ,2012-08-10,22.0,22.15,21.77,21.92,22.07,-0.15,-0.68,37370.55,81915.7689,2023-08-01
601601.SH,2012-08-10,21.45,21.85,21.4,21.63,21.45,0.18,0.84,114628.98,248313.876,2023-08-01
000068.SZ,2012-08-10,6.47,6.47,6.47,6.47,6.81,-0.34,-4.99,1389.0,898.683,2023-08-01
600109.SH,2012-08-10,12.35,12.36,12.03,12.06,12.38,-0.32,-2.58,77825.34,94308.606,2023-08-01
000669.SZ,2012-08-10,26.15,26.45,25.83,26.34,26.0,0.34,1.31,7396.22,19379.1156,2023-08-01
002193.SZ,2012-08-10,10.04,10.06,9.87,9.88,10.04,-0.16,-1.59,12486.29,12447.2521,2023-08-01
601169.SH,2012-08-10,7.57,7.64,7.56,7.57,7.56,0.01,0.13,106416.61,80783.491,2023-08-01
000965.SZ,2012-08-10,4.66,4.69,4.59,4.69,4.66,0.03,0.64,10790.62,4998.1984,2023-08-01
000100.SZ,2012-08-10,1.92,1.93,1.89,1.9,1.93,-0.03,-1.55,604195.17,115043.7384,2023-08-01
600087.SH,2012-08-10,1.23,1.24,1.21,1.23,1.24,-0.01,-0.81,303061.58,37042.118,2023-08-01
600759.SH,2012-08-10,5.03,5.06,4.86,4.99,5.08,-0.09,-1.77,150154.99,74270.251,2023-08-01
601390.SH,2012-08-10,2.62,2.63,2.6,2.61,2.62,-0.01,-0.38,123065.5,32177.462,2023-08-01
600218.SH,2012-08-10,9.64,9.64,9.3,9.32,9.6,-0.28,-2.92,34482.64,32576.403,2023-08-01
300038.SZ,2012-08-10,8.66,8.78,8.52,8.74,8.67,0.07,0.81,8670.91,7517.4719,2023-08-01
002388.SZ,2012-08-10,8.7,9.11,8.65,9.09,8.71,0.38,4.36,20356.27,18331.8139,2023-08-01
600850.SH,2012-08-10,23.69,24.0,23.3,23.74,23.7,0.04,0.17,5850.93,13916.318,2023-08-01
002546.SZ,2012-08-10,17.43,17.47,17.18,17.3,17.43,-0.13,-0.75,8235.44,14228.4754,2023-08-01
601098.SH,2012-08-10,10.45,10.49,10.28,10.3,10.44,-0.14,-1.34,25172.01,26095.033,2023-08-01
300285.SZ,2012-08-10,37.16,37.48,36.59,36.86,37.42,-0.56,-1.5,6839.88,25304.8971,2023-08-01
002306.SZ,2012-08-10,11.88,11.92,11.6,11.75,11.88,-0.13,-1.09,27040.87,31771.7352,2023-08-01
000610.SZ,2012-08-10,7.55,7.58,7.45,7.47,7.55,-0.08,-1.06,16158.43,12119.7863,2023-08-01
002164.SZ,2012-08-10,4.62,4.69,4.57,4.63,4.6,0.03,0.65,34806.17,16065.3089,2023-08-01
002345.SZ,2012-08-10,22.61,22.7,22.4,22.63,22.61,0.02,0.09,5484.3,12374.399,2023-08-01
002143.SZ,2012-08-10,6.55,6.64,6.47,6.49,6.59,-0.1,-1.52,16713.83,10940.6476,2023-08-01
002068.SZ,2012-08-10,7.54,7.65,7.45,7.53,7.54,-0.01,-0.13,93782.56,70652.5613,2023-08-01
600456.SH,2012-08-10,16.6,17.45,16.6,17.07,16.77,0.3,1.79,47134.98,80670.967,2023-08-01
000042.SZ,2012-08-10,18.33,18.66,18.11,18.36,18.41,-0.05,-0.27,10631.75,19597.7624,2023-08-01
002284.SZ,2012-08-10,6.24,6.24,6.13,6.13,6.22,-0.09,-1.45,8741.9,5391.751,2023-08-01
002021.SZ,2012-08-10,4.21,4.3,4.19,4.22,4.23,-0.01,-0.24,80779.57,34209.2603,2023-08-01
600397.SH,2012-08-10,13.39,13.39,13.07,13.09,13.35,-0.26,-1.95,21189.53,27904.777,2023-08-01
300270.SZ,2012-08-10,27.25,29.3,26.8,28.21,27.3,0.91,3.33,20921.01,59089.7098,2023-08-01
000876.SZ,2012-08-10,16.27,16.28,16.09,16.15,16.27,-0.12,-0.74,34691.04,56111.1032,2023-08-01
002553.SZ,2012-08-10,13.38,13.49,13.2,13.43,13.39,0.04,0.3,4093.02,5460.4319,2023-08-01
300128.SZ,2012-08-10,17.01,17.18,16.73,17.1,17.1,0.0,0.0,16371.52,27793.9596,2023-08-01
600329.SH,2012-08-10,12.9,13.1,12.68,12.85,12.83,0.02,0.16,50416.22,65005.4,2023-08-01
600403.SH,2012-08-10,22.27,22.68,22.03,22.63,22.29,0.34,1.53,16667.78,37259.555,2023-08-01
600210.SH,2012-08-10,3.73,3.75,3.72,3.74,3.73,0.01,0.27,25479.56,9523.996,2023-08-01
600288.SH,2012-08-10,5.68,5.76,5.62,5.73,5.72,0.01,0.17,36136.58,20564.285,2023-08-01
000010.SZ,2012-08-10,14.68,15.35,14.53,15.34,14.62,0.72,4.92,26551.63,40092.4261,2023-08-01
000153.SZ,2012-08-10,6.62,6.77,6.57,6.63,6.66,-0.03,-0.45,18734.7,12455.891,2023-08-01
600684.SH,2012-08-10,6.33,6.34,6.23,6.27,6.32,-0.05,-0.79,18333.48,11486.44,2023-08-01
002572.SZ,2012-08-10,20.46,20.7,20.2,20.69,20.45,0.24,1.17,11269.17,23084.9935,2023-08-01
002621.SZ,2012-08-10,12.35,12.4,11.93,11.97,12.27,-0.3,-2.45,25591.77,30956.9464,2023-08-01
300101.SZ,2012-08-10,13.11,13.29,12.97,13.03,13.21,-0.18,-1.36,9689.85,12657.3717,2023-08-01
002528.SZ,2012-08-10,10.41,10.7,10.33,10.59,10.6,-0.01,-0.09,81893.66,85987.8012,2023-08-01
600970.SH,2012-08-10,9.97,9.97,9.76,9.78,9.95,-0.17,-1.71,100152.55,98435.264,2023-08-01
000525.SZ,2012-08-10,14.4,14.8,13.65,13.77,13.92,-0.15,-1.08,203386.54,290172.9128,2023-08-01
002121.SZ,2012-08-10,8.18,8.19,8.11,8.15,8.18,-0.03,-0.37,9542.12,7770.409,2023-08-01
002282.SZ,2012-08-10,7.95,8.66,7.9,8.57,7.94,0.63,7.93,44863.93,37664.9129,2023-08-01
600469.SH,2012-08-10,8.16,8.23,8.14,8.21,8.18,0.03,0.37,19400.42,15890.089,2023-08-01
601908.SH,2012-08-10,7.7,7.82,7.58,7.66,7.72,-0.06,-0.78,42116.96,32453.193,2023-08-01
600590.SH,2012-08-10,6.66,6.7,6.57,6.65,6.66,-0.01,-0.15,11840.07,7848.088,2023-08-01
002654.SZ,2012-08-10,13.5,13.59,13.31,13.41,13.75,-0.34,-2.47,16468.76,22101.9036,2023-08-01
000609.SZ,2012-08-10,6.49,6.49,6.4,6.41,6.52,-0.11,-1.69,10952.16,7049.1958,2023-08-01
600253.SH,2012-08-10,6.32,6.42,6.31,6.41,6.37,0.04,0.63,34592.41,22054.619,2023-08-01
000585.SZ,2012-08-10,1.6,1.64,1.58,1.62,1.6,0.02,1.25,50611.49,8182.5031,2023-08-01
600396.SH,2012-08-10,7.34,7.34,7.2,7.26,7.3,-0.04,-0.55,25721.57,18680.662,2023-08-01
300326.SZ,2012-08-10,43.83,44.43,43.21,43.51,44.0,-0.49,-1.11,6740.69,29514.1304,2023-08-01
600150.SH,2012-08-10,21.28,21.3,20.94,21.03,21.32,-0.29,-1.36,29976.15,63199.507,2023-08-01
300255.SZ,2012-08-10,10.91,11.07,10.75,10.89,11.03,-0.14,-1.27,21036.52,22907.4134,2023-08-01
002179.SZ,2012-08-10,14.81,14.96,14.65,14.81,14.81,0.0,0.0,9967.57,14711.9336,2023-08-01
000043.SZ,2012-08-10,4.18,4.2,4.1,4.13,4.19,-0.06,-1.43,37660.1,15607.2498,2023-08-01
002046.SZ,2012-08-10,8.1,8.33,7.97,8.31,8.11,0.2,2.47,43533.04,35729.2135,2023-08-01
300036.SZ,2012-08-10,14.5,14.73,14.28,14.31,14.5,-0.19,-1.31,4945.44,7154.2763,2023-08-01
002478.SZ,2012-08-10,10.45,10.64,10.41,10.54,10.44,0.1,0.96,18297.19,19274.9523,2023-08-01
300268.SZ,2012-08-10,9.0,9.04,8.83,8.94,9.0,-0.06,-0.67,7220.97,6449.6021,2023-08-01
002457.SZ,2012-08-10,8.57,8.88,8.41,8.79,8.57,0.22,2.57,72234.21,62923.8238,2023-08-01
600335.SH,2012-08-10,10.2,10.37,10.1,10.12,10.21,-0.09,-0.88,21250.08,21726.705,2023-08-01
002617.SZ,2012-08-10,11.22,11.6,11.12,11.36,11.21,0.15,1.34,12492.18,14179.582,2023-08-01
600717.SH,2012-08-10,6.12,6.15,6.09,6.11,6.12,-0.01,-0.16,22446.36,13737.997,2023-08-01
000559.SZ,2012-08-10,5.4,5.4,5.15,5.2,5.02,0.18,3.59,545104.67,286677.9809,2023-08-01
002038.SZ,2012-08-10,35.48,37.02,35.3,36.7,35.48,1.22,3.44,33477.93,121159.694,2023-08-01
000584.SZ,2012-08-10,6.0,6.14,6.0,6.1,6.02,0.08,1.33,4565.79,2773.6606,2023-08-01
000608.SZ,2012-08-10,4.84,4.84,4.71,4.77,4.84,-0.07,-1.45,15535.72,7403.8432,2023-08-01
000810.SZ,2012-08-10,7.88,8.03,7.81,8.0,7.85,0.15,1.91,7717.42,6127.3018,2023-08-01
600503.SH,2012-08-10,6.39,6.48,6.02,6.06,6.25,-0.19,-3.04,862544.28,533421.511,2023-08-01
300095.SZ,2012-08-10,12.26,12.38,12.2,12.33,12.35,-0.02,-0.16,1538.3,1891.639,2023-08-01
600118.SH,2012-08-10,11.49,11.62,11.42,11.56,11.5,0.06,0.52,51756.12,59705.415,2023-08-01
002407.SZ,2012-08-10,20.27,20.74,20.03,20.46,20.34,0.12,0.59,57174.42,116749.5132,2023-08-01
601018.SH,2012-08-10,2.52,2.52,2.5,2.51,2.52,-0.01,-0.4,79668.58,20002.481,2023-08-01
600365.SH,2012-08-10,8.95,9.08,8.6,8.6,9.05,-0.45,-4.97,52428.34,45593.984,2023-08-01
600235.SH,2012-08-10,5.91,6.02,5.91,5.96,5.91,0.05,0.85,3935.67,2347.75,2023-08-01
601003.SH,2012-08-10,2.95,3.0,2.93,2.96,2.95,0.01,0.34,14953.52,4429.114,2023-08-01
002119.SZ,2012-08-10,6.96,7.02,6.91,7.01,6.94,0.07,1.01,8326.7,5792.7688,2023-08-01
002181.SZ,2012-08-10,8.84,8.87,8.74,8.79,8.85,-0.06,-0.68,5895.68,5188.0353,2023-08-01
002613.SZ,2012-08-10,5.3,5.33,5.2,5.27,5.3,-0.03,-0.57,17700.54,9341.7547,2023-08-01
600802.SH,2012-08-10,6.49,6.68,6.46,6.54,6.49,0.05,0.77,48738.51,31971.056,2023-08-01
600059.SH,2012-08-10,14.25,14.33,13.91,14.02,14.28,-0.26,-1.82,68506.45,96386.885,2023-08-01
300233.SZ,2012-08-10,14.53,15.29,14.46,15.19,14.54,0.65,4.47,26548.86,39679.0666,2023-08-01
600560.SH,2012-08-10,7.23,7.26,7.16,7.19,7.22,-0.03,-0.42,3909.11,2817.396,2023-08-01
000686.SZ,2012-08-10,17.11,17.11,16.79,16.83,17.14,-0.31,-1.81,25586.78,43239.5385,2023-08-01
002112.SZ,2012-08-10,7.17,7.19,6.9,7.02,7.17,-0.15,-2.09,11234.23,7932.4845,2023-08-01
002566.SZ,2012-08-10,14.61,14.69,14.35,14.44,14.61,-0.17,-1.16,11692.53,16940.9581,2023-08-01
002659.SZ,2012-08-10,10.97,11.11,10.91,11.0,11.04,-0.04,-0.36,16618.19,18272.7704,2023-08-01
000522.SZ,2012-08-10,22.79,23.91,22.7,22.77,22.56,0.21,0.93,204105.06,475186.5169,2023-08-01
600630.SH,2012-08-10,6.0,6.29,5.92,6.14,6.06,0.08,1.32,177361.0,108721.542,2023-08-01
002274.SZ,2012-08-10,7.39,7.43,7.33,7.37,7.4,-0.03,-0.41,12289.84,9063.5772,2023-08-01
600355.SH,2012-08-10,4.01,4.06,3.92,4.0,4.0,0.0,0.0,22531.02,8999.166,2023-08-01
600337.SH,2012-08-10,6.0,6.08,5.97,6.08,6.02,0.06,1.0,40689.21,24537.47,2023-08-01
002030.SZ,2012-08-10,7.15,7.21,7.1,7.1,7.22,-0.12,-1.66,34618.6,24706.7083,2023-08-01
600508.SH,2012-08-10,18.32,18.32,18.16,18.18,18.32,-0.14,-0.76,10663.2,19417.167,2023-08-01
000822.SZ,2012-08-10,4.19,4.2,4.12,4.13,4.21,-0.08,-1.9,66208.5,27477.4207,2023-08-01
600711.SH,2012-08-10,18.19,18.35,17.88,18.08,18.15,-0.07,-0.39,18664.3,33721.162,2023-08-01
600997.SH,2012-08-10,10.8,10.84,10.63,10.7,10.84,-0.14,-1.29,20629.27,22118.774,2023-08-01
601010.SH,2012-08-10,13.8,13.91,13.67,13.77,13.89,-0.12,-0.86,9529.44,13151.003,2023-08-01
600100.SH,2012-08-10,8.0,8.6,7.96,8.24,8.02,0.22,2.74,320229.49,266640.381,2023-08-01
002066.SZ,2012-08-10,5.44,5.44,5.26,5.28,5.4,-0.12,-2.22,13850.36,7331.4393,2023-08-01
300262.SZ,2012-08-10,17.31,17.46,16.9,17.03,17.29,-0.26,-1.5,26658.71,45613.4589,2023-08-01
000777.SZ,2012-08-10,19.57,19.7,19.35,19.4,19.76,-0.36,-1.82,15558.01,30300.9978,2023-08-01
600836.SH,2012-08-10,7.1,7.59,7.05,7.19,7.13,0.06,0.84,59313.41,43129.091,2023-08-01
002213.SZ,2012-08-10,7.2,7.24,7.12,7.18,7.21,-0.03,-0.42,4586.99,3288.331,2023-08-01
000651.SZ,2012-08-10,21.15,21.18,20.88,20.96,21.11,-0.15,-0.71,60252.62,126824.1346,2023-08-01
000070.SZ,2012-08-10,6.98,7.02,6.9,6.96,7.01,-0.05,-0.71,13332.08,9277.3076,2023-08-01
000881.SZ,2012-08-10,8.53,8.73,8.43,8.43,8.41,0.02,0.24,58616.32,50205.9553,2023-08-01
601666.SH,2012-08-10,9.45,9.45,9.26,9.3,9.4,-0.1,-1.06,53504.1,49858.362,2023-08-01
000066.SZ,2012-08-10,3.67,3.77,3.65,3.7,3.68,0.02,0.54,54376.08,20142.804,2023-08-01
000826.SZ,2012-08-10,25.35,25.35,24.8,24.86,25.38,-0.52,-2.05,39287.55,98285.4756,2023-08-01
002666.SZ,2012-08-10,13.73,13.73,13.51,13.67,13.72,-0.05,-0.36,11339.94,15443.0184,2023-08-01
600815.SH,2012-08-10,7.7,7.82,7.65,7.69,7.76,-0.07,-0.9,80481.09,62214.34,2023-08-01
600230.SH,2012-08-10,11.7,11.7,11.4,11.48,11.7,-0.22,-1.88,36351.68,41830.165,2023-08-01
000090.SZ,2012-08-10,6.83,6.9,6.77,6.78,6.89,-0.11,-1.6,50233.36,34194.1195,2023-08-01
000709.SZ,2012-08-10,2.67,2.7,2.64,2.68,2.67,0.01,0.37,259022.97,69222.7875,2023-08-01
600122.SH,2012-08-10,4.24,4.3,4.22,4.26,4.24,0.02,0.47,74145.36,31667.617,2023-08-01
300280.SZ,2012-08-10,7.88,7.94,7.86,7.9,7.91,-0.01,-0.13,3884.06,3066.7788,2023-08-01
300301.SZ,2012-08-10,26.79,27.15,26.27,26.61,27.35,-0.74,-2.71,56408.83,150410.8114,2023-08-01
000063.SZ,2012-08-10,11.75,11.75,11.53,11.55,11.77,-0.22,-1.87,141779.27,164456.2714,2023-08-01
002016.SZ,2012-08-10,10.08,10.26,10.0,10.02,10.13,-0.11,-1.09,31964.13,32478.2515,2023-08-01
300022.SZ,2012-08-10,6.77,6.89,6.69,6.72,6.85,-0.13,-1.9,33788.86,22825.9371,2023-08-01
300090.SZ,2012-08-10,15.25,15.26,15.0,15.01,15.28,-0.27,-1.77,12190.09,18391.7536,2023-08-01
600715.SH,2012-08-10,5.05,5.12,5.02,5.06,5.07,-0.01,-0.2,3719.6,1874.161,2023-08-01
000715.SZ,2012-08-10,6.24,6.26,6.2,6.23,6.25,-0.02,-0.32,26649.58,16600.2199,2023-08-01
600565.SH,2012-08-10,3.77,3.83,3.7,3.73,3.8,-0.07,-1.84,73296.62,27388.062,2023-08-01
002517.SZ,2012-08-10,9.25,9.84,9.2,9.67,9.0,0.67,7.44,88833.11,84693.8535,2023-08-01
002048.SZ,2012-08-10,7.03,7.1,6.96,7.06,7.04,0.02,0.28,35174.91,24681.0484,2023-08-01
601899.SH,2012-08-10,3.96,4.04,3.94,3.95,3.96,-0.01,-0.25,437128.45,174023.386,2023-08-01
300289.SZ,2012-08-10,20.21,20.31,19.88,20.2,20.24,-0.04,-0.2,10815.98,21731.4338,2023-08-01
000563.SZ,2012-08-10,14.98,14.99,14.58,14.59,15.04,-0.45,-2.99,112097.06,165010.7542,2023-08-01
600455.SH,2012-08-10,9.36,9.42,9.27,9.31,9.35,-0.04,-0.43,7680.22,7171.504,2023-08-01
002013.SZ,2012-08-10,11.35,11.78,11.22,11.67,11.34,0.33,2.91,51802.83,60051.179,2023-08-01
000889.SZ,2012-08-10,6.26,6.36,6.25,6.27,6.3,-0.03,-0.48,32723.68,20558.4562,2023-08-01
000931.SZ,2012-08-10,6.57,6.84,6.52,6.62,6.69,-0.07,-1.05,221262.88,147653.1384,2023-08-01
002652.SZ,2012-08-10,10.26,10.37,10.14,10.34,10.23,0.11,1.08,6353.84,6516.284,2023-08-01
002512.SZ,2012-08-10,9.05,9.05,8.72,8.84,8.91,-0.07,-0.79,21771.18,19286.3772,2023-08-01
600611.SH,2012-08-10,5.0,5.01,4.95,4.98,5.01,-0.03,-0.6,13633.62,6781.794,2023-08-01
600522.SH,2012-08-10,8.51,8.55,8.39,8.4,8.55,-0.15,-1.75,45462.37,38385.286,2023-08-01
600119.SH,2012-08-10,5.9,5.99,5.86,5.95,5.91,0.04,0.68,21791.28,12914.901,2023-08-01
600735.SH,2012-08-10,8.2,8.86,8.18,8.3,8.22,0.08,0.97,135154.68,114184.72,2023-08-01
600195.SH,2012-08-10,16.37,16.37,16.03,16.09,16.3,-0.21,-1.29,11294.96,18249.125,2023-08-01
002441.SZ,2012-08-10,13.5,13.62,13.41,13.52,13.57,-0.05,-0.37,16961.94,22950.9719,2023-08-01
600498.SH,2012-08-10,24.55,24.87,24.52,24.66,24.7,-0.04,-0.16,21500.9,53044.132,2023-08-01
300076.SZ,2012-08-10,13.08,13.34,12.93,13.17,13.08,0.09,0.69,14335.7,18867.7025,2023-08-01
002418.SZ,2012-08-10,6.77,6.77,6.6,6.62,6.75,-0.13,-1.93,30569.84,20398.8166,2023-08-01
002239.SZ,2012-08-10,9.93,9.93,9.34,9.4,9.93,-0.53,-5.34,130491.31,124462.1524,2023-08-01
300345.SZ,2012-08-10,18.35,18.96,17.3,17.32,18.49,-1.17,-6.33,86864.19,158269.1206,2023-08-01
600691.SH,2012-08-10,15.98,16.0,15.71,15.89,15.83,0.06,0.38,4884.52,7727.659,2023-08-01
300324.SZ,2012-08-10,23.55,24.65,23.5,24.65,23.55,1.1,4.67,11691.4,28371.8374,2023-08-01
300283.SZ,2012-08-10,16.32,16.4,16.0,16.14,16.39,-0.25,-1.53,15215.88,24605.1611,2023-08-01
600882.SH,2012-08-10,8.65,9.12,8.65,9.04,8.69,0.35,4.03,9293.49,8291.301,2023-08-01
000710.SZ,2012-08-10,8.36,9.0,8.25,8.7,8.32,0.38,4.57,10654.02,9189.4226,2023-08-01
600876.SH,2012-08-10,5.44,5.47,5.28,5.33,5.42,-0.09,-1.66,13008.27,6950.027,2023-08-01
600201.SH,2012-08-10,14.15,14.45,14.15,14.25,14.24,0.01,0.07,8300.26,11882.808,2023-08-01
300141.SZ,2012-08-10,12.22,12.29,11.98,12.01,12.18,-0.17,-1.4,9789.71,11823.6283,2023-08-01
002669.SZ,2012-08-10,11.14,11.15,11.01,11.05,11.14,-0.09,-0.81,7218.6,7987.2763,2023-08-01
000573.SZ,2012-08-10,3.75,3.77,3.71,3.74,3.77,-0.03,-0.8,7532.25,2813.1174,2023-08-01
600052.SH,2012-08-10,3.85,3.89,3.76,3.83,3.88,-0.05,-1.29,74445.79,28393.412,2023-08-01
000523.SZ,2012-08-10,4.95,4.95,4.86,4.88,4.9,-0.02,-0.41,54548.17,26735.8939,2023-08-01
002580.SZ,2012-08-10,12.73,13.02,12.5,12.77,12.8,-0.03,-0.23,12149.8,15506.1266,2023-08-01
002436.SZ,2012-08-10,16.95,18.0,16.95,17.87,16.69,1.18,7.07,26889.74,47296.6665,2023-08-01
000591.SZ,2012-08-10,6.96,7.01,6.91,6.95,6.96,-0.01,-0.14,20795.68,14450.9309,2023-08-01
002347.SZ,2012-08-10,13.56,13.64,13.47,13.63,13.56,0.07,0.52,2417.97,3281.1192,2023-08-01
300322.SZ,2012-08-10,16.41,17.53,16.41,16.66,16.5,0.16,0.97,29226.76,50053.9129,2023-08-01
601919.SH,2012-08-10,4.38,4.39,4.35,4.36,4.38,-0.02,-0.46,46468.41,20287.523,2023-08-01
002337.SZ,2012-08-10,10.88,10.92,10.68,10.75,10.8,-0.05,-0.46,2424.91,2610.6995,2023-08-01
600292.SH,2012-08-10,13.45,13.8,13.4,13.45,13.48,-0.03,-0.22,32179.19,43754.917,2023-08-01
600873.SH,2012-08-10,6.13,6.15,6.06,6.07,6.16,-0.09,-1.46,48370.16,29510.308,2023-08-01
300252.SZ,2012-08-10,12.22,12.54,12.05,12.51,12.3,0.21,1.71,12764.48,15743.9171,2023-08-01
002278.SZ,2012-08-10,12.14,12.65,12.03,12.08,12.14,-0.06,-0.49,95970.48,118099.3189,2023-08-01
000667.SZ,2012-08-10,2.04,2.04,2.0,2.02,2.04,-0.02,-0.98,105890.86,21359.1036,2023-08-01
000671.SZ,2012-08-10,9.96,10.11,9.52,9.75,10.12,-0.37,-3.66,35795.6,34753.6887,2023-08-01
600894.SH,2012-08-10,6.76,6.83,6.74,6.82,6.81,0.01,0.15,12585.24,8539.513,2023-08-01
600898.SH,2012-08-10,5.35,5.46,5.32,5.36,5.36,0.0,0.0,39674.1,21373.094,2023-08-01
002042.SZ,2012-08-10,4.55,4.69,4.47,4.52,4.58,-0.06,-1.31,84057.77,38495.1142,2023-08-01
002166.SZ,2012-08-10,13.0,13.05,12.8,12.91,13.17,-0.26,-1.97,15332.93,19824.1057,2023-08-01
000060.SZ,2012-08-10,8.63,8.65,8.57,8.57,8.62,-0.05,-0.58,38817.24,33369.6489,2023-08-01
600654.SH,2012-08-10,4.54,4.56,4.48,4.55,4.53,0.02,0.44,14055.92,6360.568,2023-08-01
002362.SZ,2012-08-10,9.61,9.67,9.49,9.58,9.67,-0.09,-0.93,27260.1,26101.9161,2023-08-01
600642.SH,2012-08-10,4.43,4.5,4.41,4.48,4.43,0.05,1.13,100194.29,44737.049,2023-08-01
600066.SH,2012-08-10,23.21,23.23,22.6,22.89,23.13,-0.24,-1.04,24657.27,56433.123,2023-08-01
000977.SZ,2012-08-10,12.97,13.44,12.87,13.09,12.89,0.2,1.55,22817.22,30087.9232,2023-08-01
600369.SH,2012-08-10,10.06,10.06,9.83,9.84,10.1,-0.26,-2.57,66366.58,65833.859,2023-08-01
600444.SH,2012-08-10,7.56,7.68,7.47,7.66,7.56,0.1,1.32,3212.86,2449.024,2023-08-01
600530.SH,2012-08-10,6.86,6.89,6.78,6.85,6.85,0.0,0.0,4947.38,3378.059,2023-08-01
300329.SZ,2012-08-10,16.7,16.76,16.41,16.43,16.82,-0.39,-2.32,4498.42,7427.6149,2023-08-01
002171.SZ,2012-08-10,10.68,10.84,10.5,10.63,10.7,-0.07,-0.65,30441.41,32412.0944,2023-08-01
002175.SZ,2012-08-10,9.35,9.41,9.32,9.39,9.39,0.0,0.0,4062.3,3807.8512,2023-08-01
000767.SZ,2012-08-10,3.18,3.2,3.15,3.17,3.2,-0.03,-0.94,30224.74,9606.4329,2023-08-01
600186.SH,2012-08-10,2.63,2.64,2.56,2.59,2.62,-0.03,-1.15,87365.61,22563.453,2023-08-01
600262.SH,2012-08-10,11.65,12.79,11.63,12.79,11.63,1.16,9.97,42645.02,53626.277,2023-08-01
300124.SZ,2012-08-10,19.31,19.44,18.94,19.2,19.47,-0.27,-1.39,17935.67,34415.387,2023-08-01
600061.SH,2012-08-10,5.05,5.68,5.04,5.68,5.16,0.52,10.08,314266.27,170827.657,2023-08-01
603008.SH,2012-08-10,11.07,11.17,10.97,11.03,11.07,-0.04,-0.36,20482.12,22693.287,2023-08-01
000975.SZ,2012-08-10,9.28,9.44,9.18,9.26,9.32,-0.06,-0.64,92620.11,86166.7206,2023-08-01
300235.SZ,2012-08-10,9.9,9.96,9.6,9.65,9.97,-0.32,-3.21,13112.3,12763.7168,2023-08-01
603000.SH,2012-08-10,37.8,38.5,37.55,37.98,37.93,0.05,0.13,39365.71,149836.616,2023-08-01
002136.SZ,2012-08-10,10.37,11.33,10.15,10.86,10.47,0.39,3.72,161155.55,174188.8196,2023-08-01
000049.SZ,2012-08-10,33.15,33.46,32.5,33.06,33.14,-0.08,-0.24,16500.27,54370.1879,2023-08-01
600856.SH,2012-08-10,4.12,4.14,4.06,4.07,4.12,-0.05,-1.21,6440.07,2632.967,2023-08-01
002427.SZ,2012-08-10,6.9,7.22,6.9,7.22,6.56,0.66,10.06,23968.12,17144.3362,2023-08-01
300335.SZ,2012-08-10,16.51,16.76,16.0,16.2,16.57,-0.37,-2.23,43045.99,70455.1806,2023-08-01
002180.SZ,2012-08-10,11.79,12.39,11.79,12.06,11.94,0.12,1.01,30022.43,36605.4542,2023-08-01
600011.SH,2012-08-10,6.76,6.93,6.72,6.75,6.76,-0.01,-0.15,203108.77,138622.758,2023-08-01
300061.SZ,2012-08-10,7.24,7.29,7.18,7.23,7.24,-0.01,-0.14,1335.55,965.8031,2023-08-01
002205.SZ,2012-08-10,13.2,14.1,13.1,13.91,13.23,0.68,5.14,16839.77,22882.0746,2023-08-01
300219.SZ,2012-08-10,8.63,8.81,8.51,8.73,8.62,0.11,1.28,10149.0,8861.5349,2023-08-01
600748.SH,2012-08-10,5.41,5.41,5.34,5.36,5.4,-0.04,-0.74,15544.39,8346.706,2023-08-01
002494.SZ,2012-08-10,14.62,15.35,14.47,15.09,14.69,0.4,2.72,38673.62,58067.0962,2023-08-01
600501.SH,2012-08-10,7.78,7.88,7.71,7.79,7.84,-0.05,-0.64,27250.32,21277.659,2023-08-01
000400.SZ,2012-08-10,14.89,14.94,14.66,14.8,14.89,-0.09,-0.6,20843.05,30810.6975,2023-08-01
000564.SZ,2012-08-10,5.15,5.21,5.13,5.19,5.16,0.03,0.58,41486.43,21485.6249,2023-08-01
002299.SZ,2012-08-10,13.87,14.4,13.87,13.99,13.87,0.12,0.87,44900.19,63021.6648,2023-08-01
600139.SH,2012-08-10,9.29,9.3,9.08,9.18,9.3,-0.12,-1.29,48682.36,44650.148,2023-08-01
002183.SZ,2012-08-10,5.2,5.2,5.08,5.1,5.16,-0.06,-1.16,29673.86,15169.0815,2023-08-01
300187.SZ,2012-08-10,28.25,28.25,27.51,27.71,28.34,-0.63,-2.22,25536.37,71004.5003,2023-08-01
300327.SZ,2012-08-10,9.35,9.44,9.24,9.3,9.4,-0.1,-1.06,15622.21,14577.1315,2023-08-01
002019.SZ,2012-08-10,5.91,5.94,5.84,5.87,5.93,-0.06,-1.01,37267.95,21929.9774,2023-08-01
002378.SZ,2012-08-10,29.6,29.89,29.22,29.31,29.9,-0.59,-1.97,18912.69,55734.971,2023-08-01
000776.SZ,2012-08-10,14.19,14.19,13.85,13.87,14.19,-0.32,-2.26,122793.69,171327.3194,2023-08-01
000970.SZ,2012-08-10,39.3,39.3,38.18,38.44,39.34,-0.9,-2.29,150439.25,580939.012,2023-08-01
600460.SH,2012-08-10,4.2,4.28,4.17,4.2,4.2,0.0,0.0,43894.34,18532.617,2023-08-01
600353.SH,2012-08-10,6.53,6.72,6.53,6.57,6.59,-0.02,-0.3,19396.92,12868.004,2023-08-01
600316.SH,2012-08-10,11.85,12.07,11.66,12.0,11.76,0.24,2.04,111815.79,132995.702,2023-08-01
300085.SZ,2012-08-10,8.93,9.07,8.8,9.02,8.92,0.1,1.12,15542.73,13806.5604,2023-08-01
600079.SH,2012-08-10,23.0,23.71,22.85,23.58,22.87,0.71,3.1,60036.21,139739.878,2023-08-01
002318.SZ,2012-08-10,12.33,12.59,12.15,12.34,12.39,-0.05,-0.4,31771.13,39465.8846,2023-08-01
002211.SZ,2012-08-10,5.25,5.31,5.23,5.23,5.26,-0.03,-0.57,35306.26,18574.9176,2023-08-01
600016.SH,2012-08-10,6.07,6.13,6.04,6.06,6.03,0.03,0.5,708406.91,431373.228,2023-08-01
002536.SZ,2012-08-10,15.54,15.54,15.38,15.45,15.57,-0.12,-0.77,3122.83,4817.5147,2023-08-01
000625.SZ,2012-08-10,5.3,5.32,5.25,5.29,5.31,-0.02,-0.38,52229.79,27589.0344,2023-08-01
600519.SH,2012-08-10,251.0,254.7,244.02,248.21,260.92,-12.71,-4.87,91225.8,2273430.545,2023-08-01
002680.SZ,2012-08-10,35.0,36.22,34.64,34.92,35.18,-0.26,-0.74,22721.66,80046.7232,2023-08-01
002206.SZ,2012-08-10,6.25,6.67,6.25,6.27,6.18,0.09,1.46,85741.11,54990.9711,2023-08-01
002421.SZ,2012-08-10,24.43,24.48,23.88,24.09,24.4,-0.31,-1.27,15806.04,38236.5992,2023-08-01
002168.SZ,2012-08-10,8.57,8.69,8.43,8.48,8.56,-0.08,-0.93,36719.35,31349.9751,2023-08-01
300159.SZ,2012-08-10,12.9,13.06,12.7,12.91,13.02,-0.11,-0.84,9321.25,12000.3021,2023-08-01
000803.SZ,2012-08-10,7.5,8.11,7.5,7.91,7.54,0.37,4.91,21314.17,16676.4785,2023-08-01
002459.SZ,2012-08-10,8.78,8.87,8.65,8.65,8.85,-0.2,-2.26,68951.1,60311.6204,2023-08-01
603002.SH,2012-08-10,5.84,5.96,5.76,5.79,5.86,-0.07,-1.19,49257.32,28658.836,2023-08-01
002394.SZ,2012-08-10,11.46,11.7,11.36,11.58,11.44,0.14,1.22,12373.11,14269.3202,2023-08-01
002022.SZ,2012-08-10,12.09,12.24,11.98,12.13,12.18,-0.05,-0.41,77924.76,94233.1133,2023-08-01
000518.SZ,2012-08-10,4.21,4.24,4.14,4.17,4.28,-0.11,-2.57,192655.0,80659.0296,2023-08-01
002005.SZ,2012-08-10,6.16,6.18,6.08,6.17,6.16,0.01,0.16,58438.34,35760.8264,2023-08-01
002357.SZ,2012-08-10,8.62,8.63,8.5,8.57,8.62,-0.05,-0.58,10040.13,8591.4173,2023-08-01
600694.SH,2012-08-10,37.05,37.88,36.73,37.21,37.03,0.18,0.49,13390.45,49901.769,2023-08-01
002155.SZ,2012-08-10,19.57,19.66,19.2,19.27,19.51,-0.24,-1.23,50291.96,97392.2167,2023-08-01
000968.SZ,2012-08-10,14.5,14.7,14.4,14.48,14.45,0.03,0.21,37145.69,53941.2408,2023-08-01
601199.SH,2012-08-10,12.38,12.57,12.35,12.4,12.47,-0.07,-0.56,12040.39,14982.325,2023-08-01
000046.SZ,2012-08-10,3.95,3.96,3.91,3.92,3.95,-0.03,-0.76,47345.24,18589.4531,2023-08-01
300172.SZ,2012-08-10,13.91,14.0,13.69,13.9,13.95,-0.05,-0.36,20825.0,28759.5803,2023-08-01
002078.SZ,2012-08-10,5.23,5.28,5.2,5.25,5.26,-0.01,-0.19,26038.67,13630.7701,2023-08-01
600603.SH,2012-08-10,4.15,4.21,4.12,4.12,4.17,-0.05,-1.2,51602.29,21466.344,2023-08-01
002129.SZ,2012-08-10,14.85,15.05,14.78,15.0,15.05,-0.05,-0.33,30294.94,45174.7832,2023-08-01
000990.SZ,2012-08-10,7.05,7.05,6.92,7.0,7.06,-0.06,-0.85,13653.18,9527.2081,2023-08-01
000698.SZ,2012-08-10,4.69,4.7,4.61,4.62,4.69,-0.07,-1.49,27615.75,12807.5687,2023-08-01
000952.SZ,2012-08-10,6.49,6.55,6.37,6.47,6.46,0.01,0.15,14272.2,9238.2331,2023-08-01
000999.SZ,2012-08-10,23.26,23.36,22.39,22.77,23.28,-0.51,-2.19,29267.49,66712.3823,2023-08-01
000014.SZ,2012-08-10,8.48,8.8,8.39,8.5,8.69,-0.19,-2.19,197890.84,170084.2186,2023-08-01
000796.SZ,2012-08-10,5.98,6.66,5.98,6.66,6.05,0.61,10.08,84363.02,54345.0295,2023-08-01
002204.SZ,2012-08-10,13.39,14.28,13.35,14.09,13.41,0.68,5.07,21506.48,29851.9694,2023-08-01
300099.SZ,2012-08-10,21.84,22.51,21.79,22.1,21.78,0.32,1.47,7679.15,17034.1328,2023-08-01
300214.SZ,2012-08-10,12.2,12.54,12.04,12.5,12.2,0.3,2.46,24287.8,30086.7971,2023-08-01
002420.SZ,2012-08-10,8.36,8.46,7.88,7.9,8.35,-0.45,-5.39,73446.42,60264.1737,2023-08-01
600081.SH,2012-08-10,6.6,6.93,6.53,6.82,6.6,0.22,3.33,17316.44,11617.924,2023-08-01
000407.SZ,2012-08-10,6.19,6.22,5.98,6.07,6.19,-0.12,-1.94,98284.95,59723.113,2023-08-01
002605.SZ,2012-08-10,21.18,21.18,20.67,20.88,21.11,-0.23,-1.09,8012.23,16714.373,2023-08-01
002521.SZ,2012-08-10,13.3,13.3,13.02,13.11,13.3,-0.19,-1.43,19879.9,26093.3119,2023-08-01
002515.SZ,2012-08-10,15.82,15.89,15.62,15.8,15.84,-0.04,-0.25,5901.47,9289.434,2023-08-01
002496.SZ,2012-08-10,15.98,16.0,15.25,15.31,15.94,-0.63,-3.95,57374.71,89352.1098,2023-08-01
600180.SH,2012-08-10,7.75,7.86,7.41,7.56,7.61,-0.05,-0.66,22606.59,17237.967,2023-08-01
600851.SH,2012-08-10,6.99,7.03,6.8,6.84,7.05,-0.21,-2.98,157132.11,108392.906,2023-08-01
002178.SZ,2012-08-10,8.28,8.35,8.18,8.28,8.3,-0.02,-0.24,9781.01,8064.5241,2023-08-01
002383.SZ,2012-08-10,15.0,15.26,14.92,15.21,15.15,0.06,0.4,4392.56,6647.8504,2023-08-01
002041.SZ,2012-08-10,20.36,20.66,20.19,20.2,20.45,-0.25,-1.22,21798.49,44317.6528,2023-08-01
002672.SZ,2012-08-10,60.12,60.27,58.94,59.4,61.2,-1.8,-2.94,13390.04,79717.6738,2023-08-01
002122.SZ,2012-08-10,6.47,6.49,6.4,6.41,6.48,-0.07,-1.08,22338.5,14372.8639,2023-08-01
600212.SH,2012-08-10,3.18,3.22,3.16,3.17,3.22,-0.05,-1.55,48460.04,15412.673,2023-08-01
600549.SH,2012-08-10,47.0,48.88,46.5,47.75,47.52,0.23,0.48,279861.99,1334133.139,2023-08-01
002032.SZ,2012-08-10,12.1,12.18,11.71,12.0,12.0,0.0,0.0,7359.79,8793.5345,2023-08-01
000861.SZ,2012-08-10,15.01,15.2,14.86,15.11,15.0,0.11,0.73,13245.24,19975.7019,2023-08-01
002551.SZ,2012-08-10,22.04,23.15,21.39,21.48,21.1,0.38,1.8,90539.75,199868.5743,2023-08-01
600130.SH,2012-08-10,3.45,3.5,3.38,3.42,3.51,-0.09,-2.56,142261.31,48820.489,2023-08-01
600276.SH,2012-08-10,29.99,30.88,29.82,30.63,30.0,0.63,2.1,41329.75,125588.116,2023-08-01
600107.SH,2012-08-10,8.21,8.44,7.97,8.0,8.32,-0.32,-3.85,127556.01,103783.799,2023-08-01
600237.SH,2012-08-10,4.85,4.88,4.81,4.83,4.88,-0.05,-1.02,10822.77,5235.779,2023-08-01
002568.SZ,2012-08-10,37.48,40.0,36.8,36.8,37.6,-0.8,-2.13,61749.77,235636.4564,2023-08-01
002017.SZ,2012-08-10,10.07,10.22,9.98,10.1,10.03,0.07,0.7,34586.87,34915.0073,2023-08-01
600585.SH,2012-08-10,15.2,15.2,14.99,15.05,15.16,-0.11,-0.73,69896.87,105203.826,2023-08-01
600483.SH,2012-08-10,4.9,5.09,4.85,4.94,4.85,0.09,1.86,32226.32,16019.868,2023-08-01
002120.SZ,2012-08-10,11.21,11.75,11.19,11.67,11.19,0.48,4.29,100639.88,115925.7152,2023-08-01
600537.SH,2012-08-10,10.16,10.8,10.11,10.22,10.19,0.03,0.29,85678.1,89550.229,2023-08-01
002544.SZ,2012-08-10,11.41,11.58,11.28,11.53,11.49,0.04,0.35,10765.6,12255.6436,2023-08-01
600633.SH,2012-08-10,15.3,15.45,14.91,15.04,15.43,-0.39,-2.53,32224.48,48674.826,2023-08-01
300025.SZ,2012-08-10,6.55,6.86,6.49,6.63,6.59,0.04,0.61,26381.19,17539.8244,2023-08-01
002681.SZ,2012-08-10,10.25,10.4,10.13,10.27,10.11,0.16,1.58,24329.23,25026.6882,2023-08-01
300056.SZ,2012-08-10,9.83,9.84,9.63,9.74,9.88,-0.14,-1.42,10060.75,9777.2546,2023-08-01
000786.SZ,2012-08-10,13.38,13.43,13.18,13.38,13.37,0.01,0.07,20560.69,27244.2971,2023-08-01
000939.SZ,2012-08-10,6.77,6.88,6.71,6.86,6.77,0.09,1.33,61093.87,41632.1888,2023-08-01
300308.SZ,2012-08-10,17.82,17.95,17.52,17.65,17.95,-0.3,-1.67,8487.38,15002.9866,2023-08-01
600651.SH,2012-08-10,5.64,5.64,5.54,5.58,5.64,-0.06,-1.06,29317.59,16377.477,2023-08-01
600552.SH,2012-08-10,23.5,23.71,23.05,23.11,23.52,-0.41,-1.74,17485.27,40947.002,2023-08-01
600606.SH,2012-08-10,6.66,7.0,6.59,6.76,6.73,0.03,0.45,250271.99,170100.175,2023-08-01
600577.SH,2012-08-10,5.4,5.4,5.28,5.3,5.4,-0.1,-1.85,32933.79,17540.586,2023-08-01
000019.SZ,2012-08-10,8.32,8.4,8.22,8.24,8.43,-0.19,-2.25,11239.27,9330.9971,2023-08-01
600385.SH,2012-08-10,4.41,4.64,4.36,4.51,4.42,0.09,2.04,76391.68,34571.485,2023-08-01
600004.SH,2012-08-10,6.48,6.5,6.44,6.49,6.49,0.0,0.0,10887.73,7051.937,2023-08-01
600376.SH,2012-08-10,10.73,10.73,10.21,10.27,10.67,-0.4,-3.75,89566.05,92981.094,2023-08-01
000155.SZ,2012-08-10,3.36,3.41,3.27,3.32,3.37,-0.05,-1.48,26795.5,8920.7217,2023-08-01
600845.SH,2012-08-10,14.79,14.95,14.7,14.75,14.87,-0.12,-0.81,2351.81,3485.293,2023-08-01
002134.SZ,2012-08-10,5.4,5.57,5.39,5.44,5.4,0.04,0.74,12263.14,6718.435,2023-08-01
002311.SZ,2012-08-10,18.15,18.33,17.8,17.88,18.13,-0.25,-1.38,9754.3,17578.3608,2023-08-01
000040.SZ,2012-08-10,3.98,4.03,3.97,4.0,4.02,-0.02,-0.5,32823.15,13106.5963,2023-08-01
600725.SH,2012-08-10,4.71,4.75,4.63,4.71,4.73,-0.02,-0.42,33433.72,15667.501,2023-08-01
600687.SH,2012-08-10,19.5,19.97,18.77,18.79,19.75,-0.96,-4.86,65316.0,125696.428,2023-08-01
600073.SH,2012-08-10,7.2,7.2,6.96,7.03,7.17,-0.14,-1.95,29371.49,20741.155,2023-08-01
600697.SH,2012-08-10,21.42,21.56,21.19,21.44,21.47,-0.03,-0.14,6450.81,13759.719,2023-08-01
000830.SZ,2012-08-10,4.51,4.52,4.44,4.46,4.51,-0.05,-1.11,94621.06,42261.3691,2023-08-01
000759.SZ,2012-08-10,7.06,7.11,6.98,6.99,7.06,-0.07,-0.99,47777.3,33625.647,2023-08-01
002592.SZ,2012-08-10,13.9,14.25,13.75,13.95,14.02,-0.07,-0.5,23611.87,33184.3585,2023-08-01
600487.SH,2012-08-10,19.46,20.17,19.46,20.11,19.6,0.51,2.6,26827.09,53329.544,2023-08-01
000729.SZ,2012-08-10,6.71,6.87,6.68,6.73,6.69,0.04,0.6,192029.3,130220.5561,2023-08-01
600745.SH,2012-08-10,9.9,10.13,9.71,9.77,9.96,-0.19,-1.91,15697.81,15481.993,2023-08-01
300181.SZ,2012-08-10,16.49,16.88,16.31,16.73,16.55,0.18,1.09,77344.23,128411.3901,2023-08-01
002464.SZ,2012-08-10,15.4,16.15,15.35,15.53,15.03,0.5,3.33,20122.57,31622.2413,2023-08-01
000501.SZ,2012-08-10,13.2,13.57,13.0,13.45,13.26,0.19,1.43,25908.04,34450.9247,2023-08-01
002024.SZ,2012-08-10,6.51,6.53,6.45,6.5,6.51,-0.01,-0.15,311955.23,202292.0903,2023-08-01
300109.SZ,2012-08-10,8.38,8.38,8.2,8.26,8.36,-0.1,-1.2,3712.55,3070.8838,2023-08-01
600796.SH,2012-08-10,5.57,5.58,5.51,5.55,5.55,0.0,0.0,16173.73,8964.85,2023-08-01
600665.SH,2012-08-10,3.75,3.75,3.65,3.67,3.72,-0.05,-1.34,17311.87,6374.012,2023-08-01
000096.SZ,2012-08-10,4.01,4.03,3.96,3.97,4.01,-0.04,-1.0,14473.45,5772.3647,2023-08-01
600675.SH,2012-08-10,4.4,4.4,4.31,4.33,4.4,-0.07,-1.59,56566.92,24558.063,2023-08-01
600740.SH,2012-08-10,8.58,8.65,8.43,8.44,8.58,-0.14,-1.63,59958.28,50992.622,2023-08-01
300342.SZ,2012-08-10,14.57,14.86,14.35,14.41,14.7,-0.29,-1.97,33306.71,48649.8313,2023-08-01
002039.SZ,2012-08-10,16.03,16.16,15.94,16.12,16.12,0.0,0.0,5502.0,8824.8195,2023-08-01
600196.SH,2012-08-10,11.73,11.85,11.62,11.73,11.72,0.01,0.09,111078.54,130448.418,2023-08-01
600141.SH,2012-08-10,21.08,21.08,20.47,20.58,20.97,-0.39,-1.86,44472.31,92096.678,2023-08-01
002053.SZ,2012-08-10,7.32,7.36,7.24,7.31,7.33,-0.02,-0.27,8723.92,6376.7263,2023-08-01
300045.SZ,2012-08-10,11.37,11.47,11.25,11.37,11.4,-0.03,-0.26,6549.38,7425.7362,2023-08-01
002516.SZ,2012-08-10,7.45,7.52,7.4,7.47,7.45,0.02,0.27,8593.23,6400.4459,2023-08-01
000539.SZ,2012-08-10,6.16,6.23,6.13,6.2,6.2,0.0,0.0,25424.02,15709.3683,2023-08-01
600381.SH,2012-08-10,5.22,5.37,5.12,5.15,5.26,-0.11,-2.09,759569.03,397990.992,2023-08-01
000859.SZ,2012-08-10,4.15,4.35,4.1,4.22,4.14,0.08,1.93,36135.39,15353.9446,2023-08-01
002309.SZ,2012-08-10,10.76,10.77,10.43,10.55,10.74,-0.19,-1.77,36098.4,38088.3104,2023-08-01
002460.SZ,2012-08-10,24.34,24.36,23.68,23.71,24.34,-0.63,-2.59,28469.42,68084.6095,2023-08-01
300130.SZ,2012-08-10,14.8,15.08,14.8,15.03,14.8,0.23,1.55,11127.91,16667.9928,2023-08-01
002025.SZ,2012-08-10,14.34,14.53,14.14,14.17,14.35,-0.18,-1.25,33945.68,48631.6596,2023-08-01
600127.SH,2012-08-10,5.22,5.25,5.1,5.14,5.16,-0.02,-0.39,98468.24,50768.697,2023-08-01
600226.SH,2012-08-10,6.91,7.04,6.84,6.87,6.9,-0.03,-0.43,27791.09,19234.358,2023-08-01
002294.SZ,2012-08-10,25.83,26.45,25.83,26.2,25.97,0.23,0.89,11042.47,28978.0693,2023-08-01
300123.SZ,2012-08-10,13.67,13.69,13.42,13.48,13.66,-0.18,-1.32,10270.19,13891.2291,2023-08-01
601288.SH,2012-08-10,2.53,2.54,2.52,2.53,2.53,0.0,0.0,310226.93,78647.175,2023-08-01
000821.SZ,2012-08-10,3.92,3.95,3.8,3.86,3.89,-0.03,-0.77,12103.14,4684.6593,2023-08-01
002678.SZ,2012-08-10,13.38,13.48,13.13,13.25,13.43,-0.18,-1.34,23472.75,31091.9996,2023-08-01
000089.SZ,2012-08-10,4.06,4.07,4.02,4.02,4.06,-0.04,-0.99,34308.23,13856.7215,2023-08-01
600960.SH,2012-08-10,12.35,12.6,12.1,12.32,12.35,-0.03,-0.24,79388.84,98250.501,2023-08-01
600315.SH,2012-08-10,47.11,48.8,46.98,47.45,47.11,0.34,0.72,15074.48,72141.962,2023-08-01
601099.SH,2012-08-10,6.16,6.18,6.09,6.13,6.16,-0.03,-0.49,90137.97,55286.095,2023-08-01
002557.SZ,2012-08-10,19.4,19.7,19.4,19.5,19.4,0.1,0.52,5608.4,10960.9165,2023-08-01
600229.SH,2012-08-10,6.66,6.8,6.5,6.51,6.66,-0.15,-2.25,458580.27,304379.755,2023-08-01
000756.SZ,2012-08-10,4.96,4.97,4.91,4.96,4.96,0.0,0.0,10907.44,5391.4937,2023-08-01
002009.SZ,2012-08-10,7.76,7.79,7.6,7.71,7.79,-0.08,-1.03,13586.45,10454.7411,2023-08-01
002607.SZ,2012-08-10,8.7,9.28,8.7,8.86,8.74,0.12,1.37,34067.6,30658.9981,2023-08-01
600352.SH,2012-08-10,5.52,5.56,5.48,5.52,5.5,0.02,0.36,74943.77,41338.618,2023-08-01
000673.SZ,2012-08-10,3.55,3.67,3.55,3.59,3.54,0.05,1.41,12346.12,4462.2641,2023-08-01
600216.SH,2012-08-10,23.17,23.44,23.0,23.09,23.17,-0.08,-0.35,37316.16,86593.34,2023-08-01
600527.SH,2012-08-10,4.06,4.2,4.06,4.14,4.05,0.09,2.22,151320.09,62582.313,2023-08-01
002498.SZ,2012-08-10,9.62,9.64,9.48,9.51,9.7,-0.19,-1.96,27100.48,25880.1582,2023-08-01
002188.SZ,2012-08-10,9.73,10.05,9.73,9.89,9.88,0.01,0.1,60920.03,60501.8134,2023-08-01
600598.SH,2012-08-10,8.42,8.58,8.4,8.42,8.39,0.03,0.36,162267.7,137602.605,2023-08-01
300213.SZ,2012-08-10,9.82,9.83,9.65,9.69,9.79,-0.1,-1.02,2775.81,2690.8079,2023-08-01
002570.SZ,2012-08-10,21.94,22.8,21.68,22.29,22.56,-0.27,-1.2,139573.47,308279.2336,2023-08-01
300118.SZ,2012-08-10,5.1,5.18,5.05,5.09,5.1,-0.01,-0.2,38879.07,19845.8479,2023-08-01
002610.SZ,2012-08-10,6.36,6.51,6.27,6.46,6.34,0.12,1.89,25375.82,16230.068,2023-08-01
000661.SZ,2012-08-10,54.0,54.48,52.12,52.9,55.2,-2.3,-4.17,36379.48,193450.2401,2023-08-01
002435.SZ,2012-08-10,9.17,9.32,9.11,9.12,9.17,-0.05,-0.55,2012.92,1849.7471,2023-08-01
000897.SZ,2012-08-10,2.93,2.99,2.89,2.9,2.95,-0.05,-1.69,179319.89,52491.7924,2023-08-01
600249.SH,2012-08-10,4.65,4.65,4.56,4.63,4.64,-0.01,-0.22,14683.01,6781.154,2023-08-01
600467.SH,2012-08-10,8.63,8.7,8.47,8.6,8.62,-0.02,-0.23,27556.32,23659.283,2023-08-01
600340.SH,2012-08-10,18.7,18.8,18.49,18.58,18.69,-0.11,-0.59,39417.03,73291.901,2023-08-01
600129.SH,2012-08-10,7.63,8.01,7.63,8.0,7.7,0.3,3.9,79492.03,62009.097,2023-08-01
600869.SH,2012-08-10,9.89,9.95,9.64,9.71,9.89,-0.18,-1.82,31940.17,31144.706,2023-08-01
600187.SH,2012-08-10,7.96,8.05,7.91,7.98,8.06,-0.08,-0.99,41689.33,33222.449,2023-08-01
000007.SZ,2012-08-10,16.8,16.8,16.0,16.19,16.79,-0.6,-3.57,42347.55,68885.0833,2023-08-01
000572.SZ,2012-08-10,2.96,3.0,2.94,2.96,2.98,-0.02,-0.67,43252.11,12808.4683,2023-08-01
600597.SH,2012-08-10,9.07,9.08,8.99,9.05,9.08,-0.03,-0.33,9850.4,8889.402,2023-08-01
600438.SH,2012-08-10,6.9,7.0,6.83,6.94,6.95,-0.01,-0.14,23456.25,16271.987,2023-08-01
002447.SZ,2012-08-10,42.7,43.26,42.4,42.89,42.83,0.06,0.14,6254.18,26848.014,2023-08-01
300136.SZ,2012-08-10,13.22,14.26,13.0,14.26,12.96,1.3,10.03,47873.79,66955.3487,2023-08-01
002008.SZ,2012-08-10,6.1,6.17,6.08,6.13,6.11,0.02,0.33,84209.63,51599.4815,2023-08-01
000913.SZ,2012-08-10,4.16,4.22,4.11,4.19,4.17,0.02,0.48,12393.19,5168.1006,2023-08-01
600428.SH,2012-08-10,3.82,3.82,3.78,3.82,3.83,-0.01,-0.26,27602.79,10490.786,2023-08-01
000836.SZ,2012-08-10,4.34,4.4,4.25,4.31,4.33,-0.02,-0.46,27534.54,11843.2399,2023-08-01
300164.SZ,2012-08-10,18.25,19.1,18.25,18.63,18.37,0.26,1.42,24579.79,46164.7911,2023-08-01
300321.SZ,2012-08-10,23.2,23.43,22.92,23.16,23.1,0.06,0.26,3515.56,8130.3036,2023-08-01
000026.SZ,2012-08-10,9.11,9.11,8.89,8.94,9.1,-0.16,-1.76,6895.63,6177.3638,2023-08-01
002339.SZ,2012-08-10,13.88,14.04,13.63,13.86,13.99,-0.13,-0.93,15167.52,21035.7109,2023-08-01
601006.SH,2012-08-10,6.06,6.07,6.02,6.02,6.06,-0.04,-0.66,181753.4,109770.847,2023-08-01
600153.SH,2012-08-10,6.47,6.53,6.36,6.37,6.47,-0.1,-1.55,124531.91,80159.445,2023-08-01
002360.SZ,2012-08-10,13.4,13.42,13.15,13.4,13.44,-0.04,-0.3,4429.9,5886.7128,2023-08-01
601777.SH,2012-08-10,6.55,6.65,6.43,6.47,6.55,-0.08,-1.22,31073.54,20273.043,2023-08-01
002444.SZ,2012-08-10,8.75,9.68,8.63,9.24,8.82,0.42,4.76,71233.3,64423.9812,2023-08-01
600838.SH,2012-08-10,5.41,5.44,5.36,5.42,5.39,0.03,0.56,25522.29,13783.997,2023-08-01
600620.SH,2012-08-10,3.33,3.41,3.31,3.39,3.34,0.05,1.5,40797.45,13756.579,2023-08-01
000056.SZ,2012-08-10,15.83,16.02,15.75,15.87,15.86,0.01,0.06,8823.59,14034.1721,2023-08-01
600583.SH,2012-08-10,6.0,6.09,5.98,6.0,5.99,0.01,0.17,131024.02,79059.236,2023-08-01
000738.SZ,2012-08-10,8.13,8.13,7.98,8.09,8.12,-0.03,-0.37,21487.76,17317.0468,2023-08-01
002266.SZ,2012-08-10,6.75,7.17,6.71,7.05,6.77,0.28,4.14,94698.48,65878.7162,2023-08-01
600485.SH,2012-08-10,7.9,8.11,7.86,7.98,7.99,-0.01,-0.13,21302.94,17067.106,2023-08-01
600287.SH,2012-08-10,6.33,6.39,6.26,6.34,6.35,-0.01,-0.16,14200.12,9000.234,2023-08-01
002649.SZ,2012-08-10,16.18,16.37,15.98,16.03,16.18,-0.15,-0.93,14383.63,23217.7357,2023-08-01
600343.SH,2012-08-10,10.64,10.84,10.53,10.7,10.63,0.07,0.66,22592.4,24123.357,2023-08-01
600667.SH,2012-08-10,5.06,5.14,5.02,5.06,5.09,-0.03,-0.59,35482.25,17975.936,2023-08-01
002415.SZ,2012-08-10,30.6,31.23,30.18,30.5,30.82,-0.32,-1.04,18019.72,55092.5966,2023-08-01
600773.SH,2012-08-10,12.89,13.03,12.63,12.95,12.9,0.05,0.39,41826.18,53536.83,2023-08-01
600020.SH,2012-08-10,2.38,2.39,2.37,2.39,2.39,0.0,0.0,16772.25,3991.084,2023-08-01
300148.SZ,2012-08-10,14.5,14.97,14.5,14.74,14.7,0.04,0.27,34497.27,50737.066,2023-08-01
002126.SZ,2012-08-10,5.6,5.62,5.53,5.58,5.6,-0.02,-0.36,7829.86,4361.8587,2023-08-01
002214.SZ,2012-08-10,17.5,17.95,17.43,17.52,17.6,-0.08,-0.45,17893.54,31595.8576,2023-08-01
002045.SZ,2012-08-10,4.09,4.16,4.05,4.15,4.12,0.03,0.73,94896.96,38962.3787,2023-08-01
002118.SZ,2012-08-10,9.45,9.46,9.19,9.26,9.46,-0.2,-2.11,74526.2,69343.9232,2023-08-01
600018.SH,2012-08-10,2.56,2.59,2.55,2.58,2.57,0.01,0.39,35004.26,9018.975,2023-08-01
601005.SH,2012-08-10,2.61,2.64,2.59,2.62,2.62,0.0,0.0,20735.75,5429.563,2023-08-01
000782.SZ,2012-08-10,3.98,4.13,3.96,3.97,4.0,-0.03,-0.75,97974.04,39351.5319,2023-08-01
002064.SZ,2012-08-10,5.05,5.35,5.04,5.24,5.04,0.2,3.97,104538.34,54670.7474,2023-08-01
002329.SZ,2012-08-10,9.76,9.83,9.6,9.67,9.66,0.01,0.1,7336.0,7109.2171,2023-08-01
600300.SH,2012-08-10,8.6,8.63,8.34,8.41,8.69,-0.28,-3.22,437310.62,369906.558,2023-08-01
601011.SH,2012-08-10,11.5,11.65,11.4,11.45,11.55,-0.1,-0.87,9202.2,10574.763,2023-08-01
600652.SH,2012-08-10,4.72,4.75,4.64,4.69,4.71,-0.02,-0.42,65442.95,30720.525,2023-08-01
300117.SZ,2012-08-10,6.48,6.53,6.43,6.49,6.48,0.01,0.15,6087.72,3939.343,2023-08-01
300176.SZ,2012-08-10,12.38,12.45,12.19,12.27,12.41,-0.14,-1.13,5055.15,6209.048,2023-08-01
601965.SH,2012-08-10,6.82,6.82,6.71,6.74,6.81,-0.07,-1.03,81404.69,54951.579,2023-08-01
600481.SH,2012-08-10,6.24,6.27,6.16,6.22,6.24,-0.02,-0.32,27141.48,16865.014,2023-08-01
002542.SZ,2012-08-10,15.24,15.28,14.8,14.9,15.32,-0.42,-2.74,52872.73,79310.5151,2023-08-01
300278.SZ,2012-08-10,8.02,8.25,8.0,8.03,8.01,0.02,0.25,9371.77,7615.1394,2023-08-01
000927.SZ,2012-08-10,6.18,6.38,6.12,6.26,6.17,0.09,1.46,46236.88,28961.4009,2023-08-01
300294.SZ,2012-08-10,31.31,31.32,30.91,31.1,31.31,-0.21,-0.67,6260.81,19462.6201,2023-08-01
000732.SZ,2012-08-10,7.13,7.35,7.13,7.18,7.2,-0.02,-0.28,18238.9,13190.0929,2023-08-01
300220.SZ,2012-08-10,26.15,26.47,25.72,26.05,26.42,-0.37,-1.4,4636.88,12057.9903,2023-08-01
000524.SZ,2012-08-10,7.2,7.3,7.14,7.15,7.25,-0.1,-1.38,17717.9,12763.5386,2023-08-01
600158.SH,2012-08-10,6.05,6.07,5.9,6.01,6.08,-0.07,-1.15,132797.94,79612.003,2023-08-01
300048.SZ,2012-08-10,8.43,8.55,8.35,8.4,8.41,-0.01,-0.12,11228.89,9471.02,2023-08-01
600160.SH,2012-08-10,9.33,9.61,9.28,9.4,9.34,0.06,0.64,151294.35,143225.181,2023-08-01
000753.SZ,2012-08-10,5.31,5.75,5.31,5.75,5.23,0.52,9.94,153090.21,86942.7357,2023-08-01
300138.SZ,2012-08-10,13.12,13.12,12.77,12.8,13.13,-0.33,-2.51,12838.91,16526.6541,2023-08-01
300002.SZ,2012-08-10,19.0,19.18,18.65,18.75,19.11,-0.36,-1.88,19856.47,37452.3469,2023-08-01
000768.SZ,2012-08-10,7.45,7.56,7.42,7.54,7.45,0.09,1.21,53523.9,40193.5022,2023-08-01
600689.SH,2012-08-10,7.89,8.18,7.81,8.08,7.96,0.12,1.51,21043.79,16918.481,2023-08-01
300051.SZ,2012-08-10,8.48,8.63,8.29,8.38,8.54,-0.16,-1.87,41878.11,35470.8561,2023-08-01
600057.SH,2012-08-10,4.84,5.05,4.83,4.89,4.84,0.05,1.03,93642.58,46457.946,2023-08-01
000751.SZ,2012-08-10,2.38,2.38,2.32,2.34,2.37,-0.03,-1.27,90785.22,21308.1333,2023-08-01
600420.SH,2012-08-10,14.6,14.6,14.31,14.42,14.62,-0.2,-1.37,12891.63,18674.205,2023-08-01
600883.SH,2012-08-10,6.39,6.46,6.31,6.41,6.47,-0.06,-0.93,7589.05,4849.588,2023-08-01
000811.SZ,2012-08-10,7.08,7.15,6.95,7.0,7.1,-0.1,-1.41,52866.9,37108.7445,2023-08-01
600757.SH,2012-08-10,7.17,7.21,7.05,7.07,7.18,-0.11,-1.53,39164.76,27868.008,2023-08-01
300063.SZ,2012-08-10,8.72,8.77,8.65,8.73,8.72,0.01,0.11,1725.29,1502.347,2023-08-01
000159.SZ,2012-08-10,8.08,8.08,7.91,7.95,8.03,-0.08,-1.0,18283.66,14592.0606,2023-08-01
601002.SH,2012-08-10,11.17,11.17,10.74,10.77,11.0,-0.23,-2.09,90840.61,99055.318,2023-08-01
600359.SH,2012-08-10,4.71,4.77,4.65,4.72,4.74,-0.02,-0.42,30377.65,14260.169,2023-08-01
002356.SZ,2012-08-10,16.35,16.47,16.0,16.44,16.35,0.09,0.55,2462.18,4000.6995,2023-08-01
300070.SZ,2012-08-10,34.25,34.48,33.35,33.97,34.28,-0.31,-0.9,33327.07,113047.7426,2023-08-01
600783.SH,2012-08-10,14.5,14.59,14.24,14.29,14.58,-0.29,-1.99,17821.35,25644.969,2023-08-01
002476.SZ,2012-08-10,5.88,5.92,5.76,5.77,5.87,-0.1,-1.7,22436.5,13072.467,2023-08-01
300237.SZ,2012-08-10,15.65,15.65,15.42,15.49,15.52,-0.03,-0.19,1646.93,2551.3093,2023-08-01
002245.SZ,2012-08-10,6.55,6.63,6.48,6.49,6.56,-0.07,-1.07,19150.56,12539.1197,2023-08-01
000555.SZ,2012-08-10,5.72,5.78,5.68,5.68,5.72,-0.04,-0.7,3244.5,1854.9222,2023-08-01
603333.SH,2012-08-10,8.82,8.91,8.73,8.8,8.89,-0.09,-1.01,34856.81,30695.963,2023-08-01
300170.SZ,2012-08-10,18.75,18.78,18.4,18.59,18.75,-0.16,-0.85,7483.06,13886.2155,2023-08-01
603766.SH,2012-08-10,11.0,13.52,10.97,13.36,6.58,6.78,103.04,723933.33,844059.004,2023-08-01
300238.SZ,2012-08-10,25.7,26.75,25.55,26.19,25.71,0.48,1.87,44656.44,117604.9884,2023-08-01
600823.SH,2012-08-10,9.97,9.97,9.7,9.75,9.94,-0.19,-1.91,16174.39,15822.543,2023-08-01
000727.SZ,2012-08-10,4.52,4.63,4.47,4.54,4.51,0.03,0.67,69669.64,31669.0544,2023-08-01
002400.SZ,2012-08-10,21.5,21.68,21.3,21.51,21.5,0.01,0.05,4940.86,10629.6666,2023-08-01
600986.SH,2012-08-10,6.41,6.44,6.26,6.29,6.42,-0.13,-2.02,75481.39,47750.68,2023-08-01
300020.SZ,2012-08-10,13.36,13.61,13.21,13.55,13.5,0.05,0.37,50541.57,68106.9278,2023-08-01
000636.SZ,2012-08-10,7.0,7.01,6.87,6.98,7.02,-0.04,-0.57,24970.57,17346.564,2023-08-01
300247.SZ,2012-08-10,10.13,10.19,10.01,10.09,10.12,-0.03,-0.3,2755.4,2775.6087,2023-08-01
600768.SH,2012-08-10,6.89,7.13,6.81,6.82,6.92,-0.1,-1.45,44636.16,31165.889,2023-08-01
000536.SZ,2012-08-10,18.53,18.81,18.31,18.58,18.53,0.05,0.27,10485.21,19460.401,2023-08-01
002589.SZ,2012-08-10,34.78,35.5,34.49,35.3,34.78,0.52,1.5,9282.85,32510.008,2023-08-01
601009.SH,2012-08-10,8.23,8.28,8.17,8.19,8.21,-0.02,-0.24,106161.48,87410.743,2023-08-01
601107.SH,2012-08-10,3.4,3.47,3.37,3.46,3.4,0.06,1.76,60245.37,20723.235,2023-08-01
002661.SZ,2012-08-10,31.9,32.38,29.5,31.8,32.39,-0.59,-1.82,8914.26,28120.0288,2023-08-01
601116.SH,2012-08-10,9.77,9.83,9.71,9.73,9.79,-0.06,-0.61,5914.0,5776.625,2023-08-01
600089.SH,2012-08-10,6.63,6.64,6.52,6.56,6.64,-0.08,-1.2,146087.57,96007.739,2023-08-01
300226.SZ,2012-08-10,13.28,13.36,13.11,13.27,13.28,-0.01,-0.08,3229.49,4284.684,2023-08-01
600526.SH,2012-08-10,11.55,11.55,11.37,11.42,11.53,-0.11,-0.95,7582.41,8692.474,2023-08-01
002352.SZ,2012-08-10,21.5,22.47,21.32,21.89,21.6,0.29,1.34,7887.86,17144.6947,2023-08-01
300074.SZ,2012-08-10,19.33,19.36,19.04,19.12,19.19,-0.07,-0.36,1482.01,2843.0004,2023-08-01
000606.SZ,2012-08-10,5.96,6.27,5.94,6.14,5.98,0.16,2.68,136976.77,83454.1663,2023-08-01
600080.SH,2012-08-10,9.05,9.05,8.87,8.91,9.13,-0.22,-2.41,91727.57,82105.437,2023-08-01
600809.SH,2012-08-10,38.95,39.7,38.8,39.09,39.23,-0.14,-0.36,24352.26,95387.981,2023-08-01
600558.SH,2012-08-10,9.85,9.89,9.74,9.8,9.85,-0.05,-0.51,3035.59,2972.754,2023-08-01
002526.SZ,2012-08-10,5.79,5.84,5.72,5.78,5.82,-0.04,-0.69,51460.3,29792.2159,2023-08-01
600378.SH,2012-08-10,10.05,10.21,10.05,10.21,9.28,0.93,10.02,77573.11,78947.493,2023-08-01
000420.SZ,2012-08-10,2.36,2.43,2.35,2.42,2.37,0.05,2.11,31934.69,7658.0994,2023-08-01
000554.SZ,2012-08-10,5.47,5.47,5.27,5.34,5.47,-0.13,-2.38,109786.49,58852.2522,2023-08-01
000721.SZ,2012-08-10,6.37,6.38,6.28,6.31,6.37,-0.06,-0.94,9744.74,6154.627,2023-08-01
601111.SH,2012-08-10,5.78,5.82,5.72,5.77,5.79,-0.02,-0.35,98058.81,56634.137,2023-08-01
600610.SH,2012-08-10,9.22,9.35,9.12,9.31,9.25,0.06,0.65,3774.89,3498.133,2023-08-01
600388.SH,2012-08-10,25.16,25.21,24.85,24.98,25.01,-0.03,-0.12,10235.54,25610.951,2023-08-01
300160.SZ,2012-08-10,8.7,8.96,8.69,8.88,8.73,0.15,1.72,16510.07,14562.8661,2023-08-01
002658.SZ,2012-08-10,22.0,22.16,21.84,22.01,22.08,-0.07,-0.32,4971.91,10933.6036,2023-08-01
600425.SH,2012-08-10,10.88,10.92,10.68,10.87,10.87,0.0,0.0,34268.43,37004.129,2023-08-01
002124.SZ,2012-08-10,7.59,7.74,7.49,7.51,7.59,-0.08,-1.05,33124.58,25166.9784,2023-08-01
002054.SZ,2012-08-10,7.08,7.24,7.0,7.18,7.08,0.1,1.41,16653.97,11868.679,2023-08-01
001896.SZ,2012-08-10,4.53,4.6,4.45,4.56,4.61,-0.05,-1.08,42610.94,19228.636,2023-08-01
300016.SZ,2012-08-10,13.6,13.73,13.35,13.54,13.63,-0.09,-0.66,11464.86,15518.4774,2023-08-01
002187.SZ,2012-08-10,8.33,8.37,8.28,8.33,8.35,-0.02,-0.24,5763.92,4797.6828,2023-08-01
300271.SZ,2012-08-10,13.15,13.32,13.01,13.16,13.16,0.0,0.0,12480.41,16429.4634,2023-08-01
601369.SH,2012-08-10,8.94,9.03,8.9,8.97,9.05,-0.08,-0.88,44149.56,39595.592,2023-08-01
600021.SH,2012-08-10,5.15,5.19,5.13,5.17,5.16,0.01,0.19,42274.75,21770.863,2023-08-01
000011.SZ,2012-08-10,6.3,6.37,6.21,6.25,6.38,-0.13,-2.04,37335.67,23439.2644,2023-08-01
002084.SZ,2012-08-10,5.47,5.48,5.32,5.42,5.49,-0.07,-1.28,15961.27,8626.0253,2023-08-01
600983.SH,2012-08-10,7.55,7.67,7.49,7.58,7.66,-0.08,-1.04,37459.09,28347.389,2023-08-01
002011.SZ,2012-08-10,10.69,10.75,10.4,10.46,10.7,-0.24,-2.24,44094.86,46472.4461,2023-08-01
300260.SZ,2012-08-10,10.89,11.1,10.79,11.03,10.85,0.18,1.66,6607.44,7230.7453,2023-08-01
600671.SH,2012-08-10,8.93,8.93,8.69,8.7,8.78,-0.08,-0.91,2709.25,2370.838,2023-08-01
002355.SZ,2012-08-10,11.35,11.4,11.18,11.27,11.38,-0.11,-0.97,7054.8,7926.4752,2023-08-01
002153.SZ,2012-08-10,25.14,25.14,24.8,24.86,25.0,-0.14,-0.56,1100.94,2744.9566,2023-08-01
600854.SH,2012-08-10,4.04,4.07,3.97,4.01,4.04,-0.03,-0.74,13435.08,5388.777,2023-08-01
002034.SZ,2012-08-10,9.81,10.16,9.8,10.1,9.91,0.19,1.92,15983.38,16080.462,2023-08-01
000627.SZ,2012-08-10,3.05,3.09,3.03,3.06,3.06,0.0,0.0,49092.95,15005.1405,2023-08-01
002350.SZ,2012-08-10,13.48,13.48,13.1,13.2,13.42,-0.22,-1.64,9659.67,12795.4295,2023-08-01
002258.SZ,2012-08-10,10.13,10.18,9.97,10.1,10.13,-0.03,-0.3,10858.13,10934.3385,2023-08-01
300336.SZ,2012-08-10,26.79,26.79,26.03,26.36,26.81,-0.45,-1.68,20950.96,55221.5825,2023-08-01
000078.SZ,2012-08-10,6.45,6.49,6.38,6.39,6.53,-0.14,-2.14,48460.58,31137.2025,2023-08-01
600265.SH,2012-08-10,8.05,8.4,8.02,8.13,8.1,0.03,0.37,43310.55,35866.604,2023-08-01
600074.SH,2012-08-10,2.75,2.78,2.73,2.75,2.75,0.0,0.0,14435.65,3982.471,2023-08-01
300287.SZ,2012-08-10,18.95,19.45,18.75,18.91,18.97,-0.06,-0.32,2391.47,4514.7937,2023-08-01
300042.SZ,2012-08-10,8.58,8.69,8.52,8.64,8.6,0.04,0.47,6897.97,5928.3476,2023-08-01
000589.SZ,2012-08-10,5.18,5.2,5.09,5.11,5.2,-0.09,-1.73,35155.05,18033.082,2023-08-01
600345.SH,2012-08-10,11.28,11.37,11.14,11.28,11.2,0.08,0.71,8664.11,9745.968,2023-08-01
002384.SZ,2012-08-10,10.65,11.35,10.57,11.19,10.64,0.55,5.17,66558.43,73117.0634,2023-08-01
600781.SH,2012-08-10,14.08,14.09,13.74,13.79,13.93,-0.14,-1.01,4043.16,5593.669,2023-08-01
601798.SH,2012-08-10,13.1,13.45,12.96,12.98,13.07,-0.09,-0.69,44587.15,58924.918,2023-08-01
600834.SH,2012-08-10,6.56,6.56,6.49,6.52,6.51,0.01,0.15,8330.51,5426.732,2023-08-01
002236.SZ,2012-08-10,39.95,40.8,39.4,40.1,39.9,0.2,0.5,25290.47,101672.4657,2023-08-01
600638.SH,2012-08-10,8.93,9.12,8.88,9.01,8.93,0.08,0.9,57996.61,52380.523,2023-08-01
002254.SZ,2012-08-10,9.12,9.51,9.11,9.39,9.11,0.28,3.07,46363.53,43545.7503,2023-08-01
300346.SZ,2012-08-10,70.02,72.17,68.21,68.3,70.88,-2.58,-3.64,32042.42,224171.6298,2023-08-01
000909.SZ,2012-08-10,6.45,6.45,6.28,6.36,6.5,-0.14,-2.15,33366.63,21200.2053,2023-08-01
600978.SH,2012-08-10,4.46,4.49,4.42,4.45,4.46,-0.01,-0.22,32388.77,14428.667,2023-08-01
600401.SH,2012-08-10,6.75,6.92,6.6,6.69,6.75,-0.06,-0.89,114145.45,76865.51,2023-08-01
600518.SH,2012-08-10,15.59,16.03,15.5,16.02,15.6,0.42,2.69,149318.25,237191.706,2023-08-01
300157.SZ,2012-08-10,17.58,18.39,17.38,18.01,17.38,0.63,3.62,48327.71,87156.771,2023-08-01
300024.SZ,2012-08-10,23.85,24.33,23.41,24.15,23.79,0.36,1.51,41909.71,100378.4837,2023-08-01
000529.SZ,2012-08-10,8.85,8.89,8.62,8.63,8.85,-0.22,-2.49,45359.37,39643.4294,2023-08-01
000650.SZ,2012-08-10,7.93,7.93,7.8,7.88,7.94,-0.06,-0.76,51313.0,40390.3356,2023-08-01
600985.SH,2012-08-10,11.75,11.86,11.7,11.73,11.83,-0.1,-0.85,7821.2,9197.202,2023-08-01
600868.SH,2012-08-10,1.62,1.64,1.61,1.64,1.63,0.01,0.61,142969.15,23288.555,2023-08-01
600708.SH,2012-08-10,4.26,4.26,4.19,4.22,4.24,-0.02,-0.47,12245.2,5170.797,2023-08-01
600203.SH,2012-08-10,4.93,5.06,4.91,4.99,4.96,0.03,0.6,11062.55,5531.539,2023-08-01
002569.SZ,2012-08-10,12.44,12.44,12.27,12.34,12.39,-0.05,-0.4,1891.06,2337.07,2023-08-01
002578.SZ,2012-08-10,12.62,12.96,12.55,12.75,12.54,0.21,1.67,45344.23,58067.4257,2023-08-01
600540.SH,2012-08-10,5.82,5.85,5.73,5.84,5.81,0.03,0.52,19112.91,11066.565,2023-08-01
600846.SH,2012-08-10,4.71,4.84,4.66,4.72,4.71,0.01,0.21,84596.32,40124.188,2023-08-01
002297.SZ,2012-08-10,13.76,13.76,13.39,13.46,13.76,-0.3,-2.18,16715.97,22636.6656,2023-08-01
300097.SZ,2012-08-10,11.29,11.54,11.29,11.41,11.41,0.0,0.0,1585.0,1807.8966,2023-08-01
600466.SH,2012-08-10,5.62,5.66,5.54,5.55,5.62,-0.07,-1.25,60418.2,33826.378,2023-08-01
600889.SH,2012-08-10,4.55,4.85,4.52,4.71,4.52,0.19,4.2,83387.31,39287.535,2023-08-01
002688.SZ,2012-08-10,30.7,31.17,29.58,29.67,31.23,-1.56,-5.0,59375.62,179202.6302,2023-08-01
000818.SZ,2012-08-10,4.1,4.13,4.02,4.11,4.14,-0.03,-0.72,109276.47,44511.0642,2023-08-01
002237.SZ,2012-08-10,18.71,18.78,18.12,18.23,18.58,-0.35,-1.88,15970.6,29273.4146,2023-08-01
300314.SZ,2012-08-10,31.65,32.19,31.1,31.46,31.88,-0.42,-1.32,25130.02,79435.8116,2023-08-01
002631.SZ,2012-08-10,11.24,11.3,11.08,11.19,11.27,-0.08,-0.71,8192.09,9156.715,2023-08-01
000065.SZ,2012-08-10,11.17,11.28,11.05,11.21,11.11,0.1,0.9,4954.81,5551.1979,2023-08-01
600862.SH,2012-08-10,4.42,4.57,4.34,4.46,4.41,0.05,1.1338,157708.71,70146.822,2023-08-01
001872.SZ,2012-08-10,9.29,9.34,9.19,9.25,9.35,-0.1,-1.07,11921.15,11012.2069,2023-08-01
001914.SZ,2012-08-10,4.18,4.2,4.1,4.13,4.19,-0.06,-1.43,37660.1,15607.2498,2023-08-01
