security_code,trade_date,open,high,low,close,pre_close,change,pct_chg,vol,amount,data_date
000863.SZ,2005-04-08,3.33,3.45,3.31,3.42,3.4,0.02,0.59,13450.92,4538.368,2023-08-01
000521.SZ,2005-04-08,2.85,2.91,2.82,2.9,2.85,0.05,1.75,6137.11,1757.8734,2023-08-01
600749.SH,2005-04-08,7.02,7.28,6.94,7.22,7.0,0.22,3.14,4427.78,3151.161,2023-08-01
600676.SH,2005-04-08,4.01,4.15,3.99,4.11,4.01,0.1,2.49,15467.43,6323.806,2023-08-01
600802.SH,2005-04-08,3.19,3.37,3.13,3.35,3.23,0.12,3.72,9867.13,3241.993,2023-08-01
600169.SH,2005-04-08,7.6,7.7,7.47,7.63,7.62,0.01,0.13,7177.82,5445.728,2023-08-01
600962.SH,2005-04-08,4.36,4.44,4.28,4.41,4.31,0.1,2.32,8324.21,3623.462,2023-08-01
600379.SH,2005-04-08,4.23,4.32,4.16,4.27,4.19,0.08,1.91,3506.83,1479.698,2023-08-01
600614.SH,2005-04-08,7.5,7.77,7.43,7.49,7.65,-0.16,-2.09,4645.34,3496.802,2023-08-01
000982.SZ,2005-04-08,4.33,4.59,4.3,4.36,4.18,0.18,4.31,22356.74,9886.5083,2023-08-01
600265.SH,2005-04-08,4.28,4.32,4.23,4.28,4.23,0.05,1.18,1598.0,680.705,2023-08-01
600455.SH,2005-04-08,8.01,8.51,7.94,8.43,8.03,0.4,4.98,6788.03,5639.416,2023-08-01
601607.SH,2005-04-08,4.45,4.52,4.37,4.5,4.45,0.05,1.12,21335.98,9492.0,2023-08-01
000669.SZ,2005-04-08,6.3,6.33,6.17,6.32,6.33,-0.01,-0.16,3965.57,2471.1751,2023-08-01
600836.SH,2005-04-08,6.0,6.14,6.0,6.07,6.0,0.07,1.17,2057.81,1250.456,2023-08-01
600248.SH,2005-04-08,3.5,3.55,3.44,3.53,3.49,0.04,1.15,3200.41,1117.046,2023-08-01
600084.SH,2005-04-08,4.0,4.12,3.99,4.11,4.01,0.1,2.49,46998.64,19162.091,2023-08-01
000926.SZ,2005-04-08,8.21,8.4,8.14,8.39,8.25,0.14,1.7,7486.4,6191.952,2023-08-01
000619.SZ,2005-04-08,5.61,5.61,5.55,5.59,5.64,-0.05,-0.89,38508.53,21466.2375,2023-08-01
600182.SH,2005-04-08,5.43,5.6,5.31,5.59,5.44,0.15,2.76,16152.86,8921.317,2023-08-01
000610.SZ,2005-04-08,4.6,4.7,4.6,4.69,4.64,0.05,1.08,3991.9,1856.1577,2023-08-01
600309.SH,2005-04-08,15.45,15.95,15.31,15.89,15.45,0.44,2.85,35295.42,55402.444,2023-08-01
000583.SZ,2005-04-08,1.55,1.56,1.52,1.55,1.55,0.0,0.0,13534.6,2087.304,2023-08-01
000779.SZ,2005-04-08,2.92,2.94,2.78,2.87,2.92,-0.05,-1.71,52328.95,14943.6761,2023-08-01
000958.SZ,2005-04-08,3.26,3.35,3.23,3.33,3.25,0.08,2.46,12234.64,4043.3634,2023-08-01
600829.SH,2005-04-08,5.88,5.9,5.7,5.86,5.86,0.0,0.0,4900.45,2843.217,2023-08-01
000720.SZ,2005-04-08,2.88,2.98,2.86,2.95,2.86,0.09,3.15,320011.02,93585.4612,2023-08-01
000618.SZ,2005-04-08,5.99,6.05,5.86,6.01,6.0,0.01,0.17,64606.19,38493.2955,2023-08-01
000938.SZ,2005-04-08,11.41,11.61,11.28,11.6,11.48,0.12,1.05,4441.86,5087.0183,2023-08-01
600724.SH,2005-04-08,7.23,7.4,7.18,7.3,7.24,0.06,0.83,30691.0,22380.137,2023-08-01
000735.SZ,2005-04-08,2.75,2.8,2.73,2.79,2.76,0.03,1.09,10044.49,2783.0949,2023-08-01
000956.SZ,2005-04-08,8.05,8.24,8.03,8.19,8.1,0.09,1.11,29888.79,24407.5478,2023-08-01
000975.SZ,2005-04-08,3.33,3.38,3.28,3.38,3.33,0.05,1.5,10957.83,3664.8934,2023-08-01
000158.SZ,2005-04-08,3.22,3.27,3.17,3.26,3.19,0.07,2.19,7174.7,2314.6575,2023-08-01
600577.SH,2005-04-08,6.41,6.68,6.4,6.67,6.55,0.12,1.83,1826.64,1200.281,2023-08-01
600478.SH,2005-04-08,5.32,5.46,5.26,5.44,5.33,0.11,2.06,4600.87,2467.786,2023-08-01
600355.SH,2005-04-08,3.92,3.99,3.87,3.98,3.95,0.03,0.76,5078.0,1997.108,2023-08-01
600502.SH,2005-04-08,4.11,4.18,4.08,4.18,4.12,0.06,1.46,3974.45,1643.675,2023-08-01
000515.SZ,2005-04-08,5.38,5.56,5.18,5.56,5.05,0.51,10.1,95901.23,51124.6876,2023-08-01
600093.SH,2005-04-08,2.8,2.9,2.76,2.9,2.8,0.1,3.57,15231.75,4326.09,2023-08-01
600677.SH,2005-04-08,3.5,3.6,3.47,3.6,3.49,0.11,3.15,13528.33,4783.894,2023-08-01
600663.SH,2005-04-08,6.28,6.5,6.25,6.49,6.28,0.21,3.34,12061.55,7726.266,2023-08-01
000829.SZ,2005-04-08,4.5,4.62,4.49,4.62,4.5,0.12,2.67,11727.75,5338.7167,2023-08-01
002014.SZ,2005-04-08,8.73,9.0,8.71,8.95,8.75,0.2,2.29,3942.63,3506.5744,2023-08-01
000017.SZ,2005-04-08,2.2,2.21,2.17,2.19,2.2,-0.01,-0.45,11233.89,2457.4353,2023-08-01
600068.SH,2005-04-08,3.53,3.61,3.51,3.6,3.54,0.06,1.69,8414.01,3007.076,2023-08-01
600401.SH,2005-04-08,7.08,7.2,6.98,7.2,7.12,0.08,1.12,1801.88,1279.659,2023-08-01
600106.SH,2005-04-08,5.52,5.61,5.41,5.58,5.58,0.0,0.0,4782.0,2642.006,2023-08-01
600109.SH,2005-04-08,5.22,5.3,5.12,5.3,5.18,0.12,2.32,1624.59,849.062,2023-08-01
600072.SH,2005-04-08,3.51,3.6,3.5,3.59,3.51,0.08,2.28,15182.05,5386.245,2023-08-01
600867.SH,2005-04-08,3.49,3.92,3.47,3.83,3.65,0.18,4.93,27496.5,10360.024,2023-08-01
000813.SZ,2005-04-08,2.97,3.15,2.93,3.04,2.98,0.06,2.01,38402.15,11712.9067,2023-08-01
002012.SZ,2005-04-08,18.35,18.6,18.03,18.5,18.4,0.1,0.54,12226.36,22471.4777,2023-08-01
000998.SZ,2005-04-08,10.41,10.78,10.35,10.69,10.43,0.26,2.49,3405.54,3624.6156,2023-08-01
000718.SZ,2005-04-08,1.05,1.14,1.05,1.07,1.1,-0.03,-2.73,109801.04,11721.5032,2023-08-01
600755.SH,2005-04-08,4.37,4.44,4.32,4.42,4.37,0.05,1.14,8148.57,3571.165,2023-08-01
600739.SH,2005-04-08,3.67,3.77,3.62,3.74,3.67,0.07,1.91,49047.22,18194.852,2023-08-01
000511.SZ,2005-04-08,4.1,4.14,4.01,4.13,4.07,0.06,1.47,22471.63,9177.7556,2023-08-01
600707.SH,2005-04-08,5.55,5.67,5.55,5.64,5.54,0.1,1.81,22928.99,12875.026,2023-08-01
000821.SZ,2005-04-08,3.2,3.26,3.15,3.25,3.2,0.05,1.56,10173.62,3263.4758,2023-08-01
600239.SH,2005-04-08,3.6,3.65,3.52,3.64,3.62,0.02,0.55,5460.25,1970.969,2023-08-01
600258.SH,2005-04-08,7.07,7.12,6.95,7.1,7.06,0.04,0.57,7077.79,4973.971,2023-08-01
600400.SH,2005-04-08,7.13,7.42,7.07,7.33,7.12,0.21,2.95,21725.77,15729.945,2023-08-01
600785.SH,2005-04-08,6.2,6.33,6.16,6.32,6.21,0.11,1.77,5590.29,3491.569,2023-08-01
000056.SZ,2005-04-08,4.19,4.34,4.09,4.21,4.23,-0.02,-0.47,21487.35,9055.2679,2023-08-01
000851.SZ,2005-04-08,5.74,6.06,5.74,6.05,5.69,0.36,6.33,24805.2,14681.8139,2023-08-01
600074.SH,2005-04-08,3.85,4.03,3.85,4.01,3.85,0.16,4.16,79772.86,31275.692,2023-08-01
600213.SH,2005-04-08,3.03,3.25,3.03,3.19,3.37,-0.18,-5.34,31785.1,9811.726,2023-08-01
000513.SZ,2005-04-08,7.84,7.96,7.73,7.94,7.72,0.22,2.85,5132.19,4021.0084,2023-08-01
600399.SH,2005-04-08,8.88,8.92,8.61,8.89,8.87,0.02,0.23,14176.35,12473.082,2023-08-01
600128.SH,2005-04-08,3.68,3.8,3.68,3.76,3.68,0.08,2.17,2576.83,964.162,2023-08-01
002011.SZ,2005-04-08,7.06,7.16,6.97,7.14,7.05,0.09,1.28,2739.68,1942.8202,2023-08-01
000025.SZ,2005-04-08,3.78,3.94,3.77,3.81,3.84,-0.03,-0.78,8697.01,3339.6304,2023-08-01
600257.SH,2005-04-08,4.44,4.55,4.44,4.54,4.49,0.05,1.11,3521.63,1584.538,2023-08-01
000976.SZ,2005-04-08,2.93,2.98,2.88,2.96,2.93,0.03,1.02,17432.27,5124.9967,2023-08-01
600345.SH,2005-04-08,6.72,7.17,6.72,7.15,6.93,0.22,3.17,5174.03,3641.165,2023-08-01
600433.SH,2005-04-08,4.31,4.39,4.26,4.35,4.2,0.15,3.57,5355.17,2313.341,2023-08-01
600462.SH,2005-04-08,4.7,4.9,4.7,4.89,4.81,0.08,1.66,4300.69,2076.95,2023-08-01
000509.SZ,2005-04-08,2.79,2.88,2.76,2.88,2.79,0.09,3.23,10259.0,2906.9938,2023-08-01
600428.SH,2005-04-08,16.08,16.55,16.08,16.34,16.17,0.17,1.05,34177.32,55976.508,2023-08-01
600110.SH,2005-04-08,6.38,6.7,6.28,6.49,6.12,0.37,6.05,123573.47,79375.117,2023-08-01
000811.SZ,2005-04-08,4.66,4.97,4.66,4.9,4.64,0.26,5.6,25974.0,12561.8611,2023-08-01
600631.SH,2005-04-08,5.28,5.47,5.26,5.43,5.25,0.18,3.43,59588.05,32061.375,2023-08-01
600327.SH,2005-04-08,4.68,4.86,4.6,4.79,4.68,0.11,2.35,7781.52,3668.807,2023-08-01
600858.SH,2005-04-08,4.95,4.97,4.85,4.97,4.73,0.24,5.07,13489.91,6677.126,2023-08-01
600117.SH,2005-04-08,3.61,3.68,3.55,3.67,3.6,0.07,1.94,13139.6,4767.016,2023-08-01
000962.SZ,2005-04-08,6.5,6.66,6.47,6.61,6.55,0.06,0.92,10565.91,6916.17,2023-08-01
000882.SZ,2005-04-08,3.52,3.58,3.52,3.58,3.54,0.04,1.13,2391.2,850.9953,2023-08-01
600698.SH,2005-04-08,1.82,1.84,1.8,1.84,1.84,0.0,0.0,8302.32,1509.475,2023-08-01
600237.SH,2005-04-08,5.8,6.06,5.76,5.98,5.9,0.08,1.36,11275.81,6671.265,2023-08-01
000070.SZ,2005-04-08,5.45,5.98,5.38,5.91,5.47,0.44,8.04,17934.46,10249.9604,2023-08-01
600727.SH,2005-04-08,4.24,4.28,4.18,4.28,4.24,0.04,0.94,15813.39,6688.534,2023-08-01
600085.SH,2005-04-08,23.95,23.95,23.2,23.41,23.97,-0.56,-2.34,11117.83,26161.166,2023-08-01
600234.SH,2005-04-08,2.15,2.21,2.14,2.16,2.17,-0.01,-0.46,4386.03,949.037,2023-08-01
600127.SH,2005-04-08,2.93,3.01,2.92,3.0,2.89,0.11,3.81,42659.4,12598.118,2023-08-01
000066.SZ,2005-04-08,9.19,9.55,9.12,9.55,9.19,0.36,3.92,42960.45,40063.0209,2023-08-01
000020.SZ,2005-04-08,2.77,2.85,2.7,2.84,2.77,0.07,2.53,15383.12,4319.553,2023-08-01
600104.SH,2005-04-08,4.31,4.44,4.29,4.4,4.33,0.07,1.62,131802.67,57541.04,2023-08-01
000627.SZ,2005-04-08,2.76,2.84,2.75,2.82,2.74,0.08,2.92,51308.07,14341.814,2023-08-01
000955.SZ,2005-04-08,3.29,3.35,3.23,3.35,3.29,0.06,1.82,2242.81,740.3764,2023-08-01
600333.SH,2005-04-08,7.0,7.1,6.8,7.01,6.92,0.09,1.3,38375.52,26868.194,2023-08-01
002009.SZ,2005-04-08,8.21,8.45,8.12,8.41,8.25,0.16,1.94,7797.52,6480.1404,2023-08-01
000659.SZ,2005-04-08,3.74,3.99,3.73,3.91,3.73,0.18,4.83,92163.28,35758.7075,2023-08-01
000917.SZ,2005-04-08,8.8,8.95,8.63,8.94,8.81,0.13,1.48,27532.6,24221.1561,2023-08-01
600253.SH,2005-04-08,4.11,4.18,4.08,4.17,4.11,0.06,1.46,6880.12,2850.679,2023-08-01
000404.SZ,2005-04-08,3.27,3.36,3.25,3.34,3.29,0.05,1.52,6071.33,2013.4125,2023-08-01
000805.SZ,2005-04-08,3.6,3.68,3.55,3.65,3.66,-0.01,-0.27,3099.46,1117.397,2023-08-01
600185.SH,2005-04-08,3.95,4.1,3.92,4.08,4.0,0.08,2.0,5157.31,2062.129,2023-08-01
600335.SH,2005-04-08,3.72,3.72,3.65,3.71,3.69,0.02,0.54,1655.06,609.396,2023-08-01
002007.SZ,2005-04-08,16.81,17.48,16.81,17.4,16.95,0.45,2.65,6742.32,11651.7192,2023-08-01
000825.SZ,2005-04-08,4.52,4.58,4.5,4.57,4.52,0.05,1.11,49143.56,22301.7732,2023-08-01
600759.SH,2005-04-08,1.78,1.82,1.76,1.82,1.8,0.02,1.11,4961.48,885.468,2023-08-01
000592.SZ,2005-04-08,1.44,1.44,1.4,1.42,1.44,-0.02,-1.39,6869.12,971.7226,2023-08-01
000757.SZ,2005-04-08,3.55,3.84,3.46,3.76,3.55,0.21,5.92,46520.42,16959.1949,2023-08-01
600603.SH,2005-04-08,2.5,2.6,2.47,2.6,2.48,0.12,4.84,23990.97,6159.526,2023-08-01
600612.SH,2005-04-08,5.5,6.03,5.5,5.77,5.49,0.28,5.1,14137.96,8240.108,2023-08-01
000919.SZ,2005-04-08,6.95,6.97,6.8,6.94,6.89,0.05,0.73,5202.34,3589.9048,2023-08-01
600136.SH,2005-04-08,6.23,6.26,6.02,6.19,6.23,-0.04,-0.64,19506.34,11956.341,2023-08-01
600160.SH,2005-04-08,3.92,4.07,3.9,4.05,3.92,0.13,3.32,14774.91,5891.56,2023-08-01
000615.SZ,2005-04-08,4.45,4.56,4.33,4.53,4.38,0.15,3.42,11374.36,5058.5105,2023-08-01
000534.SZ,2005-04-08,3.31,3.34,3.26,3.34,3.31,0.03,0.91,3676.54,1214.9558,2023-08-01
600149.SH,2005-04-08,3.35,3.48,3.35,3.47,3.39,0.08,2.36,12046.42,4124.95,2023-08-01
000702.SZ,2005-04-08,2.9,2.92,2.82,2.88,2.91,-0.03,-1.03,28839.06,8270.6372,2023-08-01
600672.SH,2005-04-08,1.06,1.11,1.05,1.05,1.11,-0.06,-5.41,51401.08,5456.538,2023-08-01
000820.SZ,2005-04-08,2.75,2.82,2.71,2.81,2.75,0.06,2.18,8221.12,2274.073,2023-08-01
600031.SH,2005-04-08,17.4,17.5,17.02,17.47,17.39,0.08,0.46,6365.15,11032.748,2023-08-01
000996.SZ,2005-04-08,4.45,4.64,4.45,4.62,4.51,0.11,2.44,1205.5,548.9705,2023-08-01
600026.SH,2005-04-08,11.02,11.7,11.0,11.55,11.04,0.51,4.62,126513.54,144561.032,2023-08-01
600067.SH,2005-04-08,6.05,6.1,5.93,6.07,6.04,0.03,0.5,14151.41,8561.447,2023-08-01
000767.SZ,2005-04-08,5.22,5.37,5.16,5.35,5.24,0.11,2.1,28522.43,15034.3418,2023-08-01
600658.SH,2005-04-08,4.99,5.14,4.95,5.1,4.99,0.11,2.2,13564.82,6860.519,2023-08-01
600211.SH,2005-04-08,5.56,5.73,5.41,5.68,5.58,0.1,1.79,2506.91,1401.703,2023-08-01
000930.SZ,2005-04-08,6.38,6.4,6.22,6.31,6.39,-0.08,-1.25,63139.06,39798.0917,2023-08-01
600283.SH,2005-04-08,3.67,3.78,3.66,3.77,3.73,0.04,1.07,2521.89,942.61,2023-08-01
600286.SH,2005-04-08,2.1,2.18,2.09,2.16,2.11,0.05,2.37,22475.72,4822.649,2023-08-01
000536.SZ,2005-04-08,2.7,2.73,2.63,2.69,2.7,-0.01,-0.37,1490.23,399.1707,2023-08-01
600579.SH,2005-04-08,3.33,3.42,3.26,3.4,3.32,0.08,2.41,11159.39,3722.556,2023-08-01
002013.SZ,2005-04-08,6.93,7.06,6.8,7.0,6.93,0.07,1.01,2953.25,2050.1327,2023-08-01
600208.SH,2005-04-08,3.63,3.76,3.62,3.72,3.65,0.07,1.92,11377.76,4207.09,2023-08-01
600485.SH,2005-04-08,6.93,7.48,6.93,7.38,6.93,0.45,6.49,35538.51,25877.295,2023-08-01
600063.SH,2005-04-08,3.81,3.93,3.73,3.92,3.84,0.08,2.08,5948.84,2299.341,2023-08-01
000762.SZ,2005-04-08,5.76,5.91,5.7,5.82,5.85,-0.03,-0.51,23733.67,13754.0273,2023-08-01
600064.SH,2005-04-08,4.68,4.77,4.66,4.77,4.69,0.08,1.71,3404.46,1608.597,2023-08-01
000883.SZ,2005-04-08,3.08,3.1,3.01,3.05,3.06,-0.01,-0.33,8006.67,2446.6674,2023-08-01
000029.SZ,2005-04-08,5.09,5.16,4.88,4.97,5.08,-0.11,-2.17,59061.87,29563.9051,2023-08-01
000889.SZ,2005-04-08,3.26,3.32,3.23,3.32,3.26,0.06,1.84,11392.94,3749.2125,2023-08-01
000593.SZ,2005-04-08,3.69,3.78,3.62,3.77,3.66,0.11,3.01,5682.81,2105.4639,2023-08-01
600282.SH,2005-04-08,6.55,6.71,6.46,6.7,6.55,0.15,2.29,59119.28,39125.949,2023-08-01
600718.SH,2005-04-08,10.51,10.69,10.41,10.58,10.53,0.05,0.47,17172.81,18184.739,2023-08-01
600232.SH,2005-04-08,10.14,10.14,9.5,9.95,10.14,-0.19,-1.87,4464.73,4406.027,2023-08-01
600618.SH,2005-04-08,6.08,6.21,5.98,6.15,6.15,0.0,0.0,8472.39,5193.203,2023-08-01
600580.SH,2005-04-08,5.76,5.84,5.71,5.8,5.79,0.01,0.17,5294.72,3062.833,2023-08-01
600803.SH,2005-04-08,5.13,5.32,5.13,5.21,5.13,0.08,1.56,12262.79,6409.035,2023-08-01
000981.SZ,2005-04-08,4.5,4.65,4.25,4.41,4.48,-0.07,-1.56,7557.53,3401.3295,2023-08-01
600201.SH,2005-04-08,5.19,5.24,5.11,5.2,5.18,0.02,0.39,12197.27,6300.765,2023-08-01
000989.SZ,2005-04-08,7.18,7.37,7.16,7.36,7.16,0.2,2.79,23750.5,17300.548,2023-08-01
000823.SZ,2005-04-08,4.41,4.64,4.38,4.61,4.44,0.17,3.83,21693.75,9834.3751,2023-08-01
600491.SH,2005-04-08,11.29,11.6,11.26,11.49,11.34,0.15,1.32,5265.6,6035.155,2023-08-01
600810.SH,2005-04-08,4.41,4.53,4.41,4.51,4.46,0.05,1.12,5185.73,2319.44,2023-08-01
000425.SZ,2005-04-08,4.1,4.13,4.04,4.11,4.11,0.0,0.0,11808.01,4833.7438,2023-08-01
600682.SH,2005-04-08,6.96,6.96,6.77,6.85,6.99,-0.14,-2.0,2242.97,1530.879,2023-08-01
000572.SZ,2005-04-08,4.88,4.91,4.8,4.85,4.87,-0.02,-0.41,2128.54,1035.1659,2023-08-01
600170.SH,2005-04-08,4.57,4.73,4.57,4.71,4.6,0.11,2.39,9138.32,4250.384,2023-08-01
600589.SH,2005-04-08,5.34,5.46,5.34,5.46,5.34,0.12,2.25,3173.21,1712.765,2023-08-01
000036.SZ,2005-04-08,6.07,6.19,6.01,6.15,6.08,0.07,1.15,108539.93,66348.7397,2023-08-01
000759.SZ,2005-04-08,4.16,4.33,4.1,4.3,4.15,0.15,3.61,33302.21,13956.4501,2023-08-01
000852.SZ,2005-04-08,4.93,4.97,4.85,4.94,4.95,-0.01,-0.2,4884.57,2396.8727,2023-08-01
000796.SZ,2005-04-08,3.54,3.84,3.48,3.7,3.5,0.2,5.71,32497.18,11886.676,2023-08-01
600225.SH,2005-04-08,3.28,3.43,3.24,3.4,3.3,0.1,3.03,19575.19,6585.354,2023-08-01
600057.SH,2005-04-08,5.06,5.14,4.95,5.11,5.06,0.05,0.99,13208.51,6678.412,2023-08-01
600567.SH,2005-04-08,3.65,3.76,3.62,3.73,3.66,0.07,1.91,17535.52,6494.748,2023-08-01
600463.SH,2005-04-08,5.81,5.98,5.81,5.95,5.83,0.12,2.06,3463.97,2044.309,2023-08-01
600252.SH,2005-04-08,3.69,3.74,3.6,3.7,3.69,0.01,0.27,6475.75,2374.889,2023-08-01
600095.SH,2005-04-08,3.23,3.32,3.21,3.31,3.23,0.08,2.48,4667.58,1525.694,2023-08-01
000586.SZ,2005-04-08,4.68,4.85,4.68,4.85,4.7,0.15,3.19,10993.14,5261.1999,2023-08-01
600189.SH,2005-04-08,5.5,5.62,5.46,5.6,5.52,0.08,1.45,9611.04,5308.654,2023-08-01
600570.SH,2005-04-08,9.61,9.98,9.58,9.89,9.69,0.2,2.06,2126.77,2081.197,2023-08-01
000516.SZ,2005-04-08,5.16,5.38,5.1,5.36,5.15,0.21,4.08,3302.13,1726.3538,2023-08-01
000034.SZ,2005-04-08,3.0,3.14,2.95,3.03,3.02,0.01,0.33,27349.01,8303.9316,2023-08-01
000877.SZ,2005-04-08,3.48,3.59,3.42,3.54,3.53,0.01,0.28,16878.71,5925.727,2023-08-01
600741.SH,2005-04-08,4.04,4.19,3.98,4.16,4.0,0.16,4.0,81526.62,33287.513,2023-08-01
000159.SZ,2005-04-08,5.13,5.29,5.11,5.25,5.19,0.06,1.16,15961.49,8331.6418,2023-08-01
600800.SH,2005-04-08,3.41,3.49,3.31,3.49,3.41,0.08,2.35,9551.2,3269.605,2023-08-01
600222.SH,2005-04-08,8.56,8.75,8.27,8.7,8.58,0.12,1.4,540.39,459.306,2023-08-01
000970.SZ,2005-04-08,7.92,8.26,7.82,8.14,7.93,0.21,2.65,42414.07,34156.5214,2023-08-01
600273.SH,2005-04-08,3.17,3.26,3.15,3.25,3.2,0.05,1.56,5886.89,1887.507,2023-08-01
600292.SH,2005-04-08,4.86,4.86,4.7,4.85,4.84,0.01,0.21,11849.25,5648.473,2023-08-01
000589.SZ,2005-04-08,3.18,3.25,3.15,3.23,3.2,0.03,0.94,5891.35,1889.145,2023-08-01
000650.SZ,2005-04-08,1.87,1.92,1.85,1.87,1.9,-0.03,-1.58,20629.85,3877.9763,2023-08-01
000539.SZ,2005-04-08,5.01,5.17,5.0,5.17,5.02,0.15,2.99,64024.38,32764.8417,2023-08-01
000737.SZ,2005-04-08,3.18,3.32,3.17,3.29,3.2,0.09,2.81,18646.98,6107.3133,2023-08-01
000007.SZ,2005-04-08,3.57,3.77,3.5,3.68,3.6,0.08,2.22,19574.09,7181.1978,2023-08-01
600266.SH,2005-04-08,5.37,5.39,5.22,5.38,5.38,0.0,0.0,11314.54,6000.989,2023-08-01
000933.SZ,2005-04-08,15.7,16.2,15.7,16.17,15.8,0.37,2.34,14724.33,23442.5653,2023-08-01
600351.SH,2005-04-08,5.4,5.59,5.38,5.56,5.44,0.12,2.21,6951.76,3841.714,2023-08-01
000415.SZ,2005-04-08,3.35,3.41,3.32,3.38,3.33,0.05,1.5,2015.87,676.6466,2023-08-01
000901.SZ,2005-04-08,4.45,4.66,4.45,4.65,4.52,0.13,2.88,5775.74,2651.47,2023-08-01
600018.SH,2005-04-08,18.09,18.33,17.8,18.2,18.09,0.11,0.61,35483.25,63910.315,2023-08-01
000790.SZ,2005-04-08,5.45,5.58,5.36,5.51,5.5,0.01,0.18,15626.94,8535.7582,2023-08-01
000419.SZ,2005-04-08,4.15,4.3,4.12,4.27,4.25,0.02,0.47,2030.43,852.7656,2023-08-01
600553.SH,2005-04-08,2.64,2.7,2.63,2.69,2.66,0.03,1.13,8260.42,2211.081,2023-08-01
000748.SZ,2005-04-08,3.6,3.66,3.53,3.62,3.6,0.02,0.56,16122.13,5797.2756,2023-08-01
600846.SH,2005-04-08,3.9,4.05,3.88,4.02,3.91,0.11,2.81,5246.46,2087.053,2023-08-01
600717.SH,2005-04-08,7.54,7.73,7.45,7.67,7.54,0.13,1.72,212645.37,161753.708,2023-08-01
600362.SH,2005-04-08,5.37,5.49,5.35,5.45,5.37,0.08,1.49,34232.05,18568.701,2023-08-01
002017.SZ,2005-04-08,10.43,10.95,10.42,10.88,10.3,0.58,5.63,14246.91,15264.768,2023-08-01
600842.SH,2005-04-08,2.39,2.5,2.39,2.48,2.4,0.08,3.33,1151.0,281.731,2023-08-01
600664.SH,2005-04-08,4.55,4.78,4.55,4.68,4.55,0.13,2.86,13498.28,6319.577,2023-08-01
000819.SZ,2005-04-08,7.25,7.36,7.04,7.35,7.23,0.12,1.66,5868.72,4206.1142,2023-08-01
000792.SZ,2005-04-08,11.67,12.03,11.6,11.89,11.75,0.14,1.19,34455.61,40947.007,2023-08-01
600346.SH,2005-04-08,4.24,4.35,4.2,4.35,4.25,0.1,2.35,1879.58,804.518,2023-08-01
600990.SH,2005-04-08,9.58,9.92,9.52,9.9,9.6,0.3,3.13,3857.06,3763.413,2023-08-01
000690.SZ,2005-04-08,4.28,4.35,4.28,4.34,4.29,0.05,1.17,6099.99,2635.3847,2023-08-01
000687.SZ,2005-04-08,3.31,3.37,3.25,3.29,3.23,0.06,1.86,5279.68,1739.881,2023-08-01
600511.SH,2005-04-08,5.58,5.89,5.54,5.82,5.53,0.29,5.24,8946.24,5093.385,2023-08-01
600582.SH,2005-04-08,11.01,11.42,11.0,11.3,11.11,0.19,1.71,28236.03,31482.18,2023-08-01
600021.SH,2005-04-08,5.62,5.72,5.57,5.72,5.67,0.05,0.88,17980.55,10167.472,2023-08-01
600388.SH,2005-04-08,6.65,6.86,6.58,6.86,6.68,0.18,2.69,5633.85,3826.056,2023-08-01
000620.SZ,2005-04-08,2.14,2.18,2.11,2.15,2.16,-0.01,-0.46,12963.2,2773.1442,2023-08-01
600056.SH,2005-04-08,4.71,4.86,4.71,4.78,4.76,0.02,0.42,2722.24,1307.149,2023-08-01
600772.SH,2005-04-08,3.31,3.47,3.23,3.44,3.59,-0.15,-4.18,36106.62,12125.296,2023-08-01
000410.SZ,2005-04-08,6.09,6.17,5.92,6.16,6.09,0.07,1.15,18714.35,11307.0108,2023-08-01
000009.SZ,2005-04-08,2.98,3.1,2.97,3.1,2.96,0.14,4.73,98261.81,29896.7864,2023-08-01
000567.SZ,2005-04-08,3.72,3.84,3.72,3.81,3.8,0.01,0.26,1368.0,517.2905,2023-08-01
600298.SH,2005-04-08,8.35,8.45,8.24,8.45,8.37,0.08,0.96,1516.12,1270.272,2023-08-01
600599.SH,2005-04-08,5.95,6.12,5.85,6.03,6.0,0.03,0.5,17266.59,10344.073,2023-08-01
600259.SH,2005-04-08,3.06,3.1,2.98,3.06,3.06,0.0,0.0,10432.71,3157.212,2023-08-01
600552.SH,2005-04-08,5.13,5.27,5.12,5.24,5.15,0.09,1.75,5056.8,2622.741,2023-08-01
600629.SH,2005-04-08,1.63,1.64,1.61,1.64,1.65,-0.01,-0.61,2245.01,365.181,2023-08-01
600756.SH,2005-04-08,8.36,8.73,8.32,8.62,8.45,0.17,2.01,23685.96,20261.609,2023-08-01
000948.SZ,2005-04-08,5.35,5.55,5.26,5.53,5.35,0.18,3.36,1995.92,1083.8206,2023-08-01
000868.SZ,2005-04-08,2.95,2.98,2.89,2.97,2.96,0.01,0.34,4565.01,1341.1659,2023-08-01
600386.SH,2005-04-08,7.71,7.88,7.59,7.71,7.73,-0.02,-0.26,15822.41,12172.843,2023-08-01
600179.SH,2005-04-08,4.43,4.52,4.35,4.51,4.48,0.03,0.67,14522.37,6442.948,2023-08-01
600762.SH,2005-04-08,2.65,2.8,2.59,2.75,2.73,0.02,0.73,50188.31,13389.153,2023-08-01
000878.SZ,2005-04-08,4.4,4.49,4.39,4.48,4.41,0.07,1.59,10139.93,4516.2293,2023-08-01
002040.SZ,2005-04-08,11.7,11.86,11.55,11.83,11.7,0.13,1.11,24182.44,28400.2924,2023-08-01
002008.SZ,2005-04-08,17.58,17.59,17.2,17.45,17.2,0.25,1.45,5442.27,9471.3727,2023-08-01
000909.SZ,2005-04-08,5.27,5.43,5.27,5.39,5.26,0.13,2.47,6047.42,3246.3809,2023-08-01
600722.SH,2005-04-08,3.86,3.95,3.82,3.94,3.9,0.04,1.03,6593.1,2561.568,2023-08-01
600527.SH,2005-04-08,9.95,10.0,9.65,9.89,9.98,-0.09,-0.9,5729.04,5597.547,2023-08-01
000672.SZ,2005-04-08,2.56,2.62,2.5,2.6,2.56,0.04,1.56,18047.27,4617.2241,2023-08-01
600533.SH,2005-04-08,11.15,11.37,11.07,11.32,11.19,0.13,1.16,3196.13,3589.515,2023-08-01
600537.SH,2005-04-08,3.88,3.98,3.86,3.95,3.91,0.04,1.02,4761.17,1868.394,2023-08-01
600809.SH,2005-04-08,6.06,6.15,6.02,6.14,6.1,0.04,0.66,4128.5,2519.461,2023-08-01
600130.SH,2005-04-08,12.59,12.6,12.35,12.59,12.59,0.0,0.0,9387.27,11714.414,2023-08-01
600594.SH,2005-04-08,17.8,18.78,17.77,18.6,17.78,0.82,4.61,3761.82,6897.397,2023-08-01
000710.SZ,2005-04-08,2.6,2.61,2.5,2.55,2.54,0.01,0.39,2041.0,517.572,2023-08-01
000910.SZ,2005-04-08,4.72,4.96,4.71,4.9,4.75,0.15,3.16,2863.85,1379.1423,2023-08-01
000525.SZ,2005-04-08,4.19,4.33,4.15,4.3,4.19,0.11,2.63,13555.96,5791.888,2023-08-01
600155.SH,2005-04-08,3.71,3.73,3.63,3.72,3.71,0.01,0.27,8925.34,3277.117,2023-08-01
002010.SZ,2005-04-08,11.8,12.1,11.67,12.09,11.78,0.31,2.63,6974.91,8330.9667,2023-08-01
001896.SZ,2005-04-08,2.85,2.87,2.8,2.87,2.82,0.05,1.77,3878.77,1103.4731,2023-08-01
600240.SH,2005-04-08,4.52,4.58,4.44,4.55,4.5,0.05,1.11,1114.17,501.413,2023-08-01
600674.SH,2005-04-08,3.9,3.98,3.86,3.98,3.9,0.08,2.05,23180.78,9096.394,2023-08-01
600172.SH,2005-04-08,4.34,4.42,4.27,4.4,4.34,0.06,1.38,9806.22,4274.817,2023-08-01
000418.SZ,2005-04-08,4.05,4.15,4.05,4.15,4.08,0.07,1.72,2050.48,840.6688,2023-08-01
600270.SH,2005-04-08,6.9,7.04,6.85,7.03,6.9,0.13,1.88,14524.41,10152.596,2023-08-01
600565.SH,2005-04-08,8.12,8.25,8.11,8.23,8.18,0.05,0.61,1237.07,1014.448,2023-08-01
000651.SZ,2005-04-08,8.9,9.16,8.85,9.16,8.89,0.27,3.04,12806.95,11486.3927,2023-08-01
000677.SZ,2005-04-08,4.66,4.88,4.61,4.84,4.68,0.16,3.42,40827.98,19395.6359,2023-08-01
600611.SH,2005-04-08,6.2,6.3,6.2,6.28,6.26,0.02,0.32,4448.63,2786.26,2023-08-01
000859.SZ,2005-04-08,2.65,2.75,2.61,2.72,2.62,0.1,3.82,30457.76,8169.9316,2023-08-01
600493.SH,2005-04-08,4.59,4.7,4.52,4.66,4.57,0.09,1.97,10591.09,4920.44,2023-08-01
600834.SH,2005-04-08,4.9,5.02,4.88,4.98,4.88,0.1,2.05,3535.25,1751.5,2023-08-01
000040.SZ,2005-04-08,2.75,2.86,2.73,2.81,2.76,0.05,1.81,20701.31,5804.1738,2023-08-01
000608.SZ,2005-04-08,5.14,5.26,5.14,5.25,5.15,0.1,1.94,6199.19,3216.9407,2023-08-01
600622.SH,2005-04-08,3.59,3.64,3.52,3.63,3.52,0.11,3.13,7027.73,2525.893,2023-08-01
000024.SZ,2005-04-08,7.68,7.83,7.5,7.7,7.69,0.01,0.13,11410.42,8778.4844,2023-08-01
600995.SH,2005-04-08,6.7,6.93,6.4,6.91,6.71,0.2,2.98,28705.91,19061.392,2023-08-01
600103.SH,2005-04-08,2.51,2.59,2.46,2.59,2.51,0.08,3.19,32574.17,8308.789,2023-08-01
000517.SZ,2005-04-08,6.8,6.9,6.72,6.88,6.83,0.05,0.73,48269.57,32914.9241,2023-08-01
600235.SH,2005-04-08,5.2,5.36,5.2,5.34,5.21,0.13,2.5,1199.11,635.83,2023-08-01
000816.SZ,2005-04-08,3.4,3.45,3.37,3.45,3.42,0.03,0.88,4229.39,1441.3558,2023-08-01
600107.SH,2005-04-08,2.21,2.25,2.19,2.24,2.2,0.04,1.82,10828.05,2402.058,2023-08-01
600660.SH,2005-04-08,8.55,8.95,8.49,8.93,8.58,0.35,4.08,84815.16,74204.396,2023-08-01
600886.SH,2005-04-08,7.54,7.8,7.42,7.78,7.54,0.24,3.18,56548.85,43097.265,2023-08-01
000750.SZ,2005-04-08,2.88,2.94,2.85,2.91,2.85,0.06,2.11,13138.53,3824.0,2023-08-01
002031.SZ,2005-04-08,11.79,12.12,11.6,11.9,11.9,0.0,0.0,12833.28,15269.9777,2023-08-01
600847.SH,2005-04-08,2.8,2.84,2.76,2.81,2.79,0.02,0.72,2803.03,782.493,2023-08-01
600852.SH,2005-04-08,0.98,0.98,0.94,0.95,0.99,-0.04,-4.04,14832.81,1404.172,2023-08-01
600195.SH,2005-04-08,4.77,4.92,4.68,4.92,4.73,0.19,4.02,32360.99,15502.432,2023-08-01
000537.SZ,2005-04-08,5.1,5.17,5.06,5.16,5.11,0.05,0.98,2329.0,1191.9985,2023-08-01
000656.SZ,2005-04-08,2.63,2.63,2.57,2.62,2.63,-0.01,-0.38,4511.99,1172.7828,2023-08-01
000692.SZ,2005-04-08,3.48,3.5,3.4,3.49,3.51,-0.02,-0.57,8137.9,2810.0535,2023-08-01
600965.SH,2005-04-08,3.74,3.85,3.73,3.85,3.75,0.1,2.67,13629.27,5175.89,2023-08-01
000625.SZ,2005-04-08,5.4,5.55,5.37,5.53,5.43,0.1,1.84,99003.87,54260.9004,2023-08-01
600256.SH,2005-04-08,4.2,4.33,4.2,4.29,4.27,0.02,0.47,31260.38,13373.836,2023-08-01
600261.SH,2005-04-08,8.18,8.44,8.1,8.38,8.18,0.2,2.45,2166.3,1796.432,2023-08-01
600326.SH,2005-04-08,4.09,4.14,4.04,4.12,4.09,0.03,0.73,6864.48,2811.788,2023-08-01
000679.SZ,2005-04-08,3.47,3.77,3.44,3.7,3.47,0.23,6.63,13109.31,4721.3929,2023-08-01
000683.SZ,2005-04-08,2.17,2.19,2.13,2.17,2.17,0.0,0.0,7504.13,1620.009,2023-08-01
600673.SH,2005-04-08,7.24,7.28,7.05,7.25,7.24,0.01,0.14,28429.73,20293.605,2023-08-01
600793.SH,2005-04-08,4.83,4.83,4.73,4.83,4.83,0.0,0.0,2866.91,1371.991,2023-08-01
600202.SH,2005-04-08,6.45,6.69,6.38,6.68,6.35,0.33,5.2,10441.56,6844.155,2023-08-01
000800.SZ,2005-04-08,3.33,3.39,3.3,3.39,3.36,0.03,0.89,42939.28,14424.0433,2023-08-01
600515.SH,2005-04-08,2.5,2.66,2.48,2.65,2.65,0.0,0.0,26102.94,6762.996,2023-08-01
600811.SH,2005-04-08,3.55,3.55,3.43,3.53,3.48,0.05,1.44,83521.92,29092.899,2023-08-01
600390.SH,2005-04-08,6.91,7.15,6.91,7.15,6.98,0.17,2.44,3330.84,2352.815,2023-08-01
600617.SH,2005-04-08,2.93,3.09,2.93,3.09,2.94,0.15,5.1,2342.01,708.692,2023-08-01
600393.SH,2005-04-08,5.38,5.47,5.33,5.46,5.4,0.06,1.11,2766.79,1494.243,2023-08-01
000562.SZ,2005-04-08,3.82,3.97,3.75,3.91,3.89,0.02,0.51,138037.44,53255.8458,2023-08-01
600118.SH,2005-04-08,6.37,6.57,6.3,6.48,6.37,0.11,1.73,8752.82,5634.14,2023-08-01
000752.SZ,2005-04-08,5.01,5.2,5.01,5.19,5.07,0.12,2.37,14575.69,7477.187,2023-08-01
600699.SH,2005-04-08,3.34,3.46,3.31,3.42,3.37,0.05,1.48,6101.03,2074.916,2023-08-01
600621.SH,2005-04-08,4.16,4.32,4.14,4.3,4.19,0.11,2.63,10429.57,4432.371,2023-08-01
600560.SH,2005-04-08,5.24,5.35,5.19,5.33,5.24,0.09,1.72,3465.27,1827.168,2023-08-01
600746.SH,2005-04-08,2.85,2.88,2.79,2.84,2.89,-0.05,-1.73,17159.55,4866.718,2023-08-01
600711.SH,2005-04-08,8.5,8.76,8.4,8.74,8.55,0.19,2.22,653.91,564.156,2023-08-01
002024.SZ,2005-04-08,67.2,69.35,66.51,68.5,67.29,1.21,1.8,4490.74,30726.0253,2023-08-01
600729.SH,2005-04-08,5.57,5.64,5.45,5.6,5.55,0.05,0.9,2722.5,1510.364,2023-08-01
600460.SH,2005-04-08,15.3,15.41,14.92,15.0,15.3,-0.3,-1.96,4774.4,7211.62,2023-08-01
600398.SH,2005-04-08,5.16,5.31,5.11,5.31,5.18,0.13,2.51,29925.76,15636.58,2023-08-01
600855.SH,2005-04-08,4.59,4.64,4.49,4.61,4.59,0.02,0.44,22074.85,10050.091,2023-08-01
000858.SZ,2005-04-08,7.28,7.56,7.25,7.55,7.28,0.27,3.71,211240.64,158132.1737,2023-08-01
600887.SH,2005-04-08,13.85,13.96,13.7,13.86,13.8,0.06,0.43,30677.18,42477.858,2023-08-01
600832.SH,2005-04-08,13.48,13.78,13.41,13.71,13.51,0.2,1.48,18279.01,24883.925,2023-08-01
000937.SZ,2005-04-08,14.71,15.2,14.68,15.04,14.78,0.26,1.76,68125.78,101800.5239,2023-08-01
000736.SZ,2005-04-08,2.45,2.45,2.36,2.4,2.45,-0.05,-2.04,4563.8,1093.5893,2023-08-01
600132.SH,2005-04-08,9.32,9.72,9.32,9.7,9.35,0.35,3.74,9649.89,9241.298,2023-08-01
600702.SH,2005-04-08,3.5,3.6,3.45,3.58,3.52,0.06,1.7,8134.44,2878.15,2023-08-01
000422.SZ,2005-04-08,7.47,7.73,7.44,7.7,7.47,0.23,3.08,31342.34,23891.277,2023-08-01
600249.SH,2005-04-08,7.25,7.28,7.18,7.24,7.24,0.0,0.0,5318.87,3836.587,2023-08-01
600219.SH,2005-04-08,6.09,6.2,6.0,6.2,6.08,0.12,1.97,13960.28,8561.603,2023-08-01
000042.SZ,2005-04-08,6.0,6.4,5.94,6.34,5.82,0.52,8.93,43955.94,27806.2427,2023-08-01
600425.SH,2005-04-08,4.2,4.35,4.18,4.33,4.25,0.08,1.88,4076.96,1755.474,2023-08-01
600280.SH,2005-04-08,7.67,7.99,7.58,7.94,7.68,0.26,3.39,2811.57,2195.331,2023-08-01
000712.SZ,2005-04-08,4.0,4.07,3.96,4.05,4.0,0.05,1.25,1362.99,548.7747,2023-08-01
000839.SZ,2005-04-08,9.83,10.14,9.65,10.1,9.83,0.27,2.75,31731.82,31414.1047,2023-08-01
600382.SH,2005-04-08,4.55,4.68,4.51,4.67,4.55,0.12,2.64,2252.99,1038.298,2023-08-01
600590.SH,2005-04-08,6.18,6.27,6.12,6.26,6.24,0.02,0.32,6259.44,3880.046,2023-08-01
600637.SH,2005-04-08,5.5,5.68,5.44,5.65,5.48,0.17,3.1,13399.15,7477.91,2023-08-01
600545.SH,2005-04-08,4.14,4.26,4.12,4.23,4.16,0.07,1.68,4734.93,1991.028,2023-08-01
600530.SH,2005-04-08,5.75,6.18,5.71,6.16,5.77,0.39,6.76,8732.34,5280.133,2023-08-01
000900.SZ,2005-04-08,9.21,9.35,9.16,9.28,9.25,0.03,0.32,12995.95,12063.3277,2023-08-01
600218.SH,2005-04-08,2.73,2.87,2.73,2.84,2.81,0.03,1.07,7495.29,2111.895,2023-08-01
600508.SH,2005-04-08,12.39,12.7,12.35,12.67,12.4,0.27,2.18,26238.49,32841.24,2023-08-01
600456.SH,2005-04-08,7.8,7.95,7.7,7.94,7.83,0.11,1.4,3370.43,2655.788,2023-08-01
000681.SZ,2005-04-08,3.03,3.1,3.0,3.07,3.05,0.02,0.66,3434.5,1044.642,2023-08-01
600778.SH,2005-04-08,3.51,3.59,3.41,3.57,3.53,0.04,1.13,8366.51,2925.302,2023-08-01
600247.SH,2005-04-08,4.2,4.31,4.17,4.29,4.21,0.08,1.9,24103.52,10266.488,2023-08-01
600685.SH,2005-04-08,3.68,3.72,3.62,3.68,3.68,0.0,0.0,14281.65,5230.501,2023-08-01
600981.SH,2005-04-08,4.69,4.79,4.62,4.76,4.7,0.06,1.28,7641.32,3606.679,2023-08-01
600221.SH,2005-04-08,3.13,3.17,3.11,3.15,3.11,0.04,1.29,15652.83,4921.934,2023-08-01
600343.SH,2005-04-08,4.2,4.35,4.17,4.32,4.2,0.12,2.86,13889.3,5931.105,2023-08-01
000570.SZ,2005-04-08,4.24,4.34,4.15,4.27,4.28,-0.01,-0.23,10574.0,4489.2793,2023-08-01
600481.SH,2005-04-08,5.39,5.54,5.39,5.51,5.46,0.05,0.92,7376.49,4034.003,2023-08-01
000729.SZ,2005-04-08,12.0,12.3,12.0,12.3,12.18,0.12,0.99,9689.29,11822.4153,2023-08-01
600608.SH,2005-04-08,5.28,5.59,5.28,5.57,5.28,0.29,5.49,25467.87,13889.398,2023-08-01
600091.SH,2005-04-08,4.75,5.0,4.72,4.93,4.74,0.19,4.01,24112.84,11770.607,2023-08-01
000519.SZ,2005-04-08,6.38,6.45,6.31,6.35,6.39,-0.04,-0.63,2694.63,1727.9692,2023-08-01
600198.SH,2005-04-08,9.35,9.72,9.28,9.71,9.35,0.36,3.85,30578.24,29237.884,2023-08-01
600769.SH,2005-04-08,3.56,3.63,3.5,3.62,3.56,0.06,1.69,3751.05,1342.293,2023-08-01
600077.SH,2005-04-08,3.84,3.86,3.79,3.82,3.86,-0.04,-1.04,4531.35,1727.23,2023-08-01
600528.SH,2005-04-08,4.78,4.84,4.72,4.84,4.78,0.06,1.26,5139.14,2457.679,2023-08-01
600377.SH,2005-04-08,6.28,6.45,6.19,6.42,6.28,0.14,2.23,13774.08,8752.436,2023-08-01
600512.SH,2005-04-08,5.63,5.82,5.6,5.8,5.68,0.12,2.11,3637.58,2090.773,2023-08-01
600566.SH,2005-04-08,4.87,4.93,4.8,4.93,4.85,0.08,1.65,1771.3,863.3,2023-08-01
600647.SH,2005-04-08,8.68,8.96,8.43,8.78,8.55,0.23,2.69,63.75,55.475,2023-08-01
600126.SH,2005-04-08,6.29,6.32,6.21,6.31,6.29,0.02,0.32,7544.7,4734.814,2023-08-01
600467.SH,2005-04-08,7.37,7.5,7.31,7.5,7.39,0.11,1.49,5887.38,4366.302,2023-08-01
000543.SZ,2005-04-08,4.44,4.46,4.37,4.45,4.44,0.01,0.23,7343.22,3252.6575,2023-08-01
600153.SH,2005-04-08,5.28,5.38,5.25,5.38,5.28,0.1,1.89,31420.65,16713.425,2023-08-01
600678.SH,2005-04-08,3.03,3.08,3.0,3.07,3.04,0.03,0.99,1373.73,418.146,2023-08-01
000594.SZ,2005-04-08,3.61,3.68,3.57,3.68,3.63,0.05,1.38,11086.69,4031.4887,2023-08-01
600507.SH,2005-04-08,9.1,9.32,9.09,9.31,9.09,0.22,2.42,14216.14,13104.225,2023-08-01
000426.SZ,2005-04-08,4.25,4.33,4.2,4.31,4.24,0.07,1.65,4327.97,1857.4298,2023-08-01
600389.SH,2005-04-08,5.4,5.55,5.4,5.52,5.43,0.09,1.66,3088.97,1696.337,2023-08-01
000598.SZ,2005-04-08,4.11,4.4,4.11,4.36,4.0,0.36,9.0,44270.0,19044.2298,2023-08-01
000861.SZ,2005-04-08,5.23,5.25,5.15,5.24,5.2,0.04,0.77,12760.9,6636.0223,2023-08-01
600125.SH,2005-04-08,10.15,10.49,10.08,10.45,10.17,0.28,2.75,33235.53,34132.06,2023-08-01
600073.SH,2005-04-08,8.96,9.1,8.73,9.04,8.96,0.08,0.89,30826.76,27406.42,2023-08-01
600296.SH,2005-04-08,4.29,4.64,4.29,4.63,4.25,0.38,8.94,117708.41,52688.367,2023-08-01
000532.SZ,2005-04-08,4.7,4.73,4.56,4.71,4.7,0.01,0.21,46615.45,21689.311,2023-08-01
600448.SH,2005-04-08,2.7,2.79,2.69,2.77,2.7,0.07,2.59,6024.75,1651.028,2023-08-01
000018.SZ,2005-04-08,6.06,6.33,5.85,6.18,6.1,0.08,1.31,12185.92,7463.8653,2023-08-01
600267.SH,2005-04-08,9.55,9.6,9.27,9.58,9.55,0.03,0.31,16270.59,15303.005,2023-08-01
000531.SZ,2005-04-08,6.45,6.58,6.4,6.54,6.52,0.02,0.31,6501.74,4210.3925,2023-08-01
000860.SZ,2005-04-08,5.32,5.36,5.22,5.36,5.25,0.11,2.1,5345.24,2834.3104,2023-08-01
600638.SH,2005-04-08,4.71,4.79,4.66,4.76,4.71,0.05,1.06,9172.72,4343.419,2023-08-01
600392.SH,2005-04-08,10.84,11.99,10.84,11.89,10.9,0.99,9.08,13034.62,15221.167,2023-08-01
600973.SH,2005-04-08,6.22,6.51,6.22,6.5,6.25,0.25,4.0,9905.79,6365.576,2023-08-01
600162.SH,2005-04-08,4.2,4.29,4.09,4.26,4.2,0.06,1.43,18468.83,7714.256,2023-08-01
600501.SH,2005-04-08,7.22,7.22,7.0,7.13,7.29,-0.16,-2.19,640.0,452.665,2023-08-01
600587.SH,2005-04-08,5.7,5.95,5.67,5.84,5.82,0.02,0.34,19825.82,11515.628,2023-08-01
600165.SH,2005-04-08,3.31,3.38,3.27,3.36,3.34,0.02,0.6,5445.52,1812.782,2023-08-01
600540.SH,2005-04-08,4.2,4.37,4.2,4.35,4.2,0.15,3.57,16813.7,7269.998,2023-08-01
000030.SZ,2005-04-08,1.66,1.69,1.63,1.69,1.67,0.02,1.2,7799.14,1299.153,2023-08-01
600817.SH,2005-04-08,9.67,9.88,9.6,9.87,9.66,0.21,2.17,890.9,869.981,2023-08-01
000676.SZ,2005-04-08,18.44,18.55,18.4,18.49,18.47,0.02,0.11,2187.15,4038.1889,2023-08-01
600236.SH,2005-04-08,9.88,10.08,9.8,10.05,9.96,0.09,0.9,7446.83,7431.968,2023-08-01
600688.SH,2005-04-08,4.54,4.75,4.5,4.71,4.54,0.17,3.74,191776.32,88761.708,2023-08-01
000698.SZ,2005-04-08,4.03,4.11,3.97,4.11,4.03,0.08,1.99,5498.76,2224.4504,2023-08-01
600733.SH,2005-04-08,4.72,4.88,4.68,4.87,4.75,0.12,2.53,9162.7,4403.011,2023-08-01
600745.SH,2005-04-08,2.92,2.97,2.88,2.93,2.92,0.01,0.34,15806.39,4616.846,2023-08-01
000968.SZ,2005-04-08,7.53,7.7,7.44,7.66,7.57,0.09,1.19,44827.68,33994.5847,2023-08-01
600780.SH,2005-04-08,3.75,3.84,3.73,3.83,3.72,0.11,2.96,102641.2,38896.61,2023-08-01
600387.SH,2005-04-08,4.53,4.68,4.48,4.65,4.53,0.12,2.65,5997.36,2748.061,2023-08-01
000630.SZ,2005-04-08,5.45,5.62,5.42,5.6,5.44,0.16,2.94,113933.49,63052.7941,2023-08-01
000688.SZ,2005-04-08,3.55,3.68,3.48,3.65,3.56,0.09,2.53,40801.01,14625.0987,2023-08-01
600227.SH,2005-04-08,7.65,7.82,7.59,7.78,7.65,0.13,1.7,6270.97,4834.68,2023-08-01
600275.SH,2005-04-08,2.43,2.46,2.4,2.43,2.43,0.0,0.0,9631.86,2341.744,2023-08-01
000529.SZ,2005-04-08,1.95,1.96,1.91,1.94,1.93,0.01,0.52,43538.29,8423.0726,2023-08-01
000707.SZ,2005-04-08,3.24,3.3,3.2,3.29,3.24,0.05,1.54,10572.89,3437.1366,2023-08-01
000905.SZ,2005-04-08,7.54,7.74,7.54,7.71,7.59,0.12,1.58,14126.1,10836.6259,2023-08-01
600408.SH,2005-04-08,7.77,8.1,7.66,7.96,7.6,0.36,4.74,112359.79,89157.693,2023-08-01
000599.SZ,2005-04-08,2.79,2.85,2.74,2.8,2.8,0.0,0.0,55761.88,15587.7875,2023-08-01
000703.SZ,2005-04-08,3.88,3.98,3.88,3.97,3.9,0.07,1.79,4346.57,1709.7971,2023-08-01
600683.SH,2005-04-08,4.85,4.94,4.78,4.91,4.87,0.04,0.82,8910.5,4330.996,2023-08-01
600648.SH,2005-04-08,6.55,6.84,6.51,6.83,6.55,0.28,4.27,6281.76,4224.777,2023-08-01
000678.SZ,2005-04-08,3.55,3.6,3.52,3.57,3.57,0.0,0.0,4029.0,1435.912,2023-08-01
001696.SZ,2005-04-08,6.96,7.03,6.79,6.92,6.96,-0.04,-0.57,5862.0,4017.781,2023-08-01
600488.SH,2005-04-08,6.66,6.97,6.66,6.93,6.66,0.27,4.05,26641.66,18208.071,2023-08-01
600439.SH,2005-04-08,14.23,14.67,14.2,14.62,14.28,0.34,2.38,3962.04,5745.866,2023-08-01
000817.SZ,2005-04-08,7.28,7.48,7.27,7.43,7.36,0.07,0.95,28448.02,20985.9566,2023-08-01
600375.SH,2005-04-08,4.23,4.29,4.18,4.26,4.19,0.07,1.67,9277.7,3934.996,2023-08-01
600322.SH,2005-04-08,3.51,3.62,3.5,3.6,3.55,0.05,1.41,7680.67,2745.122,2023-08-01
600877.SH,2005-04-08,2.8,2.96,2.77,2.92,2.78,0.14,5.04,10880.88,3115.635,2023-08-01
600843.SH,2005-04-08,5.76,6.09,5.45,5.84,5.78,0.06,1.04,4292.24,2495.032,2023-08-01
000428.SZ,2005-04-08,5.26,5.39,5.15,5.39,5.26,0.13,2.47,5018.32,2657.8445,2023-08-01
600036.SH,2005-04-08,9.12,9.26,9.0,9.25,9.15,0.1,1.09,194431.07,177997.137,2023-08-01
600340.SH,2005-04-08,5.06,5.12,4.96,5.11,5.08,0.03,0.59,6388.18,3214.605,2023-08-01
600874.SH,2005-04-08,4.56,4.72,4.48,4.7,4.59,0.11,2.4,38802.97,17963.392,2023-08-01
002022.SZ,2005-04-08,12.37,12.89,12.3,12.79,12.33,0.46,3.73,7303.59,9279.581,2023-08-01
600242.SH,2005-04-08,2.66,2.7,2.63,2.7,2.67,0.03,1.12,7009.29,1871.674,2023-08-01
000798.SZ,2005-04-08,3.54,3.67,3.48,3.66,3.53,0.13,3.68,4322.91,1550.0663,2023-08-01
600853.SH,2005-04-08,2.86,2.92,2.83,2.88,2.86,0.02,0.7,23246.49,6678.824,2023-08-01
600096.SH,2005-04-08,10.38,10.68,10.28,10.59,10.41,0.18,1.73,24642.63,26062.627,2023-08-01
600396.SH,2005-04-08,4.88,5.15,4.88,5.04,4.93,0.11,2.23,6646.0,3354.256,2023-08-01
600714.SH,2005-04-08,6.37,6.51,6.25,6.44,6.36,0.08,1.26,9005.03,5767.582,2023-08-01
000921.SZ,2005-04-08,3.63,3.74,3.63,3.73,3.64,0.09,2.47,10273.59,3780.9808,2023-08-01
600700.SH,2005-04-08,0.85,0.86,0.83,0.84,0.87,-0.03,-3.45,33278.63,2778.309,2023-08-01
000791.SZ,2005-04-08,2.53,2.7,2.5,2.65,2.54,0.11,4.33,40476.4,10626.777,2023-08-01
000701.SZ,2005-04-08,5.85,6.04,5.85,6.03,5.89,0.14,2.38,6978.76,4163.5733,2023-08-01
600449.SH,2005-04-08,6.03,6.3,6.0,6.29,6.05,0.24,3.97,12260.48,7542.671,2023-08-01
600498.SH,2005-04-08,8.15,8.29,8.06,8.27,8.16,0.11,1.35,7139.66,5851.014,2023-08-01
600986.SH,2005-04-08,5.4,5.65,5.38,5.64,5.39,0.25,4.64,8926.91,4929.581,2023-08-01
600792.SH,2005-04-08,8.22,8.49,8.18,8.48,8.22,0.26,3.16,4542.26,3812.111,2023-08-01
600604.SH,2005-04-08,3.62,3.88,3.61,3.73,3.63,0.1,2.75,5783.01,2157.644,2023-08-01
000826.SZ,2005-04-08,4.06,4.21,4.03,4.17,4.07,0.1,2.46,26124.44,10712.3372,2023-08-01
600640.SH,2005-04-08,4.92,5.15,4.81,5.12,4.92,0.2,4.07,8219.52,4124.349,2023-08-01
000708.SZ,2005-04-08,4.32,4.43,4.22,4.41,4.33,0.08,1.85,33509.44,14572.207,2023-08-01
600801.SH,2005-04-08,6.06,6.14,5.95,6.09,6.08,0.01,0.16,7876.42,4735.659,2023-08-01
000693.SZ,2005-04-08,7.5,7.75,7.45,7.7,7.6,0.1,1.32,15784.55,12034.9368,2023-08-01
600775.SH,2005-04-08,3.87,4.03,3.85,3.96,3.93,0.03,0.76,15514.79,6138.586,2023-08-01
600452.SH,2005-04-08,5.06,5.13,5.01,5.11,5.08,0.03,0.59,8831.27,4486.284,2023-08-01
000607.SZ,2005-04-08,4.78,4.82,4.63,4.8,4.68,0.12,2.56,89756.17,42603.614,2023-08-01
000789.SZ,2005-04-08,3.51,3.55,3.41,3.53,3.55,-0.02,-0.56,29738.85,10343.6769,2023-08-01
600818.SH,2005-04-08,6.15,6.32,6.1,6.23,6.29,-0.06,-0.95,3146.5,1956.171,2023-08-01
600859.SH,2005-04-08,4.58,4.72,4.57,4.68,4.57,0.11,2.41,5710.2,2665.941,2023-08-01
600643.SH,2005-04-08,6.28,6.41,6.16,6.4,6.28,0.12,1.91,47499.42,30038.704,2023-08-01
600000.SH,2005-04-08,7.4,7.58,7.32,7.52,7.4,0.12,1.62,99440.3,74082.481,2023-08-01
000661.SZ,2005-04-08,4.93,5.1,4.92,5.07,4.92,0.15,3.05,12852.36,6484.453,2023-08-01
000059.SZ,2005-04-08,4.83,4.85,4.72,4.81,4.81,0.0,0.0,18378.41,8798.724,2023-08-01
000045.SZ,2005-04-08,6.49,6.88,6.31,6.66,6.27,0.39,6.22,64432.94,42528.0468,2023-08-01
000411.SZ,2005-04-08,5.16,5.16,5.01,5.12,5.1,0.02,0.39,308.0,155.683,2023-08-01
600277.SH,2005-04-08,5.41,5.5,5.4,5.48,5.42,0.06,1.11,2533.05,1385.62,2023-08-01
600821.SH,2005-04-08,3.11,3.15,3.05,3.13,3.14,-0.01,-0.32,14804.84,4589.704,2023-08-01
600438.SH,2005-04-08,7.55,7.69,7.45,7.63,7.54,0.09,1.19,4920.28,3719.442,2023-08-01
600217.SH,2005-04-08,2.7,2.81,2.65,2.8,2.7,0.1,3.7,85875.74,23586.718,2023-08-01
600861.SH,2005-04-08,4.15,4.18,4.09,4.16,4.14,0.02,0.48,6726.83,2782.419,2023-08-01
600715.SH,2005-04-08,1.65,1.71,1.65,1.71,1.69,0.02,1.18,12713.14,2139.934,2023-08-01
600083.SH,2005-04-08,2.58,2.61,2.55,2.59,2.58,0.01,0.39,2779.36,719.194,2023-08-01
000613.SZ,2005-04-08,1.69,1.73,1.68,1.7,1.71,-0.01,-0.58,3041.21,517.9874,2023-08-01
600642.SH,2005-04-08,6.6,6.83,6.54,6.82,6.58,0.24,3.65,57585.47,38543.655,2023-08-01
000848.SZ,2005-04-08,4.54,4.64,4.53,4.63,4.54,0.09,1.98,3606.09,1656.1958,2023-08-01
000993.SZ,2005-04-08,2.85,3.0,2.82,2.97,2.87,0.1,3.48,9759.74,2847.0449,2023-08-01
000670.SZ,2005-04-08,3.0,3.14,3.0,3.07,2.99,0.08,2.68,47846.1,14695.3056,2023-08-01
000429.SZ,2005-04-08,5.79,5.92,5.77,5.89,5.81,0.08,1.38,20606.32,12121.9624,2023-08-01
000616.SZ,2005-04-08,5.29,5.37,5.2,5.34,5.31,0.03,0.57,12980.32,6862.2021,2023-08-01
600651.SH,2005-04-08,7.98,8.27,7.8,8.09,7.98,0.11,1.38,49316.45,39747.82,2023-08-01
600200.SH,2005-04-08,9.88,10.09,9.84,10.06,9.9,0.16,1.62,4190.01,4167.182,2023-08-01
000014.SZ,2005-04-08,5.17,5.4,5.17,5.27,5.16,0.11,2.13,9115.58,4832.2876,2023-08-01
600734.SH,2005-04-08,2.79,2.84,2.75,2.83,2.81,0.02,0.71,11686.84,3265.383,2023-08-01
600691.SH,2005-04-08,2.92,2.99,2.92,2.94,2.94,0.0,0.0,2253.5,664.774,2023-08-01
600607.SH,2005-04-08,5.45,5.53,5.36,5.52,5.42,0.1,1.85,3825.8,2085.326,2023-08-01
600383.SH,2005-04-08,9.72,9.98,9.59,9.92,9.73,0.19,1.95,17124.45,16707.553,2023-08-01
600033.SH,2005-04-08,8.48,8.67,8.45,8.63,8.5,0.13,1.53,12091.47,10395.084,2023-08-01
600299.SH,2005-04-08,8.16,8.29,8.12,8.26,8.15,0.11,1.35,14063.53,11512.499,2023-08-01
000732.SZ,2005-04-08,2.54,2.57,2.5,2.57,2.54,0.03,1.18,5622.84,1426.6707,2023-08-01
600844.SH,2005-04-08,1.86,1.89,1.81,1.81,1.91,-0.1,-5.24,12223.5,2228.697,2023-08-01
000551.SZ,2005-04-08,5.02,5.1,4.94,5.05,5.01,0.04,0.8,8148.91,4094.8169,2023-08-01
600418.SH,2005-04-08,6.12,6.36,6.05,6.35,6.12,0.23,3.76,35860.09,22474.978,2023-08-01
000899.SZ,2005-04-08,3.3,3.33,3.25,3.32,3.3,0.02,0.61,8321.34,2736.3875,2023-08-01
000828.SZ,2005-04-08,4.88,5.0,4.81,4.99,4.88,0.11,2.25,58794.69,29092.5064,2023-08-01
600151.SH,2005-04-08,4.5,4.69,4.5,4.68,4.61,0.07,1.52,13356.31,6202.392,2023-08-01
600246.SH,2005-04-08,8.52,8.62,8.38,8.59,8.5,0.09,1.06,2606.1,2217.42,2023-08-01
000581.SZ,2005-04-08,11.92,12.2,11.75,12.1,11.84,0.26,2.2,7617.07,9157.5808,2023-08-01
000055.SZ,2005-04-08,7.2,7.39,7.08,7.38,7.25,0.13,1.79,23140.07,16779.8249,2023-08-01
600873.SH,2005-04-08,3.69,3.75,3.61,3.73,3.7,0.03,0.81,5871.41,2164.279,2023-08-01
000869.SZ,2005-04-08,17.3,17.59,17.3,17.45,17.37,0.08,0.46,2234.51,3892.8362,2023-08-01
600062.SH,2005-04-08,4.35,4.54,4.26,4.43,4.3,0.13,3.02,104084.47,45787.077,2023-08-01
600529.SH,2005-04-08,8.91,9.18,8.86,9.16,8.95,0.21,2.35,6516.97,5920.841,2023-08-01
600595.SH,2005-04-08,4.83,4.97,4.82,4.94,4.86,0.08,1.65,15435.45,7576.385,2023-08-01
000417.SZ,2005-04-08,3.75,3.82,3.72,3.8,3.75,0.05,1.33,4887.25,1849.3893,2023-08-01
600356.SH,2005-04-08,7.2,7.48,7.2,7.47,7.29,0.18,2.47,7617.16,5619.774,2023-08-01
600406.SH,2005-04-08,14.11,14.21,14.0,14.19,14.19,0.0,0.0,4624.27,6555.286,2023-08-01
000021.SZ,2005-04-08,7.35,7.89,7.31,7.84,7.4,0.44,5.95,32037.37,24123.1916,2023-08-01
000960.SZ,2005-04-08,7.53,7.76,7.5,7.7,7.52,0.18,2.39,47801.8,36604.2434,2023-08-01
000716.SZ,2005-04-08,3.83,3.86,3.72,3.82,3.79,0.03,0.79,16980.09,6424.3231,2023-08-01
600889.SH,2005-04-08,4.08,4.2,4.05,4.19,4.1,0.09,2.2,7330.14,3038.65,2023-08-01
600115.SH,2005-04-08,3.14,3.23,3.14,3.22,3.16,0.06,1.9,37728.62,12031.486,2023-08-01
000655.SZ,2005-04-08,2.38,2.48,2.37,2.44,2.4,0.04,1.67,14686.05,3548.512,2023-08-01
600773.SH,2005-04-08,2.94,3.06,2.9,3.0,2.9,0.1,3.45,44390.22,13203.644,2023-08-01
600985.SH,2005-04-08,7.08,7.21,7.06,7.2,7.02,0.18,2.56,21579.71,15374.22,2023-08-01
600705.SH,2005-04-08,2.22,2.29,2.2,2.27,2.23,0.04,1.79,51573.73,11606.13,2023-08-01
000809.SZ,2005-04-08,4.45,4.62,4.32,4.57,4.49,0.08,1.78,5270.19,2354.9158,2023-08-01
600188.SH,2005-04-08,12.47,12.8,12.45,12.79,12.5,0.29,2.32,11559.79,14685.097,2023-08-01
000929.SZ,2005-04-08,3.29,3.4,3.28,3.39,3.3,0.09,2.73,6191.15,2078.8972,2023-08-01
600352.SH,2005-04-08,8.45,8.51,8.25,8.49,8.37,0.12,1.43,23113.26,19419.382,2023-08-01
600409.SH,2005-04-08,5.53,5.65,5.52,5.64,5.57,0.07,1.26,12611.71,7062.713,2023-08-01
000723.SZ,2005-04-08,6.48,6.52,6.3,6.5,6.44,0.06,0.93,10312.85,6617.3189,2023-08-01
600008.SH,2005-04-08,8.8,8.95,8.63,8.95,8.14,0.81,9.95,132041.56,117999.441,2023-08-01
000885.SZ,2005-04-08,2.6,2.62,2.55,2.6,2.62,-0.02,-0.76,7687.35,1985.2112,2023-08-01
000887.SZ,2005-04-08,2.26,2.33,2.24,2.31,2.28,0.03,1.32,12722.81,2907.9588,2023-08-01
000639.SZ,2005-04-08,16.55,16.7,16.5,16.58,16.65,-0.07,-0.42,3175.0,5242.6568,2023-08-01
600808.SH,2005-04-08,3.46,3.5,3.43,3.49,3.46,0.03,0.87,50739.4,17602.453,2023-08-01
002020.SZ,2005-04-08,9.61,9.78,9.41,9.72,9.56,0.16,1.67,5770.31,5544.6321,2023-08-01
600370.SH,2005-04-08,6.05,6.15,6.0,6.14,6.06,0.08,1.32,4943.85,3001.978,2023-08-01
600496.SH,2005-04-08,6.1,6.15,5.97,6.15,6.1,0.05,0.82,4306.0,2611.536,2023-08-01
600823.SH,2005-04-08,4.68,4.77,4.62,4.75,4.66,0.09,1.93,29218.89,13717.393,2023-08-01
000686.SZ,2005-04-08,5.24,5.37,5.16,5.31,5.28,0.03,0.57,35099.54,18455.2257,2023-08-01
000005.SZ,2005-04-08,2.08,2.09,2.03,2.06,2.08,-0.02,-0.96,26766.99,5517.6401,2023-08-01
000802.SZ,2005-04-08,3.89,3.89,3.73,3.83,3.79,0.04,1.06,3251.0,1232.339,2023-08-01
600251.SH,2005-04-08,4.3,4.5,4.29,4.44,4.26,0.18,4.23,34865.32,15424.905,2023-08-01
000533.SZ,2005-04-08,2.83,2.98,2.81,2.95,2.83,0.12,4.24,19382.57,5630.0448,2023-08-01
600289.SH,2005-04-08,10.22,10.57,10.12,10.51,10.22,0.29,2.84,42943.18,44652.979,2023-08-01
600819.SH,2005-04-08,5.87,5.95,5.84,5.9,5.91,-0.01,-0.17,7425.0,4363.799,2023-08-01
000403.SZ,2005-04-08,4.58,4.64,4.41,4.57,4.6,-0.03,-0.65,33916.3,15313.1659,2023-08-01
000576.SZ,2005-04-08,3.45,3.45,3.3,3.38,3.47,-0.09,-2.59,31342.03,10544.1373,2023-08-01
000545.SZ,2005-04-08,3.71,3.87,3.7,3.87,3.76,0.11,2.93,6085.26,2316.7148,2023-08-01
600789.SH,2005-04-08,2.89,3.03,2.84,2.98,2.84,0.14,4.93,74423.01,21826.956,2023-08-01
600712.SH,2005-04-08,3.41,3.44,3.36,3.43,3.44,-0.01,-0.29,2339.49,797.993,2023-08-01
600148.SH,2005-04-08,4.06,4.18,4.05,4.16,4.06,0.1,2.46,1714.33,710.01,2023-08-01
600795.SH,2005-04-08,5.9,6.0,5.7,5.96,5.9,0.06,1.02,55618.48,32511.996,2023-08-01
600784.SH,2005-04-08,3.22,3.32,3.19,3.3,3.24,0.06,1.85,9779.2,3184.728,2023-08-01
600081.SH,2005-04-08,4.18,4.33,4.13,4.3,4.17,0.13,3.12,20039.37,8525.938,2023-08-01
600320.SH,2005-04-08,13.41,14.05,13.16,14.0,13.38,0.62,4.63,92500.55,126019.846,2023-08-01
600158.SH,2005-04-08,7.2,7.28,7.15,7.26,7.21,0.05,0.69,5541.08,3996.017,2023-08-01
600114.SH,2005-04-08,11.8,11.85,11.52,11.78,11.78,0.0,0.0,20666.71,24115.836,2023-08-01
600499.SH,2005-04-08,8.78,8.99,8.73,8.97,8.82,0.15,1.7,4914.55,4366.496,2023-08-01
600634.SH,2005-04-08,4.35,4.5,4.28,4.43,4.35,0.08,1.84,7508.0,3313.176,2023-08-01
000918.SZ,2005-04-08,2.64,2.77,2.6,2.7,2.64,0.06,2.27,19636.75,5275.5729,2023-08-01
600030.SH,2005-04-08,5.1,5.18,4.98,5.16,5.11,0.05,0.98,105763.36,53835.635,2023-08-01
600518.SH,2005-04-08,10.7,10.99,10.61,10.98,10.71,0.27,2.52,1311.4,1418.933,2023-08-01
000719.SZ,2005-04-08,3.35,3.45,3.32,3.44,3.37,0.07,2.08,4475.98,1510.954,2023-08-01
600319.SH,2005-04-08,4.38,4.51,4.32,4.51,4.39,0.12,2.73,4341.97,1922.564,2023-08-01
600728.SH,2005-04-08,3.64,3.72,3.59,3.69,3.67,0.02,0.55,22956.59,8391.359,2023-08-01
600482.SH,2005-04-08,5.13,5.26,5.08,5.25,5.17,0.08,1.55,41698.41,21612.324,2023-08-01
600551.SH,2005-04-08,6.41,6.64,6.36,6.61,6.42,0.19,2.96,4624.76,3009.629,2023-08-01
600667.SH,2005-04-08,3.0,3.07,3.0,3.05,2.99,0.06,2.01,9380.57,2851.893,2023-08-01
600486.SH,2005-04-08,6.9,7.16,6.9,7.13,6.94,0.19,2.74,3108.98,2183.509,2023-08-01
000603.SZ,2005-04-08,3.55,3.66,3.52,3.66,3.59,0.07,1.95,710.0,255.52,2023-08-01
000881.SZ,2005-04-08,3.75,3.82,3.71,3.82,3.76,0.06,1.6,4155.51,1567.2554,2023-08-01
600016.SH,2005-04-08,5.79,5.97,5.76,5.95,5.8,0.15,2.59,171016.51,100455.427,2023-08-01
600180.SH,2005-04-08,4.69,4.8,4.63,4.8,4.69,0.11,2.35,22290.05,10547.811,2023-08-01
002033.SZ,2005-04-08,11.0,11.15,10.78,11.12,11.03,0.09,0.82,7854.43,8613.9373,2023-08-01
600468.SH,2005-04-08,5.7,5.96,5.58,5.85,5.76,0.09,1.56,29756.01,17208.018,2023-08-01
000699.SZ,2005-04-08,1.71,1.79,1.69,1.76,1.75,0.01,0.57,94776.5,16436.285,2023-08-01
600359.SH,2005-04-08,5.04,5.14,4.98,5.13,5.0,0.13,2.6,17962.9,9137.283,2023-08-01
600100.SH,2005-04-08,11.02,11.18,10.9,11.18,11.02,0.16,1.45,22658.56,25152.564,2023-08-01
600310.SH,2005-04-08,7.33,7.45,7.21,7.42,7.4,0.02,0.27,7087.79,5195.789,2023-08-01
000406.SZ,2005-04-08,5.54,5.64,5.47,5.62,5.57,0.05,0.9,25501.57,14189.5461,2023-08-01
000862.SZ,2005-04-08,2.26,2.3,2.22,2.29,2.26,0.03,1.33,19805.93,4490.2364,2023-08-01
000815.SZ,2005-04-08,6.13,6.25,6.07,6.24,6.13,0.11,1.79,4575.64,2821.2386,2023-08-01
600139.SH,2005-04-08,5.1,5.14,5.0,5.13,5.07,0.06,1.18,4638.19,2347.072,2023-08-01
000611.SZ,2005-04-08,4.28,4.42,4.25,4.4,4.31,0.09,2.09,19076.21,8271.8113,2023-08-01
600704.SH,2005-04-08,3.84,3.91,3.82,3.9,3.84,0.06,1.56,6027.54,2323.278,2023-08-01
600845.SH,2005-04-08,12.03,12.15,11.86,12.08,12.0,0.08,0.67,931.59,1118.696,2023-08-01
600105.SH,2005-04-08,4.92,5.3,4.92,5.3,4.82,0.48,9.96,28691.8,14761.851,2023-08-01
600078.SH,2005-04-08,5.22,5.32,5.18,5.31,5.21,0.1,1.92,17585.83,9241.585,2023-08-01
600743.SH,2005-04-08,1.9,1.93,1.9,1.93,1.92,0.01,0.52,2315.8,443.876,2023-08-01
600120.SH,2005-04-08,3.02,3.09,2.99,3.08,3.02,0.06,1.99,14231.97,4328.895,2023-08-01
000505.SZ,2005-04-08,1.88,1.92,1.85,1.91,1.89,0.02,1.06,4882.69,921.67,2023-08-01
000002.SZ,2005-04-08,5.82,5.85,5.7,5.83,5.82,0.01,0.17,158015.78,91216.0085,2023-08-01
000535.SZ,2005-04-08,0.81,0.82,0.81,0.81,0.85,-0.04,-4.71,22279.0,1804.653,2023-08-01
600879.SH,2005-04-08,9.48,9.57,9.32,9.56,9.46,0.1,1.06,15163.6,14403.423,2023-08-01
600461.SH,2005-04-08,5.43,5.58,5.37,5.55,5.37,0.18,3.35,9928.73,5457.752,2023-08-01
000812.SZ,2005-04-08,4.02,4.07,3.88,4.05,4.02,0.03,0.75,13263.7,5259.4839,2023-08-01
600010.SH,2005-04-08,4.22,4.26,4.17,4.25,4.22,0.03,0.71,18608.19,7844.767,2023-08-01
000967.SZ,2005-04-08,4.08,4.15,4.02,4.13,4.06,0.07,1.72,2204.54,902.6061,2023-08-01
600301.SH,2005-04-08,6.7,6.88,6.58,6.83,6.72,0.11,1.64,5629.71,3804.009,2023-08-01
600066.SH,2005-04-08,9.8,9.94,9.61,9.84,9.88,-0.04,-0.4,9919.46,9774.5,2023-08-01
600228.SH,2005-04-08,3.6,3.71,3.52,3.67,3.6,0.07,1.94,14317.74,5223.585,2023-08-01
000711.SZ,2005-04-08,4.27,4.4,4.23,4.37,4.27,0.1,2.34,4326.72,1863.945,2023-08-01
600538.SH,2005-04-08,7.28,7.46,7.26,7.42,7.34,0.08,1.09,4014.05,2961.978,2023-08-01
600597.SH,2005-04-08,5.88,6.05,5.75,5.85,5.69,0.16,2.81,159584.05,93822.938,2023-08-01
600279.SH,2005-04-08,6.02,6.21,5.94,6.21,6.02,0.19,3.16,23000.74,14102.934,2023-08-01
600869.SH,2005-04-08,3.89,4.06,3.89,3.96,3.89,0.07,1.8,1904.17,759.919,2023-08-01
000155.SZ,2005-04-08,4.6,4.67,4.54,4.67,4.6,0.07,1.52,12915.92,5968.8071,2023-08-01
600822.SH,2005-04-08,7.11,7.45,6.8,7.33,7.17,0.16,2.23,1893.74,1356.65,2023-08-01
600736.SH,2005-04-08,5.11,5.35,5.09,5.34,5.23,0.11,2.1,9655.87,5094.33,2023-08-01
000833.SZ,2005-04-08,4.3,4.38,4.25,4.36,4.34,0.02,0.46,9882.27,4271.9196,2023-08-01
002023.SZ,2005-04-08,16.2,16.92,16.15,16.83,16.22,0.61,3.76,6382.75,10648.3832,2023-08-01
600655.SH,2005-04-08,4.61,4.7,4.56,4.69,4.6,0.09,1.96,4926.76,2285.693,2023-08-01
000606.SZ,2005-04-08,3.4,3.48,3.38,3.48,3.44,0.04,1.16,12020.81,4132.3436,2023-08-01
600601.SH,2005-04-08,4.68,4.98,4.61,4.87,4.68,0.19,4.06,190331.21,91778.691,2023-08-01
000001.SZ,2005-04-08,6.29,6.79,6.18,6.79,6.17,0.62,10.05,497164.01,320033.4273,2023-08-01
000756.SZ,2005-04-08,3.2,3.3,3.15,3.27,3.19,0.08,2.51,6760.72,2197.8169,2023-08-01
000936.SZ,2005-04-08,3.8,4.03,3.8,4.02,3.94,0.08,2.03,9258.2,3658.0825,2023-08-01
000527.SZ,2005-04-08,7.42,7.48,7.23,7.44,7.35,0.09,1.22,21418.17,15669.0727,2023-08-01
600656.SH,2005-04-08,4.02,4.18,3.99,4.13,4.02,0.11,2.74,29925.88,12213.322,2023-08-01
600336.SH,2005-04-08,4.2,4.28,4.18,4.27,4.19,0.08,1.91,2779.05,1174.664,2023-08-01
000912.SZ,2005-04-08,7.22,7.45,7.21,7.38,7.24,0.14,1.93,49837.8,36784.43,2023-08-01
600006.SH,2005-04-08,2.83,2.85,2.77,2.83,2.82,0.01,0.35,28647.46,8048.334,2023-08-01
600111.SH,2005-04-08,5.7,5.8,5.65,5.78,5.65,0.13,2.3,7446.89,4273.157,2023-08-01
600771.SH,2005-04-08,5.64,5.91,5.53,5.69,5.66,0.03,0.53,2994.37,1712.561,2023-08-01
000408.SZ,2005-04-08,3.33,3.43,3.28,3.42,3.35,0.07,2.09,6369.1,2130.5752,2023-08-01
002036.SZ,2005-04-08,6.35,6.53,6.33,6.5,6.39,0.11,1.72,4475.3,2888.6145,2023-08-01
000961.SZ,2005-04-08,3.4,3.43,3.32,3.42,3.37,0.05,1.48,3675.06,1248.16,2023-08-01
600405.SH,2005-04-08,7.04,7.44,6.98,7.42,7.04,0.38,5.4,5614.62,4061.183,2023-08-01
600141.SH,2005-04-08,5.81,5.83,5.66,5.79,5.8,-0.01,-0.17,8744.55,5019.018,2023-08-01
600616.SH,2005-04-08,10.37,10.49,10.28,10.44,10.39,0.05,0.48,29197.82,30294.058,2023-08-01
600730.SH,2005-04-08,5.14,5.17,5.07,5.16,5.14,0.02,0.39,5945.68,3038.644,2023-08-01
600223.SH,2005-04-08,3.39,3.4,3.3,3.4,3.35,0.05,1.49,9651.9,3235.387,2023-08-01
600060.SH,2005-04-08,4.82,5.05,4.79,5.04,4.82,0.22,4.56,16540.88,8136.116,2023-08-01
000920.SZ,2005-04-08,6.0,6.1,5.91,6.08,6.0,0.08,1.33,64125.34,38517.6554,2023-08-01
600138.SH,2005-04-08,6.37,6.42,6.2,6.37,6.37,0.0,0.0,17738.46,11202.623,2023-08-01
600466.SH,2005-04-08,5.04,5.13,4.97,5.11,5.04,0.07,1.39,2653.18,1345.932,2023-08-01
000892.SZ,2005-04-08,4.11,4.24,4.07,4.23,4.1,0.13,3.17,35272.45,14672.1748,2023-08-01
600976.SH,2005-04-08,9.43,9.69,9.38,9.69,9.46,0.23,2.43,3359.28,3206.869,2023-08-01
000755.SZ,2005-04-08,5.66,6.06,5.62,6.02,5.67,0.35,6.17,80505.43,47376.8032,2023-08-01
000623.SZ,2005-04-08,5.8,5.85,5.73,5.85,5.83,0.02,0.34,15080.83,8745.2634,2023-08-01
600181.SH,2005-04-08,2.97,2.97,2.85,2.96,2.97,-0.01,-0.34,25459.09,7442.647,2023-08-01
000665.SZ,2005-04-08,3.59,3.7,3.56,3.68,3.63,0.05,1.38,2107.02,769.7171,2023-08-01
000046.SZ,2005-04-08,4.05,4.23,4.05,4.21,4.06,0.15,3.69,22254.25,9238.3609,2023-08-01
600167.SH,2005-04-08,4.49,4.59,4.42,4.58,4.52,0.06,1.33,13047.23,5894.762,2023-08-01
000546.SZ,2005-04-08,2.41,2.41,2.35,2.39,2.41,-0.02,-0.83,6889.0,1642.288,2023-08-01
600978.SH,2005-04-08,6.03,6.14,5.95,6.11,6.03,0.08,1.33,7956.41,4827.427,2023-08-01
600882.SH,2005-04-08,3.17,3.25,3.13,3.22,3.17,0.05,1.58,3512.29,1119.13,2023-08-01
600022.SH,2005-04-08,5.65,5.7,5.58,5.69,5.65,0.04,0.71,25023.98,14116.092,2023-08-01
002029.SZ,2005-04-08,8.85,9.05,8.68,8.93,8.87,0.06,0.68,14276.09,12678.2847,2023-08-01
600129.SH,2005-04-08,5.28,5.58,5.2,5.58,5.28,0.3,5.68,34790.97,19012.214,2023-08-01
000568.SZ,2005-04-08,3.7,3.87,3.7,3.81,3.72,0.09,2.42,15735.29,5933.6344,2023-08-01
000526.SZ,2005-04-08,4.42,4.49,4.28,4.45,4.38,0.07,1.6,5777.3,2535.4342,2023-08-01
000548.SZ,2005-04-08,3.21,3.32,3.2,3.3,3.24,0.06,1.85,5533.89,1810.1297,2023-08-01
000715.SZ,2005-04-08,4.72,4.95,4.7,4.93,4.76,0.17,3.57,5742.13,2794.175,2023-08-01
600497.SH,2005-04-08,10.48,10.79,10.43,10.74,10.48,0.26,2.48,19751.74,21126.998,2023-08-01
600470.SH,2005-04-08,7.22,7.4,7.11,7.35,7.22,0.13,1.8,38248.16,27741.205,2023-08-01
600371.SH,2005-04-08,4.35,4.54,4.3,4.43,4.35,0.08,1.84,40378.13,17877.756,2023-08-01
000685.SZ,2005-04-08,3.55,3.66,3.51,3.64,3.53,0.11,3.12,7566.12,2724.5173,2023-08-01
000890.SZ,2005-04-08,3.48,3.68,3.45,3.65,3.48,0.17,4.89,25124.34,9027.949,2023-08-01
000898.SZ,2005-04-08,5.22,5.31,5.15,5.25,5.22,0.03,0.57,76444.64,39923.2249,2023-08-01
600363.SH,2005-04-08,4.89,5.06,4.8,5.03,4.89,0.14,2.86,8813.29,4346.396,2023-08-01
002005.SZ,2005-04-08,11.6,11.82,11.5,11.75,11.6,0.15,1.29,5212.3,6081.385,2023-08-01
000807.SZ,2005-04-08,4.03,4.18,4.01,4.17,4.03,0.14,3.47,20475.8,8456.637,2023-08-01
600166.SH,2005-04-08,4.33,4.42,4.21,4.4,4.35,0.05,1.15,31788.28,13713.072,2023-08-01
000662.SZ,2005-04-08,13.36,13.36,13.08,13.34,13.42,-0.08,-0.6,4703.12,6212.1962,2023-08-01
600131.SH,2005-04-08,3.8,3.84,3.76,3.81,3.82,-0.01,-0.26,5018.01,1907.95,2023-08-01
600238.SH,2005-04-08,3.96,4.18,3.93,4.14,3.99,0.15,3.76,14796.98,6071.591,2023-08-01
600666.SH,2005-04-08,4.23,4.44,4.1,4.26,4.21,0.05,1.19,15280.52,6511.194,2023-08-01
000088.SZ,2005-04-08,14.35,14.58,14.16,14.53,14.34,0.19,1.33,47944.52,68811.9673,2023-08-01
600635.SH,2005-04-08,4.07,4.19,4.05,4.18,4.06,0.12,2.96,14921.74,6152.88,2023-08-01
000609.SZ,2005-04-08,6.1,6.35,6.1,6.29,6.33,-0.04,-0.63,2209.71,1383.9076,2023-08-01
600020.SH,2005-04-08,8.05,8.16,8.0,8.15,8.04,0.11,1.37,27478.24,22235.241,2023-08-01
600090.SH,2005-04-08,3.44,3.55,3.44,3.5,3.52,-0.02,-0.57,10347.8,3591.438,2023-08-01
600561.SH,2005-04-08,6.39,6.46,6.16,6.4,6.34,0.06,0.95,23612.0,15084.794,2023-08-01
600967.SH,2005-04-08,4.66,4.72,4.58,4.72,4.64,0.08,1.72,5457.04,2548.771,2023-08-01
600982.SH,2005-04-08,4.67,4.74,4.61,4.74,4.65,0.09,1.94,5424.42,2537.398,2023-08-01
000524.SZ,2005-04-08,3.26,3.36,3.22,3.32,3.27,0.05,1.53,10890.29,3576.8145,2023-08-01
600199.SH,2005-04-08,2.35,2.49,2.32,2.43,2.35,0.08,3.4,17581.1,4219.873,2023-08-01
600721.SH,2005-04-08,3.78,3.9,3.68,3.88,3.8,0.08,2.11,12429.32,4710.471,2023-08-01
000831.SZ,2005-04-08,3.39,3.59,3.35,3.58,3.39,0.19,5.6,22140.06,7777.4749,2023-08-01
600291.SH,2005-04-08,5.8,5.88,5.62,5.88,5.8,0.08,1.38,2581.93,1496.642,2023-08-01
600798.SH,2005-04-08,4.56,4.7,4.52,4.67,4.55,0.12,2.64,7721.2,3573.622,2023-08-01
600776.SH,2005-04-08,4.31,4.39,4.3,4.37,4.29,0.08,1.86,12474.0,5432.631,2023-08-01
000584.SZ,2005-04-08,4.4,4.4,4.32,4.36,4.42,-0.06,-1.36,2977.0,1295.6124,2023-08-01
000557.SZ,2005-04-08,1.04,1.05,1.01,1.04,1.05,-0.01,-0.95,46517.12,4819.4981,2023-08-01
002019.SZ,2005-04-08,14.4,15.95,14.15,15.95,14.5,1.45,10.0,32086.01,50376.5468,2023-08-01
600609.SH,2005-04-08,2.13,2.17,2.1,2.17,2.13,0.04,1.88,31984.25,6844.741,2023-08-01
002016.SZ,2005-04-08,7.5,7.63,7.36,7.6,7.45,0.15,2.01,4732.28,3558.9722,2023-08-01
600610.SH,2005-04-08,4.75,4.79,4.4,4.75,4.72,0.03,0.64,11586.52,5443.036,2023-08-01
000836.SZ,2005-04-08,5.3,5.39,5.22,5.39,5.33,0.06,1.13,6316.18,3358.168,2023-08-01
600740.SH,2005-04-08,12.24,12.5,12.17,12.46,12.29,0.17,1.38,17944.14,22178.634,2023-08-01
000952.SZ,2005-04-08,3.61,3.79,3.61,3.7,3.6,0.1,2.78,3385.51,1258.5045,2023-08-01
600857.SH,2005-04-08,3.53,3.58,3.45,3.57,3.53,0.04,1.13,4985.4,1751.084,2023-08-01
600804.SH,2005-04-08,4.0,4.03,3.9,4.02,3.98,0.04,1.01,7110.65,2819.788,2023-08-01
600766.SH,2005-04-08,2.02,2.05,1.99,2.04,2.06,-0.02,-0.97,11004.62,2215.193,2023-08-01
600094.SH,2005-04-08,3.26,3.37,3.26,3.37,3.3,0.07,2.12,6201.85,2052.711,2023-08-01
600893.SH,2005-04-08,4.42,4.42,4.17,4.3,4.47,-0.17,-3.8,65970.88,28206.222,2023-08-01
000506.SZ,2005-04-08,2.13,2.16,2.09,2.14,2.15,-0.01,-0.47,76614.2,16228.3987,2023-08-01
600696.SH,2005-04-08,2.56,2.6,2.51,2.58,2.59,-0.01,-0.39,10377.19,2658.333,2023-08-01
000632.SZ,2005-04-08,3.53,3.62,3.5,3.6,3.53,0.07,1.98,59277.73,21083.4122,2023-08-01
000973.SZ,2005-04-08,4.15,4.26,4.12,4.25,4.18,0.07,1.67,22668.1,9543.7584,2023-08-01
600092.SH,2005-04-08,2.21,2.25,2.18,2.24,2.26,-0.02,-0.89,17030.02,3771.131,2023-08-01
600175.SH,2005-04-08,4.51,4.66,4.51,4.61,4.57,0.04,0.88,1605.21,738.576,2023-08-01
000301.SZ,2005-04-08,2.98,3.04,2.94,3.03,2.99,0.04,1.34,8716.5,2613.0725,2023-08-01
000488.SZ,2005-04-08,9.33,9.98,9.3,9.87,9.34,0.53,5.67,37149.68,36236.4187,2023-08-01
600446.SH,2005-04-08,8.05,8.3,8.05,8.3,8.15,0.15,1.84,1495.03,1226.94,2023-08-01
600960.SH,2005-04-08,7.6,7.69,7.45,7.68,7.55,0.13,1.72,5081.01,3844.082,2023-08-01
000806.SZ,2005-04-08,5.27,5.4,5.25,5.39,5.29,0.1,1.89,19643.89,10455.6632,2023-08-01
600367.SH,2005-04-08,6.9,7.14,6.85,7.06,6.92,0.14,2.02,13787.73,9695.803,2023-08-01
600825.SH,2005-04-08,5.76,6.37,5.75,6.36,5.79,0.57,9.84,203303.74,123332.129,2023-08-01
600050.SH,2005-04-08,2.76,2.78,2.72,2.77,2.76,0.01,0.36,526113.15,144927.371,2023-08-01
600432.SH,2005-04-08,11.78,12.08,11.75,11.98,11.8,0.18,1.53,20926.51,25007.347,2023-08-01
600422.SH,2005-04-08,13.85,14.15,13.74,14.15,13.82,0.33,2.39,10479.21,14637.213,2023-08-01
600197.SH,2005-04-08,3.75,3.76,3.68,3.76,3.75,0.01,0.27,12677.2,4716.901,2023-08-01
600883.SH,2005-04-08,5.08,5.14,4.96,5.1,5.04,0.06,1.19,13346.26,6745.87,2023-08-01
600870.SH,2005-04-08,3.6,3.75,3.55,3.74,3.64,0.1,2.75,30802.43,11177.011,2023-08-01
600339.SH,2005-04-08,7.01,7.19,6.88,7.11,7.01,0.1,1.43,95146.17,67171.436,2023-08-01
600323.SH,2005-04-08,8.06,8.35,8.06,8.31,8.08,0.23,2.85,9176.66,7572.971,2023-08-01
600146.SH,2005-04-08,2.55,2.56,2.46,2.55,2.54,0.01,0.39,6440.5,1618.034,2023-08-01
600872.SH,2005-04-08,3.16,3.23,3.14,3.22,3.16,0.06,1.9,5714.97,1818.229,2023-08-01
600262.SH,2005-04-08,4.03,4.1,3.96,4.09,4.04,0.05,1.24,3234.0,1303.69,2023-08-01
600781.SH,2005-04-08,2.7,2.77,2.68,2.75,2.71,0.04,1.48,1676.0,457.186,2023-08-01
600581.SH,2005-04-08,4.51,4.63,4.48,4.62,4.53,0.09,1.99,19066.93,8709.346,2023-08-01
600276.SH,2005-04-08,14.84,15.24,14.84,15.22,14.99,0.23,1.53,4721.18,7104.919,2023-08-01
000797.SZ,2005-04-08,2.58,2.65,2.53,2.6,2.58,0.02,0.78,6979.09,1806.9952,2023-08-01
600701.SH,2005-04-08,3.45,3.54,3.41,3.53,3.45,0.08,2.32,4480.44,1557.487,2023-08-01
600742.SH,2005-04-08,3.92,3.99,3.88,3.95,3.92,0.03,0.77,4905.68,1932.857,2023-08-01
600559.SH,2005-04-08,4.8,5.01,4.76,4.98,4.82,0.16,3.32,16690.81,8197.698,2023-08-01
000697.SZ,2005-04-08,4.5,4.7,4.46,4.68,4.56,0.12,2.63,10076.74,4681.6147,2023-08-01
000028.SZ,2005-04-08,4.98,5.02,4.67,4.8,4.86,-0.06,-1.23,39274.59,19213.7036,2023-08-01
600668.SH,2005-04-08,3.16,3.23,3.13,3.21,3.17,0.04,1.26,8836.58,2814.503,2023-08-01
600695.SH,2005-04-08,3.0,3.1,2.97,3.04,3.05,-0.01,-0.33,2385.02,722.322,2023-08-01
600071.SH,2005-04-08,4.32,4.49,4.29,4.48,4.34,0.14,3.23,10993.61,4824.35,2023-08-01
000628.SZ,2005-04-08,3.52,3.62,3.5,3.6,3.57,0.03,0.84,5770.07,2058.2385,2023-08-01
600761.SH,2005-04-08,5.53,5.85,5.5,5.76,5.56,0.2,3.6,30305.76,17321.991,2023-08-01
600572.SH,2005-04-08,6.32,6.48,6.26,6.43,6.32,0.11,1.74,3175.25,2022.41,2023-08-01
000939.SZ,2005-04-08,6.72,6.88,6.64,6.82,6.71,0.11,1.64,23207.68,15704.2374,2023-08-01
600035.SH,2005-04-08,4.15,4.2,4.13,4.2,4.15,0.05,1.2,23320.7,9741.526,2023-08-01
000902.SZ,2005-04-08,3.25,3.33,3.2,3.32,3.25,0.07,2.15,4703.73,1544.5902,2023-08-01
000785.SZ,2005-04-08,3.24,3.44,3.21,3.38,3.27,0.11,3.36,19250.4,6431.4225,2023-08-01
600489.SH,2005-04-08,6.73,6.84,6.58,6.8,6.72,0.08,1.19,10329.55,6919.599,2023-08-01
000738.SZ,2005-04-08,2.28,2.34,2.24,2.33,2.26,0.07,3.1,11384.49,2607.6681,2023-08-01
000972.SZ,2005-04-08,7.21,7.4,7.1,7.38,7.27,0.11,1.51,8329.57,6047.4947,2023-08-01
600719.SH,2005-04-08,4.35,4.35,4.25,4.34,4.33,0.01,0.23,3752.19,1612.029,2023-08-01
000969.SZ,2005-04-08,9.7,10.04,9.69,10.0,9.7,0.3,3.09,32793.02,32654.5358,2023-08-01
600687.SH,2005-04-08,5.0,5.04,4.88,5.01,5.01,0.0,0.0,8307.26,4128.025,2023-08-01
000733.SZ,2005-04-08,4.2,4.3,4.17,4.29,4.2,0.09,2.14,9495.43,4033.9149,2023-08-01
600690.SH,2005-04-08,4.75,4.84,4.7,4.78,4.69,0.09,1.92,21099.25,10084.572,2023-08-01
600681.SH,2005-04-08,1.87,1.88,1.83,1.87,1.87,0.0,0.0,17159.23,3182.288,2023-08-01
000935.SZ,2005-04-08,2.42,2.47,2.41,2.46,2.45,0.01,0.41,2716.37,664.2263,2023-08-01
000830.SZ,2005-04-08,5.9,6.24,5.81,6.18,5.89,0.29,4.92,25387.55,15396.9893,2023-08-01
600281.SH,2005-04-08,4.5,4.6,4.45,4.6,4.53,0.07,1.55,7236.24,3290.47,2023-08-01
600880.SH,2005-04-08,11.2,11.41,11.0,11.35,11.23,0.12,1.07,15565.4,17426.533,2023-08-01
600054.SH,2005-04-08,10.32,10.32,9.87,10.17,10.11,0.06,0.59,21967.52,22105.684,2023-08-01
000565.SZ,2005-04-08,2.9,3.04,2.9,2.98,2.87,0.11,3.83,9929.9,2927.1903,2023-08-01
600732.SH,2005-04-08,4.22,4.35,4.22,4.34,4.27,0.07,1.64,9459.24,4069.548,2023-08-01
600671.SH,2005-04-08,4.33,4.41,4.29,4.38,4.29,0.09,2.1,4012.45,1751.656,2023-08-01
600805.SH,2005-04-08,3.05,3.1,2.98,3.08,3.06,0.02,0.65,21017.25,6382.726,2023-08-01
600768.SH,2005-04-08,11.86,11.86,11.7,11.75,11.84,-0.09,-0.76,249.2,293.4,2023-08-01
600697.SH,2005-04-08,5.3,5.33,5.23,5.26,5.27,-0.01,-0.19,2397.65,1262.277,2023-08-01
600536.SH,2005-04-08,13.95,14.16,13.78,14.1,12.88,1.22,9.47,10404.26,14571.261,2023-08-01
600178.SH,2005-04-08,4.02,4.21,3.96,4.06,3.86,0.2,5.18,9704.59,3920.171,2023-08-01
600731.SH,2005-04-08,3.44,3.44,3.33,3.4,3.33,0.07,2.1,6067.46,2061.908,2023-08-01
000423.SZ,2005-04-08,8.45,8.68,8.3,8.64,8.45,0.19,2.25,26922.64,23030.5161,2023-08-01
600272.SH,2005-04-08,2.85,2.92,2.84,2.92,2.89,0.03,1.04,11193.63,3235.378,2023-08-01
000801.SZ,2005-04-08,3.76,3.76,3.57,3.65,3.76,-0.11,-2.93,1106.8,400.3716,2023-08-01
600620.SH,2005-04-08,3.25,3.46,3.01,3.42,3.29,0.13,3.95,19797.24,6697.285,2023-08-01
000886.SZ,2005-04-08,2.97,3.02,2.92,3.0,2.97,0.03,1.01,12988.54,3853.1417,2023-08-01
000880.SZ,2005-04-08,3.12,3.23,3.06,3.18,3.13,0.05,1.6,32697.84,10323.6333,2023-08-01
600122.SH,2005-04-08,4.85,4.92,4.78,4.9,4.88,0.02,0.41,27710.98,13528.542,2023-08-01
000026.SZ,2005-04-08,4.7,4.9,4.69,4.8,4.65,0.15,3.23,3887.47,1869.3686,2023-08-01
000663.SZ,2005-04-08,3.5,3.57,3.42,3.54,3.61,-0.07,-1.94,15908.6,5522.25,2023-08-01
600897.SH,2005-04-08,8.36,8.49,8.3,8.42,8.39,0.03,0.36,8081.6,6774.862,2023-08-01
600563.SH,2005-04-08,12.61,12.8,12.43,12.77,12.59,0.18,1.43,6352.58,8065.142,2023-08-01
600027.SH,2005-04-08,3.42,3.5,3.4,3.49,3.45,0.04,1.16,92453.69,31939.91,2023-08-01
600753.SH,2005-04-08,2.75,2.8,2.73,2.8,2.74,0.06,2.19,1198.46,331.681,2023-08-01
600854.SH,2005-04-08,4.27,4.28,4.19,4.26,4.2,0.06,1.43,27195.36,11500.853,2023-08-01
000538.SZ,2005-04-08,22.01,22.48,21.6,21.9,22.05,-0.15,-0.68,21913.93,48448.2472,2023-08-01
000979.SZ,2005-04-08,4.54,4.66,4.51,4.64,4.58,0.06,1.31,3373.99,1551.4094,2023-08-01
002039.SZ,2005-04-08,8.5,8.58,8.38,8.5,8.4,0.1,1.19,18927.29,16021.9196,2023-08-01
600517.SH,2005-04-08,7.7,7.98,7.7,7.98,7.77,0.21,2.7,3376.8,2656.528,2023-08-01
600556.SH,2005-04-08,6.86,7.12,6.8,7.06,6.96,0.1,1.44,21267.51,14883.439,2023-08-01
600313.SH,2005-04-08,3.08,3.14,3.05,3.14,3.09,0.05,1.62,10509.43,3264.03,2023-08-01
600900.SH,2005-04-08,8.75,8.8,8.6,8.79,8.79,0.0,0.0,213588.05,185377.806,2023-08-01
600302.SH,2005-04-08,5.12,5.22,5.02,5.2,5.11,0.09,1.76,13478.53,6944.377,2023-08-01
000585.SZ,2005-04-08,2.18,2.2,2.14,2.2,2.18,0.02,0.92,10622.38,2308.4125,2023-08-01
600444.SH,2005-04-08,7.41,7.49,7.28,7.46,7.46,0.0,0.0,4039.31,2985.897,2023-08-01
600509.SH,2005-04-08,4.35,4.4,4.25,4.39,4.33,0.06,1.39,29494.39,12799.27,2023-08-01
000612.SZ,2005-04-08,2.77,3.06,2.75,3.06,2.78,0.28,10.07,74489.26,22138.2429,2023-08-01
600306.SH,2005-04-08,4.78,4.86,4.7,4.83,4.77,0.06,1.26,6837.2,3269.302,2023-08-01
002002.SZ,2005-04-08,7.17,7.37,7.17,7.33,7.18,0.15,2.09,7082.92,5161.3905,2023-08-01
000591.SZ,2005-04-08,5.35,5.94,5.22,5.63,5.41,0.22,4.07,34359.03,19282.7089,2023-08-01
000971.SZ,2005-04-08,3.53,3.62,3.5,3.61,3.53,0.08,2.27,6222.03,2211.5631,2023-08-01
600984.SH,2005-04-08,4.51,4.65,4.46,4.63,4.54,0.09,1.98,5703.95,2606.08,2023-08-01
000504.SZ,2005-04-08,6.45,6.63,6.42,6.59,6.47,0.12,1.85,16744.01,10917.2741,2023-08-01
000832.SZ,2005-04-08,1.29,1.29,1.29,1.29,1.23,0.06,4.88,17382.48,2242.3399,2023-08-01
600626.SH,2005-04-08,4.97,5.48,4.95,5.29,4.98,0.31,6.22,62988.0,32742.235,2023-08-01
000778.SZ,2005-04-08,8.4,8.66,8.4,8.65,8.49,0.16,1.88,24144.93,20763.461,2023-08-01
000668.SZ,2005-04-08,7.92,7.92,7.73,7.85,7.97,-0.12,-1.51,1852.0,1445.995,2023-08-01
000717.SZ,2005-04-08,5.87,5.91,5.74,5.91,5.87,0.04,0.68,53760.3,31325.8322,2023-08-01
600992.SH,2005-04-08,4.81,4.95,4.8,4.93,4.85,0.08,1.65,5482.33,2681.595,2023-08-01
000605.SZ,2005-04-08,5.91,6.25,5.81,6.07,5.91,0.16,2.71,3325.56,2005.4397,2023-08-01
000959.SZ,2005-04-08,4.04,4.05,3.98,4.04,4.04,0.0,0.0,10721.94,4306.5553,2023-08-01
000966.SZ,2005-04-08,4.24,4.3,4.2,4.3,4.24,0.06,1.42,6209.62,2636.2906,2023-08-01
000552.SZ,2005-04-08,3.12,3.15,3.05,3.07,3.21,-0.14,-4.36,16328.4,5004.7877,2023-08-01
600338.SH,2005-04-08,4.53,4.71,4.53,4.63,4.59,0.04,0.87,4079.27,1894.033,2023-08-01
002034.SZ,2005-04-08,11.55,11.88,11.48,11.88,11.67,0.21,1.8,4787.52,5588.3132,2023-08-01
000803.SZ,2005-04-08,11.91,11.97,11.9,11.97,12.18,-0.21,-1.72,22.5,26.783,2023-08-01
000544.SZ,2005-04-08,2.88,2.97,2.85,2.97,2.88,0.09,3.13,10716.18,3130.0521,2023-08-01
600097.SH,2005-04-08,5.1,5.22,5.06,5.22,5.07,0.15,2.96,1834.67,943.632,2023-08-01
600423.SH,2005-04-08,7.98,8.23,7.98,8.15,7.99,0.16,2.0,21333.36,17348.442,2023-08-01
000595.SZ,2005-04-08,3.3,3.41,3.25,3.4,3.33,0.07,2.1,3780.05,1269.1103,2023-08-01
600088.SH,2005-04-08,10.55,10.67,10.41,10.66,10.53,0.13,1.23,17577.86,18511.637,2023-08-01
600693.SH,2005-04-08,3.85,3.95,3.85,3.94,3.87,0.07,1.81,2977.0,1165.099,2023-08-01
600397.SH,2005-04-08,4.46,4.53,4.4,4.51,4.47,0.04,0.89,8756.61,3904.145,2023-08-01
600841.SH,2005-04-08,8.55,8.66,8.4,8.6,8.58,0.02,0.23,8959.04,7663.212,2023-08-01
000631.SZ,2005-04-08,2.47,2.59,2.41,2.58,2.47,0.11,4.45,23123.1,5855.7799,2023-08-01
000547.SZ,2005-04-08,4.0,4.18,3.98,4.17,4.0,0.17,4.25,8055.69,3307.8323,2023-08-01
000528.SZ,2005-04-08,4.45,4.58,4.41,4.58,4.45,0.13,2.92,21981.33,9902.3658,2023-08-01
600850.SH,2005-04-08,4.85,4.99,4.85,4.99,4.9,0.09,1.84,5608.01,2771.927,2023-08-01
600305.SH,2005-04-08,7.18,7.18,6.98,7.12,7.09,0.03,0.42,4420.9,3114.042,2023-08-01
600426.SH,2005-04-08,10.18,10.88,10.01,10.79,10.25,0.54,5.27,30945.2,32539.826,2023-08-01
600966.SH,2005-04-08,7.77,8.16,7.7,8.13,7.81,0.32,4.1,28017.25,22262.118,2023-08-01
600028.SH,2005-04-08,4.25,4.4,4.21,4.38,4.25,0.13,3.06,273143.29,117918.041,2023-08-01
600075.SH,2005-04-08,9.0,9.14,8.83,9.04,8.99,0.05,0.56,11478.45,10351.793,2023-08-01
600065.SH,2005-04-08,2.26,2.27,2.21,2.25,2.26,-0.01,-0.44,12556.91,2815.113,2023-08-01
000799.SZ,2005-04-08,3.64,3.8,3.61,3.78,3.69,0.09,2.44,7232.03,2709.4866,2023-08-01
600555.SH,2005-04-08,3.5,3.55,3.42,3.52,3.5,0.02,0.57,7474.83,2606.272,2023-08-01
000818.SZ,2005-04-08,3.06,3.17,3.05,3.16,3.1,0.06,1.94,6151.55,1912.9412,2023-08-01
600583.SH,2005-04-08,28.7,28.99,28.18,28.69,28.88,-0.19,-0.66,8287.17,23696.522,2023-08-01
600703.SH,2005-04-08,3.55,3.66,3.53,3.64,3.56,0.08,2.25,4086.55,1473.827,2023-08-01
002003.SZ,2005-04-08,8.9,9.07,8.75,9.05,8.9,0.15,1.69,5777.97,5172.7104,2023-08-01
600475.SH,2005-04-08,9.43,10.02,9.43,9.97,9.57,0.4,4.18,16516.7,16283.752,2023-08-01
000727.SZ,2005-04-08,4.19,4.3,4.17,4.27,4.19,0.08,1.91,10372.56,4392.6685,2023-08-01
600150.SH,2005-04-08,8.82,8.98,8.74,8.95,8.81,0.14,1.59,12777.37,11357.339,2023-08-01
000761.SZ,2005-04-08,4.22,4.28,4.21,4.27,4.23,0.04,0.95,6099.6,2586.1428,2023-08-01
000582.SZ,2005-04-08,4.03,4.12,3.98,4.06,4.0,0.06,1.5,5789.12,2350.2559,2023-08-01
600764.SH,2005-04-08,5.39,5.49,5.31,5.47,5.38,0.09,1.67,8918.33,4826.707,2023-08-01
600814.SH,2005-04-08,3.55,3.62,3.53,3.62,3.55,0.07,1.97,2959.14,1061.711,2023-08-01
600079.SH,2005-04-08,3.79,3.9,3.75,3.87,3.76,0.11,2.93,9909.04,3815.891,2023-08-01
600747.SH,2005-04-08,3.16,3.28,3.11,3.27,3.17,0.1,3.15,29499.25,9428.551,2023-08-01
002001.SZ,2005-04-08,12.52,12.8,12.13,12.37,12.1,0.27,2.23,19258.56,23821.781,2023-08-01
600012.SH,2005-04-08,7.86,7.95,7.78,7.93,7.89,0.04,0.51,45156.61,35599.919,2023-08-01
600716.SH,2005-04-08,2.74,2.8,2.68,2.78,2.74,0.04,1.46,20790.22,5694.779,2023-08-01
600316.SH,2005-04-08,5.71,5.87,5.71,5.8,5.82,-0.02,-0.34,11973.19,6965.014,2023-08-01
000157.SZ,2005-04-08,6.42,6.65,6.36,6.62,6.39,0.23,3.6,56225.79,36780.6635,2023-08-01
000657.SZ,2005-04-08,4.2,4.47,4.11,4.45,4.23,0.22,5.2,14465.52,6239.9964,2023-08-01
600290.SH,2005-04-08,6.1,6.18,6.08,6.18,6.16,0.02,0.32,1969.1,1203.024,2023-08-01
600885.SH,2005-04-08,5.18,5.2,5.02,5.14,5.24,-0.1,-1.91,25560.18,13002.144,2023-08-01
000501.SZ,2005-04-08,2.6,2.65,2.56,2.63,2.6,0.03,1.15,7062.63,1844.5397,2023-08-01
000777.SZ,2005-04-08,4.51,4.6,4.42,4.59,4.49,0.1,2.23,5030.26,2265.9776,2023-08-01
600988.SH,2005-04-08,7.55,7.62,7.42,7.61,7.51,0.1,1.33,8173.45,6144.546,2023-08-01
000927.SZ,2005-04-08,2.48,2.56,2.45,2.55,2.5,0.05,2.0,68623.45,17358.1987,2023-08-01
600757.SH,2005-04-08,3.04,3.17,3.03,3.16,3.05,0.11,3.61,13623.23,4234.866,2023-08-01
600212.SH,2005-04-08,3.17,3.32,3.17,3.3,3.19,0.11,3.45,14247.71,4654.174,2023-08-01
600076.SH,2005-04-08,3.42,3.5,3.38,3.47,3.44,0.03,0.87,12349.84,4260.67,2023-08-01
000895.SZ,2005-04-08,14.89,15.45,14.47,15.29,14.88,0.41,2.76,29931.95,44573.6564,2023-08-01
600863.SH,2005-04-08,3.46,3.68,3.46,3.65,3.49,0.16,4.58,81488.66,29385.462,2023-08-01
600576.SH,2005-04-08,3.2,3.34,3.15,3.3,3.2,0.1,3.13,8721.64,2830.692,2023-08-01
600865.SH,2005-04-08,4.15,4.15,4.08,4.13,4.12,0.01,0.24,2609.72,1073.441,2023-08-01
600011.SH,2005-04-08,7.21,7.4,7.05,7.33,7.21,0.12,1.66,51110.31,36844.576,2023-08-01
600799.SH,2005-04-08,0.86,0.86,0.82,0.82,0.86,-0.04,-4.65,41262.0,3393.631,2023-08-01
600606.SH,2005-04-08,4.7,4.87,4.7,4.85,4.77,0.08,1.68,12116.07,5822.922,2023-08-01
000498.SZ,2005-04-08,3.36,3.44,3.32,3.43,3.38,0.05,1.48,16034.34,5438.9107,2023-08-01
600206.SH,2005-04-08,5.26,5.43,5.24,5.41,5.31,0.1,1.88,7553.91,4016.956,2023-08-01
000911.SZ,2005-04-08,5.69,5.75,5.57,5.74,5.74,0.0,0.0,60051.71,33947.1111,2023-08-01
600080.SH,2005-04-08,3.73,3.82,3.66,3.8,3.74,0.06,1.6,6540.26,2457.93,2023-08-01
600490.SH,2005-04-08,7.9,8.25,7.86,8.15,7.92,0.23,2.9,3672.41,2971.628,2023-08-01
600480.SH,2005-04-08,5.51,5.66,5.51,5.65,5.56,0.09,1.62,7874.61,4406.589,2023-08-01
600547.SH,2005-04-08,11.86,11.95,11.71,11.9,11.85,0.05,0.42,5495.53,6522.702,2023-08-01
000065.SZ,2005-04-08,5.07,5.2,5.06,5.17,5.09,0.08,1.57,4934.53,2534.8373,2023-08-01
600226.SH,2005-04-08,4.82,4.88,4.76,4.86,4.82,0.04,0.83,9652.28,4666.05,2023-08-01
600856.SH,2005-04-08,3.26,3.38,3.26,3.33,3.29,0.04,1.22,5985.53,1992.608,2023-08-01
000522.SZ,2005-04-08,4.57,4.65,4.52,4.63,4.57,0.06,1.31,12483.94,5737.2941,2023-08-01
000069.SZ,2005-04-08,9.9,9.96,9.68,9.82,9.96,-0.14,-1.41,30984.93,30297.8715,2023-08-01
000985.SZ,2005-04-08,5.69,5.7,5.52,5.66,5.61,0.05,0.89,846.19,476.7189,2023-08-01
600317.SH,2005-04-08,10.2,10.45,10.2,10.33,10.18,0.15,1.47,23846.88,24591.303,2023-08-01
000928.SZ,2005-04-08,3.18,3.23,3.1,3.19,3.21,-0.02,-0.62,18374.84,5800.5868,2023-08-01
600535.SH,2005-04-08,13.85,14.11,13.61,14.1,13.85,0.25,1.81,7612.33,10612.087,2023-08-01
000523.SZ,2005-04-08,2.84,2.93,2.79,2.92,2.83,0.09,3.18,4548.7,1302.8393,2023-08-01
600500.SH,2005-04-08,10.72,10.93,10.7,10.85,10.73,0.12,1.12,100335.22,108520.93,2023-08-01
600087.SH,2005-04-08,5.15,5.23,5.07,5.19,5.11,0.08,1.57,65947.67,33955.687,2023-08-01
000906.SZ,2005-04-08,3.75,3.85,3.7,3.84,3.73,0.11,2.95,22524.81,8486.997,2023-08-01
600875.SH,2005-04-08,12.81,13.35,12.81,13.32,12.99,0.33,2.54,17940.33,23634.161,2023-08-01
600089.SH,2005-04-08,7.08,7.23,6.9,7.22,7.11,0.11,1.55,44031.42,31171.24,2023-08-01
600765.SH,2005-04-08,5.0,5.05,4.92,5.05,5.0,0.05,1.0,1983.12,989.952,2023-08-01
600101.SH,2005-04-08,7.23,7.39,7.18,7.39,7.3,0.09,1.23,6372.53,4661.658,2023-08-01
000099.SZ,2005-04-08,4.38,4.44,4.3,4.41,4.37,0.04,0.92,16099.77,7033.1747,2023-08-01
600278.SH,2005-04-08,4.52,4.62,4.5,4.61,4.51,0.1,2.22,1703.07,778.764,2023-08-01
000652.SZ,2005-04-08,3.26,3.32,3.21,3.32,3.28,0.04,1.22,6177.16,2013.2441,2023-08-01
600037.SH,2005-04-08,16.5,16.92,16.37,16.9,16.52,0.38,2.3,15541.55,25964.205,2023-08-01
002021.SZ,2005-04-08,10.4,10.65,10.2,10.53,10.42,0.11,1.06,8837.86,9223.2874,2023-08-01
600190.SH,2005-04-08,5.01,5.26,5.0,5.19,5.07,0.12,2.37,37551.6,19413.135,2023-08-01
600752.SH,2005-04-08,1.05,1.08,1.0,1.02,1.05,-0.03,-2.86,27065.56,2836.007,2023-08-01
000416.SZ,2005-04-08,7.4,7.53,7.26,7.41,7.49,-0.08,-1.07,14385.9,10694.4516,2023-08-01
600055.SH,2005-04-08,5.61,5.74,5.54,5.74,5.62,0.12,2.14,4730.54,2675.212,2023-08-01
600395.SH,2005-04-08,5.3,5.37,5.21,5.35,5.31,0.04,0.75,12067.08,6386.239,2023-08-01
000035.SZ,2005-04-08,4.12,4.32,4.0,4.2,4.1,0.1,2.44,13863.56,5796.5517,2023-08-01
002037.SZ,2005-04-08,7.25,7.43,7.25,7.4,7.19,0.21,2.92,21833.54,16028.3557,2023-08-01
000096.SZ,2005-04-08,4.67,4.67,4.53,4.66,4.6,0.06,1.3,10233.94,4717.6305,2023-08-01
000038.SZ,2005-04-08,6.91,7.53,6.9,7.22,6.9,0.32,4.64,9060.09,6555.4875,2023-08-01
002038.SZ,2005-04-08,11.96,12.18,11.83,12.16,11.9,0.26,2.18,2828.49,3405.6132,2023-08-01
002004.SZ,2005-04-08,7.48,7.7,7.45,7.66,7.5,0.16,2.13,9423.38,7172.4817,2023-08-01
600328.SH,2005-04-08,4.2,4.35,4.15,4.28,4.23,0.05,1.18,49475.24,21074.557,2023-08-01
600980.SH,2005-04-08,8.82,9.02,8.66,8.93,8.53,0.4,4.69,11798.5,10508.623,2023-08-01
600161.SH,2005-04-08,7.18,7.4,7.03,7.29,7.19,0.1,1.39,33256.09,24199.541,2023-08-01
000916.SZ,2005-04-08,4.18,4.28,4.18,4.28,4.19,0.09,2.15,32698.48,13890.6827,2023-08-01
600193.SH,2005-04-08,3.99,4.05,3.97,4.04,3.98,0.06,1.51,1087.51,436.363,2023-08-01
600783.SH,2005-04-08,3.97,4.15,3.97,4.14,4.03,0.11,2.73,5638.68,2292.676,2023-08-01
000705.SZ,2005-04-08,3.8,3.86,3.72,3.73,3.7,0.03,0.81,18921.59,7145.8655,2023-08-01
600368.SH,2005-04-08,3.89,3.99,3.86,3.98,3.91,0.07,1.79,2826.64,1111.833,2023-08-01
600002.SH,2005-04-08,7.0,7.45,6.96,7.43,6.96,0.47,6.75,100488.59,72353.683,2023-08-01
600851.SH,2005-04-08,9.85,9.95,9.65,9.92,9.85,0.07,0.71,10906.01,10747.193,2023-08-01
000726.SZ,2005-04-08,9.2,9.34,9.12,9.28,9.12,0.16,1.75,39434.41,36308.1745,2023-08-01
000058.SZ,2005-04-08,4.78,4.87,4.71,4.82,4.82,0.0,0.0,17181.9,8210.6434,2023-08-01
600558.SH,2005-04-08,5.61,5.7,5.56,5.7,5.64,0.06,1.06,2083.42,1174.33,2023-08-01
000776.SZ,2005-04-08,3.4,3.49,3.38,3.48,3.43,0.05,1.46,18196.16,6249.6571,2023-08-01
000951.SZ,2005-04-08,9.17,10.11,9.12,10.11,9.19,0.92,10.01,18039.16,17579.5474,2023-08-01
000822.SZ,2005-04-08,8.23,8.4,8.17,8.38,8.24,0.14,1.7,53206.59,44041.2384,2023-08-01
000866.SZ,2005-04-08,11.59,12.7,11.59,12.68,11.59,1.09,9.4,186894.23,226336.2319,2023-08-01
600692.SH,2005-04-08,4.77,4.87,4.7,4.85,4.69,0.16,3.41,8569.04,4122.749,2023-08-01
600510.SH,2005-04-08,7.33,7.5,7.25,7.35,7.32,0.03,0.41,22212.39,16325.487,2023-08-01
600896.SH,2005-04-08,4.34,4.73,4.34,4.71,4.37,0.34,7.78,24068.72,11015.682,2023-08-01
000751.SZ,2005-04-08,3.91,3.96,3.79,3.92,3.91,0.01,0.26,37910.08,14640.9783,2023-08-01
600680.SH,2005-04-08,6.85,6.9,6.5,6.86,6.97,-0.11,-1.58,7009.13,4747.617,2023-08-01
000950.SZ,2005-04-08,3.8,3.95,3.8,3.95,3.76,0.19,5.05,6449.02,2537.8008,2023-08-01
002030.SZ,2005-04-08,11.06,11.51,11.06,11.41,11.06,0.35,3.16,7880.11,8950.571,2023-08-01
600532.SH,2005-04-08,4.7,4.82,4.65,4.81,4.71,0.1,2.12,7114.98,3368.051,2023-08-01
000835.SZ,2005-04-08,7.3,7.46,7.21,7.41,7.35,0.06,0.82,1993.1,1470.0047,2023-08-01
600029.SH,2005-04-08,3.72,3.85,3.72,3.82,3.72,0.1,2.69,130291.33,49529.217,2023-08-01
000965.SZ,2005-04-08,3.25,3.3,3.19,3.28,3.25,0.03,0.92,10131.74,3281.3904,2023-08-01
600297.SH,2005-04-08,6.61,6.61,6.02,6.33,6.2,0.13,2.1,3269.62,2018.032,2023-08-01
600523.SH,2005-04-08,2.93,3.03,2.92,3.01,2.95,0.06,2.03,6089.85,1815.285,2023-08-01
600358.SH,2005-04-08,3.05,3.19,3.0,3.14,3.06,0.08,2.61,75553.7,23496.787,2023-08-01
000700.SZ,2005-04-08,3.38,3.47,3.37,3.46,3.39,0.07,2.06,12032.64,4111.095,2023-08-01
600372.SH,2005-04-08,2.95,2.97,2.88,2.96,2.96,0.0,0.0,8168.0,2394.043,2023-08-01
600329.SH,2005-04-08,6.88,7.06,6.88,7.05,6.93,0.12,1.73,5542.25,3869.428,2023-08-01
600295.SH,2005-04-08,3.39,3.6,3.37,3.55,3.4,0.15,4.41,18682.05,6557.64,2023-08-01
600679.SH,2005-04-08,4.38,4.52,4.23,4.42,4.39,0.03,0.68,7137.82,3156.86,2023-08-01
600654.SH,2005-04-08,3.55,3.89,3.51,3.8,3.55,0.25,7.04,63301.44,23641.235,2023-08-01
600069.SH,2005-04-08,3.41,3.47,3.38,3.45,3.41,0.04,1.17,5040.51,1725.008,2023-08-01
000407.SZ,2005-04-08,2.85,2.95,2.84,2.93,2.88,0.05,1.74,6092.76,1759.1139,2023-08-01
600230.SH,2005-04-08,4.33,4.54,4.33,4.51,4.4,0.11,2.5,6608.31,2941.607,2023-08-01
000587.SZ,2005-04-08,2.61,2.65,2.56,2.63,2.61,0.02,0.77,4135.67,1077.4965,2023-08-01
600378.SH,2005-04-08,3.2,3.23,3.11,3.2,3.23,-0.03,-0.93,8703.43,2758.497,2023-08-01
600585.SH,2005-04-08,6.87,7.1,6.77,7.06,6.87,0.19,2.77,88160.17,61517.532,2023-08-01
600531.SH,2005-04-08,5.89,6.02,5.83,6.01,5.89,0.12,2.04,9498.54,5641.987,2023-08-01
600173.SH,2005-04-08,2.51,2.56,2.43,2.54,2.5,0.04,1.6,7115.66,1776.333,2023-08-01
600713.SH,2005-04-08,3.8,4.23,3.8,4.1,3.97,0.13,3.27,9862.18,4043.397,2023-08-01
600895.SH,2005-04-08,4.69,4.95,4.68,4.91,4.71,0.2,4.25,44177.25,21296.32,2023-08-01
000997.SZ,2005-04-08,10.88,10.88,10.39,10.68,10.9,-0.22,-2.02,11100.49,11722.7849,2023-08-01
600592.SH,2005-04-08,6.79,7.05,6.72,7.01,6.86,0.15,2.19,9478.35,6581.76,2023-08-01
600152.SH,2005-04-08,3.98,4.05,3.91,4.04,3.98,0.06,1.51,3896.03,1548.143,2023-08-01
600767.SH,2005-04-08,2.34,2.35,2.28,2.32,2.32,0.0,0.0,7808.82,1797.489,2023-08-01
600205.SH,2005-04-08,9.56,9.95,9.56,9.95,9.56,0.39,4.08,54582.9,53558.308,2023-08-01
600415.SH,2005-04-08,32.6,33.0,31.9,32.85,32.69,0.16,0.49,3246.84,10494.965,2023-08-01
600435.SH,2005-04-08,5.91,6.05,5.91,6.03,5.93,0.1,1.69,3083.58,1851.614,2023-08-01
600053.SH,2005-04-08,3.04,3.08,2.9,2.95,3.05,-0.1,-3.28,46586.09,13669.071,2023-08-01
600543.SH,2005-04-08,4.57,4.69,4.53,4.67,4.6,0.07,1.52,5121.5,2370.433,2023-08-01
000062.SZ,2005-04-08,5.51,5.79,5.51,5.67,5.51,0.16,2.9,19592.14,11106.277,2023-08-01
600593.SH,2005-04-08,5.62,5.68,5.49,5.63,5.55,0.08,1.44,2239.68,1251.54,2023-08-01
600758.SH,2005-04-08,3.24,3.39,3.24,3.35,3.24,0.11,3.4,8731.01,2910.067,2023-08-01
600391.SH,2005-04-08,5.52,5.56,5.35,5.46,5.52,-0.06,-1.09,6516.97,3555.866,2023-08-01
600287.SH,2005-04-08,3.45,3.51,3.43,3.49,3.41,0.08,2.35,10748.56,3727.94,2023-08-01
000049.SZ,2005-04-08,6.12,6.46,6.12,6.19,6.16,0.03,0.49,10527.29,6562.3033,2023-08-01
000012.SZ,2005-04-08,8.5,8.81,8.5,8.79,8.5,0.29,3.41,38973.72,33939.3536,2023-08-01
600898.SH,2005-04-08,4.13,4.22,4.1,4.19,4.13,0.06,1.45,4960.73,2067.59,2023-08-01
600686.SH,2005-04-08,7.21,7.38,7.21,7.36,7.32,0.04,0.55,1471.52,1079.483,2023-08-01
000401.SZ,2005-04-08,3.14,3.18,3.08,3.17,3.1,0.07,2.26,15771.13,4951.0292,2023-08-01
600171.SH,2005-04-08,8.31,8.47,8.27,8.43,8.28,0.15,1.81,20722.83,17352.115,2023-08-01
600710.SH,2005-04-08,3.06,3.13,3.01,3.12,3.06,0.06,1.96,28350.44,8728.258,2023-08-01
000596.SZ,2005-04-08,4.93,5.03,4.86,5.02,4.96,0.06,1.21,1345.81,667.305,2023-08-01
600975.SH,2005-04-08,6.42,7.03,6.4,6.8,6.39,0.41,6.42,24972.86,16978.679,2023-08-01
000022.SZ,2005-04-08,32.15,32.52,31.39,31.6,32.16,-0.56,-1.74,10247.55,32527.5316,2023-08-01
000731.SZ,2005-04-08,10.8,11.03,10.68,10.99,10.88,0.11,1.01,30600.71,33298.9168,2023-08-01
000763.SZ,2005-04-08,5.0,5.16,4.93,5.11,5.0,0.11,2.2,16655.6,8376.5291,2023-08-01
600840.SH,2005-04-08,4.98,5.12,4.91,5.07,4.98,0.09,1.81,5265.6,2655.596,2023-08-01
600807.SH,2005-04-08,2.7,2.7,2.56,2.65,2.69,-0.04,-1.49,2605.21,683.728,2023-08-01
000043.SZ,2005-04-08,7.51,7.89,7.42,7.7,7.5,0.2,2.67,4261.4,3274.5037,2023-08-01
600348.SH,2005-04-08,11.15,11.7,10.9,11.66,11.04,0.62,5.62,64279.25,72601.514,2023-08-01
600177.SH,2005-04-08,5.82,5.95,5.78,5.95,5.84,0.11,1.88,53431.49,31379.294,2023-08-01
600573.SH,2005-04-08,6.53,6.66,6.41,6.63,6.47,0.16,2.47,2642.92,1733.246,2023-08-01
600791.SH,2005-04-08,4.65,4.74,4.64,4.73,4.7,0.03,0.64,1323.0,621.056,2023-08-01
600303.SH,2005-04-08,5.26,5.36,5.2,5.35,5.26,0.09,1.71,8472.7,4485.319,2023-08-01
600186.SH,2005-04-08,2.53,2.58,2.5,2.58,2.54,0.04,1.57,43808.56,11164.135,2023-08-01
600754.SH,2005-04-08,7.79,7.81,7.63,7.8,7.77,0.03,0.39,5665.17,4383.208,2023-08-01
600373.SH,2005-04-08,4.12,4.19,4.09,4.17,4.14,0.03,0.72,2416.94,999.069,2023-08-01
600163.SH,2005-04-08,3.3,3.43,3.3,3.41,3.34,0.07,2.1,7167.85,2432.81,2023-08-01
600070.SH,2005-04-08,4.5,4.6,4.43,4.59,4.49,0.1,2.23,2500.39,1135.765,2023-08-01
600600.SH,2005-04-08,8.83,8.97,8.7,8.85,8.83,0.02,0.23,16393.42,14474.479,2023-08-01
600459.SH,2005-04-08,8.2,8.45,8.11,8.43,8.29,0.14,1.69,8722.3,7238.09,2023-08-01
600991.SH,2005-04-08,5.98,6.05,5.9,6.02,6.05,-0.03,-0.5,7444.29,4451.396,2023-08-01
000983.SZ,2005-04-08,16.17,16.4,15.96,16.31,16.17,0.14,0.87,32331.47,52418.7831,2023-08-01
000558.SZ,2005-04-08,4.2,4.27,4.1,4.26,4.19,0.07,1.67,8846.77,3730.2312,2023-08-01
600779.SH,2005-04-08,6.45,6.5,6.35,6.48,6.44,0.04,0.62,25476.26,16361.161,2023-08-01
600735.SH,2005-04-08,3.64,3.72,3.61,3.68,3.64,0.04,1.1,19246.85,7062.161,2023-08-01
000541.SZ,2005-04-08,13.72,13.72,13.32,13.6,13.5,0.1,0.74,10908.27,14741.1208,2023-08-01
000766.SZ,2005-04-08,1.23,1.33,1.23,1.31,1.29,0.02,1.55,65595.73,8447.5882,2023-08-01
600086.SH,2005-04-08,1.91,1.93,1.87,1.9,1.91,-0.01,-0.52,36764.22,6968.088,2023-08-01
600168.SH,2005-04-08,3.85,4.0,3.85,3.97,3.9,0.07,1.79,5006.84,1978.914,2023-08-01
600052.SH,2005-04-08,3.34,3.4,3.32,3.38,3.33,0.05,1.5,19105.21,6411.138,2023-08-01
600477.SH,2005-04-08,8.39,8.5,8.27,8.5,8.38,0.12,1.43,15967.93,13379.202,2023-08-01
600522.SH,2005-04-08,4.75,4.98,4.73,4.95,4.75,0.2,4.21,8793.8,4283.397,2023-08-01
600868.SH,2005-04-08,2.79,2.85,2.77,2.85,2.79,0.06,2.15,26765.99,7524.575,2023-08-01
000430.SZ,2005-04-08,4.0,4.16,3.97,4.13,4.02,0.11,2.74,21029.84,8608.4932,2023-08-01
000050.SZ,2005-04-08,8.15,8.55,8.15,8.38,8.2,0.18,2.2,22081.07,18539.7576,2023-08-01
000555.SZ,2005-04-08,5.68,5.7,5.68,5.68,5.98,-0.3,-5.02,1939.41,1101.6659,2023-08-01
000695.SZ,2005-04-08,3.95,4.02,3.89,3.97,3.98,-0.01,-0.25,19974.24,7877.3961,2023-08-01
600684.SH,2005-04-08,3.45,3.51,3.41,3.49,3.46,0.03,0.87,4516.58,1564.916,2023-08-01
600539.SH,2005-04-08,3.63,3.72,3.51,3.7,3.67,0.03,0.82,5492.28,2013.431,2023-08-01
000978.SZ,2005-04-08,7.55,7.71,7.53,7.68,7.57,0.11,1.45,10896.78,8328.7731,2023-08-01
600575.SH,2005-04-08,8.71,9.0,8.71,9.0,8.79,0.21,2.39,10104.88,8982.975,2023-08-01
600816.SH,2005-04-08,3.28,3.37,3.26,3.34,3.34,0.0,0.0,19878.49,6585.16,2023-08-01
600009.SH,2005-04-08,17.49,17.59,17.21,17.56,17.5,0.06,0.34,48353.74,84030.529,2023-08-01
000913.SZ,2005-04-08,3.43,3.5,3.4,3.49,3.45,0.04,1.16,10422.3,3595.2759,2023-08-01
600661.SH,2005-04-08,7.2,7.5,7.2,7.49,7.24,0.25,3.45,5748.65,4256.686,2023-08-01
600774.SH,2005-04-08,4.39,4.46,4.3,4.45,4.33,0.12,2.77,2037.85,896.082,2023-08-01
600269.SH,2005-04-08,8.76,8.96,8.67,8.88,8.79,0.09,1.02,28890.88,25328.342,2023-08-01
600770.SH,2005-04-08,10.21,10.21,9.9,10.12,10.02,0.1,1.0,15084.81,15169.036,2023-08-01
600285.SH,2005-04-08,5.55,5.71,5.5,5.68,5.5,0.18,3.27,1848.29,1042.84,2023-08-01
600519.SH,2005-04-08,50.08,50.08,48.31,49.9,50.08,-0.18,-0.36,4505.13,22165.004,2023-08-01
600005.SH,2005-04-08,4.0,4.03,3.93,4.0,4.0,0.0,0.0,396861.58,158109.882,2023-08-01
000597.SZ,2005-04-08,3.97,4.1,3.91,4.09,3.98,0.11,2.76,8818.55,3559.0522,2023-08-01
600243.SH,2005-04-08,3.75,3.84,3.73,3.83,3.75,0.08,2.13,2018.45,767.33,2023-08-01
000795.SZ,2005-04-08,4.1,4.21,4.08,4.19,4.12,0.07,1.7,15545.53,6445.5978,2023-08-01
600689.SH,2005-04-08,3.28,3.49,3.23,3.46,3.28,0.18,5.49,21192.77,7141.025,2023-08-01
000566.SZ,2005-04-08,3.73,3.85,3.63,3.83,3.76,0.07,1.86,5459.18,2059.6804,2023-08-01
600806.SH,2005-04-08,4.0,4.11,3.97,4.08,4.05,0.03,0.74,5216.14,2110.895,2023-08-01
600311.SH,2005-04-08,6.1,6.18,6.02,6.16,6.11,0.05,0.82,6865.04,4194.479,2023-08-01
600881.SH,2005-04-08,3.95,4.06,3.85,4.05,3.9,0.15,3.85,38240.24,15223.952,2023-08-01
000617.SZ,2005-04-08,16.22,16.85,16.22,16.77,16.56,0.21,1.27,11257.27,18663.9116,2023-08-01
000011.SZ,2005-04-08,5.91,6.41,5.86,6.29,5.91,0.38,6.43,146601.15,90127.2582,2023-08-01
600321.SH,2005-04-08,4.13,4.26,4.12,4.26,4.14,0.12,2.9,5112.58,2148.84,2023-08-01
600505.SH,2005-04-08,3.62,3.71,3.56,3.68,3.63,0.05,1.38,7612.34,2770.613,2023-08-01
600748.SH,2005-04-08,3.9,4.0,3.82,3.99,3.9,0.09,2.31,7718.48,3043.435,2023-08-01
600645.SH,2005-04-08,3.55,3.9,3.55,3.8,3.56,0.24,6.74,67236.26,25299.878,2023-08-01
600598.SH,2005-04-08,5.15,5.33,5.11,5.32,5.16,0.16,3.1,31323.39,16393.44,2023-08-01
000915.SZ,2005-04-08,3.5,3.68,3.46,3.66,3.53,0.13,3.68,9889.3,3556.001,2023-08-01
000520.SZ,2005-04-08,5.4,5.61,5.35,5.58,5.41,0.17,3.14,53351.41,29340.0417,2023-08-01
600038.SH,2005-04-08,6.19,6.49,6.16,6.36,6.15,0.21,3.41,4189.45,2665.234,2023-08-01
600307.SH,2005-04-08,5.72,5.89,5.63,5.86,5.72,0.14,2.45,32601.36,18908.972,2023-08-01
000004.SZ,2005-04-08,5.7,5.81,5.55,5.78,5.58,0.2,3.58,9587.21,5494.0508,2023-08-01
000680.SZ,2005-04-08,3.07,3.13,3.04,3.13,3.07,0.06,1.95,37491.65,11570.4504,2023-08-01
000957.SZ,2005-04-08,2.69,2.72,2.63,2.71,2.68,0.03,1.12,6438.3,1720.9032,2023-08-01
000502.SZ,2005-04-08,6.16,6.28,5.91,6.25,6.21,0.04,0.64,9151.66,5559.2789,2023-08-01
600039.SH,2005-04-08,2.78,2.78,2.69,2.75,2.79,-0.04,-1.43,26421.97,7231.43,2023-08-01
600888.SH,2005-04-08,8.35,8.62,8.3,8.61,8.36,0.25,2.99,3399.41,2897.153,2023-08-01
600820.SH,2005-04-08,3.63,3.69,3.6,3.67,3.63,0.04,1.1,5326.56,1946.364,2023-08-01
000549.SZ,2005-04-08,2.97,3.04,2.96,3.02,2.97,0.05,1.68,63371.03,19026.5632,2023-08-01
600848.SH,2005-04-08,2.83,2.88,2.83,2.86,2.83,0.03,1.06,1951.98,557.28,2023-08-01
600751.SH,2005-04-08,2.1,2.1,2.01,2.05,2.05,0.0,0.0,11178.38,2285.612,2023-08-01
000061.SZ,2005-04-08,3.81,4.1,3.78,4.01,3.81,0.2,5.25,73493.18,29346.5582,2023-08-01
600113.SH,2005-04-08,4.91,4.93,4.8,4.91,4.87,0.04,0.82,1077.0,524.379,2023-08-01
600636.SH,2005-04-08,7.8,8.12,7.79,8.03,7.81,0.22,2.82,20395.86,16359.852,2023-08-01
600353.SH,2005-04-08,6.08,6.09,5.87,5.99,6.14,-0.15,-2.44,24396.25,14571.313,2023-08-01
000573.SZ,2005-04-08,2.95,2.98,2.91,2.98,2.95,0.03,1.02,9674.29,2852.6597,2023-08-01
000667.SZ,2005-04-08,4.58,4.61,4.53,4.6,4.58,0.02,0.44,7870.76,3607.3803,2023-08-01
600191.SH,2005-04-08,5.31,5.45,5.25,5.37,5.37,0.0,0.0,9975.13,5317.026,2023-08-01
600864.SH,2005-04-08,5.26,5.32,5.17,5.29,5.24,0.05,0.95,3069.0,1615.89,2023-08-01
600650.SH,2005-04-08,8.12,8.25,8.11,8.24,8.12,0.12,1.48,2095.39,1714.915,2023-08-01
600233.SH,2005-04-08,3.98,4.1,3.98,4.1,4.04,0.06,1.49,1237.82,502.186,2023-08-01
600410.SH,2005-04-08,20.01,20.75,20.01,20.68,20.1,0.58,2.89,4594.18,9397.271,2023-08-01
600633.SH,2005-04-08,7.44,7.65,7.21,7.35,7.51,-0.16,-2.13,15200.32,11247.996,2023-08-01
000908.SZ,2005-04-08,3.01,3.08,3.0,3.06,3.05,0.01,0.33,4296.86,1304.1185,2023-08-01
000769.SZ,2005-04-08,1.36,1.36,1.29,1.29,1.36,-0.07,-5.15,33715.32,4393.8477,2023-08-01
600293.SH,2005-04-08,3.35,3.47,3.31,3.45,3.35,0.1,2.99,10544.81,3610.951,2023-08-01
600135.SH,2005-04-08,5.03,5.25,4.92,5.23,5.08,0.15,2.95,61044.66,30822.113,2023-08-01
600220.SH,2005-04-08,2.62,2.72,2.57,2.72,2.62,0.1,3.82,52187.92,13842.664,2023-08-01
000559.SZ,2005-04-08,4.45,4.6,4.45,4.59,4.46,0.13,2.91,32860.62,14919.7949,2023-08-01
600750.SH,2005-04-08,5.11,5.2,5.04,5.18,5.1,0.08,1.57,12021.47,6152.724,2023-08-01
600675.SH,2005-04-08,4.23,4.32,4.23,4.31,4.23,0.08,1.89,12050.88,5169.256,2023-08-01
000008.SZ,2005-04-08,8.78,9.03,8.78,8.92,8.78,0.14,1.59,16406.01,14638.9475,2023-08-01
600979.SH,2005-04-08,4.49,4.61,4.44,4.6,4.49,0.11,2.45,9488.73,4302.463,2023-08-01
000629.SZ,2005-04-08,5.33,5.39,5.29,5.38,5.35,0.03,0.56,44277.95,23647.6395,2023-08-01
600241.SH,2005-04-08,5.66,5.77,5.58,5.77,5.66,0.11,1.94,1172.7,665.904,2023-08-01
600337.SH,2005-04-08,6.31,6.42,6.24,6.33,6.33,0.0,0.0,8181.28,5177.769,2023-08-01
600119.SH,2005-04-08,3.65,3.69,3.6,3.68,3.67,0.01,0.27,7689.09,2807.55,2023-08-01
600284.SH,2005-04-08,4.5,4.63,4.44,4.6,4.5,0.1,2.22,5559.37,2533.47,2023-08-01
600763.SH,2005-04-08,3.06,3.13,3.01,3.06,3.06,0.0,0.0,7923.67,2417.619,2023-08-01
600436.SH,2005-04-08,12.96,13.38,12.95,13.21,12.96,0.25,1.93,4591.47,6050.5,2023-08-01
600332.SH,2005-04-08,4.47,4.5,4.32,4.37,4.41,-0.04,-0.91,10929.05,4828.441,2023-08-01
600983.SH,2005-04-08,3.24,3.33,3.23,3.32,3.26,0.06,1.84,10800.16,3550.747,2023-08-01
600216.SH,2005-04-08,4.4,4.4,4.2,4.4,4.0,0.4,10.0,350766.29,153239.867,2023-08-01
600726.SH,2005-04-08,3.78,3.9,3.72,3.88,3.77,0.11,2.92,19337.72,7417.275,2023-08-01
000063.SZ,2005-04-08,30.57,30.99,29.75,30.0,30.88,-0.88,-2.85,61248.6,184081.8201,2023-08-01
600196.SH,2005-04-08,5.68,5.84,5.68,5.79,5.66,0.13,2.3,51394.7,29696.633,2023-08-01
600520.SH,2005-04-08,5.1,5.21,5.01,5.2,5.1,0.1,1.96,6046.5,3083.35,2023-08-01
000626.SZ,2005-04-08,10.73,10.88,10.58,10.66,10.91,-0.25,-2.29,6778.0,7248.7896,2023-08-01
600860.SH,2005-04-08,4.24,4.37,4.24,4.33,4.27,0.06,1.41,4897.79,2107.434,2023-08-01
000923.SZ,2005-04-08,3.54,3.66,3.5,3.65,3.55,0.1,2.82,25481.56,9211.7068,2023-08-01
002032.SZ,2005-04-08,10.14,10.4,10.14,10.3,10.21,0.09,0.88,5461.67,5616.1011,2023-08-01
002035.SZ,2005-04-08,8.66,8.85,8.6,8.82,8.7,0.12,1.38,8908.34,7798.364,2023-08-01
600315.SH,2005-04-08,5.49,5.65,5.39,5.57,5.45,0.12,2.2,12979.67,7160.445,2023-08-01
000768.SZ,2005-04-08,4.7,4.82,4.65,4.81,4.69,0.12,2.56,20820.05,9872.6322,2023-08-01
600059.SH,2005-04-08,6.4,6.65,6.37,6.58,6.4,0.18,2.81,20152.86,13097.612,2023-08-01
000758.SZ,2005-04-08,4.91,5.03,4.85,5.02,4.9,0.12,2.45,25078.18,12463.8045,2023-08-01
600098.SH,2005-04-08,8.52,8.79,8.4,8.74,8.51,0.23,2.7,27007.77,23208.485,2023-08-01
000856.SZ,2005-04-08,2.73,2.78,2.7,2.77,2.73,0.04,1.47,4571.7,1254.3484,2023-08-01
000931.SZ,2005-04-08,3.08,3.11,3.02,3.1,3.08,0.02,0.65,16718.42,5130.1673,2023-08-01
000903.SZ,2005-04-08,5.0,5.1,4.99,5.08,5.0,0.08,1.6,3371.84,1703.4381,2023-08-01
600288.SH,2005-04-08,5.65,5.88,5.58,5.87,5.65,0.22,3.89,7275.8,4149.441,2023-08-01
000713.SZ,2005-04-08,3.49,3.56,3.47,3.55,3.49,0.06,1.72,9232.14,3255.0049,2023-08-01
600476.SH,2005-04-08,7.7,7.89,7.63,7.89,7.7,0.19,2.47,3452.56,2684.201,2023-08-01
600421.SH,2005-04-08,6.36,6.55,6.31,6.51,6.33,0.18,2.84,11580.2,7479.368,2023-08-01
600513.SH,2005-04-08,8.33,9.22,8.33,9.22,8.38,0.84,10.02,4051.71,3661.147,2023-08-01
000027.SZ,2005-04-08,7.28,7.49,7.28,7.45,7.26,0.19,2.62,67338.19,49730.1627,2023-08-01
002015.SZ,2005-04-08,9.88,10.18,9.81,10.15,9.88,0.27,2.73,3930.65,3936.3974,2023-08-01
600385.SH,2005-04-08,1.83,1.85,1.81,1.84,1.83,0.01,0.55,5630.46,1031.837,2023-08-01
000016.SZ,2005-04-08,4.5,4.7,4.5,4.65,4.52,0.13,2.88,14551.24,6706.8454,2023-08-01
600987.SH,2005-04-08,4.31,4.44,4.25,4.41,4.29,0.12,2.8,11841.52,5147.747,2023-08-01
600694.SH,2005-04-08,13.59,14.19,13.55,14.17,13.58,0.59,4.34,12643.14,17640.586,2023-08-01
000590.SZ,2005-04-08,3.82,3.89,3.78,3.88,3.82,0.06,1.57,5535.46,2128.014,2023-08-01
000787.SZ,2005-04-08,6.21,6.52,6.2,6.51,6.25,0.26,4.16,44032.31,28052.9556,2023-08-01
000728.SZ,2005-04-08,4.69,4.83,4.65,4.82,4.77,0.05,1.05,19236.87,9193.4619,2023-08-01
600357.SH,2005-04-08,3.88,3.92,3.79,3.91,3.89,0.02,0.51,28322.53,10924.781,2023-08-01
600061.SH,2005-04-08,2.76,2.8,2.7,2.79,2.75,0.04,1.45,5202.25,1435.491,2023-08-01
600099.SH,2005-04-08,3.39,3.4,3.31,3.39,3.37,0.02,0.59,22454.49,7546.0,2023-08-01
000413.SZ,2005-04-08,3.61,3.99,3.6,3.99,3.63,0.36,9.92,13199.99,5103.995,2023-08-01
000636.SZ,2005-04-08,4.4,4.55,4.36,4.54,4.43,0.11,2.48,17178.94,7654.6407,2023-08-01
600827.SH,2005-04-08,6.48,6.5,6.3,6.46,6.36,0.1,1.57,12997.15,8358.903,2023-08-01
600419.SH,2005-04-08,4.7,4.71,4.61,4.67,4.72,-0.05,-1.06,3393.03,1578.824,2023-08-01
600662.SH,2005-04-08,5.87,6.04,5.83,6.03,5.86,0.17,2.9,7489.7,4460.037,2023-08-01
000788.SZ,2005-04-08,3.86,3.94,3.75,3.9,3.82,0.08,2.09,11246.97,4303.9247,2023-08-01
000876.SZ,2005-04-08,6.3,6.46,6.26,6.45,6.29,0.16,2.54,20664.51,13187.1008,2023-08-01
600591.SH,2005-04-08,4.02,4.16,4.02,4.13,4.01,0.12,2.99,111041.63,45515.689,2023-08-01
000782.SZ,2005-04-08,4.7,4.75,4.59,4.74,4.7,0.04,0.85,13060.41,6086.9959,2023-08-01
000602.SZ,2005-04-08,6.68,6.75,6.59,6.7,6.73,-0.03,-0.45,20836.98,13903.0507,2023-08-01
600797.SH,2005-04-08,4.12,4.23,4.09,4.22,4.12,0.1,2.43,91522.58,38157.12,2023-08-01
600420.SH,2005-04-08,13.57,13.88,13.51,13.8,13.63,0.17,1.25,8152.21,11180.354,2023-08-01
000151.SZ,2005-04-08,3.76,3.8,3.68,3.78,3.74,0.04,1.07,5903.76,2214.3121,2023-08-01
000850.SZ,2005-04-08,2.37,2.46,2.36,2.46,2.39,0.07,2.93,107187.02,25826.8489,2023-08-01
000888.SZ,2005-04-08,6.2,6.78,6.16,6.7,6.29,0.41,6.52,49619.68,32220.9096,2023-08-01
000837.SZ,2005-04-08,3.94,4.02,3.9,4.02,3.95,0.07,1.77,6780.71,2692.4333,2023-08-01
000827.SZ,2005-04-08,1.51,1.56,1.5,1.51,1.51,0.0,0.0,11446.24,1755.4249,2023-08-01
600268.SH,2005-04-08,8.36,8.96,8.36,8.87,8.36,0.51,6.1,3114.81,2730.053,2023-08-01
600229.SH,2005-04-08,3.41,3.54,3.41,3.54,3.47,0.07,2.02,4837.32,1684.806,2023-08-01
600082.SH,2005-04-08,3.6,3.73,3.6,3.7,3.62,0.08,2.21,8353.38,3057.281,2023-08-01
600628.SH,2005-04-08,7.25,7.4,7.2,7.4,7.28,0.12,1.65,17392.7,12754.182,2023-08-01
000671.SZ,2005-04-08,7.23,7.23,6.6,6.78,6.6,0.18,2.73,1682.43,1160.3311,2023-08-01
000893.SZ,2005-04-08,3.31,3.31,3.19,3.3,3.25,0.05,1.54,3297.81,1074.3448,2023-08-01
600613.SH,2005-04-08,6.76,7.09,6.76,7.04,6.92,0.12,1.73,982.83,688.608,2023-08-01
600381.SH,2005-04-08,4.05,4.19,4.03,4.18,4.08,0.1,2.45,7241.67,2984.085,2023-08-01
600833.SH,2005-04-08,4.11,4.2,4.03,4.2,4.11,0.09,2.19,5951.96,2465.514,2023-08-01
600659.SH,2005-04-08,2.47,2.5,2.43,2.48,2.47,0.01,0.4,10042.36,2480.218,2023-08-01
600506.SH,2005-04-08,3.43,3.57,3.42,3.57,3.46,0.11,3.18,5845.71,2054.755,2023-08-01
000780.SZ,2005-04-08,3.97,4.02,3.87,4.01,3.96,0.05,1.26,9607.55,3798.8713,2023-08-01
000421.SZ,2005-04-08,3.8,3.8,3.61,3.67,3.59,0.08,2.23,9492.95,3484.869,2023-08-01
000540.SZ,2005-04-08,2.77,2.91,2.72,2.87,2.78,0.09,3.24,21666.96,6157.774,2023-08-01
000601.SZ,2005-04-08,5.03,5.1,4.99,5.04,5.02,0.02,0.4,10114.63,5095.394,2023-08-01
600706.SH,2005-04-08,7.54,7.78,7.5,7.73,7.6,0.13,1.71,8433.65,6447.185,2023-08-01
600112.SH,2005-04-08,6.01,6.02,5.86,5.99,6.02,-0.03,-0.5,3134.01,1865.927,2023-08-01
600569.SH,2005-04-08,3.01,3.07,2.98,3.05,3.0,0.05,1.67,36156.16,10956.025,2023-08-01
000553.SZ,2005-04-08,3.2,3.26,3.15,3.24,3.23,0.01,0.31,10342.54,3318.7561,2023-08-01
600871.SH,2005-04-08,3.43,3.59,3.4,3.52,3.42,0.1,2.92,110475.02,38595.855,2023-08-01
000100.SZ,2005-04-08,3.48,3.6,3.42,3.58,3.48,0.1,2.87,154820.95,54281.179,2023-08-01
600209.SH,2005-04-08,2.69,2.77,2.68,2.76,2.72,0.04,1.47,15280.69,4172.189,2023-08-01
600652.SH,2005-04-08,4.9,5.42,4.84,5.42,4.93,0.49,9.94,88018.1,46328.166,2023-08-01
000753.SZ,2005-04-08,3.31,3.33,3.23,3.31,3.3,0.01,0.3,8936.9,2930.8438,2023-08-01
000666.SZ,2005-04-08,3.73,3.82,3.67,3.79,3.73,0.06,1.61,13139.9,4935.2793,2023-08-01
000048.SZ,2005-04-08,2.2,2.27,2.2,2.25,2.21,0.04,1.81,5578.89,1253.9639,2023-08-01
600584.SH,2005-04-08,4.69,4.87,4.65,4.85,4.7,0.15,3.19,21710.63,10374.069,2023-08-01
600479.SH,2005-04-08,19.4,19.8,19.2,19.75,19.42,0.33,1.7,2335.61,4577.001,2023-08-01
600157.SH,2005-04-08,4.51,4.8,4.51,4.65,4.65,0.0,0.0,14302.09,6617.956,2023-08-01
600639.SH,2005-04-08,5.78,5.94,5.7,5.93,5.81,0.12,2.07,11282.25,6625.705,2023-08-01
600890.SH,2005-04-08,2.46,2.51,2.45,2.5,2.44,0.06,2.46,13431.21,3328.992,2023-08-01
600997.SH,2005-04-08,9.06,9.29,9.02,9.25,9.06,0.19,2.1,26632.26,24479.765,2023-08-01
000550.SZ,2005-04-08,4.32,4.38,4.24,4.35,4.31,0.04,0.93,24431.92,10523.2169,2023-08-01
002018.SZ,2005-04-08,8.1,8.14,7.86,8.1,8.05,0.05,0.62,4001.19,3219.223,2023-08-01
000153.SZ,2005-04-08,6.75,7.43,6.75,7.34,6.75,0.59,8.74,15099.23,10834.5629,2023-08-01
600159.SH,2005-04-08,2.66,2.72,2.59,2.71,2.67,0.04,1.5,4680.05,1234.749,2023-08-01
600123.SH,2005-04-08,12.17,12.68,12.17,12.63,12.24,0.39,3.19,20137.47,25173.62,2023-08-01
000783.SZ,2005-04-08,3.05,3.14,2.98,3.1,3.06,0.04,1.31,27281.82,8323.2435,2023-08-01
600004.SH,2005-04-08,7.64,7.78,7.51,7.71,7.58,0.13,1.72,61848.23,47211.709,2023-08-01
000922.SZ,2005-04-08,2.92,2.96,2.84,2.96,2.92,0.04,1.37,11550.83,3356.3649,2023-08-01
000793.SZ,2005-04-08,3.79,3.79,3.6,3.76,3.79,-0.03,-0.79,17066.62,6321.8498,2023-08-01
600019.SH,2005-04-08,6.08,6.13,6.0,6.11,6.06,0.05,0.83,108390.36,65633.306,2023-08-01
002026.SZ,2005-04-08,7.21,7.39,7.18,7.36,7.28,0.08,1.1,5189.56,3792.9351,2023-08-01
600830.SH,2005-04-08,4.31,4.33,4.24,4.3,4.31,-0.01,-0.23,3952.52,1693.36,2023-08-01
000725.SZ,2005-04-08,6.65,6.75,6.5,6.68,6.61,0.07,1.06,23235.36,15362.0992,2023-08-01
600760.SH,2005-04-08,2.2,2.2,2.07,2.08,2.1,-0.02,-0.95,26460.44,5603.15,2023-08-01
000682.SZ,2005-04-08,2.91,3.0,2.87,2.99,2.96,0.03,1.01,50535.14,14843.0316,2023-08-01
600376.SH,2005-04-08,5.85,5.91,5.8,5.86,5.86,0.0,0.0,3455.99,2023.646,2023-08-01
600787.SH,2005-04-08,3.96,4.06,3.88,4.06,3.96,0.1,2.53,24464.28,9837.074,2023-08-01
600562.SH,2005-04-08,6.21,6.44,6.15,6.41,6.29,0.12,1.91,5304.49,3351.731,2023-08-01
600331.SH,2005-04-08,5.59,5.74,5.52,5.7,5.59,0.11,1.97,73418.1,41618.8,2023-08-01
600961.SH,2005-04-08,4.21,4.33,4.2,4.31,4.23,0.08,1.89,17982.18,7682.987,2023-08-01
000090.SZ,2005-04-08,5.53,5.79,5.52,5.69,5.53,0.16,2.89,7582.09,4290.0124,2023-08-01
600361.SH,2005-04-08,7.68,7.68,7.42,7.64,7.7,-0.06,-0.78,21102.0,15982.948,2023-08-01
000953.SZ,2005-04-08,3.55,3.61,3.48,3.6,3.55,0.05,1.41,9999.09,3544.7618,2023-08-01
000060.SZ,2005-04-08,6.89,7.08,6.86,6.95,6.75,0.2,2.96,39790.78,27660.2843,2023-08-01
600615.SH,2005-04-08,3.27,3.34,3.17,3.3,3.28,0.02,0.61,5828.92,1887.748,2023-08-01
600058.SH,2005-04-08,8.21,8.5,8.2,8.41,8.21,0.2,2.44,100825.8,84525.842,2023-08-01
600503.SH,2005-04-08,2.78,2.8,2.72,2.79,2.77,0.02,0.72,2279.9,629.057,2023-08-01
600360.SH,2005-04-08,9.1,9.19,8.88,9.16,9.1,0.06,0.66,7909.58,7148.208,2023-08-01
600588.SH,2005-04-08,17.65,18.19,17.51,18.04,17.94,0.1,0.56,9249.97,16485.989,2023-08-01
000068.SZ,2005-04-08,6.85,7.05,6.73,7.05,6.89,0.16,2.32,80539.46,55790.659,2023-08-01
000023.SZ,2005-04-08,5.19,5.47,5.12,5.4,5.2,0.2,3.85,18524.89,9914.4483,2023-08-01
000999.SZ,2005-04-08,3.55,3.55,3.43,3.52,3.53,-0.01,-0.28,21328.85,7447.0746,2023-08-01
600263.SH,2005-04-08,5.1,5.15,5.02,5.12,5.09,0.03,0.59,6013.13,3053.018,2023-08-01
000019.SZ,2005-04-08,5.2,5.4,5.1,5.21,5.2,0.01,0.19,15132.51,7936.2916,2023-08-01
600312.SH,2005-04-08,4.22,4.37,4.2,4.33,4.26,0.07,1.64,18231.97,7814.965,2023-08-01
600657.SH,2005-04-08,2.87,2.89,2.78,2.89,2.85,0.04,1.4,19579.37,5560.805,2023-08-01
600145.SH,2005-04-08,2.81,2.9,2.8,2.9,2.83,0.07,2.47,5964.75,1705.072,2023-08-01
600720.SH,2005-04-08,2.75,2.82,2.7,2.79,2.73,0.06,2.2,19368.6,5386.244,2023-08-01
600571.SH,2005-04-08,8.3,8.82,8.3,8.78,8.4,0.38,4.52,6215.79,5333.264,2023-08-01
000760.SZ,2005-04-08,2.91,2.94,2.84,2.93,2.91,0.02,0.69,5237.39,1512.951,2023-08-01
600469.SH,2005-04-08,6.61,6.9,6.53,6.8,6.59,0.21,3.19,29951.52,20224.983,2023-08-01
600495.SH,2005-04-08,5.01,5.17,5.0,5.16,5.05,0.11,2.18,3319.06,1696.129,2023-08-01
600380.SH,2005-04-08,7.25,7.27,7.15,7.26,7.24,0.02,0.28,5718.0,4132.263,2023-08-01
000156.SZ,2005-04-08,2.13,2.16,2.1,2.13,2.17,-0.04,-1.84,14860.9,3159.9579,2023-08-01
600891.SH,2005-04-08,2.6,2.65,2.54,2.62,2.6,0.02,0.77,12998.33,3375.654,2023-08-01
600429.SH,2005-04-08,2.89,2.96,2.85,2.94,2.92,0.02,0.68,15285.51,4446.774,2023-08-01
600969.SH,2005-04-08,5.23,5.33,5.14,5.3,5.37,-0.07,-1.3,18668.22,9768.394,2023-08-01
000010.SZ,2005-04-08,3.9,4.18,3.86,4.01,3.9,0.11,2.82,21978.14,8843.3443,2023-08-01
600330.SH,2005-04-08,6.9,7.19,6.86,7.14,6.99,0.15,2.15,28588.3,19983.013,2023-08-01
600794.SH,2005-04-08,4.56,4.61,4.48,4.61,4.56,0.05,1.1,3793.41,1729.622,2023-08-01
000569.SZ,2005-04-08,2.42,2.46,2.36,2.45,2.41,0.04,1.66,14105.2,3403.2022,2023-08-01
600550.SH,2005-04-08,9.01,9.01,8.61,8.89,9.01,-0.12,-1.33,49441.81,43290.242,2023-08-01
000622.SZ,2005-04-08,2.34,2.37,2.3,2.35,2.35,0.0,0.0,8678.52,2025.7735,2023-08-01
600183.SH,2005-04-08,6.53,6.66,6.39,6.64,6.53,0.11,1.68,22265.93,14546.834,2023-08-01
002027.SZ,2005-04-08,12.85,13.07,12.56,13.02,12.84,0.18,1.4,14189.28,18204.566,2023-08-01
600549.SH,2005-04-08,11.3,11.86,11.22,11.84,11.28,0.56,4.96,33198.52,38339.922,2023-08-01
600207.SH,2005-04-08,6.3,6.47,6.27,6.44,6.3,0.14,2.22,28233.06,18054.91,2023-08-01
600876.SH,2005-04-08,3.5,3.56,3.49,3.56,3.5,0.06,1.71,2745.17,970.871,2023-08-01
600644.SH,2005-04-08,4.17,4.19,4.13,4.18,4.17,0.01,0.24,5426.03,2255.899,2023-08-01
000578.SZ,2005-04-08,4.65,4.74,4.53,4.7,4.65,0.05,1.08,8896.8,4105.5603,2023-08-01
600231.SH,2005-04-08,5.46,5.55,5.34,5.52,5.45,0.07,1.28,33177.76,18097.818,2023-08-01
600403.SH,2005-04-08,9.48,10.15,9.04,10.06,9.49,0.57,6.01,73813.71,68491.313,2023-08-01
000721.SZ,2005-04-08,3.59,3.66,3.53,3.64,3.59,0.05,1.39,4782.25,1728.0069,2023-08-01
600828.SH,2005-04-08,3.8,3.83,3.73,3.79,3.81,-0.02,-0.52,1911.81,722.986,2023-08-01
000560.SZ,2005-04-08,3.04,3.1,3.03,3.1,3.04,0.06,1.97,4331.86,1324.0451,2023-08-01
000150.SZ,2005-04-08,3.02,3.06,2.95,3.05,3.03,0.02,0.66,15237.68,4588.1252,2023-08-01
000739.SZ,2005-04-08,4.68,4.72,4.59,4.7,4.68,0.02,0.43,4558.69,2130.261,2023-08-01
600250.SH,2005-04-08,4.97,5.01,4.84,4.97,4.95,0.02,0.4,13547.69,6668.665,2023-08-01
600365.SH,2005-04-08,3.47,3.91,3.47,3.91,3.55,0.36,10.14,18318.01,7069.508,2023-08-01
600458.SH,2005-04-08,3.82,4.1,3.82,4.1,3.73,0.37,9.92,52229.42,21232.51,2023-08-01
600003.SH,2005-04-08,2.81,2.82,2.75,2.82,2.81,0.01,0.36,20860.49,5805.749,2023-08-01
600325.SH,2005-04-08,7.35,7.48,7.3,7.4,7.35,0.05,0.68,9303.83,6855.62,2023-08-01
000420.SZ,2005-04-08,3.53,3.62,3.51,3.6,3.56,0.04,1.12,12576.46,4484.1177,2023-08-01
600723.SH,2005-04-08,3.14,3.18,3.09,3.18,3.14,0.04,1.27,6432.35,2026.257,2023-08-01
600602.SH,2005-04-08,6.25,6.38,6.21,6.38,6.25,0.13,2.08,30423.96,19189.777,2023-08-01
600133.SH,2005-04-08,4.75,4.89,4.73,4.88,4.77,0.11,2.31,4480.04,2163.929,2023-08-01
000078.SZ,2005-04-08,4.14,4.24,4.06,4.23,4.14,0.09,2.17,17953.62,7484.9443,2023-08-01
600483.SH,2005-04-08,3.38,3.43,3.33,3.41,3.37,0.04,1.19,8330.33,2815.85,2023-08-01
000554.SZ,2005-04-08,3.71,3.85,3.7,3.79,3.75,0.04,1.07,144224.5,54559.6457,2023-08-01
600108.SH,2005-04-08,2.84,2.9,2.82,2.89,2.84,0.05,1.76,23071.64,6611.635,2023-08-01
000875.SZ,2005-04-08,3.26,3.3,3.21,3.29,3.23,0.06,1.86,23925.09,7806.1083,2023-08-01
600971.SH,2005-04-08,22.05,22.59,21.8,22.44,22.15,0.29,1.31,27896.1,61807.801,2023-08-01
600839.SH,2005-04-08,3.55,3.66,3.53,3.65,3.54,0.11,3.11,54790.45,19811.331,2023-08-01
600630.SH,2005-04-08,2.92,3.08,2.91,3.07,2.92,0.15,5.14,26462.49,7972.983,2023-08-01
000709.SZ,2005-04-08,4.48,4.52,4.45,4.51,4.47,0.04,0.89,24416.31,10958.1041,2023-08-01
000897.SZ,2005-04-08,2.9,2.92,2.84,2.92,2.9,0.02,0.69,7098.6,2047.7235,2023-08-01
600350.SH,2005-04-08,4.49,4.55,4.46,4.54,4.5,0.04,0.89,32748.92,14787.927,2023-08-01
000990.SZ,2005-04-08,5.95,6.12,5.95,6.08,5.99,0.09,1.5,7958.86,4800.1161,2023-08-01
000503.SZ,2005-04-08,11.5,11.68,11.34,11.61,11.5,0.11,0.96,90114.23,103586.8671,2023-08-01
600578.SH,2005-04-08,5.56,5.71,5.45,5.62,5.46,0.16,2.93,6151.58,3452.101,2023-08-01
600627.SH,2005-04-08,6.65,6.77,6.5,6.74,6.56,0.18,2.74,7582.94,5080.629,2023-08-01
600624.SH,2005-04-08,5.77,5.92,5.72,5.92,5.77,0.15,2.6,13846.24,8111.741,2023-08-01
600416.SH,2005-04-08,5.3,5.47,5.26,5.45,5.33,0.12,2.25,7836.26,4217.034,2023-08-01
600835.SH,2005-04-08,4.96,5.17,4.92,5.16,4.97,0.19,3.82,50557.42,25604.75,2023-08-01
000995.SZ,2005-04-08,3.43,3.48,3.38,3.46,3.45,0.01,0.29,5681.17,1943.2766,2023-08-01
600777.SH,2005-04-08,3.38,3.48,3.35,3.46,3.38,0.08,2.37,15875.48,5432.068,2023-08-01
000518.SZ,2005-04-08,2.0,2.12,2.0,2.11,1.99,0.12,6.03,356559.67,73901.3186,2023-08-01
000571.SZ,2005-04-08,2.5,2.54,2.48,2.53,2.5,0.03,1.2,12994.2,3264.9304,2023-08-01
600596.SH,2005-04-08,9.11,9.33,9.06,9.32,9.12,0.2,2.19,22948.64,21190.556,2023-08-01
600156.SH,2005-04-08,2.42,2.47,2.38,2.46,2.43,0.03,1.23,4057.53,984.515,2023-08-01
600546.SH,2005-04-08,8.08,8.28,7.9,8.26,8.13,0.13,1.6,12251.27,9874.841,2023-08-01
000722.SZ,2005-04-08,2.72,2.76,2.68,2.76,2.72,0.04,1.47,16237.93,4408.4729,2023-08-01
600121.SH,2005-04-08,4.46,4.58,4.45,4.56,4.43,0.13,2.93,37464.9,16915.403,2023-08-01
000810.SZ,2005-04-08,3.45,3.55,3.43,3.54,3.46,0.08,2.31,3635.4,1273.207,2023-08-01
002025.SZ,2005-04-08,18.0,18.66,18.0,18.5,18.2,0.3,1.65,8796.22,16185.1008,2023-08-01
600605.SH,2005-04-08,6.36,6.8,6.26,6.65,6.36,0.29,4.56,6646.0,4404.644,2023-08-01
600215.SH,2005-04-08,3.9,4.01,3.85,4.0,3.88,0.12,3.09,11836.74,4675.124,2023-08-01
000600.SZ,2005-04-08,7.31,7.45,7.24,7.24,8.04,-0.8,-9.95,16894.0,12254.042,2023-08-01
600516.SH,2005-04-08,5.9,6.12,5.88,6.0,5.95,0.05,0.84,40644.58,24314.556,2023-08-01
600725.SH,2005-04-08,4.51,4.59,4.42,4.56,4.54,0.02,0.44,10822.91,4881.978,2023-08-01
600786.SH,2005-04-08,14.78,15.28,14.73,15.04,14.73,0.31,2.1,28011.56,42215.898,2023-08-01
600187.SH,2005-04-08,2.19,2.2,2.11,2.18,2.21,-0.03,-1.36,20821.96,4503.214,2023-08-01
000980.SZ,2005-04-08,3.3,3.43,3.3,3.4,3.38,0.02,0.59,7002.94,2347.5592,2023-08-01
000530.SZ,2005-04-08,3.93,4.05,3.88,4.02,3.89,0.13,3.34,8025.47,3190.0621,2023-08-01
600892.SH,2005-04-08,2.21,2.24,2.1,2.13,2.21,-0.08,-3.62,3160.0,677.611,2023-08-01
000032.SZ,2005-04-08,6.22,6.51,6.12,6.51,5.92,0.59,9.97,63438.75,40228.3593,2023-08-01
000031.SZ,2005-04-08,6.0,6.3,6.0,6.22,6.0,0.22,3.67,54984.33,34035.923,2023-08-01
600796.SH,2005-04-08,7.73,7.78,7.55,7.7,7.78,-0.08,-1.03,9058.47,6965.032,2023-08-01
600260.SH,2005-04-08,4.37,4.61,4.31,4.57,4.41,0.16,3.63,9985.93,4491.464,2023-08-01
000988.SZ,2005-04-08,6.67,6.9,6.6,6.86,6.67,0.19,2.85,5751.73,3888.5898,2023-08-01
600300.SH,2005-04-08,6.61,7.06,6.54,6.96,6.6,0.36,5.45,47493.12,32459.662,2023-08-01
600015.SH,2005-04-08,3.95,4.08,3.92,4.05,3.95,0.1,2.53,152751.53,61222.93,2023-08-01
600653.SH,2005-04-08,2.25,2.44,2.23,2.36,2.25,0.11,4.89,111550.17,26058.834,2023-08-01
000037.SZ,2005-04-08,11.03,11.16,10.94,11.16,10.97,0.19,1.73,12204.6,13485.4721,2023-08-01
600318.SH,2005-04-08,5.21,5.24,5.02,5.18,5.24,-0.06,-1.15,30335.82,15565.762,2023-08-01
000089.SZ,2005-04-08,7.46,7.53,7.36,7.41,7.48,-0.07,-0.94,52165.56,38673.9578,2023-08-01
000987.SZ,2005-04-08,4.15,4.25,4.15,4.21,4.14,0.07,1.69,2979.65,1247.0991,2023-08-01
600993.SH,2005-04-08,22.58,22.58,22.2,22.51,22.24,0.27,1.21,2379.73,5339.902,2023-08-01
600641.SH,2005-04-08,4.14,4.21,4.12,4.2,4.16,0.04,0.96,5953.41,2484.069,2023-08-01
600790.SH,2005-04-08,3.55,3.8,3.55,3.72,3.48,0.24,6.9,58075.27,21451.677,2023-08-01
000006.SZ,2005-04-08,4.25,4.45,4.2,4.38,4.26,0.12,2.82,21272.92,9279.0425,2023-08-01
600619.SH,2005-04-08,7.87,8.15,7.73,7.98,7.92,0.06,0.76,3395.06,2709.922,2023-08-01
600963.SH,2005-04-08,6.34,6.59,6.29,6.59,6.36,0.23,3.62,15472.67,10056.252,2023-08-01
600665.SH,2005-04-08,3.27,3.42,3.25,3.4,3.3,0.1,3.03,7963.2,2663.332,2023-08-01
600824.SH,2005-04-08,6.84,6.85,6.7,6.81,6.76,0.05,0.74,9312.54,6311.944,2023-08-01
600831.SH,2005-04-08,6.89,7.1,6.8,7.03,6.88,0.15,2.18,20115.96,13949.91,2023-08-01
600838.SH,2005-04-08,3.41,3.45,3.35,3.44,3.4,0.04,1.18,13685.0,4663.374,2023-08-01
600369.SH,2005-04-08,2.46,2.52,2.43,2.49,2.46,0.03,1.22,5832.21,1447.086,2023-08-01
600487.SH,2005-04-08,7.8,7.96,7.76,7.91,7.86,0.05,0.64,2688.92,2120.436,2023-08-01
600051.SH,2005-04-08,3.72,3.8,3.7,3.78,3.71,0.07,1.89,2815.12,1054.447,2023-08-01
600308.SH,2005-04-08,10.08,10.65,9.9,10.49,10.04,0.45,4.48,30024.69,30739.583,2023-08-01
000691.SZ,2005-04-08,1.85,1.85,1.81,1.84,1.86,-0.02,-1.08,13832.86,2523.7125,2023-08-01
600143.SH,2005-04-08,13.3,13.62,13.21,13.6,13.34,0.26,1.95,8415.47,11312.861,2023-08-01
000932.SZ,2005-04-08,4.33,4.37,4.28,4.36,4.32,0.04,0.93,20445.15,8839.8855,2023-08-01
000507.SZ,2005-04-08,5.23,5.5,5.23,5.44,5.21,0.23,4.41,45700.23,24670.8137,2023-08-01
000977.SZ,2005-04-08,6.8,6.97,6.74,6.92,6.78,0.14,2.06,5341.81,3684.0675,2023-08-01
600001.SH,2005-04-08,4.63,4.68,4.57,4.67,4.63,0.04,0.86,31448.06,14564.052,2023-08-01
600007.SH,2005-04-08,4.96,5.09,4.91,5.06,4.96,0.1,2.02,5305.29,2661.417,2023-08-01
000925.SZ,2005-04-08,8.3,8.44,8.16,8.43,8.25,0.18,2.18,745.14,617.1739,2023-08-01
600184.SH,2005-04-08,5.83,6.1,5.78,6.04,5.83,0.21,3.6,5594.58,3330.101,2023-08-01
600649.SH,2005-04-08,4.96,5.11,4.94,5.09,4.96,0.13,2.62,35631.78,18037.153,2023-08-01
600102.SH,2005-04-08,5.26,5.33,5.2,5.33,5.26,0.07,1.33,8051.24,4239.056,2023-08-01
002006.SZ,2005-04-08,8.4,8.6,8.31,8.56,8.4,0.16,1.9,4349.1,3690.7459,2023-08-01
600623.SH,2005-04-08,6.7,7.0,6.7,6.85,6.71,0.14,2.09,2196.8,1506.104,2023-08-01
000564.SZ,2005-04-08,3.28,3.38,3.23,3.35,3.25,0.1,3.08,9538.39,3163.4666,2023-08-01
000033.SZ,2005-04-08,3.63,3.86,3.58,3.76,3.59,0.17,4.74,23049.5,8634.8926,2023-08-01
600526.SH,2005-04-08,8.38,8.5,8.31,8.49,8.38,0.11,1.31,5620.99,4720.222,2023-08-01
000400.SZ,2005-04-08,5.4,5.58,5.3,5.53,5.41,0.12,2.22,39875.03,21772.4767,2023-08-01
600271.SH,2005-04-08,27.6,28.47,27.18,28.27,27.54,0.73,2.65,4086.6,11284.065,2023-08-01
000949.SZ,2005-04-08,3.9,4.19,3.86,4.13,3.9,0.23,5.9,37617.61,15139.0149,2023-08-01
600815.SH,2005-04-08,3.42,3.51,3.35,3.48,3.42,0.06,1.75,17151.28,5888.193,2023-08-01
000510.SZ,2005-04-08,3.04,3.09,3.01,3.09,3.06,0.03,0.98,33951.01,10367.1421,2023-08-01
600137.SH,2005-04-08,2.86,2.93,2.82,2.85,2.89,-0.04,-1.38,522.0,149.71,2023-08-01
000673.SZ,2005-04-08,3.68,3.8,3.65,3.79,3.68,0.11,2.99,1633.31,608.4586,2023-08-01
000563.SZ,2005-04-08,3.92,4.04,3.85,3.97,3.96,0.01,0.25,26689.44,10507.7391,2023-08-01
000963.SZ,2005-04-08,4.7,4.94,4.66,4.86,4.7,0.16,3.4,64907.52,31328.7436,2023-08-01
600116.SH,2005-04-08,4.4,4.4,4.26,4.38,4.39,-0.01,-0.23,4114.29,1782.91,2023-08-01
600826.SH,2005-04-08,4.3,4.3,4.18,4.26,4.28,-0.02,-0.47,24890.66,10529.342,2023-08-01
600192.SH,2005-04-08,3.86,3.96,3.84,3.95,3.86,0.09,2.33,3440.64,1343.679,2023-08-01
600737.SH,2005-04-08,1.88,1.9,1.85,1.9,1.88,0.02,1.06,33338.69,6268.519,2023-08-01
600586.SH,2005-04-08,9.78,9.98,9.66,9.93,9.82,0.11,1.12,12053.15,11926.54,2023-08-01
600744.SH,2005-04-08,4.05,4.15,4.05,4.09,4.04,0.05,1.24,24073.32,9878.971,2023-08-01
600837.SH,2005-04-08,7.82,7.93,7.73,7.92,7.81,0.11,1.41,12796.97,10030.961,2023-08-01
600812.SH,2005-04-08,3.46,3.48,3.38,3.46,3.41,0.05,1.47,24510.95,8421.638,2023-08-01
600894.SH,2005-04-08,3.08,3.12,3.03,3.12,3.08,0.04,1.3,20774.41,6396.391,2023-08-01
600203.SH,2005-04-08,3.18,3.38,3.15,3.38,3.22,0.16,4.97,6792.47,2265.291,2023-08-01
600255.SH,2005-04-08,7.43,7.59,7.4,7.55,7.46,0.09,1.21,1341.8,1005.818,2023-08-01
600354.SH,2005-04-08,4.2,4.34,4.2,4.3,4.2,0.1,2.38,10489.59,4466.867,2023-08-01
600862.SH,2005-04-08,2.8,2.84,2.74,2.81,2.8,0.01,0.3571,6101.62,1696.559,2023-08-01
001872.SZ,2005-04-08,32.15,32.52,31.39,31.6,32.16,-0.56,-1.74,10247.55,32527.5316,2023-08-01
001914.SZ,2005-04-08,7.51,7.89,7.42,7.7,7.5,0.2,2.67,4261.4,3274.5037,2023-08-01
