security_code,trade_date,open,high,low,close,pre_close,change,pct_chg,vol,amount,data_date
000001.SZ,2021-11-19,17.8,18.24,17.7,18.15,17.8,0.35,1.9663,786371.56,1414506.38,2023-08-01
000002.SZ,2021-11-19,19.01,20.28,18.92,19.9,19.09,0.81,4.2431,1308293.09,2570652.947,2023-08-01
000004.SZ,2021-11-19,18.84,18.95,18.42,18.76,18.6,0.16,0.8602,45747.42,85706.431,2023-08-01
000005.SZ,2021-11-19,2.15,2.16,2.11,2.16,2.14,0.02,0.9346,54485.62,11703.905,2023-08-01
000006.SZ,2021-11-19,4.12,4.19,4.09,4.18,4.12,0.06,1.4563,51307.46,21263.828,2023-08-01
000007.SZ,2021-11-19,6.02,6.23,5.91,6.11,6.03,0.08,1.3267,74841.0,45625.188,2023-08-01
000008.SZ,2021-11-19,2.14,2.17,2.13,2.17,2.14,0.03,1.4019,111997.29,24054.291,2023-08-01
000009.SZ,2021-11-19,17.61,17.89,17.2,17.39,17.67,-0.28,-1.5846,1070423.1,1866326.702,2023-08-01
000010.SZ,2021-11-19,4.02,4.05,3.96,4.02,4.0,0.02,0.5,65952.0,26381.759,2023-08-01
000011.SZ,2021-11-19,10.7,10.93,10.64,10.85,10.7,0.15,1.4019,33836.4,36475.834,2023-08-01
000012.SZ,2021-11-19,10.01,10.08,9.75,9.98,10.01,-0.03,-0.2997,404536.02,400939.78,2023-08-01
000014.SZ,2021-11-19,7.12,7.25,7.1,7.22,7.16,0.06,0.838,8833.24,6346.745,2023-08-01
000016.SZ,2021-11-19,6.16,6.23,6.13,6.2,6.16,0.04,0.6494,110638.1,68448.165,2023-08-01
000017.SZ,2021-11-19,3.68,3.74,3.64,3.69,3.7,-0.01,-0.2703,34213.51,12609.858,2023-08-01
000019.SZ,2021-11-19,6.73,6.78,6.67,6.78,6.76,0.02,0.2959,36930.25,24852.826,2023-08-01
000020.SZ,2021-11-19,8.92,9.01,8.91,8.97,8.96,0.01,0.1116,4461.07,3997.09,2023-08-01
000021.SZ,2021-11-19,15.51,15.73,15.44,15.68,15.61,0.07,0.4484,143471.73,223723.531,2023-08-01
000023.SZ,2021-11-19,12.31,12.4,12.07,12.37,12.31,0.06,0.4874,6170.86,7556.043,2023-08-01
000025.SZ,2021-11-19,14.49,14.54,14.35,14.52,14.41,0.11,0.7634,15027.65,21733.986,2023-08-01
000026.SZ,2021-11-19,11.75,11.78,11.5,11.69,11.73,-0.04,-0.341,35839.78,41649.336,2023-08-01
000027.SZ,2021-11-19,7.84,7.9,7.77,7.9,7.88,0.02,0.2538,206386.85,161665.649,2023-08-01
000028.SZ,2021-11-19,33.0,33.33,32.89,33.27,33.02,0.25,0.7571,11538.82,38249.362,2023-08-01
000029.SZ,2021-11-19,6.91,7.07,6.89,7.02,6.91,0.11,1.5919,14261.46,9957.566,2023-08-01
000030.SZ,2021-11-19,6.99,7.52,6.71,7.38,6.84,0.54,7.8947,584555.85,421412.59,2023-08-01
000031.SZ,2021-11-19,3.35,3.39,3.34,3.39,3.35,0.04,1.194,72150.56,24271.193,2023-08-01
000032.SZ,2021-11-19,18.45,18.48,17.95,18.07,18.27,-0.2,-1.0947,9710.06,17657.918,2023-08-01
000034.SZ,2021-11-19,15.68,15.79,15.51,15.69,15.63,0.06,0.3839,37294.0,58409.595,2023-08-01
000035.SZ,2021-11-19,5.52,5.71,5.42,5.55,5.55,0.0,0.0,402707.5,222599.429,2023-08-01
000036.SZ,2021-11-19,4.65,5.08,4.57,4.95,4.63,0.32,6.9114,353760.43,172391.184,2023-08-01
000037.SZ,2021-11-19,7.18,7.33,7.11,7.3,7.21,0.09,1.2483,32890.0,23732.435,2023-08-01
000038.SZ,2021-11-19,8.35,8.48,8.35,8.43,8.41,0.02,0.2378,12600.93,10644.408,2023-08-01
000039.SZ,2021-11-19,16.41,16.48,16.11,16.41,16.41,0.0,0.0,149097.77,243096.768,2023-08-01
000040.SZ,2021-11-19,3.3,3.34,3.27,3.32,3.32,0.0,0.0,230373.04,76130.505,2023-08-01
000042.SZ,2021-11-19,7.05,7.23,6.99,7.19,7.05,0.14,1.9858,13264.9,9461.664,2023-08-01
000045.SZ,2021-11-19,10.3,10.55,10.0,10.37,10.34,0.03,0.2901,91036.69,93825.404,2023-08-01
000046.SZ,2021-11-19,1.74,1.77,1.74,1.77,1.75,0.02,1.1429,338389.24,59366.821,2023-08-01
000048.SZ,2021-11-19,17.5,17.58,17.36,17.52,17.59,-0.07,-0.398,9338.5,16306.077,2023-08-01
000049.SZ,2021-11-19,45.16,47.98,44.05,44.36,45.18,-0.82,-1.815,318233.39,1455963.372,2023-08-01
000050.SZ,2021-11-19,12.39,12.56,12.36,12.52,12.42,0.1,0.8052,88257.73,110023.523,2023-08-01
000055.SZ,2021-11-19,4.88,4.95,4.87,4.91,4.91,0.0,0.0,120928.5,59393.464,2023-08-01
000056.SZ,2021-11-19,4.5,4.55,4.38,4.4,4.5,-0.1,-2.2222,170096.02,75608.387,2023-08-01
000058.SZ,2021-11-19,6.48,6.75,6.22,6.25,6.47,-0.22,-3.4003,467387.44,299618.443,2023-08-01
000059.SZ,2021-11-19,6.15,6.46,6.03,6.37,6.09,0.28,4.5977,313192.27,197291.649,2023-08-01
000060.SZ,2021-11-19,4.75,4.83,4.71,4.83,4.77,0.06,1.2579,446979.35,213985.076,2023-08-01
000061.SZ,2021-11-19,6.17,6.26,6.11,6.23,6.18,0.05,0.8091,113880.7,70497.197,2023-08-01
000062.SZ,2021-11-19,16.53,16.56,16.2,16.47,16.51,-0.04,-0.2423,42664.91,69921.253,2023-08-01
000063.SZ,2021-11-19,31.7,32.05,31.52,31.99,31.82,0.17,0.5343,276696.7,880921.026,2023-08-01
000065.SZ,2021-11-19,7.71,7.81,7.67,7.81,7.73,0.08,1.0349,41573.17,32198.956,2023-08-01
000066.SZ,2021-11-19,13.52,13.8,13.38,13.76,13.53,0.23,1.6999,350466.0,476961.613,2023-08-01
000068.SZ,2021-11-19,3.08,3.16,3.05,3.14,3.13,0.01,0.3195,130733.3,40510.511,2023-08-01
000069.SZ,2021-11-19,6.28,6.39,6.2,6.35,6.2,0.15,2.4194,314359.59,197535.193,2023-08-01
000070.SZ,2021-11-19,6.25,6.35,6.23,6.33,6.28,0.05,0.7962,50468.6,31842.787,2023-08-01
000078.SZ,2021-11-19,3.12,3.16,3.11,3.15,3.12,0.03,0.9615,106849.57,33547.38,2023-08-01
000088.SZ,2021-11-19,5.17,5.19,5.16,5.19,5.18,0.01,0.1931,37084.14,19193.029,2023-08-01
000089.SZ,2021-11-19,7.19,7.27,7.15,7.22,7.18,0.04,0.5571,71755.2,51684.731,2023-08-01
000090.SZ,2021-11-19,5.0,5.09,4.98,5.09,5.0,0.09,1.8,70596.92,35635.69,2023-08-01
000096.SZ,2021-11-19,8.56,8.62,8.45,8.55,8.56,-0.01,-0.1168,15300.08,13034.735,2023-08-01
000099.SZ,2021-11-19,8.4,8.7,8.17,8.26,8.32,-0.06,-0.7212,659349.98,555057.757,2023-08-01
000100.SZ,2021-11-19,6.28,6.37,6.27,6.36,6.3,0.06,0.9524,1101730.35,697596.684,2023-08-01
000150.SZ,2021-11-19,3.57,3.71,3.52,3.6,3.56,0.04,1.1236,460212.6,166090.763,2023-08-01
000151.SZ,2021-11-19,8.17,8.18,7.9,7.95,8.04,-0.09,-1.1194,38685.81,31117.647,2023-08-01
000153.SZ,2021-11-19,11.0,11.15,10.9,10.99,11.05,-0.06,-0.543,75528.6,83096.657,2023-08-01
000155.SZ,2021-11-19,27.85,28.09,26.56,27.38,28.02,-0.64,-2.2841,1050317.68,2877882.552,2023-08-01
000156.SZ,2021-11-19,7.54,7.6,7.5,7.56,7.52,0.04,0.5319,67303.77,50804.271,2023-08-01
000157.SZ,2021-11-19,6.87,6.9,6.8,6.89,6.88,0.01,0.1453,669021.04,457802.239,2023-08-01
000158.SZ,2021-11-19,6.84,6.97,6.83,6.91,6.87,0.04,0.5822,230284.31,158974.491,2023-08-01
000159.SZ,2021-11-19,6.3,6.4,6.24,6.36,6.35,0.01,0.1575,114569.84,72460.219,2023-08-01
000166.SZ,2021-11-19,5.09,5.22,5.08,5.18,5.09,0.09,1.7682,1211239.81,624250.461,2023-08-01
000301.SZ,2021-11-19,22.66,23.42,22.22,23.1,22.33,0.77,3.4483,589028.56,1346243.237,2023-08-01
000333.SZ,2021-11-19,70.22,70.5,69.31,70.0,70.22,-0.22,-0.3133,251029.95,1750975.581,2023-08-01
000338.SZ,2021-11-19,15.28,16.3,15.2,16.1,15.38,0.72,4.6814,1439304.06,2292797.013,2023-08-01
000400.SZ,2021-11-19,23.2,24.17,22.43,23.96,22.61,1.35,5.9708,1163835.85,2718085.877,2023-08-01
000401.SZ,2021-11-19,11.93,12.02,11.83,11.95,11.93,0.02,0.1676,100176.63,119486.446,2023-08-01
000402.SZ,2021-11-19,5.65,5.71,5.62,5.69,5.64,0.05,0.8865,113826.76,64488.673,2023-08-01
000403.SZ,2021-11-19,30.96,31.32,30.64,30.88,31.42,-0.54,-1.7187,34054.29,105176.374,2023-08-01
000404.SZ,2021-11-19,4.5,4.53,4.45,4.49,4.46,0.03,0.6726,115109.63,51631.598,2023-08-01
000407.SZ,2021-11-19,4.22,4.27,4.18,4.26,4.23,0.03,0.7092,86806.0,36740.321,2023-08-01
000408.SZ,2021-11-19,27.03,27.78,26.39,26.75,27.33,-0.58,-2.1222,184298.0,496238.426,2023-08-01
000409.SZ,2021-11-19,5.01,5.18,4.96,5.14,5.01,0.13,2.5948,60872.16,31023.312,2023-08-01
000410.SZ,2021-11-19,4.56,4.63,4.56,4.6,4.59,0.01,0.2179,21373.02,9826.591,2023-08-01
000411.SZ,2021-11-19,13.32,13.44,13.18,13.4,13.29,0.11,0.8277,26875.1,35793.829,2023-08-01
000413.SZ,2021-11-19,2.08,2.09,2.06,2.09,2.08,0.01,0.4808,303932.17,63081.886,2023-08-01
000415.SZ,2021-11-19,2.82,2.85,2.77,2.85,2.82,0.03,1.0638,192493.01,54038.335,2023-08-01
000416.SZ,2021-11-19,4.87,4.94,4.55,4.69,4.65,0.04,0.8602,264433.01,124196.346,2023-08-01
000417.SZ,2021-11-19,4.15,4.2,4.14,4.19,4.15,0.04,0.9639,29407.01,12257.577,2023-08-01
000419.SZ,2021-11-19,4.18,4.24,4.15,4.24,4.18,0.06,1.4354,18355.61,7727.04,2023-08-01
000420.SZ,2021-11-19,5.84,6.04,5.76,5.98,5.76,0.22,3.8194,1313509.46,778367.654,2023-08-01
000421.SZ,2021-11-19,4.54,4.58,4.48,4.57,4.54,0.03,0.6608,19272.54,8753.023,2023-08-01
000422.SZ,2021-11-19,25.25,26.3,24.29,25.48,24.99,0.49,1.9608,1080023.99,2725209.645,2023-08-01
000423.SZ,2021-11-19,41.59,42.48,41.23,41.7,41.8,-0.1,-0.2392,65834.32,274945.982,2023-08-01
000425.SZ,2021-11-19,6.0,6.04,5.96,6.03,6.01,0.02,0.3328,496246.28,297393.786,2023-08-01
000426.SZ,2021-11-19,7.61,7.89,7.61,7.82,7.55,0.27,3.5762,398672.22,310417.768,2023-08-01
000428.SZ,2021-11-19,3.07,3.07,2.97,3.03,3.02,0.01,0.3311,70281.01,21147.744,2023-08-01
000429.SZ,2021-11-19,7.03,7.07,7.02,7.05,7.03,0.02,0.2845,25041.63,17643.586,2023-08-01
000430.SZ,2021-11-19,5.53,5.67,5.35,5.42,5.32,0.1,1.8797,105932.0,57831.954,2023-08-01
000488.SZ,2021-11-19,7.03,7.07,6.94,7.06,7.04,0.02,0.2841,205968.22,144342.411,2023-08-01
000498.SZ,2021-11-19,6.17,6.17,6.0,6.12,6.13,-0.01,-0.1631,78245.13,47431.447,2023-08-01
000501.SZ,2021-11-19,10.03,10.15,9.97,10.14,10.02,0.12,1.1976,52614.02,52924.002,2023-08-01
000502.SZ,2021-11-19,6.1,6.14,6.08,6.1,6.12,-0.02,-0.3268,5149.5,3148.343,2023-08-01
000503.SZ,2021-11-19,6.75,6.92,6.69,6.88,6.81,0.07,1.0279,142933.82,97399.793,2023-08-01
000504.SZ,2021-11-19,16.52,17.18,16.47,17.06,16.67,0.39,2.3395,12750.3,21547.686,2023-08-01
000505.SZ,2021-11-19,7.11,7.2,7.1,7.19,7.14,0.05,0.7003,62222.18,44549.962,2023-08-01
000506.SZ,2021-11-19,3.07,3.1,3.05,3.09,3.07,0.02,0.6515,109722.21,33701.956,2023-08-01
000507.SZ,2021-11-19,6.6,6.6,6.45,6.57,6.6,-0.03,-0.4545,156093.34,101861.51,2023-08-01
000509.SZ,2021-11-19,2.99,2.99,2.94,2.96,2.97,-0.01,-0.3367,24897.0,7350.76,2023-08-01
000510.SZ,2021-11-19,5.26,5.52,5.25,5.52,5.25,0.27,5.1429,290969.97,156985.878,2023-08-01
000513.SZ,2021-11-19,36.6,36.81,36.25,36.76,36.65,0.11,0.3001,36985.41,135269.452,2023-08-01
000514.SZ,2021-11-19,3.03,3.09,3.03,3.08,3.03,0.05,1.6502,22623.0,6931.066,2023-08-01
000516.SZ,2021-11-19,10.83,10.84,10.55,10.61,10.86,-0.25,-2.302,282741.87,300567.708,2023-08-01
000517.SZ,2021-11-19,2.3,2.38,2.28,2.34,2.3,0.04,1.7391,104340.3,24295.99,2023-08-01
000518.SZ,2021-11-19,3.17,3.2,3.17,3.2,3.17,0.03,0.9464,21931.0,6983.205,2023-08-01
000519.SZ,2021-11-19,30.33,31.3,30.16,30.26,30.7,-0.44,-1.4332,390060.79,1193197.672,2023-08-01
000520.SZ,2021-11-19,3.31,3.35,3.29,3.34,3.3,0.04,1.2121,75461.86,25067.508,2023-08-01
000521.SZ,2021-11-19,3.28,3.32,3.25,3.31,3.27,0.04,1.2232,107879.36,35589.937,2023-08-01
000523.SZ,2021-11-19,3.44,3.49,3.4,3.45,3.41,0.04,1.173,37018.89,12756.06,2023-08-01
000524.SZ,2021-11-19,7.14,7.21,7.09,7.13,7.13,0.0,0.0,13449.0,9596.323,2023-08-01
000525.SZ,2021-11-19,5.35,5.41,5.35,5.39,5.39,0.0,0.0,40935.0,22032.6,2023-08-01
000526.SZ,2021-11-19,17.57,17.71,17.42,17.53,17.59,-0.06,-0.3411,30349.69,53278.687,2023-08-01
000528.SZ,2021-11-19,7.54,7.59,7.46,7.55,7.58,-0.03,-0.3958,92528.07,69620.719,2023-08-01
000529.SZ,2021-11-19,5.78,5.87,5.74,5.87,5.78,0.09,1.5571,30197.1,17577.067,2023-08-01
000530.SZ,2021-11-19,3.99,4.12,3.97,4.04,3.95,0.09,2.2785,177963.01,71881.277,2023-08-01
000531.SZ,2021-11-19,7.68,7.92,7.56,7.88,7.72,0.16,2.0725,72237.57,56077.509,2023-08-01
000532.SZ,2021-11-19,11.99,12.15,11.8,12.09,11.96,0.13,1.087,35791.01,42885.062,2023-08-01
000533.SZ,2021-11-19,3.65,3.99,3.59,3.99,3.63,0.36,9.9174,825274.37,316482.248,2023-08-01
000534.SZ,2021-11-19,14.06,15.4,14.06,15.4,14.0,1.4,10.0,89747.41,136382.726,2023-08-01
000536.SZ,2021-11-19,2.54,2.61,2.52,2.57,2.56,0.01,0.3906,375723.41,96524.339,2023-08-01
000537.SZ,2021-11-19,17.3,19.09,17.17,19.03,17.42,1.61,9.2423,467285.41,855352.38,2023-08-01
000538.SZ,2021-11-19,89.54,90.45,89.51,90.02,90.0,0.02,0.0222,20968.41,188660.389,2023-08-01
000539.SZ,2021-11-19,4.4,4.49,4.25,4.34,4.38,-0.04,-0.9132,190759.05,82847.144,2023-08-01
000540.SZ,2021-11-19,2.69,2.77,2.67,2.74,2.7,0.04,1.4815,376110.26,102368.907,2023-08-01
000541.SZ,2021-11-19,5.62,5.71,5.61,5.67,5.62,0.05,0.8897,26322.79,14915.896,2023-08-01
000543.SZ,2021-11-19,3.85,3.85,3.78,3.83,3.85,-0.02,-0.5195,218619.84,83394.739,2023-08-01
000544.SZ,2021-11-19,6.27,6.29,6.21,6.28,6.26,0.02,0.3195,28780.47,17994.543,2023-08-01
000545.SZ,2021-11-19,3.85,3.92,3.76,3.9,3.86,0.04,1.0363,291165.76,112006.667,2023-08-01
000546.SZ,2021-11-19,13.73,14.17,13.06,13.1,13.78,-0.68,-4.9347,878583.93,1192224.129,2023-08-01
000547.SZ,2021-11-19,17.04,17.38,16.87,17.18,17.03,0.15,0.8808,313060.43,537156.402,2023-08-01
000548.SZ,2021-11-19,3.71,3.73,3.68,3.72,3.7,0.02,0.5405,20246.18,7505.953,2023-08-01
000550.SZ,2021-11-19,15.66,16.07,15.5,15.89,15.66,0.23,1.4687,45906.19,72524.595,2023-08-01
000551.SZ,2021-11-19,10.18,10.5,10.12,10.5,10.18,0.32,3.1434,71323.25,73852.892,2023-08-01
000552.SZ,2021-11-19,2.94,2.99,2.91,2.97,2.91,0.06,2.0619,461811.73,136727.258,2023-08-01
000553.SZ,2021-11-19,7.62,7.73,7.58,7.72,7.61,0.11,1.4455,32149.99,24639.357,2023-08-01
000554.SZ,2021-11-19,4.65,4.77,4.62,4.75,4.62,0.13,2.8139,89562.95,42201.328,2023-08-01
000555.SZ,2021-11-19,11.51,11.65,11.48,11.61,11.52,0.09,0.7813,44839.8,51881.47,2023-08-01
000557.SZ,2021-11-19,3.55,3.6,3.52,3.57,3.55,0.02,0.5634,48512.24,17294.119,2023-08-01
000558.SZ,2021-11-19,3.65,3.78,3.64,3.67,3.66,0.01,0.2732,267082.0,98772.958,2023-08-01
000559.SZ,2021-11-19,6.14,6.2,6.07,6.19,6.14,0.05,0.8143,217154.57,133527.473,2023-08-01
000560.SZ,2021-11-19,2.97,3.03,2.96,3.01,2.97,0.04,1.3468,108169.94,32362.413,2023-08-01
000561.SZ,2021-11-19,7.74,7.78,7.67,7.73,7.75,-0.02,-0.2581,50246.55,38839.761,2023-08-01
000563.SZ,2021-11-19,3.11,3.14,3.08,3.14,3.1,0.04,1.2903,137023.69,42650.812,2023-08-01
000564.SZ,2021-11-19,4.32,4.38,4.27,4.35,4.35,0.0,0.0,138671.59,59956.272,2023-08-01
000565.SZ,2021-11-19,5.6,5.71,5.5,5.7,5.6,0.1,1.7857,51381.94,28893.795,2023-08-01
000566.SZ,2021-11-19,4.56,4.62,4.53,4.59,4.58,0.01,0.2183,114069.7,52309.94,2023-08-01
000567.SZ,2021-11-19,15.8,16.52,15.8,15.88,17.56,-1.68,-9.5672,260163.03,415441.622,2023-08-01
000568.SZ,2021-11-19,221.05,234.88,221.05,230.53,223.15,7.38,3.3072,128510.3,2966579.816,2023-08-01
000570.SZ,2021-11-19,5.89,6.1,5.83,6.1,5.91,0.19,3.2149,87086.0,52228.388,2023-08-01
000571.SZ,2021-11-19,2.72,2.76,2.64,2.66,2.74,-0.08,-2.9197,101146.61,27117.704,2023-08-01
000572.SZ,2021-11-19,5.45,5.75,5.37,5.66,5.52,0.14,2.5362,405780.26,226726.827,2023-08-01
000573.SZ,2021-11-19,2.92,2.98,2.9,2.97,2.94,0.03,1.0204,55181.85,16241.135,2023-08-01
000576.SZ,2021-11-19,12.45,12.64,12.3,12.58,12.43,0.15,1.2068,88528.7,110979.821,2023-08-01
000581.SZ,2021-11-19,21.66,22.42,21.62,22.25,21.81,0.44,2.0174,158626.05,351323.968,2023-08-01
000582.SZ,2021-11-19,7.81,7.89,7.65,7.88,7.69,0.19,2.4707,48624.35,37875.891,2023-08-01
000584.SZ,2021-11-19,5.27,5.36,5.27,5.31,5.29,0.02,0.3781,105656.31,56107.949,2023-08-01
000585.SZ,2021-11-19,1.99,2.03,1.92,1.95,1.97,-0.02,-1.0152,131023.49,25752.879,2023-08-01
000586.SZ,2021-11-19,9.53,9.98,9.45,9.61,9.53,0.08,0.8395,71957.14,69979.932,2023-08-01
000587.SZ,2021-11-19,1.48,1.48,1.45,1.48,1.41,0.07,4.9645,110218.9,16307.099,2023-08-01
000589.SZ,2021-11-19,5.52,5.55,5.48,5.52,5.53,-0.01,-0.1808,44459.35,24513.447,2023-08-01
000590.SZ,2021-11-19,7.98,8.06,7.98,8.06,7.98,0.08,1.0025,7083.97,5692.22,2023-08-01
000591.SZ,2021-11-19,9.38,9.55,9.16,9.45,9.34,0.11,1.1777,1076564.13,1008511.53,2023-08-01
000592.SZ,2021-11-19,2.81,2.84,2.78,2.83,2.83,0.0,0.0,300949.03,84581.296,2023-08-01
000593.SZ,2021-11-19,5.61,5.71,5.51,5.71,5.61,0.1,1.7825,86014.01,48495.499,2023-08-01
000595.SZ,2021-11-19,2.59,2.64,2.59,2.62,2.6,0.02,0.7692,45045.0,11816.13,2023-08-01
000596.SZ,2021-11-19,261.0,270.5,256.65,260.97,260.98,-0.01,-0.0038,25277.96,663592.481,2023-08-01
000597.SZ,2021-11-19,5.19,5.23,5.16,5.23,5.21,0.02,0.3839,41087.77,21329.321,2023-08-01
000598.SZ,2021-11-19,5.64,5.65,5.45,5.58,5.64,-0.06,-1.0638,215234.89,118939.972,2023-08-01
000599.SZ,2021-11-19,4.04,4.04,3.97,4.0,4.0,0.0,0.0,38604.0,15436.641,2023-08-01
000600.SZ,2021-11-19,4.52,4.54,4.46,4.54,4.54,0.0,0.0,88925.27,39943.486,2023-08-01
000601.SZ,2021-11-19,4.85,4.87,4.81,4.86,4.85,0.01,0.2062,48571.07,23481.371,2023-08-01
000603.SZ,2021-11-19,12.08,13.1,12.05,12.6,12.1,0.5,4.1322,185124.44,234171.63,2023-08-01
000605.SZ,2021-11-19,5.08,5.12,5.03,5.11,5.08,0.03,0.5906,13152.8,6690.882,2023-08-01
000606.SZ,2021-11-19,2.0,2.02,1.99,2.01,2.0,0.01,0.5,95462.38,19147.552,2023-08-01
000607.SZ,2021-11-19,3.95,4.04,3.95,3.99,3.98,0.01,0.2513,67705.44,27043.634,2023-08-01
000608.SZ,2021-11-19,2.91,2.94,2.86,2.91,2.9,0.01,0.3448,35005.06,10127.293,2023-08-01
000609.SZ,2021-11-19,5.4,5.65,5.31,5.62,5.38,0.24,4.461,86409.29,48127.647,2023-08-01
000610.SZ,2021-11-19,8.21,8.28,8.13,8.23,8.23,0.0,0.0,26253.5,21528.259,2023-08-01
000611.SZ,2021-11-19,3.28,3.34,3.24,3.32,3.3,0.02,0.6061,34492.0,11310.806,2023-08-01
000612.SZ,2021-11-19,6.98,7.15,6.88,7.14,6.97,0.17,2.439,289141.16,204164.895,2023-08-01
000613.SZ,2021-11-19,3.46,3.51,3.43,3.47,3.45,0.02,0.5797,16994.0,5902.643,2023-08-01
000615.SZ,2021-11-19,11.62,11.92,11.52,11.85,11.77,0.08,0.6797,210241.96,245986.245,2023-08-01
000616.SZ,2021-11-19,1.95,1.96,1.93,1.95,1.96,-0.01,-0.5102,149900.04,29181.754,2023-08-01
000617.SZ,2021-11-19,4.97,5.03,4.94,5.03,4.96,0.07,1.4113,107523.26,53533.286,2023-08-01
000619.SZ,2021-11-19,4.94,5.01,4.91,4.99,4.95,0.04,0.8081,22729.9,11291.099,2023-08-01
000620.SZ,2021-11-19,1.85,1.93,1.83,1.91,1.86,0.05,2.6882,170267.0,31981.374,2023-08-01
000622.SZ,2021-11-19,3.63,3.78,3.63,3.74,3.65,0.09,2.4658,70185.12,26120.241,2023-08-01
000623.SZ,2021-11-19,16.3,16.65,16.16,16.62,16.35,0.27,1.6514,136310.2,224109.102,2023-08-01
000625.SZ,2021-11-19,17.96,18.33,17.57,18.21,18.06,0.15,0.8306,1657757.14,2973939.085,2023-08-01
000626.SZ,2021-11-19,21.22,22.5,20.5,22.0,21.76,0.24,1.1029,39108.02,84631.115,2023-08-01
000627.SZ,2021-11-19,3.15,3.2,3.12,3.18,3.16,0.02,0.6329,211050.83,66622.726,2023-08-01
000628.SZ,2021-11-19,8.76,9.48,8.64,9.48,8.62,0.86,9.9768,121792.33,113587.609,2023-08-01
000629.SZ,2021-11-19,3.49,3.51,3.38,3.5,3.47,0.03,0.8646,1047059.16,362058.643,2023-08-01
000630.SZ,2021-11-19,3.31,3.52,3.25,3.5,3.3,0.2,6.0606,4171039.67,1413606.135,2023-08-01
000631.SZ,2021-11-19,3.58,3.61,3.52,3.59,3.59,0.0,0.0,47253.29,16800.781,2023-08-01
000632.SZ,2021-11-19,3.2,3.3,3.19,3.29,3.21,0.08,2.4922,53831.13,17513.076,2023-08-01
000633.SZ,2021-11-19,6.75,6.85,6.69,6.78,6.74,0.04,0.5935,43885.63,29668.696,2023-08-01
000635.SZ,2021-11-19,10.9,12.08,10.65,12.08,10.98,1.1,10.0182,327064.64,376159.167,2023-08-01
000636.SZ,2021-11-19,30.22,31.1,30.03,31.05,30.25,0.8,2.6446,281233.33,862952.189,2023-08-01
000637.SZ,2021-11-19,4.1,4.2,4.07,4.17,4.13,0.04,0.9685,50353.02,20915.091,2023-08-01
000638.SZ,2021-11-19,5.1,5.14,5.07,5.12,5.11,0.01,0.1957,21731.2,11105.501,2023-08-01
000639.SZ,2021-11-19,4.99,5.07,4.95,5.04,4.99,0.05,1.002,77844.26,38971.635,2023-08-01
000650.SZ,2021-11-19,8.48,8.65,8.39,8.64,8.46,0.18,2.1277,168257.32,143486.088,2023-08-01
000651.SZ,2021-11-19,35.69,36.04,35.38,35.91,35.75,0.16,0.4476,482932.62,1721816.274,2023-08-01
000652.SZ,2021-11-19,3.97,4.06,3.94,4.02,3.96,0.06,1.5152,153895.41,61732.28,2023-08-01
000655.SZ,2021-11-19,7.99,8.19,7.91,8.15,8.0,0.15,1.875,101555.2,81896.291,2023-08-01
000656.SZ,2021-11-19,4.23,4.47,4.16,4.43,4.24,0.19,4.4811,962094.72,412714.152,2023-08-01
000657.SZ,2021-11-19,16.18,16.48,15.35,15.51,15.74,-0.23,-1.4612,512829.3,810168.641,2023-08-01
000659.SZ,2021-11-19,4.13,4.16,4.06,4.07,4.13,-0.06,-1.4528,141898.98,58151.742,2023-08-01
000661.SZ,2021-11-19,286.06,288.71,281.21,284.01,288.86,-4.85,-1.679,45286.88,1288893.121,2023-08-01
000663.SZ,2021-11-19,9.65,9.73,9.29,9.33,9.68,-0.35,-3.6157,76422.72,72099.51,2023-08-01
000665.SZ,2021-11-19,3.62,3.69,3.59,3.62,3.65,-0.03,-0.8219,109612.95,39919.511,2023-08-01
000666.SZ,2021-11-19,8.27,8.41,8.18,8.39,8.23,0.16,1.9441,40719.56,33822.527,2023-08-01
000667.SZ,2021-11-19,1.63,1.66,1.62,1.65,1.63,0.02,1.227,298884.68,48857.493,2023-08-01
000668.SZ,2021-11-19,13.84,14.24,13.8,14.09,13.9,0.19,1.3669,5387.0,7566.149,2023-08-01
000669.SZ,2021-11-19,2.23,2.35,2.21,2.35,2.24,0.11,4.9107,138124.2,31830.233,2023-08-01
000671.SZ,2021-11-19,2.78,3.03,2.75,3.02,2.75,0.27,9.8182,1705693.82,498732.795,2023-08-01
000672.SZ,2021-11-19,17.15,17.45,17.03,17.34,17.21,0.13,0.7554,82936.36,142620.268,2023-08-01
000673.SZ,2021-11-19,1.76,1.77,1.7,1.72,1.75,-0.03,-1.7143,103899.0,17930.371,2023-08-01
000676.SZ,2021-11-19,6.78,7.49,6.73,7.11,6.81,0.3,4.4053,887316.48,634624.001,2023-08-01
000677.SZ,2021-11-19,2.98,3.01,2.93,3.01,2.97,0.04,1.3468,101276.15,30105.463,2023-08-01
000678.SZ,2021-11-19,4.46,4.54,4.42,4.54,4.46,0.08,1.7937,29342.0,13186.672,2023-08-01
000679.SZ,2021-11-19,4.03,4.16,4.0,4.09,4.03,0.06,1.4888,28621.97,11665.076,2023-08-01
000680.SZ,2021-11-19,3.89,3.96,3.89,3.95,3.9,0.05,1.2821,93050.69,36539.136,2023-08-01
000681.SZ,2021-11-19,18.19,18.26,17.57,17.66,17.97,-0.31,-1.7251,402381.4,716892.859,2023-08-01
000682.SZ,2021-11-19,6.9,7.12,6.83,7.09,6.94,0.15,2.1614,438610.11,307125.124,2023-08-01
000683.SZ,2021-11-19,6.82,7.22,6.67,7.16,6.81,0.35,5.1395,1670222.22,1173156.402,2023-08-01
000685.SZ,2021-11-19,8.56,8.71,8.51,8.69,8.54,0.15,1.7564,79371.6,68426.247,2023-08-01
000686.SZ,2021-11-19,8.84,9.18,8.79,9.1,8.81,0.29,3.2917,255999.61,230497.92,2023-08-01
000687.SZ,2021-11-19,2.16,2.24,2.11,2.13,2.2,-0.07,-3.1818,273043.81,58742.024,2023-08-01
000688.SZ,2021-11-19,13.52,14.59,13.3,14.05,13.66,0.39,2.8551,278235.12,391987.346,2023-08-01
000690.SZ,2021-11-19,5.39,5.42,5.32,5.4,5.41,-0.01,-0.1848,202315.0,108801.219,2023-08-01
000691.SZ,2021-11-19,4.59,4.77,4.55,4.66,4.6,0.06,1.3043,35311.0,16440.86,2023-08-01
000692.SZ,2021-11-19,4.61,4.77,4.44,4.59,4.73,-0.14,-2.9598,259475.08,118468.284,2023-08-01
000695.SZ,2021-11-19,10.31,10.63,10.06,10.11,10.43,-0.32,-3.0681,49290.9,50463.84,2023-08-01
000697.SZ,2021-11-19,8.49,8.62,8.37,8.55,8.31,0.24,2.8881,103218.32,87776.101,2023-08-01
000698.SZ,2021-11-19,5.7,5.87,5.63,5.87,5.72,0.15,2.6224,172915.09,99975.547,2023-08-01
000700.SZ,2021-11-19,5.03,5.12,4.99,5.09,5.05,0.04,0.7921,167594.62,84850.622,2023-08-01
000701.SZ,2021-11-19,4.92,5.0,4.89,4.98,4.94,0.04,0.8097,13153.59,6516.9,2023-08-01
000702.SZ,2021-11-19,4.78,4.85,4.76,4.8,4.82,-0.02,-0.4149,23664.18,11364.771,2023-08-01
000703.SZ,2021-11-19,10.44,10.48,10.38,10.45,10.47,-0.02,-0.191,127703.3,133120.369,2023-08-01
000705.SZ,2021-11-19,7.05,7.12,7.0,7.11,7.05,0.06,0.8511,22179.2,15679.256,2023-08-01
000707.SZ,2021-11-19,7.05,7.22,6.93,7.19,7.03,0.16,2.276,67244.84,47784.974,2023-08-01
000708.SZ,2021-11-19,21.02,21.24,20.6,21.1,21.32,-0.22,-1.0319,80471.43,169042.772,2023-08-01
000709.SZ,2021-11-19,2.26,2.31,2.24,2.3,2.27,0.03,1.3216,632555.21,143981.134,2023-08-01
000710.SZ,2021-11-19,20.83,21.0,20.55,20.99,20.83,0.16,0.7681,19427.39,40453.392,2023-08-01
000711.SZ,2021-11-19,2.81,2.82,2.75,2.79,2.82,-0.03,-1.0638,69358.55,19248.306,2023-08-01
000712.SZ,2021-11-19,16.31,16.66,16.21,16.56,16.34,0.22,1.3464,95068.31,156591.194,2023-08-01
000713.SZ,2021-11-19,9.04,9.1,8.99,9.1,9.07,0.03,0.3308,121659.46,110175.828,2023-08-01
000715.SZ,2021-11-19,4.62,4.65,4.57,4.64,4.61,0.03,0.6508,18281.46,8444.372,2023-08-01
000716.SZ,2021-11-19,3.31,3.32,3.26,3.3,3.3,0.0,0.0,115869.0,38119.673,2023-08-01
000717.SZ,2021-11-19,3.99,4.11,3.92,4.1,3.98,0.12,3.0151,558732.16,225322.829,2023-08-01
000718.SZ,2021-11-19,4.41,4.49,4.36,4.45,4.4,0.05,1.1364,246151.69,108719.526,2023-08-01
000719.SZ,2021-11-19,6.89,6.91,6.85,6.9,6.91,-0.01,-0.1447,22504.97,15485.764,2023-08-01
000720.SZ,2021-11-19,5.56,5.69,5.49,5.62,5.59,0.03,0.5367,91276.26,50856.991,2023-08-01
000721.SZ,2021-11-19,3.79,3.8,3.73,3.78,3.78,0.0,0.0,28137.04,10588.06,2023-08-01
000722.SZ,2021-11-19,7.76,7.9,7.66,7.81,7.79,0.02,0.2567,112257.33,87396.718,2023-08-01
000723.SZ,2021-11-19,11.09,12.5,11.06,12.5,11.36,1.14,10.0352,2966509.43,3599125.578,2023-08-01
000725.SZ,2021-11-19,4.88,4.93,4.87,4.93,4.89,0.04,0.818,2534349.91,1244372.237,2023-08-01
000726.SZ,2021-11-19,6.15,6.19,6.13,6.18,6.15,0.03,0.4878,28740.23,17704.313,2023-08-01
000727.SZ,2021-11-19,2.85,2.91,2.82,2.84,2.88,-0.04,-1.3889,1423410.92,406749.81,2023-08-01
000728.SZ,2021-11-19,7.51,7.67,7.5,7.64,7.51,0.13,1.731,204610.86,155458.768,2023-08-01
000729.SZ,2021-11-19,6.95,7.04,6.94,6.99,6.95,0.04,0.5755,132658.07,92786.018,2023-08-01
000731.SZ,2021-11-19,8.16,8.35,7.98,8.3,8.14,0.16,1.9656,454531.16,373189.999,2023-08-01
000732.SZ,2021-11-19,2.09,2.22,2.07,2.18,2.09,0.09,4.3062,643168.9,137887.935,2023-08-01
000733.SZ,2021-11-19,116.03,117.48,110.0,112.52,116.98,-4.46,-3.8126,88221.36,994872.268,2023-08-01
000735.SZ,2021-11-19,6.96,6.99,6.91,6.98,6.94,0.04,0.5764,79510.09,55244.713,2023-08-01
000736.SZ,2021-11-19,5.07,5.14,4.94,5.09,5.07,0.02,0.3945,21623.55,10889.088,2023-08-01
000737.SZ,2021-11-19,7.0,7.04,6.84,7.0,6.97,0.03,0.4304,47072.01,32721.048,2023-08-01
000738.SZ,2021-11-19,29.11,29.68,28.78,29.15,29.3,-0.15,-0.5119,194713.72,570040.261,2023-08-01
000739.SZ,2021-11-19,39.32,39.5,36.6,39.33,39.45,-0.12,-0.3042,100242.78,386688.423,2023-08-01
000750.SZ,2021-11-19,3.91,3.99,3.88,3.97,3.91,0.06,1.5345,380188.49,149862.557,2023-08-01
000751.SZ,2021-11-19,3.76,3.82,3.71,3.82,3.77,0.05,1.3263,259649.93,98342.313,2023-08-01
000752.SZ,2021-11-19,5.9,6.07,5.9,6.0,5.92,0.08,1.3514,13171.01,7883.964,2023-08-01
000753.SZ,2021-11-19,2.91,2.95,2.89,2.95,2.93,0.02,0.6826,59492.73,17399.483,2023-08-01
000755.SZ,2021-11-19,3.87,3.95,3.84,3.92,3.91,0.01,0.2558,60522.08,23651.071,2023-08-01
000756.SZ,2021-11-19,7.68,7.77,7.63,7.71,7.67,0.04,0.5215,14962.7,11495.364,2023-08-01
000757.SZ,2021-11-19,4.33,4.39,4.25,4.34,4.33,0.01,0.2309,114265.62,49327.613,2023-08-01
000758.SZ,2021-11-19,5.19,5.29,5.16,5.28,5.24,0.04,0.7634,270556.91,141638.19,2023-08-01
000759.SZ,2021-11-19,4.68,4.71,4.66,4.69,4.68,0.01,0.2137,10176.15,4769.819,2023-08-01
000761.SZ,2021-11-19,3.96,4.08,3.92,4.07,3.97,0.1,2.5189,286890.35,114956.442,2023-08-01
000762.SZ,2021-11-19,55.05,58.96,54.5,56.35,54.24,2.11,3.8901,955398.48,5420120.607,2023-08-01
000766.SZ,2021-11-19,4.0,4.05,3.97,4.02,4.03,-0.01,-0.2481,33153.77,13287.483,2023-08-01
000767.SZ,2021-11-19,3.15,3.16,3.1,3.14,3.16,-0.02,-0.6329,205641.01,64177.748,2023-08-01
000768.SZ,2021-11-19,37.3,37.35,36.62,37.05,37.1,-0.05,-0.1348,431112.95,1595652.446,2023-08-01
000776.SZ,2021-11-19,21.0,23.0,20.91,22.5,21.18,1.32,6.2323,1464694.51,3246606.967,2023-08-01
000777.SZ,2021-11-19,13.35,13.38,13.13,13.23,13.33,-0.1,-0.7502,56342.54,74724.2,2023-08-01
000778.SZ,2021-11-19,3.71,3.77,3.7,3.76,3.71,0.05,1.3477,378895.7,141729.299,2023-08-01
000779.SZ,2021-11-19,8.38,8.48,8.37,8.46,8.43,0.03,0.3559,4832.11,4073.191,2023-08-01
000780.SZ,2021-11-19,9.59,9.78,9.5,9.54,9.76,-0.22,-2.2541,52371.38,50386.335,2023-08-01
000782.SZ,2021-11-19,5.34,5.38,5.25,5.28,5.34,-0.06,-1.1236,68108.0,35935.517,2023-08-01
000783.SZ,2021-11-19,7.2,7.35,7.14,7.31,7.21,0.1,1.387,302008.83,218862.81,2023-08-01
000785.SZ,2021-11-19,4.96,5.05,4.93,5.03,4.97,0.06,1.2072,107213.47,53528.149,2023-08-01
000786.SZ,2021-11-19,27.05,28.16,27.0,28.06,27.24,0.82,3.0103,110481.38,304460.879,2023-08-01
000788.SZ,2021-11-19,6.42,6.43,6.35,6.43,6.4,0.03,0.4688,18766.01,11988.123,2023-08-01
000789.SZ,2021-11-19,11.49,11.72,11.42,11.67,11.52,0.15,1.3021,107411.2,124174.858,2023-08-01
000790.SZ,2021-11-19,5.48,5.54,5.39,5.4,5.48,-0.08,-1.4599,128824.03,70103.37,2023-08-01
000791.SZ,2021-11-19,5.47,5.52,5.37,5.52,5.49,0.03,0.5464,248667.0,135825.186,2023-08-01
000792.SZ,2021-11-19,27.2,28.51,27.01,28.09,27.7,0.39,1.4079,1222770.33,3411162.17,2023-08-01
000793.SZ,2021-11-19,2.62,2.72,2.6,2.69,2.62,0.07,2.6718,446815.4,119465.174,2023-08-01
000795.SZ,2021-11-19,5.9,5.98,5.79,5.94,5.92,0.02,0.3378,299091.66,175773.612,2023-08-01
000796.SZ,2021-11-19,8.32,8.4,8.13,8.3,8.31,-0.01,-0.1203,110588.46,91334.053,2023-08-01
000797.SZ,2021-11-19,2.45,2.48,2.42,2.48,2.45,0.03,1.2245,56511.51,13848.116,2023-08-01
000798.SZ,2021-11-19,7.16,7.22,7.07,7.19,7.17,0.02,0.2789,27583.75,19711.381,2023-08-01
000799.SZ,2021-11-19,205.21,210.12,203.5,206.22,205.08,1.14,0.5559,60840.28,1259919.479,2023-08-01
000800.SZ,2021-11-19,10.39,10.5,10.26,10.5,10.4,0.1,0.9615,92648.56,96314.25,2023-08-01
000801.SZ,2021-11-19,7.9,8.07,7.9,7.95,7.94,0.01,0.1259,118147.91,94215.902,2023-08-01
000802.SZ,2021-11-19,4.86,4.99,4.83,4.88,4.83,0.05,1.0352,12816.86,6265.264,2023-08-01
000803.SZ,2021-11-19,20.98,20.98,19.64,19.95,21.08,-1.13,-5.3605,45640.0,91199.499,2023-08-01
000806.SZ,2021-11-19,2.54,2.6,2.53,2.59,2.55,0.04,1.5686,64308.5,16523.53,2023-08-01
000807.SZ,2021-11-19,10.44,11.06,10.25,10.8,10.36,0.44,4.2471,1842931.81,1973186.863,2023-08-01
000809.SZ,2021-11-19,3.38,3.4,3.19,3.27,3.37,-0.1,-2.9674,208259.25,67738.032,2023-08-01
000810.SZ,2021-11-19,8.35,9.12,8.35,9.12,8.29,0.83,10.0121,371068.46,333747.159,2023-08-01
000811.SZ,2021-11-19,12.71,13.81,12.48,13.61,12.86,0.75,5.832,352201.49,465769.504,2023-08-01
000812.SZ,2021-11-19,3.49,3.51,3.42,3.47,3.48,-0.01,-0.2874,125826.58,43574.278,2023-08-01
000813.SZ,2021-11-19,3.59,3.61,3.57,3.6,3.62,-0.02,-0.5525,157266.24,56406.253,2023-08-01
000815.SZ,2021-11-19,6.1,6.19,6.0,6.11,6.22,-0.11,-1.7685,231138.07,140751.717,2023-08-01
000816.SZ,2021-11-19,3.8,3.92,3.71,3.83,3.89,-0.06,-1.5424,1292076.7,494901.292,2023-08-01
000818.SZ,2021-11-19,34.32,36.66,34.3,36.2,34.51,1.69,4.8971,185390.74,666010.746,2023-08-01
000819.SZ,2021-11-19,7.71,8.08,7.65,8.0,7.65,0.35,4.5752,142634.23,113117.682,2023-08-01
000820.SZ,2021-11-19,3.46,3.54,3.45,3.48,3.44,0.04,1.1628,87167.01,30475.668,2023-08-01
000821.SZ,2021-11-19,15.26,15.58,15.05,15.2,15.34,-0.14,-0.9126,270915.01,414274.801,2023-08-01
000822.SZ,2021-11-19,7.33,7.84,7.15,7.8,7.33,0.47,6.412,635236.38,479711.302,2023-08-01
000823.SZ,2021-11-19,13.65,14.12,13.63,14.0,13.73,0.27,1.9665,168993.53,235255.325,2023-08-01
000825.SZ,2021-11-19,7.54,7.88,7.44,7.8,7.44,0.36,4.8387,1531823.14,1173021.172,2023-08-01
000826.SZ,2021-11-19,3.9,3.93,3.78,3.91,3.94,-0.03,-0.7614,132268.62,51002.65,2023-08-01
000828.SZ,2021-11-19,10.31,10.45,10.24,10.42,10.32,0.1,0.969,42009.09,43543.409,2023-08-01
000829.SZ,2021-11-19,22.18,23.09,21.5,21.91,22.07,-0.16,-0.725,340159.9,758684.205,2023-08-01
000830.SZ,2021-11-19,15.0,15.43,14.69,15.36,14.95,0.41,2.7425,576824.35,873521.131,2023-08-01
000831.SZ,2021-11-19,39.08,39.74,38.3,38.92,39.36,-0.44,-1.1179,266939.22,1038305.886,2023-08-01
000833.SZ,2021-11-19,6.59,6.72,6.5,6.6,6.5,0.1,1.5385,175842.53,115710.178,2023-08-01
000835.SZ,2021-11-19,2.7,2.78,2.66,2.72,2.71,0.01,0.369,62498.85,17003.095,2023-08-01
000836.SZ,2021-11-19,2.86,2.93,2.82,2.86,2.83,0.03,1.0601,260814.0,74978.284,2023-08-01
000837.SZ,2021-11-19,11.26,11.61,11.1,11.58,11.26,0.32,2.8419,303699.91,346893.276,2023-08-01
000838.SZ,2021-11-19,2.98,3.0,2.88,2.93,2.94,-0.01,-0.3401,128407.0,37517.845,2023-08-01
000839.SZ,2021-11-19,2.35,2.37,2.31,2.36,2.34,0.02,0.8547,246092.5,57469.828,2023-08-01
000848.SZ,2021-11-19,10.17,10.28,10.07,10.17,10.2,-0.03,-0.2941,157951.35,160085.944,2023-08-01
000850.SZ,2021-11-19,4.32,4.34,4.26,4.32,4.31,0.01,0.232,68953.13,29667.246,2023-08-01
000851.SZ,2021-11-19,5.88,6.25,5.88,6.11,5.87,0.24,4.0886,270972.31,166385.965,2023-08-01
000852.SZ,2021-11-19,5.71,6.12,5.71,6.06,5.78,0.28,4.8443,358046.01,213685.719,2023-08-01
000856.SZ,2021-11-19,6.76,6.84,6.72,6.8,6.76,0.04,0.5917,15015.0,10197.803,2023-08-01
000858.SZ,2021-11-19,207.88,216.5,207.4,212.6,208.62,3.98,1.9078,242929.59,5188161.635,2023-08-01
000859.SZ,2021-11-19,5.97,6.08,5.95,6.07,5.97,0.1,1.675,149622.25,90209.772,2023-08-01
000860.SZ,2021-11-19,33.3,34.11,33.01,33.55,33.49,0.06,0.1792,98891.15,332759.929,2023-08-01
000861.SZ,2021-11-19,2.17,2.4,2.17,2.4,2.18,0.22,10.0917,866746.77,202066.123,2023-08-01
000862.SZ,2021-11-19,7.25,7.39,7.14,7.36,7.33,0.03,0.4093,299148.52,217756.362,2023-08-01
000863.SZ,2021-11-19,2.74,2.79,2.71,2.78,2.74,0.04,1.4599,67691.0,18634.654,2023-08-01
000868.SZ,2021-11-19,3.94,4.02,3.93,3.99,3.96,0.03,0.7576,65590.95,26066.531,2023-08-01
000869.SZ,2021-11-19,30.95,31.27,30.95,31.16,30.93,0.23,0.7436,19660.48,61156.112,2023-08-01
000875.SZ,2021-11-19,6.83,7.17,6.7,7.04,6.88,0.16,2.3256,1314027.7,912700.674,2023-08-01
000876.SZ,2021-11-19,15.49,15.56,15.06,15.37,15.58,-0.21,-1.3479,558928.32,853530.412,2023-08-01
000877.SZ,2021-11-19,13.71,13.76,13.47,13.65,13.68,-0.03,-0.2193,113453.74,154635.14,2023-08-01
000878.SZ,2021-11-19,13.32,13.73,13.31,13.67,13.37,0.3,2.2438,300944.91,407720.677,2023-08-01
000880.SZ,2021-11-19,8.99,9.28,8.75,9.2,8.99,0.21,2.3359,110567.0,100496.554,2023-08-01
000881.SZ,2021-11-19,9.22,9.24,9.1,9.2,9.2,0.0,0.0,46121.39,42282.294,2023-08-01
000882.SZ,2021-11-19,1.78,1.8,1.75,1.79,1.77,0.02,1.1299,138590.0,24584.248,2023-08-01
000883.SZ,2021-11-19,4.51,4.56,4.45,4.55,4.52,0.03,0.6637,409337.84,184328.119,2023-08-01
000885.SZ,2021-11-19,10.07,10.3,10.01,10.26,10.14,0.12,1.1834,46844.61,47495.835,2023-08-01
000886.SZ,2021-11-19,3.89,3.94,3.89,3.94,3.9,0.04,1.0256,23745.11,9293.972,2023-08-01
000887.SZ,2021-11-19,17.03,18.29,16.8,18.04,17.04,1.0,5.8685,364509.02,641364.394,2023-08-01
000888.SZ,2021-11-19,6.23,6.29,6.21,6.28,6.25,0.03,0.48,46080.97,28850.25,2023-08-01
000889.SZ,2021-11-19,3.31,3.36,3.28,3.32,3.31,0.01,0.3021,113616.33,37708.904,2023-08-01
000890.SZ,2021-11-19,4.64,4.68,4.52,4.68,4.58,0.1,2.1834,17608.0,8108.21,2023-08-01
000892.SZ,2021-11-19,3.42,3.43,3.33,3.36,3.4,-0.04,-1.1765,95990.0,32406.942,2023-08-01
000893.SZ,2021-11-19,17.64,17.66,17.43,17.53,17.64,-0.11,-0.6236,47914.0,83987.277,2023-08-01
000895.SZ,2021-11-19,30.06,30.35,29.71,30.2,30.08,0.12,0.3989,140669.05,422542.794,2023-08-01
000897.SZ,2021-11-19,2.47,2.55,2.45,2.5,2.49,0.01,0.4016,382701.02,95841.992,2023-08-01
000898.SZ,2021-11-19,3.58,3.69,3.53,3.68,3.6,0.08,2.2222,826842.53,298955.958,2023-08-01
000899.SZ,2021-11-19,5.06,5.1,4.94,5.07,5.06,0.01,0.1976,117665.71,59115.582,2023-08-01
000900.SZ,2021-11-19,4.02,4.03,3.99,4.03,4.02,0.01,0.2488,29248.89,11737.38,2023-08-01
000901.SZ,2021-11-19,8.9,9.08,8.86,9.05,8.95,0.1,1.1173,110885.4,99892.373,2023-08-01
000902.SZ,2021-11-19,16.24,16.51,16.01,16.5,16.23,0.27,1.6636,125987.73,205016.92,2023-08-01
000903.SZ,2021-11-19,3.38,3.43,3.34,3.42,3.37,0.05,1.4837,155101.57,52538.168,2023-08-01
000905.SZ,2021-11-19,6.82,7.48,6.82,7.39,6.81,0.58,8.5169,287783.88,209044.031,2023-08-01
000906.SZ,2021-11-19,10.61,11.27,10.61,11.22,10.71,0.51,4.7619,48787.6,54072.723,2023-08-01
000908.SZ,2021-11-19,3.72,3.77,3.66,3.76,3.74,0.02,0.5348,90910.22,33678.834,2023-08-01
000909.SZ,2021-11-19,6.52,6.54,6.45,6.5,6.52,-0.02,-0.3067,12835.0,8322.116,2023-08-01
000910.SZ,2021-11-19,11.97,12.22,11.95,12.18,11.97,0.21,1.7544,23173.42,28085.983,2023-08-01
000911.SZ,2021-11-19,12.58,13.05,12.07,12.81,12.71,0.1,0.7868,146685.0,185082.292,2023-08-01
000912.SZ,2021-11-19,5.01,5.15,4.91,5.12,5.01,0.11,2.1956,509063.16,257233.666,2023-08-01
000913.SZ,2021-11-19,15.46,16.14,15.32,15.99,15.14,0.85,5.6143,120186.84,189386.829,2023-08-01
000915.SZ,2021-11-19,27.03,27.1,26.3,26.65,26.83,-0.18,-0.6709,24614.93,65595.245,2023-08-01
000917.SZ,2021-11-19,6.27,6.31,6.11,6.19,6.29,-0.1,-1.5898,152294.0,94212.108,2023-08-01
000918.SZ,2021-11-19,2.36,2.41,2.28,2.4,2.37,0.03,1.2658,315526.05,74002.586,2023-08-01
000919.SZ,2021-11-19,6.72,6.75,6.66,6.72,6.72,0.0,0.0,22525.32,15085.292,2023-08-01
000920.SZ,2021-11-19,9.08,9.13,8.87,9.13,9.16,-0.03,-0.3275,103732.0,93413.362,2023-08-01
000921.SZ,2021-11-19,11.78,11.95,11.78,11.93,11.88,0.05,0.4209,16415.46,19535.504,2023-08-01
000922.SZ,2021-11-19,12.15,12.36,11.74,12.3,12.02,0.28,2.3295,188117.53,226653.2,2023-08-01
000923.SZ,2021-11-19,13.16,13.48,13.08,13.44,13.19,0.25,1.8954,92155.52,122560.786,2023-08-01
000925.SZ,2021-11-19,8.28,8.45,8.19,8.42,8.26,0.16,1.937,87253.0,72899.687,2023-08-01
000926.SZ,2021-11-19,3.98,4.04,3.97,4.04,3.97,0.07,1.7632,35858.01,14380.117,2023-08-01
000927.SZ,2021-11-19,3.43,3.66,3.43,3.59,3.46,0.13,3.7572,258850.27,92497.189,2023-08-01
000928.SZ,2021-11-19,7.69,8.17,7.63,7.94,7.57,0.37,4.8877,563714.77,447175.749,2023-08-01
000929.SZ,2021-11-19,8.39,8.51,8.36,8.49,8.4,0.09,1.0714,32228.0,27310.245,2023-08-01
000930.SZ,2021-11-19,11.97,12.12,11.6,11.66,12.15,-0.49,-4.0329,920191.15,1083431.764,2023-08-01
000931.SZ,2021-11-19,6.83,6.89,6.78,6.88,6.82,0.06,0.8798,105568.4,72247.328,2023-08-01
000932.SZ,2021-11-19,4.86,4.96,4.78,4.95,4.86,0.09,1.8519,1178882.5,575248.431,2023-08-01
000933.SZ,2021-11-19,8.37,8.76,8.19,8.75,8.37,0.38,4.54,1655577.19,1417004.389,2023-08-01
000935.SZ,2021-11-19,21.0,21.17,20.76,21.04,20.81,0.23,1.1052,61599.53,129334.485,2023-08-01
000936.SZ,2021-11-19,6.02,6.02,5.95,6.01,5.98,0.03,0.5017,38656.25,23132.301,2023-08-01
000937.SZ,2021-11-19,5.72,5.86,5.61,5.85,5.72,0.13,2.2727,631353.24,363908.698,2023-08-01
000938.SZ,2021-11-19,27.1,27.13,26.26,26.96,27.19,-0.23,-0.8459,406499.17,1082325.426,2023-08-01
000948.SZ,2021-11-19,14.61,15.15,14.51,15.05,14.68,0.37,2.5204,135930.76,203533.126,2023-08-01
000949.SZ,2021-11-19,5.84,6.02,5.76,5.96,5.85,0.11,1.8803,320703.01,189897.774,2023-08-01
000950.SZ,2021-11-19,4.7,4.73,4.68,4.72,4.7,0.02,0.4255,52030.99,24481.214,2023-08-01
000951.SZ,2021-11-19,13.38,13.85,13.27,13.82,13.32,0.5,3.7538,138589.76,188692.01,2023-08-01
000952.SZ,2021-11-19,7.13,7.19,7.07,7.17,7.14,0.03,0.4202,16352.6,11669.4,2023-08-01
000953.SZ,2021-11-19,4.59,4.61,4.48,4.58,4.51,0.07,1.5521,9732.01,4429.098,2023-08-01
000955.SZ,2021-11-19,4.34,4.39,4.32,4.38,4.33,0.05,1.1547,31326.31,13653.734,2023-08-01
000957.SZ,2021-11-19,5.29,5.35,5.13,5.32,5.26,0.06,1.1407,58852.45,30998.941,2023-08-01
000958.SZ,2021-11-19,4.57,4.65,4.51,4.64,4.59,0.05,1.0893,176948.93,81133.101,2023-08-01
000959.SZ,2021-11-19,5.45,5.61,5.43,5.59,5.48,0.11,2.0073,332176.43,183715.075,2023-08-01
000960.SZ,2021-11-19,17.16,17.51,17.1,17.35,16.8,0.55,3.2738,400837.58,693283.148,2023-08-01
000961.SZ,2021-11-19,3.81,4.0,3.76,3.94,3.83,0.11,2.8721,646724.65,250133.307,2023-08-01
000962.SZ,2021-11-19,10.73,11.38,10.6,11.34,10.73,0.61,5.685,196413.39,217097.509,2023-08-01
000963.SZ,2021-11-19,37.13,37.59,36.6,36.95,36.81,0.14,0.3803,198080.67,733902.474,2023-08-01
000965.SZ,2021-11-19,2.36,2.41,2.35,2.41,2.37,0.04,1.6878,33644.1,8023.9,2023-08-01
000966.SZ,2021-11-19,7.32,7.37,7.16,7.37,7.32,0.05,0.6831,189141.62,137532.385,2023-08-01
000967.SZ,2021-11-19,7.2,7.3,7.06,7.19,7.26,-0.07,-0.9642,276983.44,198219.993,2023-08-01
000968.SZ,2021-11-19,9.41,9.88,9.19,9.66,9.57,0.09,0.9404,291399.95,278427.385,2023-08-01
000969.SZ,2021-11-19,9.29,9.55,9.18,9.45,9.24,0.21,2.2727,281742.56,264885.387,2023-08-01
000970.SZ,2021-11-19,12.9,13.2,12.86,12.96,13.02,-0.06,-0.4608,308957.68,401273.539,2023-08-01
000971.SZ,2021-11-19,2.31,2.41,2.3,2.37,2.3,0.07,3.0435,132369.45,31253.064,2023-08-01
000972.SZ,2021-11-19,2.59,2.65,2.55,2.64,2.63,0.01,0.3802,81150.03,21106.001,2023-08-01
000973.SZ,2021-11-19,4.81,4.87,4.77,4.86,4.81,0.05,1.0395,198844.74,96058.249,2023-08-01
000975.SZ,2021-11-19,9.41,9.59,9.38,9.55,9.51,0.04,0.4206,205290.45,195083.618,2023-08-01
000976.SZ,2021-11-19,4.59,4.62,4.51,4.61,4.57,0.04,0.8753,126809.99,57998.323,2023-08-01
000977.SZ,2021-11-19,31.72,32.15,31.54,32.11,31.77,0.34,1.0702,263604.6,840735.625,2023-08-01
000978.SZ,2021-11-19,5.4,5.42,5.28,5.36,5.36,0.0,0.0,69474.0,37123.113,2023-08-01
000980.SZ,2021-11-19,8.06,8.45,8.06,8.45,8.05,0.4,4.9689,329950.36,273517.821,2023-08-01
000981.SZ,2021-11-19,3.16,3.31,3.13,3.31,3.15,0.16,5.0794,283802.37,91744.298,2023-08-01
000982.SZ,2021-11-19,3.37,3.76,3.37,3.6,3.43,0.17,4.9563,4389082.29,1570857.066,2023-08-01
000983.SZ,2021-11-19,8.11,8.37,8.0,8.35,8.17,0.18,2.2032,1086829.2,893915.361,2023-08-01
000985.SZ,2021-11-19,11.98,12.26,11.92,12.17,11.98,0.19,1.586,8830.0,10677.667,2023-08-01
000987.SZ,2021-11-19,8.61,8.79,8.57,8.76,8.6,0.16,1.8605,149133.34,129507.435,2023-08-01
000988.SZ,2021-11-19,28.5,28.81,28.16,28.59,28.37,0.22,0.7755,140074.3,399606.166,2023-08-01
000989.SZ,2021-11-19,8.51,8.61,8.47,8.59,8.51,0.08,0.9401,29425.75,25148.487,2023-08-01
000990.SZ,2021-11-19,14.69,15.19,14.6,15.12,14.8,0.32,2.1622,153461.54,230019.887,2023-08-01
000993.SZ,2021-11-19,14.36,14.62,14.3,14.47,14.57,-0.1,-0.6863,228922.15,330695.708,2023-08-01
000995.SZ,2021-11-19,22.83,23.35,22.7,22.97,22.83,0.14,0.6132,59616.27,137581.355,2023-08-01
000996.SZ,2021-11-19,7.5,7.64,7.49,7.62,7.56,0.06,0.7937,70432.01,53247.54,2023-08-01
000997.SZ,2021-11-19,15.93,16.09,15.66,16.02,15.93,0.09,0.565,102083.25,162540.095,2023-08-01
000998.SZ,2021-11-19,23.1,23.37,22.7,23.22,23.19,0.03,0.1294,439079.94,1008873.727,2023-08-01
000999.SZ,2021-11-19,24.11,24.35,24.04,24.28,24.14,0.14,0.58,42510.05,102722.452,2023-08-01
001201.SZ,2021-11-19,36.85,36.88,36.25,36.75,36.98,-0.23,-0.622,15260.96,55734.436,2023-08-01
001202.SZ,2021-11-19,17.08,17.28,16.98,17.2,16.98,0.22,1.2956,16418.22,28181.866,2023-08-01
001203.SZ,2021-11-19,15.02,15.14,14.83,15.09,15.08,0.01,0.0663,60442.0,90554.066,2023-08-01
001205.SZ,2021-11-19,21.3,21.73,21.22,21.6,21.43,0.17,0.7933,7955.88,17165.279,2023-08-01
001206.SZ,2021-11-19,45.41,45.85,45.01,45.64,45.41,0.23,0.5065,5238.57,23800.619,2023-08-01
001207.SZ,2021-11-19,22.78,23.28,22.44,23.24,22.79,0.45,1.9746,35231.52,80878.725,2023-08-01
001208.SZ,2021-11-19,16.7,16.86,16.27,16.34,16.7,-0.36,-2.1557,177272.0,291478.927,2023-08-01
001209.SZ,2021-11-19,25.1,25.24,24.95,25.16,25.06,0.1,0.399,3015.59,7569.932,2023-08-01
001210.SZ,2021-11-19,35.96,36.3,35.32,36.18,36.15,0.03,0.083,16621.9,59493.381,2023-08-01
001211.SZ,2021-11-19,27.95,28.36,27.91,28.29,27.91,0.38,1.3615,3877.0,10924.946,2023-08-01
001212.SZ,2021-11-19,31.24,31.97,31.13,31.9,31.21,0.69,2.2108,9206.64,29081.976,2023-08-01
001213.SZ,2021-11-19,5.21,5.28,5.19,5.24,5.21,0.03,0.5758,119324.58,62593.627,2023-08-01
001215.SZ,2021-11-19,66.96,67.4,63.01,64.4,66.32,-1.92,-2.8951,17398.18,112876.303,2023-08-01
001216.SZ,2021-11-19,16.4,17.08,16.32,16.73,16.88,-0.15,-0.8886,121365.34,202274.738,2023-08-01
001217.SZ,2021-11-19,22.0,22.88,21.6,22.2,22.36,-0.16,-0.7156,196700.38,438484.478,2023-08-01
001218.SZ,2021-11-19,42.46,42.93,42.23,42.73,42.3,0.43,1.0165,11331.52,48316.046,2023-08-01
001219.SZ,2021-11-19,33.15,33.34,31.82,32.51,33.02,-0.51,-1.5445,51039.5,166062.647,2023-08-01
001267.SZ,2021-11-19,6.58,7.28,6.29,6.65,6.62,0.03,0.4532,1126349.85,769636.547,2023-08-01
001288.SZ,2021-11-19,17.08,17.18,16.69,16.99,17.05,-0.06,-0.3519,45148.08,76399.872,2023-08-01
001696.SZ,2021-11-19,6.8,6.99,6.75,6.96,6.84,0.12,1.7544,105902.13,73261.115,2023-08-01
001872.SZ,2021-11-19,15.58,15.85,15.55,15.81,15.58,0.23,1.4763,14261.1,22410.239,2023-08-01
001896.SZ,2021-11-19,7.33,7.34,7.07,7.2,7.3,-0.1,-1.3699,274648.94,196551.909,2023-08-01
001914.SZ,2021-11-19,13.26,13.75,12.82,13.46,13.18,0.28,2.1244,164809.96,217826.364,2023-08-01
001965.SZ,2021-11-19,7.08,7.15,7.05,7.14,7.08,0.06,0.8475,19753.68,14037.7,2023-08-01
001979.SZ,2021-11-19,10.79,11.9,10.75,11.51,10.82,0.69,6.3771,1113464.19,1275147.698,2023-08-01
002001.SZ,2021-11-19,29.8,30.34,29.75,30.31,30.01,0.3,0.9997,238310.08,716441.581,2023-08-01
002002.SZ,2021-11-19,5.31,5.62,5.21,5.57,5.24,0.33,6.2977,2442153.77,1336946.468,2023-08-01
002003.SZ,2021-11-19,10.66,10.86,10.25,10.52,10.65,-0.13,-1.2207,73168.92,76342.066,2023-08-01
002004.SZ,2021-11-19,6.4,6.92,6.27,6.73,6.39,0.34,5.3208,900054.68,594590.247,2023-08-01
002005.SZ,2021-11-19,2.18,2.18,2.1,2.12,2.17,-0.05,-2.3041,196676.0,41871.527,2023-08-01
002006.SZ,2021-11-19,26.76,27.9,26.28,27.04,25.76,1.28,4.9689,283837.95,771143.38,2023-08-01
002007.SZ,2021-11-19,29.03,29.25,28.86,29.12,29.08,0.04,0.1376,109944.01,319607.598,2023-08-01
002008.SZ,2021-11-19,42.0,45.23,41.92,44.26,41.97,2.29,5.4563,375235.86,1647761.715,2023-08-01
002009.SZ,2021-11-19,18.18,18.38,17.64,18.1,18.03,0.07,0.3882,135749.01,243290.69,2023-08-01
002010.SZ,2021-11-19,9.32,9.66,9.23,9.44,9.31,0.13,1.3963,592401.26,558272.457,2023-08-01
002011.SZ,2021-11-19,9.4,10.35,9.08,9.9,9.69,0.21,2.1672,1107941.33,1085579.888,2023-08-01
002012.SZ,2021-11-19,5.51,5.64,5.47,5.61,5.51,0.1,1.8149,85843.0,47830.013,2023-08-01
002013.SZ,2021-11-19,16.14,16.4,15.71,15.9,16.06,-0.16,-0.9963,481409.81,770101.213,2023-08-01
002014.SZ,2021-11-19,8.33,8.4,8.28,8.4,8.37,0.03,0.3584,12443.38,10402.856,2023-08-01
002015.SZ,2021-11-19,16.24,16.36,15.83,16.33,16.12,0.21,1.3027,279601.99,450016.581,2023-08-01
002016.SZ,2021-11-19,5.06,5.13,5.0,5.12,5.04,0.08,1.5873,20552.71,10401.341,2023-08-01
002017.SZ,2021-11-19,13.19,13.29,12.65,12.84,12.98,-0.14,-1.0786,268449.95,343806.276,2023-08-01
002019.SZ,2021-11-19,17.08,17.15,16.76,17.04,17.02,0.02,0.1175,55870.06,94745.25,2023-08-01
002020.SZ,2021-11-19,9.03,9.08,8.67,8.7,9.01,-0.31,-3.4406,238247.29,209034.379,2023-08-01
002021.SZ,2021-11-19,1.97,1.98,1.94,1.98,1.97,0.01,0.5076,107611.0,21082.456,2023-08-01
002022.SZ,2021-11-19,13.97,13.98,13.8,13.95,14.01,-0.06,-0.4283,81106.48,112672.585,2023-08-01
002023.SZ,2021-11-19,13.03,13.08,12.9,13.01,12.95,0.06,0.4633,136811.45,178002.604,2023-08-01
002024.SZ,2021-11-19,4.01,4.08,3.98,4.07,4.06,0.01,0.2463,344639.39,139250.348,2023-08-01
002025.SZ,2021-11-19,78.31,79.81,76.05,77.81,79.03,-1.22,-1.5437,51895.84,404075.703,2023-08-01
002026.SZ,2021-11-19,18.83,19.47,18.53,18.9,18.9,0.0,0.0,426569.63,809920.962,2023-08-01
002027.SZ,2021-11-19,7.18,7.28,7.13,7.25,7.21,0.04,0.5548,1254121.7,904070.62,2023-08-01
002028.SZ,2021-11-19,49.44,49.44,46.88,48.68,49.37,-0.69,-1.3976,189993.7,913479.831,2023-08-01
002029.SZ,2021-11-19,5.86,5.95,5.84,5.89,5.88,0.01,0.1701,28444.1,16718.708,2023-08-01
002030.SZ,2021-11-19,18.81,18.94,18.8,18.88,18.81,0.07,0.3721,100719.96,189988.351,2023-08-01
002031.SZ,2021-11-19,1.96,1.98,1.93,1.97,1.97,0.0,0.0,268351.55,52492.516,2023-08-01
002032.SZ,2021-11-19,61.46,62.55,60.5,62.34,62.2,0.14,0.2251,24213.78,149649.336,2023-08-01
002033.SZ,2021-11-19,5.95,6.02,5.92,6.01,5.98,0.03,0.5017,23232.78,13882.032,2023-08-01
002034.SZ,2021-11-19,16.23,16.41,16.12,16.38,16.32,0.06,0.3676,29287.44,47758.98,2023-08-01
002035.SZ,2021-11-19,5.94,5.99,5.9,5.99,5.94,0.05,0.8418,57467.54,34235.451,2023-08-01
002036.SZ,2021-11-19,21.18,23.52,21.13,23.52,21.38,2.14,10.0094,692361.76,1583997.72,2023-08-01
002037.SZ,2021-11-19,6.75,6.98,6.6,6.98,6.72,0.26,3.869,65037.43,44521.618,2023-08-01
002038.SZ,2021-11-19,9.55,9.63,9.5,9.6,9.59,0.01,0.1043,48682.28,46606.862,2023-08-01
002039.SZ,2021-11-19,17.9,18.27,17.73,18.18,17.76,0.42,2.3649,58398.23,105493.565,2023-08-01
002040.SZ,2021-11-19,5.96,5.98,5.92,5.96,5.97,-0.01,-0.1675,19758.39,11743.167,2023-08-01
002041.SZ,2021-11-19,25.18,26.18,24.82,25.36,25.24,0.12,0.4754,244776.97,622759.082,2023-08-01
002042.SZ,2021-11-19,4.44,4.51,4.4,4.51,4.44,0.07,1.5766,117757.6,52637.128,2023-08-01
002043.SZ,2021-11-19,8.75,8.93,8.68,8.91,8.72,0.19,2.1789,77885.78,68694.276,2023-08-01
002044.SZ,2021-11-19,7.65,7.8,7.63,7.78,7.67,0.11,1.4342,304718.56,235853.696,2023-08-01
002045.SZ,2021-11-19,13.96,15.09,13.77,15.09,13.72,1.37,9.9854,851876.51,1269857.017,2023-08-01
002046.SZ,2021-11-19,17.51,17.76,17.05,17.43,17.6,-0.17,-0.9659,154423.0,269104.278,2023-08-01
002047.SZ,2021-11-19,3.5,3.73,3.47,3.47,3.59,-0.12,-3.3426,1427654.41,510576.465,2023-08-01
002048.SZ,2021-11-19,23.75,24.95,23.37,24.53,23.65,0.88,3.7209,228829.63,553829.847,2023-08-01
002049.SZ,2021-11-19,212.0,212.5,205.0,208.7,210.82,-2.12,-1.0056,65179.33,1359300.954,2023-08-01
002050.SZ,2021-11-19,23.2,23.75,23.04,23.49,23.24,0.25,1.0757,223911.23,524120.306,2023-08-01
002051.SZ,2021-11-19,6.71,6.85,6.66,6.81,6.72,0.09,1.3393,45080.52,30431.988,2023-08-01
002052.SZ,2021-11-19,2.34,2.34,2.3,2.34,2.34,0.0,0.0,31100.42,7211.542,2023-08-01
002053.SZ,2021-11-19,8.64,8.76,8.56,8.74,8.71,0.03,0.3444,36582.14,31692.354,2023-08-01
002054.SZ,2021-11-19,9.13,9.13,8.96,9.04,9.12,-0.08,-0.8772,39088.53,35289.835,2023-08-01
002055.SZ,2021-11-19,11.88,12.45,11.73,12.34,11.73,0.61,5.2003,237823.67,288787.093,2023-08-01
002056.SZ,2021-11-19,17.84,17.96,16.32,16.75,18.12,-1.37,-7.5607,1693837.19,2848826.618,2023-08-01
002057.SZ,2021-11-19,8.69,9.01,8.46,8.58,8.7,-0.12,-1.3793,576959.96,499878.157,2023-08-01
002058.SZ,2021-11-19,9.16,9.53,9.06,9.53,9.08,0.45,4.9559,17518.63,16406.629,2023-08-01
002059.SZ,2021-11-19,4.93,4.99,4.93,4.98,4.93,0.05,1.0142,18584.06,9226.61,2023-08-01
002060.SZ,2021-11-19,5.21,5.21,5.1,5.21,4.74,0.47,9.9156,466940.44,243071.463,2023-08-01
002061.SZ,2021-11-19,5.19,5.25,5.15,5.24,5.19,0.05,0.9634,40031.93,20809.845,2023-08-01
002062.SZ,2021-11-19,3.94,3.96,3.91,3.96,3.96,0.0,0.0,37252.97,14659.213,2023-08-01
002063.SZ,2021-11-19,7.59,7.73,7.49,7.67,7.6,0.07,0.9211,288703.84,219823.183,2023-08-01
002064.SZ,2021-11-19,10.56,10.75,10.38,10.69,10.54,0.15,1.4231,248736.07,263796.699,2023-08-01
002065.SZ,2021-11-19,7.11,7.19,7.09,7.17,7.13,0.04,0.561,163108.02,116436.538,2023-08-01
002066.SZ,2021-11-19,9.77,10.07,9.7,10.06,9.7,0.36,3.7113,42238.0,41965.828,2023-08-01
002067.SZ,2021-11-19,3.84,3.86,3.79,3.86,3.83,0.03,0.7833,152331.35,58325.529,2023-08-01
002068.SZ,2021-11-19,6.55,6.79,6.43,6.7,6.55,0.15,2.2901,171871.82,113585.191,2023-08-01
002069.SZ,2021-11-19,2.95,2.99,2.92,2.97,2.96,0.01,0.3378,44807.5,13227.228,2023-08-01
002072.SZ,2021-11-19,7.68,7.84,7.55,7.55,7.95,-0.4,-5.0314,74229.5,56423.919,2023-08-01
002073.SZ,2021-11-19,9.15,9.38,8.9,8.99,9.23,-0.24,-2.6002,629552.48,574049.123,2023-08-01
002074.SZ,2021-11-19,58.5,61.8,58.01,60.6,58.52,2.08,3.5543,437977.06,2646932.297,2023-08-01
002075.SZ,2021-11-19,5.51,5.6,5.45,5.59,5.5,0.09,1.6364,300890.54,166048.394,2023-08-01
002076.SZ,2021-11-19,1.94,1.94,1.92,1.94,1.85,0.09,4.8649,256799.76,49802.979,2023-08-01
002077.SZ,2021-11-19,7.26,7.49,7.25,7.45,7.27,0.18,2.4759,106161.01,78450.091,2023-08-01
002078.SZ,2021-11-19,11.87,12.03,11.79,11.95,11.87,0.08,0.674,199578.36,238054.874,2023-08-01
002079.SZ,2021-11-19,15.03,15.36,14.78,15.2,15.07,0.13,0.8626,253491.96,382828.716,2023-08-01
002080.SZ,2021-11-19,35.0,35.89,34.5,35.17,34.99,0.18,0.5144,372440.68,1311424.952,2023-08-01
002081.SZ,2021-11-19,5.7,5.8,5.69,5.79,5.71,0.08,1.4011,102800.62,59112.458,2023-08-01
002082.SZ,2021-11-19,10.05,10.1,9.97,10.1,10.07,0.03,0.2979,6453.0,6484.843,2023-08-01
002083.SZ,2021-11-19,4.16,4.22,4.13,4.2,4.16,0.04,0.9615,72512.01,30395.75,2023-08-01
002084.SZ,2021-11-19,4.64,4.71,4.62,4.7,4.64,0.06,1.2931,33168.15,15477.664,2023-08-01
002085.SZ,2021-11-19,5.56,5.58,5.48,5.57,5.56,0.01,0.1799,122688.8,67803.84,2023-08-01
002086.SZ,2021-11-19,1.87,1.91,1.86,1.89,1.88,0.01,0.5319,62707.0,11815.915,2023-08-01
002087.SZ,2021-11-19,3.39,3.41,3.37,3.41,3.39,0.02,0.59,57013.9,19324.912,2023-08-01
002088.SZ,2021-11-19,24.04,24.46,23.86,24.27,24.04,0.23,0.9567,30140.47,72709.494,2023-08-01
002089.SZ,2021-11-19,2.5,2.55,2.38,2.45,2.49,-0.04,-1.6064,252961.24,62358.597,2023-08-01
002090.SZ,2021-11-19,10.08,10.19,9.97,10.12,10.1,0.02,0.198,77526.9,78035.273,2023-08-01
002091.SZ,2021-11-19,11.68,11.9,11.49,11.63,11.5,0.13,1.1304,240276.93,279685.114,2023-08-01
002092.SZ,2021-11-19,9.56,10.38,9.32,10.2,9.54,0.66,6.9182,1697309.79,1662597.047,2023-08-01
002093.SZ,2021-11-19,6.17,6.3,6.17,6.21,6.2,0.01,0.1613,108366.1,67445.008,2023-08-01
002094.SZ,2021-11-19,4.44,4.46,4.27,4.36,4.46,-0.1,-2.2422,192193.02,83458.957,2023-08-01
002095.SZ,2021-11-19,19.86,20.23,18.7,18.82,19.88,-1.06,-5.332,163447.88,313405.565,2023-08-01
002096.SZ,2021-11-19,15.99,16.08,15.47,15.97,15.8,0.17,1.0759,296680.3,469770.767,2023-08-01
002097.SZ,2021-11-19,8.56,8.75,8.48,8.72,8.56,0.16,1.8692,138723.22,119538.13,2023-08-01
002098.SZ,2021-11-19,6.34,6.56,6.33,6.54,6.34,0.2,3.1546,36571.02,23661.543,2023-08-01
002099.SZ,2021-11-19,7.88,7.88,7.7,7.76,7.88,-0.12,-1.5228,84988.6,65805.877,2023-08-01
002100.SZ,2021-11-19,9.33,9.33,9.09,9.27,9.33,-0.06,-0.6431,198465.32,182255.883,2023-08-01
002101.SZ,2021-11-19,7.92,8.11,7.83,8.08,7.96,0.12,1.5075,61540.38,49278.944,2023-08-01
002102.SZ,2021-11-19,3.74,3.77,3.72,3.75,3.75,0.0,0.0,106810.0,39940.242,2023-08-01
002103.SZ,2021-11-19,4.58,4.64,4.49,4.61,4.57,0.04,0.8753,70219.72,32099.922,2023-08-01
002104.SZ,2021-11-19,6.04,6.09,5.96,6.04,6.03,0.01,0.1658,85295.19,51360.034,2023-08-01
002105.SZ,2021-11-19,9.5,9.72,9.45,9.58,9.49,0.09,0.9484,41595.16,39958.095,2023-08-01
002106.SZ,2021-11-19,10.94,11.29,10.93,11.16,10.93,0.23,2.1043,154213.78,172274.527,2023-08-01
002107.SZ,2021-11-19,6.28,6.3,6.19,6.26,6.28,-0.02,-0.3185,18081.52,11263.991,2023-08-01
002108.SZ,2021-11-19,8.5,8.75,8.37,8.67,8.58,0.09,1.049,527645.67,449305.549,2023-08-01
002109.SZ,2021-11-19,5.16,5.28,5.07,5.26,5.16,0.1,1.938,157405.69,81864.221,2023-08-01
002110.SZ,2021-11-19,6.44,6.52,6.36,6.51,6.43,0.08,1.2442,350685.76,226234.227,2023-08-01
002111.SZ,2021-11-19,12.54,12.64,12.48,12.55,12.5,0.05,0.4,50243.6,63098.885,2023-08-01
002112.SZ,2021-11-19,7.61,7.79,7.55,7.66,7.69,-0.03,-0.3901,46673.45,35700.107,2023-08-01
002113.SZ,2021-11-19,1.58,1.61,1.56,1.58,1.59,-0.01,-0.6289,201872.91,31973.129,2023-08-01
002114.SZ,2021-11-19,7.72,7.85,7.64,7.82,7.72,0.1,1.2953,113895.36,88411.884,2023-08-01
002115.SZ,2021-11-19,6.03,6.09,5.94,6.02,5.99,0.03,0.5008,110505.5,66503.481,2023-08-01
002116.SZ,2021-11-19,6.22,6.31,6.2,6.3,6.24,0.06,0.9615,14338.0,8982.428,2023-08-01
002117.SZ,2021-11-19,7.95,8.0,7.78,7.94,8.1,-0.16,-1.9753,92948.08,73624.747,2023-08-01
002118.SZ,2021-11-19,2.69,2.72,2.64,2.67,2.74,-0.07,-2.5547,408318.26,108973.133,2023-08-01
002119.SZ,2021-11-19,16.24,16.56,15.96,16.35,16.23,0.12,0.7394,162720.5,265679.887,2023-08-01
002120.SZ,2021-11-19,19.44,20.88,19.41,20.88,18.98,1.9,10.0105,279224.98,576471.516,2023-08-01
002121.SZ,2021-11-19,6.56,6.65,6.25,6.27,6.6,-0.33,-5.0,600629.88,382271.169,2023-08-01
002122.SZ,2021-11-19,3.05,3.07,3.01,3.04,3.0,0.04,1.3333,63459.0,19261.752,2023-08-01
002123.SZ,2021-11-19,17.15,17.54,16.91,17.43,17.42,0.01,0.0574,237119.95,408605.231,2023-08-01
002124.SZ,2021-11-19,6.77,6.77,6.6,6.72,6.76,-0.04,-0.5917,303139.69,202322.052,2023-08-01
002125.SZ,2021-11-19,11.91,12.23,11.75,11.85,11.74,0.11,0.937,261737.39,312750.532,2023-08-01
002126.SZ,2021-11-19,13.14,13.28,13.0,13.07,13.1,-0.03,-0.229,107644.72,141205.303,2023-08-01
002127.SZ,2021-11-19,6.72,6.81,6.72,6.8,6.76,0.04,0.5917,305399.12,206809.435,2023-08-01
002128.SZ,2021-11-19,11.26,11.48,11.06,11.46,11.34,0.12,1.0582,331529.11,374096.169,2023-08-01
002129.SZ,2021-11-19,46.2,46.8,45.54,46.42,45.77,0.65,1.4201,470825.17,2175716.463,2023-08-01
002130.SZ,2021-11-19,8.32,8.55,8.32,8.42,8.35,0.07,0.8383,250439.02,211013.475,2023-08-01
002131.SZ,2021-11-19,2.95,3.08,2.76,2.95,2.94,0.01,0.3401,9628466.54,2823125.807,2023-08-01
002132.SZ,2021-11-19,5.82,6.25,5.8,6.13,5.76,0.37,6.4236,918261.77,560590.484,2023-08-01
002133.SZ,2021-11-19,2.78,2.84,2.78,2.83,2.78,0.05,1.7986,40567.01,11401.155,2023-08-01
002134.SZ,2021-11-19,10.35,11.01,10.29,10.97,10.38,0.59,5.684,85656.39,91894.905,2023-08-01
002135.SZ,2021-11-19,9.35,9.45,9.12,9.4,9.36,0.04,0.4274,333099.74,308622.8,2023-08-01
002136.SZ,2021-11-19,16.59,16.87,16.42,16.65,16.67,-0.02,-0.12,128689.01,214529.595,2023-08-01
002137.SZ,2021-11-19,5.67,5.76,5.64,5.7,5.67,0.03,0.5291,48045.38,27375.287,2023-08-01
002138.SZ,2021-11-19,35.99,38.37,35.95,38.0,36.0,2.0,5.5556,145669.09,544286.294,2023-08-01
002139.SZ,2021-11-19,18.79,19.36,18.18,18.49,18.6,-0.11,-0.5914,885963.2,1663461.729,2023-08-01
002140.SZ,2021-11-19,11.94,11.96,11.53,11.73,12.09,-0.36,-2.9777,199046.13,232886.373,2023-08-01
002141.SZ,2021-11-19,8.36,8.53,8.15,8.2,8.34,-0.14,-1.6787,219479.3,181169.806,2023-08-01
002142.SZ,2021-11-19,37.88,39.09,37.62,38.76,38.12,0.64,1.6789,297558.33,1142958.297,2023-08-01
002144.SZ,2021-11-19,9.38,9.48,9.29,9.45,9.33,0.12,1.2862,19461.0,18286.086,2023-08-01
002145.SZ,2021-11-19,13.41,13.65,12.96,13.57,13.64,-0.07,-0.5132,592813.47,786430.827,2023-08-01
002146.SZ,2021-11-19,4.18,4.34,4.17,4.32,4.19,0.13,3.1026,271992.2,115910.42,2023-08-01
002147.SZ,2021-11-19,4.96,5.15,4.82,5.15,4.9,0.25,5.102,132211.0,66701.491,2023-08-01
002148.SZ,2021-11-19,5.24,5.41,5.18,5.29,5.16,0.13,2.5194,335698.72,178695.897,2023-08-01
002149.SZ,2021-11-19,19.79,20.5,19.57,20.28,19.89,0.39,1.9608,242555.09,489877.886,2023-08-01
002150.SZ,2021-11-19,6.17,6.26,6.08,6.23,6.17,0.06,0.9724,18906.81,11770.448,2023-08-01
002151.SZ,2021-11-19,39.51,39.65,39.3,39.61,39.58,0.03,0.0758,37642.22,148710.033,2023-08-01
002152.SZ,2021-11-19,10.58,10.75,10.55,10.72,10.52,0.2,1.9011,167126.09,178316.746,2023-08-01
002153.SZ,2021-11-19,26.74,29.22,26.61,28.77,27.0,1.77,6.5556,88321.28,249386.527,2023-08-01
002154.SZ,2021-11-19,4.46,4.71,4.4,4.69,4.45,0.24,5.3933,320768.8,147704.672,2023-08-01
002155.SZ,2021-11-19,10.17,10.4,10.13,10.37,10.27,0.1,0.9737,250754.91,257820.537,2023-08-01
002156.SZ,2021-11-19,20.62,20.86,20.21,20.79,20.62,0.17,0.8244,247720.84,509325.251,2023-08-01
002157.SZ,2021-11-19,10.86,10.88,10.5,10.68,10.95,-0.27,-2.4658,504418.28,536531.951,2023-08-01
002158.SZ,2021-11-19,28.26,28.53,27.6,28.19,28.14,0.05,0.1777,49120.04,137846.154,2023-08-01
002159.SZ,2021-11-19,10.64,10.73,10.55,10.69,10.64,0.05,0.4699,8665.0,9213.294,2023-08-01
002160.SZ,2021-11-19,4.53,4.62,4.49,4.59,4.56,0.03,0.6579,191584.01,87378.338,2023-08-01
002161.SZ,2021-11-19,4.66,4.78,4.66,4.75,4.67,0.08,1.7131,60399.28,28699.213,2023-08-01
002162.SZ,2021-11-19,4.39,4.43,4.36,4.42,4.4,0.02,0.4545,72152.8,31690.453,2023-08-01
002163.SZ,2021-11-19,13.88,14.0,13.31,13.59,13.85,-0.26,-1.8773,247429.85,335271.093,2023-08-01
002164.SZ,2021-11-19,5.95,6.27,5.75,5.78,5.7,0.08,1.4035,539250.4,326073.088,2023-08-01
002165.SZ,2021-11-19,6.24,6.48,6.13,6.37,6.3,0.07,1.1111,478491.02,301829.642,2023-08-01
002166.SZ,2021-11-19,8.95,9.08,8.75,9.05,8.88,0.17,1.9144,228572.37,204040.903,2023-08-01
002167.SZ,2021-11-19,7.83,7.94,7.72,7.93,7.8,0.13,1.6667,144174.86,113190.967,2023-08-01
002168.SZ,2021-11-19,4.15,4.24,4.14,4.19,4.17,0.02,0.4796,136275.02,57016.793,2023-08-01
002169.SZ,2021-11-19,12.98,13.2,12.66,13.16,13.08,0.08,0.6116,431766.28,557737.467,2023-08-01
002170.SZ,2021-11-19,7.11,7.21,6.98,7.11,7.18,-0.07,-0.9749,310008.26,219848.398,2023-08-01
002171.SZ,2021-11-19,11.65,11.77,11.49,11.7,11.68,0.02,0.1712,221068.84,257017.595,2023-08-01
002172.SZ,2021-11-19,3.85,3.9,3.8,3.86,3.87,-0.01,-0.2584,97700.0,37491.069,2023-08-01
002173.SZ,2021-11-19,6.15,6.21,6.12,6.19,6.18,0.01,0.1618,8948.01,5521.295,2023-08-01
002174.SZ,2021-11-19,14.6,15.56,14.59,15.5,14.99,0.51,3.4023,289884.19,440997.577,2023-08-01
002175.SZ,2021-11-19,2.72,2.8,2.69,2.76,2.69,0.07,2.6022,121955.87,33542.363,2023-08-01
002176.SZ,2021-11-19,22.05,22.99,21.6,22.02,22.45,-0.43,-1.9154,1712180.73,3791866.987,2023-08-01
002177.SZ,2021-11-19,5.55,5.64,5.54,5.62,5.59,0.03,0.5367,118254.47,66305.713,2023-08-01
002178.SZ,2021-11-19,3.59,3.63,3.55,3.62,3.59,0.03,0.8357,70619.76,25398.794,2023-08-01
002179.SZ,2021-11-19,102.58,103.0,99.09,100.2,102.56,-2.36,-2.3011,89661.88,903269.711,2023-08-01
002180.SZ,2021-11-19,36.62,39.14,36.59,38.19,36.3,1.89,5.2066,255262.61,972459.729,2023-08-01
002181.SZ,2021-11-19,4.11,4.13,4.05,4.1,4.14,-0.04,-0.9662,83422.2,34123.292,2023-08-01
002182.SZ,2021-11-19,20.86,22.28,19.88,21.69,20.57,1.12,5.4448,847669.64,1785645.569,2023-08-01
002183.SZ,2021-11-19,6.03,6.14,5.93,6.12,5.99,0.13,2.1703,534642.09,323474.707,2023-08-01
002184.SZ,2021-11-19,14.81,15.16,14.62,15.05,14.84,0.21,1.4151,105206.12,157408.613,2023-08-01
002185.SZ,2021-11-19,13.76,14.25,13.71,14.09,13.81,0.28,2.0275,832115.7,1168530.105,2023-08-01
002186.SZ,2021-11-19,9.0,9.04,8.95,9.03,8.99,0.04,0.4449,11701.0,10528.182,2023-08-01
002187.SZ,2021-11-19,8.12,8.16,8.06,8.14,8.09,0.05,0.618,18975.6,15397.775,2023-08-01
002188.SZ,2021-11-19,3.52,3.54,3.45,3.48,3.53,-0.05,-1.4164,12892.0,4486.337,2023-08-01
002189.SZ,2021-11-19,20.76,21.18,20.39,20.5,20.74,-0.24,-1.1572,136401.45,283238.387,2023-08-01
002190.SZ,2021-11-19,30.35,30.7,30.0,30.19,30.36,-0.17,-0.5599,58779.14,177975.866,2023-08-01
002191.SZ,2021-11-19,13.81,13.88,13.22,13.3,13.75,-0.45,-3.2727,500269.2,672651.989,2023-08-01
002192.SZ,2021-11-19,120.11,126.1,118.22,121.5,122.0,-0.5,-0.4098,109333.13,1329606.733,2023-08-01
002193.SZ,2021-11-19,6.68,6.92,6.61,6.7,6.71,-0.01,-0.149,60290.82,40590.227,2023-08-01
002194.SZ,2021-11-19,10.51,10.64,10.47,10.58,10.52,0.06,0.5703,53046.42,56045.442,2023-08-01
002195.SZ,2021-11-19,2.37,2.41,2.32,2.34,2.36,-0.02,-0.8475,1871993.12,441409.954,2023-08-01
002196.SZ,2021-11-19,10.34,10.5,9.91,10.03,10.55,-0.52,-4.9289,468929.29,472089.647,2023-08-01
002197.SZ,2021-11-19,7.35,7.4,7.26,7.38,7.28,0.1,1.3736,62793.63,46149.928,2023-08-01
002198.SZ,2021-11-19,8.39,8.53,8.3,8.48,8.38,0.1,1.1933,118224.53,99544.713,2023-08-01
002199.SZ,2021-11-19,8.42,8.74,8.39,8.68,8.53,0.15,1.7585,80837.0,69542.363,2023-08-01
002200.SZ,2021-11-19,8.0,8.0,7.5,7.67,7.79,-0.12,-1.5404,16566.03,12696.16,2023-08-01
002201.SZ,2021-11-19,25.41,25.88,25.0,25.17,25.41,-0.24,-0.9445,90793.6,230401.306,2023-08-01
002202.SZ,2021-11-19,18.69,19.1,18.4,19.01,18.79,0.22,1.1708,1302375.3,2438612.157,2023-08-01
002203.SZ,2021-11-19,12.2,12.5,12.18,12.46,12.12,0.34,2.8053,128277.18,158522.036,2023-08-01
002204.SZ,2021-11-19,4.44,4.47,4.3,4.46,4.42,0.04,0.905,310082.02,136244.118,2023-08-01
002205.SZ,2021-11-19,6.95,7.03,6.93,7.01,6.95,0.06,0.8633,17879.8,12498.134,2023-08-01
002206.SZ,2021-11-19,8.3,8.44,7.9,8.39,8.25,0.14,1.697,408497.79,333445.377,2023-08-01
002207.SZ,2021-11-19,5.52,5.67,5.46,5.62,5.53,0.09,1.6275,31616.41,17593.046,2023-08-01
002208.SZ,2021-11-19,7.37,7.52,7.32,7.47,7.4,0.07,0.9459,72339.18,53586.38,2023-08-01
002209.SZ,2021-11-19,6.2,6.32,6.14,6.31,6.19,0.12,1.9386,18705.18,11714.044,2023-08-01
002210.SZ,2021-11-19,3.66,3.66,3.33,3.36,3.49,-0.13,-3.7249,775237.16,272523.514,2023-08-01
002211.SZ,2021-11-19,3.83,3.91,3.75,3.9,3.83,0.07,1.8277,81331.27,31245.191,2023-08-01
002212.SZ,2021-11-19,17.65,18.26,17.6,18.2,17.57,0.63,3.5857,100622.62,181718.434,2023-08-01
002213.SZ,2021-11-19,15.77,15.96,15.34,15.37,15.7,-0.33,-2.1019,32816.0,50880.352,2023-08-01
002214.SZ,2021-11-19,19.9,20.57,19.87,20.24,19.96,0.28,1.4028,53021.42,107710.669,2023-08-01
002215.SZ,2021-11-19,5.7,5.73,5.59,5.71,5.7,0.01,0.1754,88477.96,50133.432,2023-08-01
002216.SZ,2021-11-19,21.12,21.79,20.52,20.57,20.38,0.19,0.9323,248611.24,523941.807,2023-08-01
002217.SZ,2021-11-19,3.37,3.41,3.35,3.4,3.38,0.02,0.5917,154142.04,52171.657,2023-08-01
002218.SZ,2021-11-19,7.09,7.36,6.95,7.29,7.11,0.18,2.5316,518536.81,371479.503,2023-08-01
002219.SZ,2021-11-19,3.47,3.63,3.42,3.6,3.47,0.13,3.7464,127277.96,45221.079,2023-08-01
002221.SZ,2021-11-19,12.13,12.44,11.88,12.39,12.12,0.27,2.2277,267178.56,327166.623,2023-08-01
002222.SZ,2021-11-19,17.12,17.67,17.06,17.46,17.29,0.17,0.9832,186469.29,324430.157,2023-08-01
002223.SZ,2021-11-19,35.33,35.44,34.44,35.24,35.33,-0.09,-0.2547,77349.47,270338.031,2023-08-01
002224.SZ,2021-11-19,4.98,5.06,4.95,5.06,5.02,0.04,0.7968,34637.29,17362.168,2023-08-01
002225.SZ,2021-11-19,4.38,4.49,4.36,4.48,4.4,0.08,1.8182,174177.53,77402.874,2023-08-01
002226.SZ,2021-11-19,5.6,5.72,5.53,5.69,5.63,0.06,1.0657,220457.44,124773.4,2023-08-01
002227.SZ,2021-11-19,17.71,18.0,17.58,17.74,17.96,-0.22,-1.2249,55654.02,98883.779,2023-08-01
002228.SZ,2021-11-19,3.45,3.47,3.43,3.47,3.45,0.02,0.5797,36724.8,12667.277,2023-08-01
002229.SZ,2021-11-19,5.95,6.03,5.94,6.02,5.98,0.04,0.6689,27915.0,16728.346,2023-08-01
002230.SZ,2021-11-19,56.7,57.78,56.33,56.87,56.51,0.36,0.6371,136862.94,780803.648,2023-08-01
002231.SZ,2021-11-19,5.66,5.78,5.62,5.73,5.66,0.07,1.2367,56360.13,32209.037,2023-08-01
002232.SZ,2021-11-19,11.53,12.09,11.41,11.84,11.53,0.31,2.6886,224711.44,263995.417,2023-08-01
002233.SZ,2021-11-19,10.1,10.21,10.04,10.19,10.12,0.07,0.6917,134617.03,136285.197,2023-08-01
002234.SZ,2021-11-19,16.15,16.33,15.85,16.13,16.34,-0.21,-1.2852,101816.51,163133.289,2023-08-01
002235.SZ,2021-11-19,4.75,4.75,4.63,4.7,4.7,0.0,0.0,108479.61,50847.808,2023-08-01
002236.SZ,2021-11-19,24.58,26.15,24.33,25.76,24.58,1.18,4.8007,725438.92,1854337.169,2023-08-01
002237.SZ,2021-11-19,11.77,11.82,11.66,11.81,11.77,0.04,0.3398,69211.28,81226.346,2023-08-01
002238.SZ,2021-11-19,5.83,5.9,5.73,5.9,5.74,0.16,2.7875,41656.05,24241.966,2023-08-01
002239.SZ,2021-11-19,3.75,3.83,3.7,3.72,3.81,-0.09,-2.3622,1027736.94,384208.803,2023-08-01
002240.SZ,2021-11-19,58.87,58.99,55.62,56.4,59.1,-2.7,-4.5685,483454.61,2758825.383,2023-08-01
002241.SZ,2021-11-19,50.85,54.7,50.4,52.78,49.9,2.88,5.7715,1118741.64,5923736.788,2023-08-01
002242.SZ,2021-11-19,24.3,24.57,24.0,24.34,24.02,0.32,1.3322,38801.62,94147.219,2023-08-01
002243.SZ,2021-11-19,10.13,10.23,10.06,10.18,10.12,0.06,0.5929,36877.84,37500.335,2023-08-01
002244.SZ,2021-11-19,3.98,4.1,3.98,4.09,3.99,0.1,2.5063,118635.71,47834.757,2023-08-01
002245.SZ,2021-11-19,26.4,28.35,26.11,27.94,26.3,1.64,6.2357,402476.35,1122042.439,2023-08-01
002246.SZ,2021-11-19,6.91,7.04,6.91,7.01,6.95,0.06,0.8633,27037.0,18932.153,2023-08-01
002247.SZ,2021-11-19,2.75,2.82,2.74,2.79,2.75,0.04,1.4545,97949.4,27272.29,2023-08-01
002248.SZ,2021-11-19,10.84,11.28,10.35,11.11,10.67,0.44,4.1237,526737.01,574116.975,2023-08-01
002249.SZ,2021-11-19,7.84,8.4,7.75,8.21,7.83,0.38,4.8531,1855679.48,1517007.837,2023-08-01
002250.SZ,2021-11-19,19.4,19.95,19.01,19.23,19.6,-0.37,-1.8878,63169.98,122283.435,2023-08-01
002251.SZ,2021-11-19,6.74,6.82,6.74,6.78,6.76,0.02,0.2959,24962.42,16933.399,2023-08-01
002252.SZ,2021-11-19,6.52,6.57,6.46,6.56,6.54,0.02,0.3058,227405.57,148133.336,2023-08-01
002253.SZ,2021-11-19,14.44,14.75,14.38,14.51,14.44,0.07,0.4848,37267.5,54335.896,2023-08-01
002254.SZ,2021-11-19,20.28,20.56,20.16,20.44,20.29,0.15,0.7393,153611.38,312468.438,2023-08-01
002255.SZ,2021-11-19,6.46,6.63,6.33,6.54,6.55,-0.01,-0.1527,549878.82,356112.935,2023-08-01
002256.SZ,2021-11-19,3.85,3.88,3.71,3.78,3.92,-0.14,-3.5714,1364106.84,514376.66,2023-08-01
002258.SZ,2021-11-19,27.4,27.62,27.04,27.32,27.42,-0.1,-0.3647,54986.65,150461.606,2023-08-01
002259.SZ,2021-11-19,3.67,3.71,3.63,3.69,3.66,0.03,0.8197,37121.35,13649.737,2023-08-01
002261.SZ,2021-11-19,8.12,8.19,8.04,8.17,8.15,0.02,0.2454,220684.48,179070.398,2023-08-01
002262.SZ,2021-11-19,15.42,15.78,15.41,15.5,15.42,0.08,0.5188,55162.98,85742.687,2023-08-01
002263.SZ,2021-11-19,3.28,3.32,3.23,3.3,3.31,-0.01,-0.3021,660849.36,217218.592,2023-08-01
002264.SZ,2021-11-19,3.98,4.0,3.95,4.0,3.97,0.03,0.7557,11184.0,4448.019,2023-08-01
002265.SZ,2021-11-19,8.26,8.38,8.16,8.32,8.24,0.08,0.9709,17220.0,14281.81,2023-08-01
002266.SZ,2021-11-19,6.42,6.64,6.38,6.57,6.38,0.19,2.9781,673760.42,440449.311,2023-08-01
002267.SZ,2021-11-19,7.15,7.25,7.05,7.2,7.18,0.02,0.2786,111659.01,80007.928,2023-08-01
002268.SZ,2021-11-19,60.69,62.72,60.0,61.0,59.63,1.37,2.2975,131203.26,801648.098,2023-08-01
002269.SZ,2021-11-19,2.25,2.27,2.23,2.25,2.25,0.0,0.0,233783.0,52498.811,2023-08-01
002270.SZ,2021-11-19,11.1,11.74,10.91,11.48,10.67,0.81,7.5914,1447199.97,1651219.542,2023-08-01
002271.SZ,2021-11-19,40.9,43.0,40.3,42.98,41.1,1.88,4.5742,315602.98,1317450.756,2023-08-01
002272.SZ,2021-11-19,7.38,7.61,7.3,7.37,7.34,0.03,0.4087,452983.23,336170.552,2023-08-01
002273.SZ,2021-11-19,17.04,18.18,17.02,18.05,17.04,1.01,5.9272,1076042.1,1911548.592,2023-08-01
002274.SZ,2021-11-19,11.08,12.3,11.02,12.05,11.21,0.84,7.4933,862654.18,1020515.338,2023-08-01
002275.SZ,2021-11-19,13.48,13.53,13.3,13.48,13.47,0.01,0.0742,7992.48,10744.985,2023-08-01
002276.SZ,2021-11-19,9.15,9.34,9.1,9.3,9.18,0.12,1.3072,309517.01,285883.753,2023-08-01
002277.SZ,2021-11-19,3.05,3.07,3.03,3.06,3.05,0.01,0.3279,79964.04,24385.125,2023-08-01
002278.SZ,2021-11-19,5.64,5.7,5.58,5.68,5.65,0.03,0.531,30274.48,17124.768,2023-08-01
002279.SZ,2021-11-19,4.46,4.57,4.45,4.52,4.47,0.05,1.1186,46835.0,21208.757,2023-08-01
002280.SZ,2021-11-19,4.93,5.08,4.85,5.08,5.05,0.03,0.5941,560633.5,277573.237,2023-08-01
002281.SZ,2021-11-19,23.2,23.3,22.92,23.24,23.3,-0.06,-0.2575,66905.96,154711.562,2023-08-01
002282.SZ,2021-11-19,10.9,10.95,9.78,10.1,10.32,-0.22,-2.1318,166635.29,170920.924,2023-08-01
002283.SZ,2021-11-19,10.57,11.67,10.49,11.37,10.61,0.76,7.1631,1088859.46,1231505.711,2023-08-01
002284.SZ,2021-11-19,8.05,8.38,7.92,8.27,8.0,0.27,3.375,345118.51,282197.1,2023-08-01
002285.SZ,2021-11-19,3.6,3.69,3.58,3.66,3.61,0.05,1.385,248075.96,90083.4,2023-08-01
002286.SZ,2021-11-19,15.14,15.85,15.08,15.47,15.16,0.31,2.0449,209715.27,325096.506,2023-08-01
002287.SZ,2021-11-19,26.7,27.13,26.62,26.9,26.93,-0.03,-0.1114,30180.17,81120.543,2023-08-01
002288.SZ,2021-11-19,8.69,8.9,8.65,8.85,8.71,0.14,1.6073,327610.52,289304.777,2023-08-01
002289.SZ,2021-11-19,7.55,7.77,7.55,7.7,7.62,0.08,1.0499,28584.0,21967.044,2023-08-01
002290.SZ,2021-11-19,7.55,7.75,7.54,7.73,7.58,0.15,1.9789,13683.41,10497.599,2023-08-01
002291.SZ,2021-11-19,20.02,20.24,19.82,20.0,20.0,0.0,0.0,63473.36,126927.409,2023-08-01
002292.SZ,2021-11-19,5.9,6.08,5.77,5.8,5.89,-0.09,-1.528,269309.02,158198.716,2023-08-01
002293.SZ,2021-11-19,14.32,14.43,14.06,14.25,14.27,-0.02,-0.1402,47049.5,66926.658,2023-08-01
002294.SZ,2021-11-19,28.48,28.88,28.1,28.77,28.39,0.38,1.3385,23096.91,66153.293,2023-08-01
002295.SZ,2021-11-19,6.53,6.73,6.48,6.69,6.54,0.15,2.2936,32412.0,21486.557,2023-08-01
002296.SZ,2021-11-19,6.95,7.12,6.88,7.04,7.0,0.04,0.5714,54486.55,38080.05,2023-08-01
002297.SZ,2021-11-19,10.61,11.08,10.54,10.65,10.61,0.04,0.377,369516.08,397092.479,2023-08-01
002298.SZ,2021-11-19,7.21,7.39,7.11,7.25,7.21,0.04,0.5548,252984.25,183704.399,2023-08-01
002299.SZ,2021-11-19,23.04,23.34,22.8,23.29,23.04,0.25,1.0851,104734.26,242907.706,2023-08-01
002300.SZ,2021-11-19,6.99,7.53,6.99,7.28,6.97,0.31,4.4476,339904.31,246567.542,2023-08-01
002301.SZ,2021-11-19,6.88,7.1,6.83,6.99,6.86,0.13,1.895,89427.63,62305.503,2023-08-01
002302.SZ,2021-11-19,7.53,7.62,7.49,7.6,7.52,0.08,1.0638,48932.67,36931.087,2023-08-01
002303.SZ,2021-11-19,3.32,3.36,3.3,3.35,3.34,0.01,0.2994,83263.37,27662.186,2023-08-01
002304.SZ,2021-11-19,174.0,178.2,174.0,175.08,174.6,0.48,0.2749,52607.04,926768.233,2023-08-01
002305.SZ,2021-11-19,1.83,1.87,1.82,1.86,1.83,0.03,1.6393,180432.55,33267.022,2023-08-01
002306.SZ,2021-11-19,2.85,2.91,2.79,2.81,2.85,-0.04,-1.4035,93857.89,26480.088,2023-08-01
002307.SZ,2021-11-19,4.41,4.58,4.34,4.48,4.41,0.07,1.5873,107581.38,48056.563,2023-08-01
002308.SZ,2021-11-19,4.95,5.1,4.95,4.96,4.99,-0.03,-0.6012,215594.78,108117.44,2023-08-01
002309.SZ,2021-11-19,7.74,8.57,7.74,8.57,7.79,0.78,10.0128,946701.66,775099.278,2023-08-01
002310.SZ,2021-11-19,2.82,2.85,2.79,2.83,2.86,-0.03,-1.049,124975.73,35231.169,2023-08-01
002311.SZ,2021-11-19,64.39,65.19,64.2,64.75,64.58,0.17,0.2632,32855.78,212358.188,2023-08-01
002312.SZ,2021-11-19,14.07,14.24,13.86,14.09,14.07,0.02,0.1421,301186.13,423310.375,2023-08-01
002313.SZ,2021-11-19,11.01,11.13,10.91,11.08,10.94,0.14,1.2797,23051.27,25480.367,2023-08-01
002314.SZ,2021-11-19,2.97,3.01,2.96,3.01,2.99,0.02,0.6689,58491.73,17437.494,2023-08-01
002315.SZ,2021-11-19,15.94,16.23,15.94,16.14,16.02,0.12,0.7491,22480.61,36289.63,2023-08-01
002316.SZ,2021-11-19,3.84,3.94,3.82,3.88,3.84,0.04,1.0417,34420.0,13325.342,2023-08-01
002317.SZ,2021-11-19,8.98,9.09,8.78,9.05,8.97,0.08,0.8919,153045.77,136827.261,2023-08-01
002318.SZ,2021-11-19,14.95,15.68,14.65,15.49,14.87,0.62,4.1695,263084.29,399064.934,2023-08-01
002319.SZ,2021-11-19,14.7,15.18,14.6,14.96,14.8,0.16,1.0811,38293.0,57343.312,2023-08-01
002320.SZ,2021-11-19,6.03,6.04,5.96,6.04,6.04,0.0,0.0,90442.34,54274.681,2023-08-01
002321.SZ,2021-11-19,3.2,3.35,3.18,3.32,3.2,0.12,3.75,167119.18,54769.625,2023-08-01
002322.SZ,2021-11-19,9.67,9.77,9.61,9.73,9.71,0.02,0.206,17161.0,16634.696,2023-08-01
002323.SZ,2021-11-19,5.33,5.6,5.31,5.6,5.33,0.27,5.0657,111103.18,61234.888,2023-08-01
002324.SZ,2021-11-19,13.05,13.38,12.78,13.22,13.05,0.17,1.3027,125934.95,166011.439,2023-08-01
002325.SZ,2021-11-19,2.53,2.6,2.52,2.59,2.56,0.03,1.1719,76731.02,19721.819,2023-08-01
002326.SZ,2021-11-19,58.5,59.8,54.88,56.52,58.5,-1.98,-3.3846,591752.04,3365179.088,2023-08-01
002327.SZ,2021-11-19,9.18,9.19,8.85,9.09,9.12,-0.03,-0.3289,90996.69,81779.408,2023-08-01
002328.SZ,2021-11-19,5.97,6.09,5.92,6.03,5.97,0.06,1.005,128093.71,77000.449,2023-08-01
002329.SZ,2021-11-19,4.39,4.41,4.32,4.38,4.38,0.0,0.0,71419.0,31158.57,2023-08-01
002330.SZ,2021-11-19,6.17,6.31,6.15,6.27,6.2,0.07,1.129,69221.02,43170.508,2023-08-01
002331.SZ,2021-11-19,8.38,8.44,8.26,8.38,8.33,0.05,0.6002,17533.04,14661.987,2023-08-01
002332.SZ,2021-11-19,12.52,12.62,12.12,12.53,12.6,-0.07,-0.5556,174659.5,215726.58,2023-08-01
002333.SZ,2021-11-19,4.97,5.0,4.91,5.0,4.98,0.02,0.4016,8400.0,4162.661,2023-08-01
002334.SZ,2021-11-19,8.23,8.4,8.16,8.28,8.25,0.03,0.3636,349975.06,289433.896,2023-08-01
002335.SZ,2021-11-19,42.85,45.7,42.55,44.7,42.86,1.84,4.293,226691.58,1009658.243,2023-08-01
002336.SZ,2021-11-19,4.56,4.67,4.47,4.59,4.55,0.04,0.8791,10508.08,4846.784,2023-08-01
002337.SZ,2021-11-19,4.0,4.08,3.91,4.02,4.01,0.01,0.2494,124243.73,49639.837,2023-08-01
002338.SZ,2021-11-19,20.39,20.58,20.08,20.54,20.32,0.22,1.0827,29740.08,60592.661,2023-08-01
002339.SZ,2021-11-19,7.01,7.06,6.89,6.99,6.96,0.03,0.431,141814.39,99060.069,2023-08-01
002340.SZ,2021-11-19,10.49,10.57,10.3,10.48,10.44,0.04,0.3831,1364661.35,1425480.144,2023-08-01
002341.SZ,2021-11-19,6.1,6.71,6.1,6.29,6.1,0.19,3.1148,528364.07,338077.501,2023-08-01
002342.SZ,2021-11-19,4.33,4.43,4.25,4.33,4.44,-0.11,-2.4775,655380.0,283715.59,2023-08-01
002343.SZ,2021-11-19,4.99,5.05,4.91,4.99,4.95,0.04,0.8081,47653.02,23829.615,2023-08-01
002344.SZ,2021-11-19,4.84,4.94,4.72,4.76,4.89,-0.13,-2.6585,239069.5,114380.767,2023-08-01
002345.SZ,2021-11-19,4.97,5.05,4.88,5.01,4.99,0.02,0.4008,119233.8,59321.706,2023-08-01
002346.SZ,2021-11-19,19.4,19.59,19.15,19.25,19.64,-0.39,-1.9857,47966.77,92586.016,2023-08-01
002347.SZ,2021-11-19,4.34,4.48,4.3,4.45,4.34,0.11,2.5346,62480.0,27518.419,2023-08-01
002348.SZ,2021-11-19,2.0,2.01,1.97,2.01,2.0,0.01,0.5,138353.28,27544.223,2023-08-01
002349.SZ,2021-11-19,5.74,5.74,5.59,5.69,5.73,-0.04,-0.6981,112693.94,63828.922,2023-08-01
002350.SZ,2021-11-19,8.17,8.8,7.82,8.48,8.2,0.28,3.4146,708861.88,585246.454,2023-08-01
002351.SZ,2021-11-19,12.07,12.55,12.05,12.33,12.12,0.21,1.7327,87216.97,107970.433,2023-08-01
002352.SZ,2021-11-19,66.0,69.85,65.51,67.42,65.34,2.08,3.1833,346260.08,2356642.551,2023-08-01
002353.SZ,2021-11-19,39.83,40.5,39.53,39.81,39.99,-0.18,-0.4501,109220.89,435706.777,2023-08-01
002354.SZ,2021-11-19,3.53,3.62,3.49,3.49,3.53,-0.04,-1.1331,327543.6,115928.387,2023-08-01
002355.SZ,2021-11-19,5.48,5.55,5.42,5.51,5.46,0.05,0.9158,24323.0,13369.91,2023-08-01
002356.SZ,2021-11-19,3.93,3.94,3.82,3.84,3.91,-0.07,-1.7903,116266.7,45002.337,2023-08-01
002357.SZ,2021-11-19,4.95,5.02,4.89,4.99,4.94,0.05,1.0121,21274.86,10572.041,2023-08-01
002358.SZ,2021-11-19,2.74,2.89,2.74,2.89,2.75,0.14,5.0909,315026.11,89894.011,2023-08-01
002360.SZ,2021-11-19,8.44,8.51,8.33,8.45,8.44,0.01,0.1185,45863.11,38599.93,2023-08-01
002361.SZ,2021-11-19,5.3,5.38,5.24,5.33,5.29,0.04,0.7561,97076.0,51707.68,2023-08-01
002362.SZ,2021-11-19,16.23,16.36,16.13,16.31,16.23,0.08,0.4929,22437.86,36504.326,2023-08-01
002363.SZ,2021-11-19,5.31,5.58,5.3,5.46,5.32,0.14,2.6316,76277.11,41657.301,2023-08-01
002364.SZ,2021-11-19,9.42,9.64,9.36,9.51,9.42,0.09,0.9554,88279.04,83742.606,2023-08-01
002365.SZ,2021-11-19,9.26,9.56,9.22,9.52,9.26,0.26,2.8078,30332.0,28699.284,2023-08-01
002366.SZ,2021-11-19,3.98,4.08,3.95,4.07,4.02,0.05,1.2438,205832.0,83082.069,2023-08-01
002367.SZ,2021-11-19,7.7,7.8,7.69,7.74,7.73,0.01,0.1294,37363.15,28886.446,2023-08-01
002368.SZ,2021-11-19,29.7,30.24,29.53,29.69,30.12,-0.43,-1.4276,96246.31,286460.913,2023-08-01
002369.SZ,2021-11-19,7.42,7.72,7.38,7.42,7.38,0.04,0.542,134104.58,100925.827,2023-08-01
002370.SZ,2021-11-19,4.41,4.44,4.26,4.31,4.4,-0.09,-2.0455,95756.98,41255.78,2023-08-01
002371.SZ,2021-11-19,404.0,405.98,386.08,395.51,405.26,-9.75,-2.4059,57448.21,2263214.501,2023-08-01
002372.SZ,2021-11-19,18.42,19.08,18.42,19.06,18.4,0.66,3.587,46042.76,86666.481,2023-08-01
002373.SZ,2021-11-19,13.78,14.35,13.75,14.25,13.73,0.52,3.7873,164626.38,232746.363,2023-08-01
002374.SZ,2021-11-19,2.62,2.64,2.58,2.62,2.63,-0.01,-0.3802,88895.6,23170.099,2023-08-01
002375.SZ,2021-11-19,7.32,7.39,7.16,7.26,7.35,-0.09,-1.2245,82525.75,59733.171,2023-08-01
002376.SZ,2021-11-19,8.57,8.85,8.56,8.8,8.6,0.2,2.3256,64122.87,56174.644,2023-08-01
002377.SZ,2021-11-19,3.44,3.54,3.44,3.49,3.47,0.02,0.5764,108469.12,37939.898,2023-08-01
002378.SZ,2021-11-19,8.4,8.46,8.3,8.4,8.48,-0.08,-0.9434,123853.93,103669.805,2023-08-01
002379.SZ,2021-11-19,3.13,3.18,3.1,3.17,3.13,0.04,1.278,75521.01,23749.745,2023-08-01
002380.SZ,2021-11-19,13.27,13.45,13.0,13.31,13.32,-0.01,-0.0751,22152.0,29406.269,2023-08-01
002381.SZ,2021-11-19,7.65,7.77,7.58,7.72,7.62,0.1,1.3123,26141.85,20086.862,2023-08-01
002382.SZ,2021-11-19,14.87,15.13,14.81,15.05,14.91,0.14,0.939,91922.9,137683.303,2023-08-01
002383.SZ,2021-11-19,6.44,6.46,6.33,6.41,6.39,0.02,0.313,36008.74,23087.619,2023-08-01
002384.SZ,2021-11-19,25.25,26.18,25.05,25.44,25.15,0.29,1.1531,359431.94,917684.932,2023-08-01
002385.SZ,2021-11-19,9.61,10.07,9.52,9.89,9.65,0.24,2.487,1293342.37,1271692.963,2023-08-01
002386.SZ,2021-11-19,11.21,11.54,10.93,11.49,11.2,0.29,2.5893,515120.11,581039.013,2023-08-01
002387.SZ,2021-11-19,8.8,8.8,8.59,8.68,8.8,-0.12,-1.3636,68371.0,59389.204,2023-08-01
002388.SZ,2021-11-19,5.22,5.34,5.19,5.27,5.22,0.05,0.9579,35362.0,18648.114,2023-08-01
002389.SZ,2021-11-19,23.68,24.28,23.46,24.1,23.58,0.52,2.2053,183918.33,440581.236,2023-08-01
002390.SZ,2021-11-19,6.88,6.97,6.85,6.94,6.93,0.01,0.1443,106438.81,73729.666,2023-08-01
002391.SZ,2021-11-19,7.47,7.47,7.34,7.41,7.49,-0.08,-1.0681,46238.99,34183.732,2023-08-01
002392.SZ,2021-11-19,4.64,4.93,4.62,4.88,4.65,0.23,4.9462,332826.82,159412.752,2023-08-01
002393.SZ,2021-11-19,19.02,19.1,18.79,19.03,19.01,0.02,0.1052,6849.36,13002.168,2023-08-01
002394.SZ,2021-11-19,7.62,7.66,7.57,7.66,7.58,0.08,1.0554,7361.65,5610.181,2023-08-01
002395.SZ,2021-11-19,11.1,11.27,11.06,11.13,11.15,-0.02,-0.1794,47642.5,53097.553,2023-08-01
002396.SZ,2021-11-19,24.75,25.33,24.66,25.09,24.73,0.36,1.4557,140234.27,352152.254,2023-08-01
002397.SZ,2021-11-19,3.97,4.02,3.94,3.99,4.0,-0.01,-0.25,43957.0,17498.399,2023-08-01
002398.SZ,2021-11-19,6.75,7.13,6.7,7.08,6.74,0.34,5.0445,182010.91,127496.289,2023-08-01
002399.SZ,2021-11-19,15.39,15.55,15.2,15.53,15.4,0.13,0.8442,24489.06,37686.289,2023-08-01
002400.SZ,2021-11-19,4.75,4.81,4.72,4.74,4.75,-0.01,-0.2105,367554.52,174876.066,2023-08-01
002401.SZ,2021-11-19,9.41,9.57,9.4,9.55,9.44,0.11,1.1653,17901.0,16994.926,2023-08-01
002402.SZ,2021-11-19,24.88,26.0,24.8,25.7,24.96,0.74,2.9647,210528.75,539948.578,2023-08-01
002403.SZ,2021-11-19,6.7,6.85,6.7,6.82,6.71,0.11,1.6393,8204.9,5572.68,2023-08-01
002404.SZ,2021-11-19,5.5,5.58,5.47,5.57,5.52,0.05,0.9058,25707.0,14218.423,2023-08-01
002405.SZ,2021-11-19,15.7,15.85,15.16,15.54,15.88,-0.34,-2.1411,1549854.77,2403441.24,2023-08-01
002406.SZ,2021-11-19,5.93,6.0,5.89,5.99,5.93,0.06,1.0118,46747.61,27847.867,2023-08-01
002407.SZ,2021-11-19,51.2,51.57,50.5,50.99,51.82,-0.83,-1.6017,336198.36,1712898.24,2023-08-01
002408.SZ,2021-11-19,8.64,8.64,8.64,8.64,9.6,-0.96,-10.0,208429.0,180082.656,2023-08-01
002409.SZ,2021-11-19,82.0,85.81,82.0,84.0,82.2,1.8,2.1898,52644.5,441477.327,2023-08-01
002410.SZ,2021-11-19,64.49,65.53,64.32,65.13,65.0,0.13,0.2,22716.91,147802.551,2023-08-01
002411.SZ,2021-11-19,12.5,12.6,12.22,12.3,12.6,-0.3,-2.381,368981.69,456384.863,2023-08-01
002412.SZ,2021-11-19,5.12,5.2,5.11,5.17,5.13,0.04,0.7797,26407.0,13605.283,2023-08-01
002413.SZ,2021-11-19,6.36,6.51,6.35,6.43,6.37,0.06,0.9419,193913.14,125029.793,2023-08-01
002414.SZ,2021-11-19,24.81,25.3,24.71,24.92,24.99,-0.07,-0.2801,245265.0,612427.398,2023-08-01
002415.SZ,2021-11-19,50.19,50.69,49.98,50.49,50.18,0.31,0.6178,279976.27,1406977.097,2023-08-01
002416.SZ,2021-11-19,11.33,12.38,11.33,12.31,11.32,0.99,8.7456,440609.22,527603.496,2023-08-01
002417.SZ,2021-11-19,4.86,4.95,4.8,4.85,4.83,0.02,0.4141,41931.0,20432.318,2023-08-01
002418.SZ,2021-11-19,3.85,4.21,3.73,4.21,3.83,0.38,9.9217,881195.89,357442.469,2023-08-01
002419.SZ,2021-11-19,5.97,6.03,5.96,6.02,5.98,0.04,0.6689,37957.13,22734.784,2023-08-01
002420.SZ,2021-11-19,7.04,7.35,6.98,7.27,7.03,0.24,3.4139,109201.89,78474.493,2023-08-01
002421.SZ,2021-11-19,3.53,3.58,3.51,3.57,3.53,0.04,1.1331,99039.02,35119.619,2023-08-01
002422.SZ,2021-11-19,18.41,18.52,18.19,18.49,18.39,0.1,0.5438,85589.41,157164.269,2023-08-01
002423.SZ,2021-11-19,8.09,8.09,7.97,8.09,8.06,0.03,0.3722,29150.28,23419.824,2023-08-01
002424.SZ,2021-11-19,6.0,6.01,5.93,6.0,5.98,0.02,0.3344,70649.42,42198.22,2023-08-01
002425.SZ,2021-11-19,7.82,8.45,7.7,8.01,7.79,0.22,2.8241,1027758.03,835899.285,2023-08-01
002426.SZ,2021-11-19,2.58,2.77,2.55,2.63,2.56,0.07,2.7344,1355213.59,360160.605,2023-08-01
002427.SZ,2021-11-19,6.77,6.99,6.66,6.99,6.66,0.33,4.955,43474.15,29819.629,2023-08-01
002428.SZ,2021-11-19,11.62,11.62,11.25,11.53,11.64,-0.11,-0.945,182698.7,208688.682,2023-08-01
002429.SZ,2021-11-19,5.06,5.17,5.05,5.15,5.04,0.11,2.1825,304415.64,155562.217,2023-08-01
002430.SZ,2021-11-19,26.08,28.0,26.04,27.78,26.28,1.5,5.7078,160555.35,436306.511,2023-08-01
002431.SZ,2021-11-19,3.06,3.2,3.04,3.07,3.04,0.03,0.9868,359552.45,111685.341,2023-08-01
002432.SZ,2021-11-19,10.1,10.96,10.0,10.96,9.96,1.0,10.0402,380467.11,407534.264,2023-08-01
002433.SZ,2021-11-19,6.24,6.29,6.04,6.16,6.22,-0.06,-0.9646,395374.17,242719.619,2023-08-01
002434.SZ,2021-11-19,16.12,17.05,15.85,16.5,15.84,0.66,4.1667,694204.54,1151140.681,2023-08-01
002435.SZ,2021-11-19,4.87,4.89,4.82,4.88,4.9,-0.02,-0.4082,58388.18,28406.324,2023-08-01
002436.SZ,2021-11-19,13.8,14.54,13.6,14.37,13.66,0.71,5.1977,619660.65,876017.032,2023-08-01
002437.SZ,2021-11-19,2.4,2.41,2.37,2.41,2.4,0.01,0.4167,88031.55,21047.149,2023-08-01
002438.SZ,2021-11-19,16.7,17.45,16.35,17.22,16.67,0.55,3.2993,136105.99,231795.769,2023-08-01
002439.SZ,2021-11-19,28.0,29.04,28.0,28.69,27.9,0.79,2.8315,58973.28,169271.021,2023-08-01
002440.SZ,2021-11-19,8.95,9.01,8.8,9.0,8.94,0.06,0.6711,76253.14,67996.372,2023-08-01
002441.SZ,2021-11-19,9.01,9.1,8.8,8.99,9.0,-0.01,-0.1111,81265.37,72632.149,2023-08-01
002442.SZ,2021-11-19,6.15,6.32,6.03,6.26,6.14,0.12,1.9544,190415.6,118055.055,2023-08-01
002443.SZ,2021-11-19,5.89,5.91,5.8,5.88,5.88,0.0,0.0,56216.24,32864.342,2023-08-01
002444.SZ,2021-11-19,33.86,34.09,33.38,33.75,33.64,0.11,0.327,27688.89,93430.695,2023-08-01
002445.SZ,2021-11-19,2.79,2.8,2.68,2.76,2.8,-0.04,-1.4286,274921.8,75025.067,2023-08-01
002446.SZ,2021-11-19,6.32,6.86,6.27,6.76,6.28,0.48,7.6433,941965.05,625689.424,2023-08-01
002447.SZ,2021-11-19,1.86,1.88,1.86,1.87,1.87,0.0,0.0,69785.0,13066.063,2023-08-01
002448.SZ,2021-11-19,7.99,7.99,7.35,7.79,8.05,-0.26,-3.2298,533112.57,409769.426,2023-08-01
002449.SZ,2021-11-19,11.01,11.13,10.81,11.06,11.02,0.04,0.363,120435.62,132406.854,2023-08-01
002451.SZ,2021-11-19,8.16,8.4,8.14,8.39,8.22,0.17,2.0681,125149.06,103735.04,2023-08-01
002452.SZ,2021-11-19,9.38,9.52,9.05,9.17,9.14,0.03,0.3282,402273.07,371569.842,2023-08-01
002453.SZ,2021-11-19,20.24,20.42,19.55,20.0,20.04,-0.04,-0.1996,234855.0,469058.553,2023-08-01
002454.SZ,2021-11-19,10.3,11.11,10.19,10.99,10.3,0.69,6.699,308929.8,331764.976,2023-08-01
002455.SZ,2021-11-19,15.89,16.28,15.82,16.13,16.01,0.12,0.7495,218361.84,350523.712,2023-08-01
002456.SZ,2021-11-19,8.8,8.9,8.68,8.8,8.75,0.05,0.5714,515776.42,453648.314,2023-08-01
002457.SZ,2021-11-19,7.61,7.71,7.61,7.69,7.65,0.04,0.5229,27955.26,21426.884,2023-08-01
002458.SZ,2021-11-19,11.54,11.55,10.97,11.19,11.37,-0.18,-1.5831,238715.85,265235.66,2023-08-01
002459.SZ,2021-11-19,92.81,101.03,91.25,100.0,94.42,5.58,5.9098,261034.57,2536019.35,2023-08-01
002460.SZ,2021-11-19,160.8,161.99,156.58,158.7,162.52,-3.82,-2.3505,296464.78,4707561.545,2023-08-01
002461.SZ,2021-11-19,9.42,9.62,9.38,9.52,9.44,0.08,0.8475,60553.75,57750.06,2023-08-01
002462.SZ,2021-11-19,12.18,12.27,12.11,12.25,12.17,0.08,0.6574,8517.47,10382.261,2023-08-01
002463.SZ,2021-11-19,13.69,14.1,13.55,13.87,13.67,0.2,1.4631,598538.88,828791.081,2023-08-01
002464.SZ,2021-11-19,5.26,5.39,4.99,5.02,5.17,-0.15,-2.9014,377128.81,194601.841,2023-08-01
002465.SZ,2021-11-19,9.96,10.04,9.9,10.01,9.97,0.04,0.4012,231865.23,231412.393,2023-08-01
002466.SZ,2021-11-19,108.0,110.6,105.49,109.0,108.76,0.24,0.2207,714410.13,7720904.03,2023-08-01
002467.SZ,2021-11-19,4.01,4.38,3.97,4.38,3.98,0.4,10.0503,356878.18,153598.236,2023-08-01
002468.SZ,2021-11-19,7.95,8.56,7.91,8.56,7.78,0.78,10.0257,358894.95,300042.704,2023-08-01
002469.SZ,2021-11-19,6.01,6.22,5.98,6.16,6.05,0.11,1.8182,140114.16,85953.652,2023-08-01
002470.SZ,2021-11-19,2.22,2.27,2.19,2.26,2.23,0.03,1.3453,482698.0,107703.517,2023-08-01
002471.SZ,2021-11-19,3.02,3.07,3.02,3.03,3.03,0.0,0.0,101439.53,30796.298,2023-08-01
002472.SZ,2021-11-19,31.55,31.91,30.51,31.23,31.53,-0.3,-0.9515,118230.75,368329.641,2023-08-01
002473.SZ,2021-11-19,13.08,13.73,12.65,12.65,13.32,-0.67,-5.03,50804.53,65840.934,2023-08-01
002474.SZ,2021-11-19,7.45,7.5,7.26,7.28,7.47,-0.19,-2.5435,244867.3,179343.068,2023-08-01
002475.SZ,2021-11-19,40.77,43.95,40.77,43.1,40.85,2.25,5.508,1006740.8,4327723.695,2023-08-01
002476.SZ,2021-11-19,4.61,4.85,4.58,4.8,4.62,0.18,3.8961,159801.0,76061.678,2023-08-01
002478.SZ,2021-11-19,4.16,4.16,4.09,4.13,4.14,-0.01,-0.2415,17170.0,7061.276,2023-08-01
002479.SZ,2021-11-19,5.53,5.57,5.49,5.56,5.54,0.02,0.361,68640.0,38001.528,2023-08-01
002480.SZ,2021-11-19,4.68,4.8,4.64,4.75,4.68,0.07,1.4957,50596.0,23947.759,2023-08-01
002481.SZ,2021-11-19,9.36,9.42,9.18,9.31,9.38,-0.07,-0.7463,84611.64,78514.886,2023-08-01
002482.SZ,2021-11-19,2.31,2.33,2.29,2.33,2.31,0.02,0.8658,51329.02,11863.911,2023-08-01
002483.SZ,2021-11-19,8.28,9.15,8.25,8.93,8.33,0.6,7.2029,594598.44,528812.592,2023-08-01
002484.SZ,2021-11-19,25.68,25.87,25.3,25.45,25.78,-0.33,-1.2801,80898.32,206312.5,2023-08-01
002485.SZ,2021-11-19,4.43,4.46,4.11,4.43,4.43,0.0,0.0,45097.8,19345.871,2023-08-01
002486.SZ,2021-11-19,2.55,2.58,2.55,2.57,2.55,0.02,0.7843,29917.0,7671.931,2023-08-01
002487.SZ,2021-11-19,48.22,49.6,46.0,48.42,49.55,-1.13,-2.2805,380730.81,1831204.678,2023-08-01
002488.SZ,2021-11-19,7.88,8.49,7.85,8.49,7.72,0.77,9.9741,590331.87,498313.183,2023-08-01
002489.SZ,2021-11-19,3.46,3.5,3.44,3.49,3.47,0.02,0.5764,72836.4,25254.034,2023-08-01
002490.SZ,2021-11-19,4.3,4.4,4.23,4.33,4.23,0.1,2.3641,117442.43,50600.588,2023-08-01
002491.SZ,2021-11-19,5.56,5.85,5.5,5.74,5.53,0.21,3.7975,746498.7,424930.403,2023-08-01
002492.SZ,2021-11-19,5.29,5.37,5.28,5.36,5.29,0.07,1.3233,33750.5,18009.49,2023-08-01
002493.SZ,2021-11-19,15.9,16.27,15.75,16.12,15.9,0.22,1.3836,302511.52,486316.906,2023-08-01
002494.SZ,2021-11-19,3.82,3.92,3.79,3.91,3.85,0.06,1.5584,52985.6,20500.322,2023-08-01
002495.SZ,2021-11-19,2.43,2.47,2.41,2.46,2.44,0.02,0.8197,99943.34,24404.197,2023-08-01
002496.SZ,2021-11-19,2.65,2.67,2.63,2.66,2.64,0.02,0.7576,59927.37,15879.313,2023-08-01
002497.SZ,2021-11-19,30.0,30.52,29.19,29.55,30.07,-0.52,-1.7293,585097.66,1742310.492,2023-08-01
002498.SZ,2021-11-19,5.76,5.92,5.59,5.64,5.72,-0.08,-1.3986,1381685.19,788269.8,2023-08-01
002499.SZ,2021-11-19,5.43,5.43,5.32,5.42,5.43,-0.01,-0.1842,2591.0,1395.409,2023-08-01
002500.SZ,2021-11-19,6.37,6.5,6.36,6.49,6.38,0.11,1.7241,176308.2,113797.539,2023-08-01
002501.SZ,2021-11-19,2.06,2.06,1.98,2.03,2.06,-0.03,-1.4563,92782.19,18835.249,2023-08-01
002502.SZ,2021-11-19,4.78,4.85,4.72,4.83,4.84,-0.01,-0.2066,107785.0,51534.723,2023-08-01
002503.SZ,2021-11-19,1.52,1.53,1.49,1.52,1.52,0.0,0.0,508510.02,76590.584,2023-08-01
002504.SZ,2021-11-19,1.69,1.7,1.65,1.67,1.7,-0.03,-1.7647,84142.0,14069.752,2023-08-01
002505.SZ,2021-11-19,3.12,3.39,3.07,3.39,3.08,0.31,10.0649,1853074.82,604704.552,2023-08-01
002506.SZ,2021-11-19,4.28,4.39,4.2,4.33,4.31,0.02,0.464,1487302.09,636944.534,2023-08-01
002507.SZ,2021-11-19,32.78,33.15,31.45,32.29,32.64,-0.35,-1.0723,257913.33,830819.404,2023-08-01
002508.SZ,2021-11-19,32.09,32.85,31.45,32.78,32.01,0.77,2.4055,100438.52,324126.438,2023-08-01
002510.SZ,2021-11-19,4.63,4.79,4.6,4.67,4.79,-0.12,-2.5052,1066366.09,501104.275,2023-08-01
002511.SZ,2021-11-19,17.75,17.8,17.4,17.49,17.8,-0.31,-1.7416,168584.95,295343.44,2023-08-01
002512.SZ,2021-11-19,3.07,3.15,3.05,3.13,3.07,0.06,1.9544,168066.77,52296.349,2023-08-01
002513.SZ,2021-11-19,4.82,4.93,4.8,4.9,4.82,0.08,1.6598,11194.88,5460.698,2023-08-01
002514.SZ,2021-11-19,4.33,4.36,4.26,4.33,4.33,0.0,0.0,101481.0,43839.978,2023-08-01
002515.SZ,2021-11-19,5.54,5.77,5.54,5.69,5.64,0.05,0.8865,397587.95,224746.652,2023-08-01
002516.SZ,2021-11-19,5.8,5.87,5.73,5.83,5.82,0.01,0.1718,108228.43,62725.018,2023-08-01
002517.SZ,2021-11-19,5.3,5.39,5.15,5.17,5.27,-0.1,-1.8975,603877.32,316937.637,2023-08-01
002518.SZ,2021-11-19,29.31,30.08,29.1,29.69,29.48,0.21,0.7123,130325.36,387514.347,2023-08-01
002519.SZ,2021-11-19,4.55,4.77,4.45,4.69,4.61,0.08,1.7354,266693.67,124101.305,2023-08-01
002520.SZ,2021-11-19,10.95,11.25,10.6,11.12,10.96,0.16,1.4599,530783.48,581374.36,2023-08-01
002521.SZ,2021-11-19,5.86,5.91,5.81,5.9,5.86,0.04,0.6826,28772.0,16871.986,2023-08-01
002522.SZ,2021-11-19,7.83,7.91,7.57,7.73,8.03,-0.3,-3.736,403544.15,312667.283,2023-08-01
002523.SZ,2021-11-19,2.71,2.76,2.69,2.72,2.73,-0.01,-0.3663,195551.92,53158.604,2023-08-01
002524.SZ,2021-11-19,9.35,9.38,9.25,9.33,9.35,-0.02,-0.2139,39953.0,37181.354,2023-08-01
002526.SZ,2021-11-19,2.18,2.21,2.16,2.2,2.18,0.02,0.9174,169410.57,37048.755,2023-08-01
002527.SZ,2021-11-19,8.02,8.2,7.97,8.16,8.1,0.06,0.7407,95553.95,77555.482,2023-08-01
002528.SZ,2021-11-19,3.35,3.41,3.34,3.4,3.37,0.03,0.8902,42701.0,14439.53,2023-08-01
002529.SZ,2021-11-19,29.75,30.42,28.39,29.02,29.94,-0.92,-3.0728,170525.1,497953.861,2023-08-01
002530.SZ,2021-11-19,6.2,6.32,6.18,6.26,6.18,0.08,1.2945,44553.4,27926.312,2023-08-01
002531.SZ,2021-11-19,20.54,20.99,20.14,20.76,20.99,-0.23,-1.0958,408659.85,836093.901,2023-08-01
002532.SZ,2021-11-19,8.13,8.58,7.98,8.45,8.07,0.38,4.7088,710881.33,591221.829,2023-08-01
002533.SZ,2021-11-19,9.0,9.38,8.86,9.36,8.99,0.37,4.1157,304186.13,277230.186,2023-08-01
002534.SZ,2021-11-19,23.1,24.19,22.63,24.09,23.07,1.02,4.4213,86903.61,203773.406,2023-08-01
002535.SZ,2021-11-19,1.65,1.69,1.64,1.68,1.66,0.02,1.2048,77331.4,12870.164,2023-08-01
002536.SZ,2021-11-19,9.02,9.23,8.92,9.02,8.9,0.12,1.3483,287367.0,260388.986,2023-08-01
002537.SZ,2021-11-19,5.9,5.98,5.8,5.93,5.88,0.05,0.8503,233166.53,137516.017,2023-08-01
002538.SZ,2021-11-19,9.88,10.12,9.73,10.05,9.97,0.08,0.8024,346932.82,345502.9,2023-08-01
002539.SZ,2021-11-19,13.09,13.55,12.93,13.43,13.16,0.27,2.0517,307164.9,407929.797,2023-08-01
002540.SZ,2021-11-19,7.5,7.62,7.38,7.42,7.5,-0.08,-1.0667,392974.91,294330.57,2023-08-01
002541.SZ,2021-11-19,48.22,49.5,48.0,48.45,48.38,0.07,0.1447,15238.45,74126.935,2023-08-01
002542.SZ,2021-11-19,2.7,2.73,2.69,2.73,2.71,0.02,0.738,86271.3,23414.876,2023-08-01
002543.SZ,2021-11-19,7.04,7.09,6.98,7.07,7.07,0.0,0.0,28666.07,20180.223,2023-08-01
002544.SZ,2021-11-19,25.54,27.27,25.44,26.36,25.5,0.86,3.3725,181934.77,480946.337,2023-08-01
002545.SZ,2021-11-19,8.19,8.28,8.09,8.23,8.21,0.02,0.2436,135492.79,110843.895,2023-08-01
002546.SZ,2021-11-19,3.91,3.99,3.89,3.97,3.92,0.05,1.2755,99129.61,39124.988,2023-08-01
002547.SZ,2021-11-19,4.08,4.08,4.02,4.05,4.05,0.0,0.0,167005.0,67482.241,2023-08-01
002548.SZ,2021-11-19,5.74,5.82,5.65,5.81,5.77,0.04,0.6932,97045.73,55613.753,2023-08-01
002549.SZ,2021-11-19,14.51,15.45,14.5,15.28,14.74,0.54,3.6635,209803.27,317799.723,2023-08-01
002550.SZ,2021-11-19,4.35,4.37,4.33,4.35,4.35,0.0,0.0,44541.0,19378.188,2023-08-01
002551.SZ,2021-11-19,4.77,4.78,4.71,4.77,4.76,0.01,0.2101,45012.38,21354.422,2023-08-01
002552.SZ,2021-11-19,15.42,15.42,14.82,15.07,15.46,-0.39,-2.5226,48716.0,73217.99,2023-08-01
002553.SZ,2021-11-19,11.15,11.4,11.12,11.4,11.19,0.21,1.8767,68744.43,77620.035,2023-08-01
002554.SZ,2021-11-19,2.97,3.01,2.92,3.0,2.96,0.04,1.3514,233081.04,69348.839,2023-08-01
002555.SZ,2021-11-19,26.52,27.4,26.14,26.29,26.7,-0.41,-1.5356,434955.52,1158865.393,2023-08-01
002556.SZ,2021-11-19,10.66,10.75,10.55,10.72,10.66,0.06,0.5629,80181.86,85537.835,2023-08-01
002557.SZ,2021-11-19,54.41,55.78,54.36,55.16,55.31,-0.15,-0.2712,28209.76,155515.773,2023-08-01
002558.SZ,2021-11-19,11.0,11.18,10.92,11.04,11.0,0.04,0.3636,157857.9,174679.175,2023-08-01
002559.SZ,2021-11-19,8.7,9.6,8.65,9.6,8.73,0.87,9.9656,625247.29,588461.947,2023-08-01
002560.SZ,2021-11-19,5.97,6.0,5.9,5.97,5.91,0.06,1.0152,63298.0,37674.289,2023-08-01
002561.SZ,2021-11-19,7.12,7.12,6.9,7.02,6.9,0.12,1.7391,29653.01,20891.472,2023-08-01
002562.SZ,2021-11-19,4.7,4.78,4.65,4.69,4.7,-0.01,-0.2128,159713.03,75293.781,2023-08-01
002563.SZ,2021-11-19,7.35,7.52,7.29,7.52,7.35,0.17,2.3129,259279.86,193284.174,2023-08-01
002564.SZ,2021-11-19,4.17,4.24,4.06,4.23,4.16,0.07,1.6827,261148.26,108704.071,2023-08-01
002565.SZ,2021-11-19,4.01,4.03,3.9,3.96,3.98,-0.02,-0.5025,287491.47,113453.979,2023-08-01
002566.SZ,2021-11-19,7.71,7.79,7.65,7.75,7.72,0.03,0.3886,25042.76,19363.275,2023-08-01
002567.SZ,2021-11-19,6.82,6.85,6.7,6.76,6.8,-0.04,-0.5882,146755.7,99181.0,2023-08-01
002568.SZ,2021-11-19,61.51,62.05,60.33,60.72,61.5,-0.78,-1.2683,41185.07,250612.346,2023-08-01
002569.SZ,2021-11-19,8.33,8.52,8.18,8.3,8.3,0.0,0.0,27151.0,22648.57,2023-08-01
002570.SZ,2021-11-19,4.7,4.77,4.67,4.77,4.73,0.04,0.8457,131976.37,62322.456,2023-08-01
002571.SZ,2021-11-19,7.09,7.18,7.05,7.13,7.08,0.05,0.7062,45259.04,32208.796,2023-08-01
002572.SZ,2021-11-19,17.85,18.06,17.58,18.0,17.9,0.1,0.5587,159573.05,284119.767,2023-08-01
002573.SZ,2021-11-19,6.37,6.51,6.33,6.5,6.4,0.1,1.5625,103912.59,66717.001,2023-08-01
002574.SZ,2021-11-19,4.56,4.6,4.5,4.59,4.58,0.01,0.2183,48538.88,22119.181,2023-08-01
002575.SZ,2021-11-19,5.03,5.08,4.97,5.01,4.95,0.06,1.2121,23026.91,11553.32,2023-08-01
002576.SZ,2021-11-19,20.41,20.8,19.7,19.82,20.12,-0.3,-1.4911,125497.1,251493.943,2023-08-01
002577.SZ,2021-11-19,10.07,10.51,10.01,10.29,10.07,0.22,2.1847,24813.1,25614.188,2023-08-01
002578.SZ,2021-11-19,4.08,4.19,4.07,4.13,4.1,0.03,0.7317,157419.0,65002.982,2023-08-01
002579.SZ,2021-11-19,9.98,10.25,9.96,10.13,9.93,0.2,2.0141,59294.53,60173.028,2023-08-01
002580.SZ,2021-11-19,8.34,8.53,8.26,8.45,8.36,0.09,1.0766,103802.6,87196.172,2023-08-01
002581.SZ,2021-11-19,14.21,14.41,14.17,14.35,14.21,0.14,0.9852,50189.29,71794.282,2023-08-01
002582.SZ,2021-11-19,8.38,8.46,8.37,8.45,8.39,0.06,0.7151,20079.57,16909.748,2023-08-01
002583.SZ,2021-11-19,6.13,6.13,6.0,6.02,6.13,-0.11,-1.7945,213365.0,129028.675,2023-08-01
002584.SZ,2021-11-19,6.16,6.78,6.11,6.78,6.16,0.62,10.0649,487097.31,317684.409,2023-08-01
002585.SZ,2021-11-19,26.08,28.31,25.86,27.72,26.08,1.64,6.2883,293913.92,804445.716,2023-08-01
002586.SZ,2021-11-19,2.72,2.77,2.69,2.74,2.7,0.04,1.4815,48343.0,13178.297,2023-08-01
002587.SZ,2021-11-19,4.59,4.82,4.56,4.69,4.61,0.08,1.7354,150817.55,70947.491,2023-08-01
002588.SZ,2021-11-19,5.4,5.46,5.33,5.43,5.41,0.02,0.3697,154273.27,83297.993,2023-08-01
002589.SZ,2021-11-19,3.49,3.52,3.46,3.51,3.47,0.04,1.1527,66108.4,23080.133,2023-08-01
002590.SZ,2021-11-19,8.22,8.44,8.16,8.33,8.18,0.15,1.8337,118052.05,98341.578,2023-08-01
002591.SZ,2021-11-19,5.14,5.35,5.14,5.27,5.18,0.09,1.7375,39808.0,21039.606,2023-08-01
002592.SZ,2021-11-19,6.96,7.12,6.95,7.03,7.03,0.0,0.0,66922.53,47027.969,2023-08-01
002593.SZ,2021-11-19,3.77,3.9,3.76,3.86,3.79,0.07,1.847,62473.0,23916.618,2023-08-01
002594.SZ,2021-11-19,295.72,300.0,288.0,296.82,295.4,1.42,0.4807,175158.64,5144668.932,2023-08-01
002595.SZ,2021-11-19,28.08,28.81,27.78,27.95,28.3,-0.35,-1.2367,42349.28,118966.561,2023-08-01
002596.SZ,2021-11-19,3.61,3.64,3.59,3.63,3.61,0.02,0.554,48706.65,17620.378,2023-08-01
002597.SZ,2021-11-19,45.3,48.5,45.22,48.17,45.83,2.34,5.1058,85575.86,405849.033,2023-08-01
002598.SZ,2021-11-19,12.41,12.8,12.23,12.57,12.64,-0.07,-0.5538,188338.68,236050.961,2023-08-01
002599.SZ,2021-11-19,5.83,5.91,5.77,5.88,5.86,0.02,0.3413,199040.21,116231.882,2023-08-01
002600.SZ,2021-11-19,6.72,7.03,6.69,6.86,6.75,0.11,1.6296,652320.03,449357.15,2023-08-01
002601.SZ,2021-11-19,26.96,27.0,26.4,26.93,26.79,0.14,0.5226,152404.45,407514.476,2023-08-01
002602.SZ,2021-11-19,7.7,7.97,7.64,7.72,7.55,0.17,2.2517,1120491.39,872574.953,2023-08-01
002603.SZ,2021-11-19,16.2,16.21,16.03,16.19,16.18,0.01,0.0618,71034.9,114439.4,2023-08-01
002605.SZ,2021-11-19,17.96,18.25,17.81,18.18,17.94,0.24,1.3378,41848.47,75729.497,2023-08-01
002606.SZ,2021-11-19,10.39,10.49,9.96,10.02,10.19,-0.17,-1.6683,407085.24,413303.47,2023-08-01
002607.SZ,2021-11-19,9.16,9.19,8.98,9.15,9.17,-0.02,-0.2181,241319.43,219053.396,2023-08-01
002608.SZ,2021-11-19,6.21,6.23,6.12,6.2,6.2,0.0,0.0,24299.58,14988.362,2023-08-01
002609.SZ,2021-11-19,8.85,9.02,8.85,8.99,8.89,0.1,1.1249,23690.1,21207.487,2023-08-01
002610.SZ,2021-11-19,5.67,5.94,5.48,5.77,5.66,0.11,1.9435,5922779.01,3391510.566,2023-08-01
002611.SZ,2021-11-19,5.35,5.81,5.33,5.81,5.28,0.53,10.0379,718018.91,406973.129,2023-08-01
002612.SZ,2021-11-19,36.36,37.45,35.35,37.09,36.65,0.44,1.2005,220607.14,800124.204,2023-08-01
002613.SZ,2021-11-19,3.37,3.45,3.36,3.43,3.41,0.02,0.5865,54311.05,18521.649,2023-08-01
002614.SZ,2021-11-19,11.86,12.58,11.76,12.4,11.86,0.54,4.5531,107978.58,132178.551,2023-08-01
002615.SZ,2021-11-19,6.15,6.48,6.11,6.44,6.21,0.23,3.7037,113251.4,71981.522,2023-08-01
002616.SZ,2021-11-19,5.7,5.74,5.66,5.72,5.7,0.02,0.3509,26830.04,15290.341,2023-08-01
002617.SZ,2021-11-19,16.43,16.81,16.0,16.6,16.97,-0.37,-2.1803,1217807.28,1996426.941,2023-08-01
002618.SZ,2021-11-19,2.78,2.79,2.69,2.73,2.79,-0.06,-2.1505,208908.95,56952.002,2023-08-01
002619.SZ,2021-11-19,1.69,1.72,1.63,1.65,1.66,-0.01,-0.6024,621561.42,103705.565,2023-08-01
002620.SZ,2021-11-19,5.93,6.13,5.93,6.04,5.88,0.16,2.7211,64017.0,38614.586,2023-08-01
002621.SZ,2021-11-19,3.72,3.75,3.65,3.73,3.68,0.05,1.3587,21341.64,7941.49,2023-08-01
002622.SZ,2021-11-19,5.12,5.65,5.12,5.42,5.15,0.27,5.2427,634258.8,340659.756,2023-08-01
002623.SZ,2021-11-19,38.75,39.87,38.5,39.44,38.86,0.58,1.4925,42735.01,167673.206,2023-08-01
002624.SZ,2021-11-19,19.21,20.25,19.16,19.83,19.45,0.38,1.9537,624466.7,1242015.589,2023-08-01
002625.SZ,2021-11-19,21.65,21.97,21.55,21.92,21.7,0.22,1.0138,185304.61,403967.484,2023-08-01
002626.SZ,2021-11-19,31.5,32.0,31.16,31.37,31.71,-0.34,-1.0722,38921.22,122410.076,2023-08-01
002627.SZ,2021-11-19,5.35,5.4,5.33,5.38,5.4,-0.02,-0.3704,50732.69,27159.501,2023-08-01
002628.SZ,2021-11-19,3.17,3.18,3.14,3.17,3.17,0.0,0.0,28515.0,9013.072,2023-08-01
002629.SZ,2021-11-19,2.4,2.48,2.38,2.45,2.39,0.06,2.5105,45575.0,11126.775,2023-08-01
002630.SZ,2021-11-19,2.28,2.29,2.25,2.28,2.29,-0.01,-0.4367,163830.0,37174.394,2023-08-01
002631.SZ,2021-11-19,7.42,7.43,7.24,7.42,7.39,0.03,0.406,76709.73,56400.774,2023-08-01
002632.SZ,2021-11-19,7.45,7.7,7.4,7.67,7.45,0.22,2.953,100668.39,76618.711,2023-08-01
002633.SZ,2021-11-19,7.51,7.65,7.48,7.6,7.44,0.16,2.1505,12764.99,9672.789,2023-08-01
002634.SZ,2021-11-19,4.72,4.8,4.66,4.76,4.72,0.04,0.8475,54972.0,25963.543,2023-08-01
002635.SZ,2021-11-19,16.64,17.14,16.64,16.78,16.67,0.11,0.6599,209345.78,352794.309,2023-08-01
002636.SZ,2021-11-19,14.22,14.58,14.12,14.55,14.22,0.33,2.3207,79385.26,114378.767,2023-08-01
002637.SZ,2021-11-19,15.36,15.62,15.22,15.55,15.38,0.17,1.1053,44025.9,68186.497,2023-08-01
002638.SZ,2021-11-19,1.8,1.83,1.77,1.81,1.8,0.01,0.5556,162207.5,29292.52,2023-08-01
002639.SZ,2021-11-19,8.19,8.55,8.02,8.45,8.07,0.38,4.7088,692052.43,579593.594,2023-08-01
002640.SZ,2021-11-19,2.45,2.46,2.4,2.42,2.45,-0.03,-1.2245,381857.74,92642.008,2023-08-01
002641.SZ,2021-11-19,4.6,4.69,4.59,4.66,4.6,0.06,1.3043,45221.27,20991.912,2023-08-01
002642.SZ,2021-11-19,4.82,4.99,4.82,4.98,4.83,0.15,3.1056,133744.5,65837.404,2023-08-01
002643.SZ,2021-11-19,24.22,24.69,23.12,23.6,24.21,-0.61,-2.5196,196118.22,465695.691,2023-08-01
002644.SZ,2021-11-19,7.13,7.15,7.04,7.14,7.1,0.04,0.5634,13182.0,9342.54,2023-08-01
002645.SZ,2021-11-19,21.45,21.77,20.63,21.25,21.45,-0.2,-0.9324,95143.76,201007.268,2023-08-01
002646.SZ,2021-11-19,19.16,19.63,19.05,19.23,19.24,-0.01,-0.052,101946.4,197387.199,2023-08-01
002647.SZ,2021-11-19,7.84,7.94,7.77,7.9,7.84,0.06,0.7653,173637.86,136608.286,2023-08-01
002648.SZ,2021-11-19,39.0,39.0,38.33,38.87,39.0,-0.13,-0.3333,80143.83,309909.321,2023-08-01
002649.SZ,2021-11-19,11.92,12.22,11.82,12.01,11.99,0.02,0.1668,261695.58,314523.472,2023-08-01
002650.SZ,2021-11-19,5.67,5.75,5.6,5.71,5.67,0.04,0.7055,153406.0,86974.141,2023-08-01
002651.SZ,2021-11-19,12.0,12.12,11.82,12.05,11.93,0.12,1.0059,47261.66,56658.951,2023-08-01
002652.SZ,2021-11-19,3.26,3.29,3.23,3.28,3.26,0.02,0.6135,22504.2,7356.625,2023-08-01
002653.SZ,2021-11-19,19.62,19.93,19.61,19.7,19.73,-0.03,-0.1521,15902.1,31368.206,2023-08-01
002654.SZ,2021-11-19,3.56,3.65,3.56,3.64,3.59,0.05,1.3928,40251.48,14558.478,2023-08-01
002655.SZ,2021-11-19,15.32,16.79,15.32,16.79,15.26,1.53,10.0262,632334.79,1033965.536,2023-08-01
002656.SZ,2021-11-19,2.83,2.98,2.81,2.93,2.84,0.09,3.169,285324.18,82751.817,2023-08-01
002657.SZ,2021-11-19,10.22,10.45,10.19,10.34,10.23,0.11,1.0753,30287.78,31279.391,2023-08-01
002658.SZ,2021-11-19,8.62,8.62,8.41,8.5,8.63,-0.13,-1.5064,74573.31,63285.977,2023-08-01
002659.SZ,2021-11-19,3.35,3.4,3.34,3.39,3.35,0.04,1.194,47657.55,16066.246,2023-08-01
002660.SZ,2021-11-19,7.73,7.99,7.73,7.95,7.79,0.16,2.0539,53247.16,42112.627,2023-08-01
002661.SZ,2021-11-19,11.75,11.84,11.68,11.83,11.68,0.15,1.2842,58305.0,68600.445,2023-08-01
002662.SZ,2021-11-19,4.26,4.29,4.14,4.22,4.26,-0.04,-0.939,388560.01,163137.382,2023-08-01
002663.SZ,2021-11-19,1.79,1.81,1.77,1.79,1.79,0.0,0.0,82982.73,14850.059,2023-08-01
002664.SZ,2021-11-19,20.38,22.19,20.0,22.19,20.17,2.02,10.0149,124736.65,267196.482,2023-08-01
002665.SZ,2021-11-19,3.39,3.54,3.36,3.46,3.47,-0.01,-0.2882,1279016.8,440951.831,2023-08-01
002666.SZ,2021-11-19,5.33,5.41,5.27,5.38,5.32,0.06,1.1278,105337.37,56354.14,2023-08-01
002667.SZ,2021-11-19,19.9,21.15,19.78,20.07,20.45,-0.38,-1.8582,143599.4,290972.239,2023-08-01
002668.SZ,2021-11-19,5.5,5.65,5.5,5.59,5.54,0.05,0.9025,43671.7,24395.266,2023-08-01
002669.SZ,2021-11-19,18.68,19.48,18.6,19.03,18.43,0.6,3.2556,143663.28,274363.9,2023-08-01
002670.SZ,2021-11-19,9.31,9.52,9.27,9.49,9.31,0.18,1.9334,140717.49,132466.783,2023-08-01
002671.SZ,2021-11-19,3.83,3.9,3.8,3.86,3.83,0.03,0.7833,22552.71,8714.441,2023-08-01
002672.SZ,2021-11-19,6.96,7.03,6.94,7.02,6.98,0.04,0.5731,22033.0,15383.942,2023-08-01
002673.SZ,2021-11-19,7.7,7.85,7.69,7.83,7.69,0.14,1.8205,214776.92,167102.536,2023-08-01
002674.SZ,2021-11-19,11.06,11.33,11.04,11.18,11.06,0.12,1.085,19215.28,21455.775,2023-08-01
002675.SZ,2021-11-19,16.7,17.25,16.7,17.14,16.73,0.41,2.4507,128615.46,218844.665,2023-08-01
002676.SZ,2021-11-19,4.74,4.77,4.6,4.68,4.74,-0.06,-1.2658,92955.74,43486.958,2023-08-01
002677.SZ,2021-11-19,15.97,16.19,15.93,16.16,16.0,0.16,1.0,28081.8,45144.341,2023-08-01
002678.SZ,2021-11-19,6.66,6.82,6.66,6.69,6.68,0.01,0.1497,27000.81,18206.768,2023-08-01
002679.SZ,2021-11-19,13.14,13.27,13.03,13.25,13.14,0.11,0.8371,21998.09,28983.88,2023-08-01
002681.SZ,2021-11-19,3.92,3.99,3.89,3.93,3.91,0.02,0.5115,129162.09,50873.938,2023-08-01
002682.SZ,2021-11-19,3.53,3.63,3.53,3.6,3.56,0.04,1.1236,58536.75,21034.48,2023-08-01
002683.SZ,2021-11-19,27.43,27.72,27.06,27.71,27.49,0.22,0.8003,61895.81,169798.087,2023-08-01
002684.SZ,2021-11-19,5.83,5.99,5.7,5.75,5.91,-0.16,-2.7073,110079.6,63835.612,2023-08-01
002685.SZ,2021-11-19,3.93,3.98,3.89,3.94,3.93,0.01,0.2545,108049.8,42489.234,2023-08-01
002686.SZ,2021-11-19,6.72,6.86,6.58,6.84,6.78,0.06,0.885,98893.92,66476.645,2023-08-01
002687.SZ,2021-11-19,6.68,6.85,6.67,6.83,6.74,0.09,1.3353,64290.01,43497.952,2023-08-01
002688.SZ,2021-11-19,5.73,5.83,5.69,5.82,5.77,0.05,0.8666,38867.81,22413.702,2023-08-01
002689.SZ,2021-11-19,3.07,3.07,3.02,3.05,3.05,0.0,0.0,40655.33,12361.676,2023-08-01
002690.SZ,2021-11-19,41.69,42.05,41.07,41.31,41.6,-0.29,-0.6971,15517.37,64300.825,2023-08-01
002691.SZ,2021-11-19,4.3,4.35,4.23,4.33,4.3,0.03,0.6977,21542.0,9274.789,2023-08-01
002692.SZ,2021-11-19,2.97,3.02,2.96,3.01,2.97,0.04,1.3468,43157.73,12937.272,2023-08-01
002693.SZ,2021-11-19,4.11,4.19,4.09,4.16,4.1,0.06,1.4634,18057.48,7488.963,2023-08-01
002694.SZ,2021-11-19,3.3,3.31,3.24,3.28,3.3,-0.02,-0.6061,83235.72,27149.018,2023-08-01
002695.SZ,2021-11-19,14.63,14.86,14.62,14.75,14.64,0.11,0.7514,44950.0,66197.394,2023-08-01
002696.SZ,2021-11-19,5.42,5.5,5.36,5.48,5.39,0.09,1.6698,25560.9,13904.875,2023-08-01
002697.SZ,2021-11-19,5.1,5.14,5.08,5.13,5.11,0.02,0.3914,88475.82,45173.284,2023-08-01
002698.SZ,2021-11-19,12.4,12.58,12.26,12.46,12.49,-0.03,-0.2402,27340.08,34013.841,2023-08-01
002699.SZ,2021-11-19,4.62,4.92,4.58,4.85,4.7,0.15,3.1915,475381.18,229952.017,2023-08-01
002700.SZ,2021-11-19,4.17,4.22,4.14,4.19,4.17,0.02,0.4796,26407.76,11043.485,2023-08-01
002701.SZ,2021-11-19,7.65,7.68,7.38,7.56,7.71,-0.15,-1.9455,460582.45,346332.167,2023-08-01
002702.SZ,2021-11-19,5.89,5.89,5.77,5.84,5.86,-0.02,-0.3413,64833.73,37731.219,2023-08-01
002703.SZ,2021-11-19,5.63,5.75,5.6,5.73,5.59,0.14,2.5045,91176.65,51866.55,2023-08-01
002705.SZ,2021-11-19,25.0,25.66,24.58,25.06,24.69,0.37,1.4986,84692.69,213294.707,2023-08-01
002706.SZ,2021-11-19,19.48,19.94,19.01,19.46,19.59,-0.13,-0.6636,69551.25,134852.897,2023-08-01
002707.SZ,2021-11-19,5.93,6.01,5.82,5.98,5.9,0.08,1.3559,217976.49,128994.675,2023-08-01
002708.SZ,2021-11-19,5.87,5.95,5.85,5.9,5.9,0.0,0.0,25365.28,14983.259,2023-08-01
002709.SZ,2021-11-19,132.98,133.2,126.65,127.6,132.3,-4.7,-3.5525,233366.84,3009870.93,2023-08-01
002712.SZ,2021-11-19,4.66,4.72,4.59,4.66,4.64,0.02,0.431,39702.0,18592.532,2023-08-01
002713.SZ,2021-11-19,5.79,5.88,5.71,5.87,5.85,0.02,0.3419,11203.0,6510.861,2023-08-01
002714.SZ,2021-11-19,58.0,58.47,56.82,57.57,58.29,-0.72,-1.2352,260132.68,1493956.966,2023-08-01
002715.SZ,2021-11-19,11.98,12.2,11.95,12.2,12.0,0.2,1.6667,3750.5,4539.969,2023-08-01
002716.SZ,2021-11-19,3.34,3.35,3.31,3.35,3.35,0.0,0.0,131994.01,43939.994,2023-08-01
002717.SZ,2021-11-19,3.8,3.94,3.47,3.51,3.73,-0.22,-5.8981,2995518.77,1102469.657,2023-08-01
002718.SZ,2021-11-19,13.37,13.45,13.24,13.37,13.36,0.01,0.0749,12737.51,17020.241,2023-08-01
002719.SZ,2021-11-19,10.34,10.43,10.27,10.28,10.3,-0.02,-0.1942,13569.21,14026.42,2023-08-01
002721.SZ,2021-11-19,3.36,3.39,3.25,3.33,3.33,0.0,0.0,153994.0,51075.377,2023-08-01
002722.SZ,2021-11-19,16.03,16.06,15.72,15.89,15.92,-0.03,-0.1884,29408.0,46682.7,2023-08-01
002723.SZ,2021-11-19,15.33,16.5,15.25,16.32,15.27,1.05,6.8762,63896.83,102293.513,2023-08-01
002724.SZ,2021-11-19,17.26,17.88,17.02,17.79,17.33,0.46,2.6544,28390.56,49805.904,2023-08-01
002725.SZ,2021-11-19,6.62,6.82,6.62,6.78,6.62,0.16,2.4169,21063.63,14233.733,2023-08-01
002726.SZ,2021-11-19,10.12,10.76,10.02,10.69,10.07,0.62,6.1569,322269.8,337689.947,2023-08-01
002727.SZ,2021-11-19,34.62,34.69,33.91,34.5,34.45,0.05,0.1451,39579.27,136015.909,2023-08-01
002728.SZ,2021-11-19,14.43,14.68,13.89,14.19,14.95,-0.76,-5.0836,309417.49,438217.659,2023-08-01
002729.SZ,2021-11-19,51.5,51.7,49.75,50.77,51.49,-0.72,-1.3983,11224.2,56612.291,2023-08-01
002730.SZ,2021-11-19,11.82,11.9,11.68,11.72,11.82,-0.1,-0.846,29781.0,35008.298,2023-08-01
002731.SZ,2021-11-19,9.26,9.86,9.13,9.32,9.44,-0.12,-1.2712,229112.02,215702.563,2023-08-01
002732.SZ,2021-11-19,26.73,27.1,26.56,26.68,26.73,-0.05,-0.1871,20330.0,54481.867,2023-08-01
002733.SZ,2021-11-19,18.24,19.57,18.18,19.34,18.29,1.05,5.7408,238688.78,456174.483,2023-08-01
002734.SZ,2021-11-19,11.51,11.65,11.33,11.63,11.42,0.21,1.8389,23871.21,27449.811,2023-08-01
002735.SZ,2021-11-19,20.28,20.5,19.03,19.64,20.28,-0.64,-3.1558,34803.75,69314.429,2023-08-01
002736.SZ,2021-11-19,11.05,11.28,11.02,11.27,11.1,0.17,1.5315,164241.7,183260.902,2023-08-01
002737.SZ,2021-11-19,14.45,14.67,14.45,14.59,14.46,0.13,0.899,23030.76,33509.115,2023-08-01
002738.SZ,2021-11-19,60.72,61.5,58.6,58.89,60.83,-1.94,-3.1892,140365.14,840005.896,2023-08-01
002739.SZ,2021-11-19,14.38,14.44,14.16,14.35,14.35,0.0,0.0,130404.0,186639.255,2023-08-01
002740.SZ,2021-11-19,4.0,4.13,3.97,4.07,4.0,0.07,1.75,40752.0,16551.066,2023-08-01
002741.SZ,2021-11-19,22.95,24.18,22.95,23.83,22.94,0.89,3.8797,90052.36,212958.78,2023-08-01
002742.SZ,2021-11-19,6.94,7.05,6.87,6.97,6.91,0.06,0.8683,35893.0,24997.194,2023-08-01
002743.SZ,2021-11-19,6.82,6.9,6.75,6.86,6.82,0.04,0.5865,69952.0,47895.354,2023-08-01
002745.SZ,2021-11-19,14.53,15.96,14.5,15.67,14.51,1.16,7.9945,751073.09,1164225.085,2023-08-01
002746.SZ,2021-11-19,6.82,6.83,6.58,6.73,6.83,-0.1,-1.4641,149507.19,99851.715,2023-08-01
002747.SZ,2021-11-19,28.77,29.34,28.43,28.97,29.06,-0.09,-0.3097,70451.96,203621.625,2023-08-01
002748.SZ,2021-11-19,11.9,13.07,11.74,13.07,11.88,1.19,10.0168,145425.35,180414.979,2023-08-01
002749.SZ,2021-11-19,8.8,8.89,8.63,8.7,8.75,-0.05,-0.5714,15746.25,13776.925,2023-08-01
002750.SZ,2021-11-19,7.06,7.12,7.05,7.11,7.08,0.03,0.4237,10557.91,7488.049,2023-08-01
002751.SZ,2021-11-19,22.31,23.05,22.12,22.42,22.38,0.04,0.1787,175846.28,397051.333,2023-08-01
002752.SZ,2021-11-19,6.56,6.6,6.24,6.44,6.57,-0.13,-1.9787,333819.47,215037.633,2023-08-01
002753.SZ,2021-11-19,8.55,8.86,8.42,8.84,8.55,0.29,3.3918,107366.26,93288.382,2023-08-01
002755.SZ,2021-11-19,11.46,11.6,11.41,11.53,11.57,-0.04,-0.3457,11568.3,13336.366,2023-08-01
002756.SZ,2021-11-19,131.43,136.0,130.0,133.5,134.38,-0.88,-0.6549,138151.41,1839606.877,2023-08-01
002757.SZ,2021-11-19,14.5,14.76,14.36,14.64,14.6,0.04,0.274,24315.28,35392.761,2023-08-01
002758.SZ,2021-11-19,10.23,10.35,10.21,10.3,10.28,0.02,0.1946,16056.53,16513.848,2023-08-01
002759.SZ,2021-11-19,30.7,31.03,29.94,30.26,30.82,-0.56,-1.817,152530.56,463855.109,2023-08-01
002760.SZ,2021-11-19,26.76,27.34,26.07,27.0,26.83,0.17,0.6336,34578.29,92341.292,2023-08-01
002761.SZ,2021-11-19,7.31,7.36,7.28,7.33,7.32,0.01,0.1366,12124.75,8867.182,2023-08-01
002762.SZ,2021-11-19,11.73,11.78,11.35,11.46,11.71,-0.25,-2.1349,238817.35,274606.779,2023-08-01
002763.SZ,2021-11-19,8.84,8.85,8.7,8.75,8.83,-0.08,-0.906,30604.83,26786.123,2023-08-01
002765.SZ,2021-11-19,8.77,9.17,8.58,9.09,8.76,0.33,3.7671,592894.82,529755.689,2023-08-01
002766.SZ,2021-11-19,4.4,4.55,4.4,4.47,4.44,0.03,0.6757,22304.0,10003.524,2023-08-01
002767.SZ,2021-11-19,12.74,13.07,12.74,13.02,12.74,0.28,2.1978,8583.01,11133.448,2023-08-01
002768.SZ,2021-11-19,25.2,25.59,25.04,25.34,25.28,0.06,0.2373,13136.73,33193.313,2023-08-01
002769.SZ,2021-11-19,5.99,6.08,5.98,6.05,5.96,0.09,1.5101,29748.98,17975.079,2023-08-01
002770.SZ,2021-11-19,2.34,2.37,2.32,2.34,2.35,-0.01,-0.4255,134721.9,31529.098,2023-08-01
002771.SZ,2021-11-19,10.13,10.18,10.05,10.12,10.12,0.0,0.0,17167.19,17364.497,2023-08-01
002772.SZ,2021-11-19,7.8,8.23,7.7,8.01,7.8,0.21,2.6923,207704.28,165329.13,2023-08-01
002773.SZ,2021-11-19,18.75,19.02,18.67,18.99,18.7,0.29,1.5508,58043.07,109500.248,2023-08-01
002774.SZ,2021-11-19,8.02,8.14,7.96,8.13,8.07,0.06,0.7435,43399.0,35047.114,2023-08-01
002775.SZ,2021-11-19,3.58,3.66,3.57,3.66,3.59,0.07,1.9499,17105.23,6197.955,2023-08-01
002776.SZ,2021-11-19,3.69,3.92,3.69,3.92,3.73,0.19,5.0938,131357.43,50892.094,2023-08-01
002777.SZ,2021-11-19,19.69,20.43,19.25,20.15,19.88,0.27,1.3581,50910.7,101986.353,2023-08-01
002778.SZ,2021-11-19,18.87,19.46,18.7,19.18,18.87,0.31,1.6428,25289.4,48467.97,2023-08-01
002779.SZ,2021-11-19,15.67,17.24,15.65,17.24,15.67,1.57,10.0191,37758.0,63509.464,2023-08-01
002780.SZ,2021-11-19,18.3,18.43,17.93,18.0,18.31,-0.31,-1.6931,27180.6,49167.458,2023-08-01
002781.SZ,2021-11-19,6.06,6.19,6.06,6.18,6.06,0.12,1.9802,17624.33,10826.0,2023-08-01
002782.SZ,2021-11-19,14.77,14.82,14.2,14.3,14.69,-0.39,-2.6549,131719.56,189125.297,2023-08-01
002783.SZ,2021-11-19,9.52,9.94,9.37,9.88,9.56,0.32,3.3473,137387.98,134041.267,2023-08-01
002785.SZ,2021-11-19,32.0,32.16,30.8,31.0,31.9,-0.9,-2.8213,90864.0,283996.451,2023-08-01
002786.SZ,2021-11-19,6.8,7.15,6.53,6.59,6.56,0.03,0.4573,192866.28,130179.358,2023-08-01
002787.SZ,2021-11-19,5.76,5.89,5.7,5.82,5.76,0.06,1.0417,35959.57,20831.432,2023-08-01
002788.SZ,2021-11-19,7.09,7.18,7.05,7.16,7.09,0.07,0.9873,21844.35,15536.899,2023-08-01
002789.SZ,2021-11-19,10.72,11.05,10.68,10.83,10.72,0.11,1.0261,21387.0,23220.665,2023-08-01
002790.SZ,2021-11-19,8.66,9.53,8.62,9.5,8.71,0.79,9.07,156700.85,145004.445,2023-08-01
002791.SZ,2021-11-19,151.0,160.98,146.6,160.0,151.5,8.5,5.6106,34473.74,526292.69,2023-08-01
002792.SZ,2021-11-19,15.5,15.93,15.5,15.88,15.5,0.38,2.4516,19834.22,31342.614,2023-08-01
002793.SZ,2021-11-19,9.5,9.57,9.4,9.54,9.53,0.01,0.1049,17423.62,16528.85,2023-08-01
002795.SZ,2021-11-19,11.08,11.49,11.06,11.25,11.06,0.19,1.7179,33398.0,37666.342,2023-08-01
002796.SZ,2021-11-19,8.34,8.48,8.31,8.36,8.38,-0.02,-0.2387,20269.52,17014.117,2023-08-01
002797.SZ,2021-11-19,6.9,7.13,6.9,7.11,6.9,0.21,3.0435,720108.24,507050.775,2023-08-01
002798.SZ,2021-11-19,14.07,14.42,14.03,14.39,14.08,0.31,2.2017,57337.15,81698.857,2023-08-01
002799.SZ,2021-11-19,10.67,10.79,10.53,10.74,10.62,0.12,1.1299,14182.08,15143.404,2023-08-01
002800.SZ,2021-11-19,14.08,14.34,13.99,14.24,14.08,0.16,1.1364,16878.8,23993.712,2023-08-01
002801.SZ,2021-11-19,18.41,18.67,18.16,18.59,18.54,0.05,0.2697,20155.9,37114.604,2023-08-01
002802.SZ,2021-11-19,21.59,22.3,21.47,21.97,21.59,0.38,1.7601,13657.84,30079.347,2023-08-01
002803.SZ,2021-11-19,16.48,16.7,16.31,16.59,16.39,0.2,1.2203,35457.48,58541.379,2023-08-01
002805.SZ,2021-11-19,34.6,35.4,33.9,34.31,34.5,-0.19,-0.5507,64351.57,221436.691,2023-08-01
002806.SZ,2021-11-19,16.18,16.66,15.83,16.39,16.2,0.19,1.1728,98312.77,160538.887,2023-08-01
002807.SZ,2021-11-19,3.75,3.78,3.74,3.77,3.75,0.02,0.5333,85742.97,32180.316,2023-08-01
002808.SZ,2021-11-19,7.45,7.67,7.4,7.61,7.46,0.15,2.0107,35631.13,26912.441,2023-08-01
002809.SZ,2021-11-19,9.73,9.99,9.72,9.98,9.73,0.25,2.5694,17421.3,17242.665,2023-08-01
002810.SZ,2021-11-19,54.12,58.6,53.8,58.41,54.12,4.29,7.9268,32403.48,185856.16,2023-08-01
002811.SZ,2021-11-19,8.5,8.65,8.27,8.55,8.53,0.02,0.2345,24233.0,20471.276,2023-08-01
002812.SZ,2021-11-19,267.97,273.56,255.65,259.0,266.46,-7.46,-2.7997,86770.55,2264396.196,2023-08-01
002813.SZ,2021-11-19,25.01,25.96,24.09,24.72,24.0,0.72,3.0,51788.0,129013.283,2023-08-01
002815.SZ,2021-11-19,15.63,16.58,15.4,16.35,15.82,0.53,3.3502,244191.38,394115.605,2023-08-01
002816.SZ,2021-11-19,19.29,19.5,18.19,18.49,18.73,-0.24,-1.2814,14148.0,26137.062,2023-08-01
002817.SZ,2021-11-19,9.7,9.87,9.68,9.8,9.72,0.08,0.823,18984.21,18547.039,2023-08-01
002818.SZ,2021-11-19,12.61,12.76,12.53,12.72,12.67,0.05,0.3946,28569.93,36089.875,2023-08-01
002819.SZ,2021-11-19,39.27,39.8,37.83,38.67,39.18,-0.51,-1.3017,12246.3,47181.071,2023-08-01
002820.SZ,2021-11-19,9.92,10.03,9.92,10.0,9.92,0.08,0.8065,10489.6,10468.562,2023-08-01
002821.SZ,2021-11-19,447.6,450.0,435.52,441.2,447.6,-6.4,-1.4298,30459.72,1345249.562,2023-08-01
002822.SZ,2021-11-19,5.2,5.23,5.15,5.22,5.19,0.03,0.578,40871.0,21240.264,2023-08-01
002823.SZ,2021-11-19,11.36,11.43,10.83,10.96,11.26,-0.3,-2.6643,57703.37,63674.362,2023-08-01
002824.SZ,2021-11-19,44.22,45.23,43.1,43.66,44.22,-0.56,-1.2664,45755.26,200454.367,2023-08-01
002825.SZ,2021-11-19,15.88,16.58,15.77,16.02,15.85,0.17,1.0726,46311.0,74758.988,2023-08-01
002826.SZ,2021-11-19,9.13,9.26,9.08,9.17,9.11,0.06,0.6586,9396.0,8614.099,2023-08-01
002827.SZ,2021-11-19,9.85,9.94,9.8,9.93,9.85,0.08,0.8122,12217.5,12071.885,2023-08-01
002828.SZ,2021-11-19,7.77,7.96,7.73,7.9,7.79,0.11,1.4121,41293.7,32454.376,2023-08-01
002829.SZ,2021-11-19,36.22,36.39,35.83,36.12,36.24,-0.12,-0.3311,10304.0,37213.346,2023-08-01
002830.SZ,2021-11-19,10.53,10.58,9.88,9.88,10.0,-0.12,-1.2,45642.99,46805.902,2023-08-01
002831.SZ,2021-11-19,31.0,32.24,30.9,32.08,31.21,0.87,2.7876,33280.63,105928.773,2023-08-01
002832.SZ,2021-11-19,25.3,25.54,24.7,25.1,25.4,-0.3,-1.1811,27708.95,69413.078,2023-08-01
002833.SZ,2021-11-19,31.6,32.5,31.52,32.41,31.68,0.73,2.3043,32073.29,103237.717,2023-08-01
002835.SZ,2021-11-19,10.49,10.68,10.34,10.64,10.53,0.11,1.0446,22410.0,23702.414,2023-08-01
002836.SZ,2021-11-19,8.54,8.82,8.5,8.79,8.59,0.2,2.3283,11560.99,10019.146,2023-08-01
002837.SZ,2021-11-19,42.54,46.25,42.06,45.61,43.28,2.33,5.3835,119295.92,531013.068,2023-08-01
002838.SZ,2021-11-19,15.08,15.48,15.08,15.47,15.14,0.33,2.1797,19683.82,30186.217,2023-08-01
002839.SZ,2021-11-19,5.67,5.75,5.66,5.74,5.68,0.06,1.0563,172431.44,98402.737,2023-08-01
002840.SZ,2021-11-19,11.11,11.11,10.71,10.86,10.96,-0.1,-0.9124,45690.0,49579.285,2023-08-01
002841.SZ,2021-11-19,73.39,73.9,72.68,72.96,73.4,-0.44,-0.5995,14442.37,105553.333,2023-08-01
002842.SZ,2021-11-19,9.32,9.45,9.25,9.41,9.43,-0.02,-0.2121,48631.3,45615.698,2023-08-01
002843.SZ,2021-11-19,10.04,10.05,9.7,9.96,9.94,0.02,0.2012,32655.7,32212.868,2023-08-01
002845.SZ,2021-11-19,26.42,26.66,26.38,26.62,26.45,0.17,0.6427,24705.48,65623.214,2023-08-01
002846.SZ,2021-11-19,7.4,7.45,7.31,7.42,7.34,0.08,1.0899,10441.36,7723.146,2023-08-01
002847.SZ,2021-11-19,80.18,87.0,78.8,85.7,80.05,5.65,7.0581,45789.74,379491.465,2023-08-01
002848.SZ,2021-11-19,8.75,8.87,8.7,8.84,8.7,0.14,1.6092,17604.7,15505.494,2023-08-01
002849.SZ,2021-11-19,12.54,12.75,12.37,12.57,12.35,0.22,1.7814,10551.0,13267.118,2023-08-01
002850.SZ,2021-11-19,171.75,172.97,166.52,169.64,173.05,-3.41,-1.9705,26034.71,440891.729,2023-08-01
002851.SZ,2021-11-19,32.51,34.97,32.26,34.61,32.61,2.0,6.1331,40218.0,137266.545,2023-08-01
002852.SZ,2021-11-19,16.74,16.98,15.67,15.9,16.73,-0.83,-4.9611,131291.23,211116.42,2023-08-01
002853.SZ,2021-11-19,15.42,15.95,15.4,15.79,15.41,0.38,2.4659,14397.07,22634.673,2023-08-01
002855.SZ,2021-11-19,8.51,8.81,8.49,8.74,8.5,0.24,2.8235,14072.32,12279.714,2023-08-01
002856.SZ,2021-11-19,11.07,11.2,10.95,11.08,11.08,0.0,0.0,12207.2,13569.056,2023-08-01
002857.SZ,2021-11-19,17.85,18.26,17.71,17.99,17.85,0.14,0.7843,12079.6,21719.022,2023-08-01
002858.SZ,2021-11-19,15.95,15.98,15.6,15.75,15.93,-0.18,-1.1299,19518.0,30774.648,2023-08-01
002859.SZ,2021-11-19,30.81,32.18,30.72,32.04,30.83,1.21,3.9247,104183.49,330052.411,2023-08-01
002860.SZ,2021-11-19,22.92,23.75,22.45,23.63,22.88,0.75,3.278,87987.98,202337.755,2023-08-01
002861.SZ,2021-11-19,12.08,12.26,12.07,12.15,12.08,0.07,0.5795,6014.4,7315.031,2023-08-01
002862.SZ,2021-11-19,14.45,14.72,14.3,14.62,14.45,0.17,1.1765,18767.0,27243.636,2023-08-01
002863.SZ,2021-11-19,5.75,5.89,5.71,5.87,5.71,0.16,2.8021,121531.38,70768.449,2023-08-01
002864.SZ,2021-11-19,23.92,24.65,23.86,24.61,23.94,0.67,2.7987,16745.58,40743.427,2023-08-01
002865.SZ,2021-11-19,55.92,59.19,55.92,58.5,56.8,1.7,2.993,54261.05,314215.593,2023-08-01
002866.SZ,2021-11-19,12.57,13.05,12.57,12.99,12.57,0.42,3.3413,33072.19,42658.241,2023-08-01
002867.SZ,2021-11-19,18.64,18.7,18.46,18.6,18.64,-0.04,-0.2146,42299.73,78562.33,2023-08-01
002868.SZ,2021-11-19,9.66,9.9,9.65,9.82,9.7,0.12,1.2371,5506.2,5398.944,2023-08-01
002869.SZ,2021-11-19,14.9,15.24,14.88,15.16,14.97,0.19,1.2692,19742.57,29808.032,2023-08-01
002870.SZ,2021-11-19,41.08,44.92,41.0,43.97,41.21,2.76,6.6974,37575.45,162899.527,2023-08-01
002871.SZ,2021-11-19,10.18,10.42,10.15,10.37,10.16,0.21,2.0669,8281.57,8528.187,2023-08-01
002872.SZ,2021-11-19,4.62,4.7,4.59,4.68,4.62,0.06,1.2987,15466.51,7194.683,2023-08-01
002873.SZ,2021-11-19,13.29,13.54,13.23,13.33,13.37,-0.04,-0.2992,40465.88,54000.743,2023-08-01
002875.SZ,2021-11-19,8.86,9.05,8.82,8.98,8.86,0.12,1.3544,11006.67,9843.389,2023-08-01
002876.SZ,2021-11-19,58.59,60.51,57.0,58.85,58.92,-0.07,-0.1188,38259.52,225263.86,2023-08-01
002877.SZ,2021-11-19,6.5,6.72,6.49,6.65,6.52,0.13,1.9939,31114.56,20571.82,2023-08-01
002878.SZ,2021-11-19,17.37,17.56,17.2,17.51,17.37,0.14,0.806,31858.61,55530.561,2023-08-01
002879.SZ,2021-11-19,23.97,24.98,23.6,23.73,24.03,-0.3,-1.2484,80176.51,194245.879,2023-08-01
002880.SZ,2021-11-19,30.67,31.02,30.36,30.99,30.55,0.44,1.4403,5988.5,18431.434,2023-08-01
002881.SZ,2021-11-19,47.19,50.5,46.81,49.21,47.38,1.83,3.8624,40940.47,201153.761,2023-08-01
002882.SZ,2021-11-19,13.05,13.2,12.66,12.76,13.01,-0.25,-1.9216,114510.34,146755.233,2023-08-01
002883.SZ,2021-11-19,10.28,10.52,10.24,10.48,10.28,0.2,1.9455,8925.1,9295.52,2023-08-01
002884.SZ,2021-11-19,23.19,23.88,22.78,23.87,23.18,0.69,2.9767,21394.75,50207.879,2023-08-01
002885.SZ,2021-11-19,23.48,24.61,23.48,23.87,24.0,-0.13,-0.5417,141296.5,339508.018,2023-08-01
002886.SZ,2021-11-19,24.61,25.18,24.13,24.73,24.61,0.12,0.4876,27001.3,66830.752,2023-08-01
002887.SZ,2021-11-19,9.5,9.6,9.41,9.54,9.5,0.04,0.4211,9582.5,9108.467,2023-08-01
002888.SZ,2021-11-19,12.32,12.63,12.28,12.57,12.33,0.24,1.9465,15989.2,20013.906,2023-08-01
002889.SZ,2021-11-19,24.25,25.85,24.15,25.68,24.15,1.53,6.3354,31030.28,78612.465,2023-08-01
002890.SZ,2021-11-19,15.73,16.36,15.73,16.25,15.92,0.33,2.0729,7977.34,12902.471,2023-08-01
002891.SZ,2021-11-19,31.48,31.98,31.06,31.55,31.79,-0.24,-0.755,41470.74,130590.715,2023-08-01
002892.SZ,2021-11-19,26.77,26.77,25.42,25.43,25.99,-0.56,-2.1547,31992.78,82463.009,2023-08-01
002893.SZ,2021-11-19,8.65,8.73,8.45,8.67,8.64,0.03,0.3472,42640.74,36630.591,2023-08-01
002895.SZ,2021-11-19,28.87,29.5,27.85,28.66,28.8,-0.14,-0.4861,94964.0,271193.991,2023-08-01
002896.SZ,2021-11-19,22.2,22.59,21.77,22.48,22.21,0.27,1.2157,12311.2,27465.767,2023-08-01
002897.SZ,2021-11-19,45.85,48.06,45.35,45.74,46.28,-0.54,-1.1668,41141.53,191592.131,2023-08-01
002898.SZ,2021-11-19,9.54,9.72,9.51,9.68,9.57,0.11,1.1494,7432.6,7155.702,2023-08-01
002899.SZ,2021-11-19,14.15,14.49,14.12,14.38,14.18,0.2,1.4104,19580.0,28091.218,2023-08-01
002900.SZ,2021-11-19,21.7,22.2,21.56,21.84,21.93,-0.09,-0.4104,68062.5,148603.244,2023-08-01
002901.SZ,2021-11-19,48.52,48.86,47.5,48.45,48.63,-0.18,-0.3701,6512.71,31502.204,2023-08-01
002902.SZ,2021-11-19,14.76,14.96,14.48,14.77,14.8,-0.03,-0.2027,59360.0,87258.674,2023-08-01
002903.SZ,2021-11-19,17.06,17.69,16.98,17.66,17.14,0.52,3.0338,70554.06,122928.426,2023-08-01
002905.SZ,2021-11-19,6.76,6.8,6.69,6.8,6.73,0.07,1.0401,22510.88,15213.623,2023-08-01
002906.SZ,2021-11-19,53.14,56.34,52.2,55.38,53.03,2.35,4.4315,80317.19,435761.382,2023-08-01
002907.SZ,2021-11-19,11.48,11.75,11.48,11.71,11.6,0.11,0.9483,4710.0,5496.773,2023-08-01
002908.SZ,2021-11-19,14.65,15.0,14.51,14.85,14.53,0.32,2.2023,37382.34,55362.8,2023-08-01
002909.SZ,2021-11-19,6.98,7.1,6.79,6.93,6.98,-0.05,-0.7163,34184.04,23704.27,2023-08-01
002910.SZ,2021-11-19,11.37,11.54,11.09,11.41,11.38,0.03,0.2636,50795.01,57422.076,2023-08-01
002911.SZ,2021-11-19,10.1,10.38,9.97,10.28,10.2,0.08,0.7843,52972.25,54035.932,2023-08-01
002912.SZ,2021-11-19,30.78,31.2,30.69,30.95,30.68,0.27,0.8801,6481.34,20065.653,2023-08-01
002913.SZ,2021-11-19,74.64,75.47,73.4,74.75,74.88,-0.13,-0.1736,12354.0,91887.766,2023-08-01
002915.SZ,2021-11-19,29.9,31.99,29.86,31.79,29.92,1.87,6.25,60111.38,188212.611,2023-08-01
002916.SZ,2021-11-19,111.11,112.6,110.61,111.92,111.69,0.23,0.2059,34467.32,385396.585,2023-08-01
002917.SZ,2021-11-19,8.09,8.3,8.03,8.27,8.09,0.18,2.225,11443.7,9417.411,2023-08-01
002918.SZ,2021-11-19,20.9,22.62,20.85,22.1,21.02,1.08,5.138,56022.1,121854.355,2023-08-01
002919.SZ,2021-11-19,44.84,46.81,44.21,46.34,44.89,1.45,3.2301,11067.18,50637.071,2023-08-01
002920.SZ,2021-11-19,114.5,125.19,114.49,125.19,113.81,11.38,9.9991,50242.09,613044.019,2023-08-01
002921.SZ,2021-11-19,15.69,15.88,15.4,15.78,15.61,0.17,1.089,11852.83,18590.301,2023-08-01
002922.SZ,2021-11-19,22.85,23.56,22.66,23.28,23.2,0.08,0.3448,278318.64,641982.543,2023-08-01
002923.SZ,2021-11-19,31.34,31.5,30.46,31.1,31.23,-0.13,-0.4163,10091.35,31285.489,2023-08-01
002925.SZ,2021-11-19,31.59,31.98,31.29,31.77,31.45,0.32,1.0175,19260.17,60960.329,2023-08-01
002926.SZ,2021-11-19,9.14,9.5,9.14,9.4,9.15,0.25,2.7322,227597.88,212466.334,2023-08-01
002927.SZ,2021-11-19,12.6,12.91,12.52,12.79,12.75,0.04,0.3137,52079.44,66519.299,2023-08-01
002928.SZ,2021-11-19,11.24,11.24,10.95,11.18,11.19,-0.01,-0.0894,60874.48,67464.815,2023-08-01
002929.SZ,2021-11-19,38.0,39.22,37.28,39.06,37.57,1.49,3.9659,97704.99,374872.168,2023-08-01
002930.SZ,2021-11-19,21.9,22.45,21.8,22.25,21.98,0.27,1.2284,24987.78,55471.324,2023-08-01
002931.SZ,2021-11-19,15.49,15.49,14.93,15.31,15.35,-0.04,-0.2606,19112.27,29061.461,2023-08-01
002932.SZ,2021-11-19,66.73,67.65,66.4,67.43,66.73,0.7,1.049,13803.56,92933.228,2023-08-01
002933.SZ,2021-11-19,34.12,35.35,33.68,35.26,34.15,1.11,3.2504,19976.27,69467.156,2023-08-01
002935.SZ,2021-11-19,30.75,31.96,30.75,31.66,31.01,0.65,2.0961,80265.1,253074.848,2023-08-01
002936.SZ,2021-11-19,3.31,3.34,3.31,3.34,3.32,0.02,0.6024,82589.9,27454.904,2023-08-01
002937.SZ,2021-11-19,19.43,19.53,18.65,19.12,19.44,-0.32,-1.6461,71143.68,135778.578,2023-08-01
002938.SZ,2021-11-19,39.18,41.22,39.18,40.95,39.0,1.95,5.0,168858.21,685415.593,2023-08-01
002939.SZ,2021-11-19,10.71,11.83,10.71,11.56,10.75,0.81,7.5349,963223.57,1095638.454,2023-08-01
002940.SZ,2021-11-19,33.52,34.64,33.52,34.22,33.86,0.36,1.0632,12859.0,43925.387,2023-08-01
002941.SZ,2021-11-19,11.21,11.65,11.21,11.47,11.23,0.24,2.1371,129140.05,147722.337,2023-08-01
002942.SZ,2021-11-19,16.1,16.25,15.78,16.02,16.21,-0.19,-1.1721,9660.04,15438.819,2023-08-01
002943.SZ,2021-11-19,34.01,37.17,30.46,36.59,33.79,2.8,8.2865,242392.42,847754.254,2023-08-01
002945.SZ,2021-11-19,10.36,10.56,10.24,10.5,10.32,0.18,1.7442,77420.0,80721.695,2023-08-01
002946.SZ,2021-11-19,15.15,15.25,14.71,14.91,15.18,-0.27,-1.7787,66147.14,98453.754,2023-08-01
002947.SZ,2021-11-19,33.1,33.27,32.33,32.87,32.92,-0.05,-0.1519,9161.6,30019.452,2023-08-01
002948.SZ,2021-11-19,4.66,4.8,4.66,4.79,4.67,0.12,2.5696,107787.93,50770.996,2023-08-01
002949.SZ,2021-11-19,14.13,14.42,14.13,14.37,14.13,0.24,1.6985,10894.73,15589.177,2023-08-01
002950.SZ,2021-11-19,13.65,13.76,13.6,13.73,13.64,0.09,0.6598,22479.18,30803.248,2023-08-01
002951.SZ,2021-11-19,9.4,9.43,9.23,9.39,9.35,0.04,0.4278,7967.0,7436.195,2023-08-01
002952.SZ,2021-11-19,12.74,12.89,12.65,12.84,12.64,0.2,1.5823,5068.0,6488.799,2023-08-01
002953.SZ,2021-11-19,16.9,17.37,16.46,17.29,16.98,0.31,1.8257,70008.46,118352.529,2023-08-01
002955.SZ,2021-11-19,19.72,19.97,19.53,19.86,19.76,0.1,0.5061,19245.6,38096.873,2023-08-01
002956.SZ,2021-11-19,18.22,18.26,17.83,18.2,18.12,0.08,0.4415,17846.2,32233.818,2023-08-01
002957.SZ,2021-11-19,25.95,26.77,25.3,26.2,26.12,0.08,0.3063,26961.27,70608.191,2023-08-01
002958.SZ,2021-11-19,3.82,3.85,3.81,3.85,3.82,0.03,0.7853,199485.67,76407.37,2023-08-01
002959.SZ,2021-11-19,60.82,62.08,60.82,61.19,61.46,-0.27,-0.4393,17492.9,107308.92,2023-08-01
002960.SZ,2021-11-19,45.0,45.6,43.58,45.0,45.3,-0.3,-0.6623,45492.47,202530.638,2023-08-01
002961.SZ,2021-11-19,22.69,23.19,22.5,23.13,22.76,0.37,1.6257,24617.54,56378.512,2023-08-01
002962.SZ,2021-11-19,12.21,12.54,12.19,12.45,12.23,0.22,1.7989,17765.53,22056.335,2023-08-01
002963.SZ,2021-11-19,16.2,16.28,15.99,16.16,16.2,-0.04,-0.2469,11314.01,18269.353,2023-08-01
002965.SZ,2021-11-19,26.93,29.59,26.81,29.59,26.9,2.69,10.0,54430.15,154714.378,2023-08-01
002966.SZ,2021-11-19,6.79,6.82,6.77,6.82,6.78,0.04,0.59,121299.59,82455.782,2023-08-01
002967.SZ,2021-11-19,26.41,26.5,25.93,26.09,26.56,-0.47,-1.7696,37525.7,98081.238,2023-08-01
002968.SZ,2021-11-19,36.63,38.72,36.2,37.78,36.81,0.97,2.6352,8920.05,33433.219,2023-08-01
002969.SZ,2021-11-19,5.63,5.68,5.46,5.54,5.63,-0.09,-1.5986,94679.98,52332.995,2023-08-01
002970.SZ,2021-11-19,39.17,39.43,37.2,37.98,39.18,-1.2,-3.0628,26263.24,100347.993,2023-08-01
002971.SZ,2021-11-19,18.15,19.66,17.91,19.36,18.21,1.15,6.3152,48198.36,91697.707,2023-08-01
002972.SZ,2021-11-19,18.07,18.35,17.86,18.11,17.98,0.13,0.723,6528.0,11839.864,2023-08-01
002973.SZ,2021-11-19,14.71,14.86,14.65,14.8,14.82,-0.02,-0.135,13108.0,19341.453,2023-08-01
002975.SZ,2021-11-19,62.31,63.89,62.0,62.71,62.31,0.4,0.642,11192.2,70209.828,2023-08-01
002976.SZ,2021-11-19,22.74,23.4,21.77,21.95,22.3,-0.35,-1.5695,61813.14,139382.896,2023-08-01
002977.SZ,2021-11-19,86.6,87.95,85.13,86.12,86.75,-0.63,-0.7262,9270.34,79987.925,2023-08-01
002978.SZ,2021-11-19,42.39,42.84,41.88,42.76,42.45,0.31,0.7303,22925.12,97416.769,2023-08-01
002979.SZ,2021-11-19,26.08,28.8,26.08,28.8,26.18,2.62,10.0076,128520.0,363429.816,2023-08-01
002980.SZ,2021-11-19,30.12,30.49,30.0,30.31,30.31,0.0,0.0,5507.0,16667.447,2023-08-01
002981.SZ,2021-11-19,22.1,23.35,22.1,23.21,22.25,0.96,4.3146,16709.0,38361.355,2023-08-01
002982.SZ,2021-11-19,42.26,42.64,41.18,41.42,42.54,-1.12,-2.6328,14880.76,61916.831,2023-08-01
002983.SZ,2021-11-19,21.36,21.64,21.24,21.56,21.36,0.2,0.9363,8453.1,18169.656,2023-08-01
002984.SZ,2021-11-19,36.02,36.49,35.1,35.86,36.55,-0.69,-1.8878,38004.15,134979.29,2023-08-01
002985.SZ,2021-11-19,113.0,117.61,111.65,116.25,112.75,3.5,3.1042,31197.3,359903.876,2023-08-01
002986.SZ,2021-11-19,43.82,44.76,43.0,43.2,44.49,-1.29,-2.8995,26928.15,116972.885,2023-08-01
002987.SZ,2021-11-19,28.04,28.53,28.04,28.5,28.03,0.47,1.6768,18633.49,52778.517,2023-08-01
002988.SZ,2021-11-19,20.34,20.41,19.03,19.81,20.43,-0.62,-3.0348,110040.11,217738.982,2023-08-01
002989.SZ,2021-11-19,21.07,21.29,20.77,21.12,21.0,0.12,0.5714,5749.0,12121.244,2023-08-01
002990.SZ,2021-11-19,28.71,29.2,28.71,28.92,28.71,0.21,0.7315,11194.86,32445.061,2023-08-01
002991.SZ,2021-11-19,54.18,58.23,48.29,57.55,53.66,3.89,7.2493,26499.65,149228.619,2023-08-01
002992.SZ,2021-11-19,14.0,15.31,13.93,15.31,13.92,1.39,9.9856,56183.18,84279.144,2023-08-01
002993.SZ,2021-11-19,39.89,40.68,39.81,40.1,40.25,-0.15,-0.3727,28628.76,115124.422,2023-08-01
002995.SZ,2021-11-19,26.65,27.91,26.43,27.38,26.09,1.29,4.9444,17097.81,46658.742,2023-08-01
002996.SZ,2021-11-19,15.06,15.46,14.93,15.34,15.08,0.26,1.7241,32429.91,49393.135,2023-08-01
002997.SZ,2021-11-19,16.69,17.26,16.38,16.96,16.82,0.14,0.8323,69118.47,116428.548,2023-08-01
002998.SZ,2021-11-19,8.99,9.03,8.87,8.95,8.95,0.0,0.0,19480.0,17378.577,2023-08-01
002999.SZ,2021-11-19,6.3,6.38,6.2,6.35,6.29,0.06,0.9539,26593.98,16751.21,2023-08-01
003000.SZ,2021-11-19,10.0,10.05,9.87,9.89,10.01,-0.12,-1.1988,33045.1,32807.667,2023-08-01
003001.SZ,2021-11-19,19.47,19.64,19.31,19.57,19.6,-0.03,-0.1531,7518.96,14623.368,2023-08-01
003002.SZ,2021-11-19,12.18,12.25,11.91,12.24,12.23,0.01,0.0818,23334.1,28270.516,2023-08-01
003003.SZ,2021-11-19,11.38,11.48,11.28,11.39,11.38,0.01,0.0879,6797.0,7739.366,2023-08-01
003004.SZ,2021-11-19,25.72,28.0,25.7,26.45,25.54,0.91,3.563,16735.74,44761.717,2023-08-01
003005.SZ,2021-11-19,29.0,29.74,29.0,29.25,29.06,0.19,0.6538,7352.35,21590.042,2023-08-01
003006.SZ,2021-11-19,17.07,17.21,16.71,16.85,17.14,-0.29,-1.6919,36041.9,60662.314,2023-08-01
003007.SZ,2021-11-19,18.99,19.18,17.81,18.01,19.01,-1.0,-5.2604,47268.33,87385.008,2023-08-01
003008.SZ,2021-11-19,27.92,28.26,27.68,28.15,27.92,0.23,0.8238,3776.0,10576.716,2023-08-01
003009.SZ,2021-11-19,64.75,65.65,63.99,64.99,64.7,0.29,0.4482,36086.67,234704.941,2023-08-01
003010.SZ,2021-11-19,19.56,20.14,19.56,19.98,19.73,0.25,1.2671,4632.4,9207.713,2023-08-01
003011.SZ,2021-11-19,34.66,35.26,33.56,33.8,34.77,-0.97,-2.7898,26218.14,89361.545,2023-08-01
003012.SZ,2021-11-19,11.71,11.83,11.6,11.74,11.72,0.02,0.1706,33793.0,39626.833,2023-08-01
003013.SZ,2021-11-19,18.84,19.26,18.81,19.2,18.85,0.35,1.8568,6601.6,12588.694,2023-08-01
003015.SZ,2021-11-19,11.48,11.57,11.22,11.45,11.39,0.06,0.5268,37639.83,42935.077,2023-08-01
003016.SZ,2021-11-19,11.08,11.09,10.83,11.01,11.12,-0.11,-0.9892,55048.68,60238.113,2023-08-01
003017.SZ,2021-11-19,33.67,34.65,32.95,34.14,33.39,0.75,2.2462,5416.0,18268.927,2023-08-01
003018.SZ,2021-11-19,10.52,10.65,10.45,10.62,10.52,0.1,0.9506,7570.28,7996.173,2023-08-01
003019.SZ,2021-11-19,29.1,29.54,28.88,29.28,29.32,-0.04,-0.1364,24504.0,71785.162,2023-08-01
003020.SZ,2021-11-19,46.13,46.13,44.2,45.0,46.13,-1.13,-2.4496,12219.79,54789.941,2023-08-01
003021.SZ,2021-11-19,69.41,73.25,69.41,70.0,69.99,0.01,0.0143,9897.35,70152.809,2023-08-01
003022.SZ,2021-11-19,44.7,46.5,43.69,45.46,44.75,0.71,1.5866,179757.61,811535.977,2023-08-01
003023.SZ,2021-11-19,27.37,29.62,27.37,29.13,27.55,1.58,5.735,22538.12,64557.182,2023-08-01
003025.SZ,2021-11-19,32.77,33.01,31.5,32.16,31.52,0.64,2.0305,17585.14,56715.479,2023-08-01
003026.SZ,2021-11-19,82.97,82.97,79.3,81.42,82.23,-0.81,-0.985,16821.0,136371.652,2023-08-01
003027.SZ,2021-11-19,25.15,25.41,24.72,25.23,25.21,0.02,0.0793,12159.76,30481.106,2023-08-01
003028.SZ,2021-11-19,42.46,42.95,42.21,42.54,42.52,0.02,0.047,8906.16,37907.719,2023-08-01
003029.SZ,2021-11-19,20.57,20.88,20.54,20.75,20.5,0.25,1.2195,6684.54,13875.632,2023-08-01
003030.SZ,2021-11-19,25.48,25.75,25.25,25.67,25.4,0.27,1.063,7529.0,19227.016,2023-08-01
003031.SZ,2021-11-19,76.8,82.6,76.8,81.76,78.1,3.66,4.6863,18042.92,146195.855,2023-08-01
003032.SZ,2021-11-19,21.38,21.38,20.85,21.19,21.37,-0.18,-0.8423,18691.45,39418.726,2023-08-01
003033.SZ,2021-11-19,27.71,27.94,27.07,27.75,27.96,-0.21,-0.7511,7620.73,21000.461,2023-08-01
003035.SZ,2021-11-19,8.21,8.22,8.13,8.18,8.2,-0.02,-0.2439,154254.41,125856.845,2023-08-01
003036.SZ,2021-11-19,11.98,12.2,11.69,12.12,11.81,0.31,2.6249,17623.45,21242.99,2023-08-01
003037.SZ,2021-11-19,10.18,10.29,10.02,10.26,10.18,0.08,0.7859,15125.0,15373.585,2023-08-01
003038.SZ,2021-11-19,52.4,57.04,52.32,57.04,51.85,5.19,10.0096,31130.12,172902.984,2023-08-01
003039.SZ,2021-11-19,31.14,31.28,30.89,31.22,31.13,0.09,0.2891,19978.89,62131.62,2023-08-01
003040.SZ,2021-11-19,25.0,25.39,24.8,25.12,25.0,0.12,0.48,46797.25,117247.146,2023-08-01
003041.SZ,2021-11-19,27.93,28.88,26.66,28.21,28.01,0.2,0.714,38973.15,108735.66,2023-08-01
003042.SZ,2021-11-19,23.35,23.62,23.18,23.53,23.16,0.37,1.5976,4914.08,11528.722,2023-08-01
003043.SZ,2021-11-19,82.95,85.17,81.52,81.93,82.99,-1.06,-1.2773,19904.0,164889.772,2023-08-01
003816.SZ,2021-11-19,2.77,2.83,2.75,2.82,2.78,0.04,1.4388,1006016.3,281000.6,2023-08-01
300001.SZ,2021-11-19,29.9,30.36,29.63,30.1,30.16,-0.06,-0.1989,187666.65,562535.597,2023-08-01
300002.SZ,2021-11-19,5.7,6.05,5.7,5.93,5.7,0.23,4.0351,1256956.9,741317.831,2023-08-01
300003.SZ,2021-11-19,22.05,22.48,22.02,22.33,22.17,0.16,0.7217,100639.1,224337.183,2023-08-01
300004.SZ,2021-11-19,6.15,6.24,6.09,6.18,6.2,-0.02,-0.3226,67179.05,41428.387,2023-08-01
300005.SZ,2021-11-19,9.4,9.72,9.16,9.44,9.42,0.02,0.2123,218051.62,205100.845,2023-08-01
300006.SZ,2021-11-19,5.65,5.7,5.56,5.6,5.66,-0.06,-1.0601,276820.9,155380.765,2023-08-01
300007.SZ,2021-11-19,24.9,27.06,24.9,26.01,25.39,0.62,2.4419,255265.26,667188.721,2023-08-01
300008.SZ,2021-11-19,4.92,4.95,4.79,4.84,4.99,-0.15,-3.006,626624.89,303575.808,2023-08-01
300009.SZ,2021-11-19,12.5,12.65,12.45,12.61,12.47,0.14,1.1227,148398.73,186350.718,2023-08-01
300010.SZ,2021-11-19,3.91,3.97,3.88,3.91,3.9,0.01,0.2564,250718.25,98428.35,2023-08-01
300011.SZ,2021-11-19,7.42,7.42,7.25,7.39,7.34,0.05,0.6812,107681.0,79024.342,2023-08-01
300012.SZ,2021-11-19,26.01,26.25,25.55,26.18,26.07,0.11,0.4219,122411.76,316758.824,2023-08-01
300013.SZ,2021-11-19,4.15,4.66,4.14,4.35,4.13,0.22,5.3269,355111.46,157045.307,2023-08-01
300014.SZ,2021-11-19,126.24,130.2,125.88,128.32,127.0,1.32,1.0394,178624.14,2280908.069,2023-08-01
300015.SZ,2021-11-19,47.2,47.7,46.88,47.26,47.7,-0.44,-0.9224,241009.88,1136836.588,2023-08-01
300016.SZ,2021-11-19,7.75,7.79,7.68,7.76,7.73,0.03,0.3881,24298.5,18813.403,2023-08-01
300017.SZ,2021-11-19,6.35,6.47,6.3,6.33,6.37,-0.04,-0.6279,631541.13,401981.752,2023-08-01
300018.SZ,2021-11-19,7.26,7.33,7.18,7.26,7.28,-0.02,-0.2747,186977.7,135689.314,2023-08-01
300019.SZ,2021-11-19,24.0,24.24,23.4,24.08,24.38,-0.3,-1.2305,222047.24,528933.286,2023-08-01
300020.SZ,2021-11-19,7.92,8.05,7.84,7.94,7.86,0.08,1.0178,161185.58,128307.268,2023-08-01
300021.SZ,2021-11-19,5.27,5.29,5.2,5.27,5.26,0.01,0.1901,142863.28,74861.948,2023-08-01
300022.SZ,2021-11-19,4.29,4.36,4.25,4.31,4.26,0.05,1.1737,50642.43,21816.847,2023-08-01
300023.SZ,2021-11-19,6.57,6.63,6.29,6.36,6.59,-0.23,-3.4901,72685.53,46597.941,2023-08-01
300024.SZ,2021-11-19,9.92,10.07,9.92,10.06,10.0,0.06,0.6,79166.13,79207.14,2023-08-01
300025.SZ,2021-11-19,4.27,4.36,4.2,4.23,4.27,-0.04,-0.9368,161745.51,68967.333,2023-08-01
300026.SZ,2021-11-19,4.16,4.2,4.12,4.18,4.17,0.01,0.2398,191742.25,79732.12,2023-08-01
300027.SZ,2021-11-19,3.67,3.72,3.63,3.63,3.67,-0.04,-1.0899,220286.26,80660.444,2023-08-01
300029.SZ,2021-11-19,6.04,6.34,6.04,6.27,6.04,0.23,3.8079,35698.0,22230.806,2023-08-01
300030.SZ,2021-11-19,8.56,8.69,8.46,8.66,8.5,0.16,1.8824,29051.0,25026.705,2023-08-01
300031.SZ,2021-11-19,29.0,30.4,28.13,28.32,29.96,-1.64,-5.474,526137.76,1525743.295,2023-08-01
300032.SZ,2021-11-19,6.65,6.89,6.56,6.6,6.71,-0.11,-1.6393,358603.0,240073.009,2023-08-01
300033.SZ,2021-11-19,110.99,114.7,110.21,114.0,111.12,2.88,2.5918,68072.31,769500.051,2023-08-01
300034.SZ,2021-11-19,52.22,59.0,51.28,55.46,52.48,2.98,5.6784,216828.63,1197755.261,2023-08-01
300035.SZ,2021-11-19,34.25,35.77,33.98,35.34,34.61,0.73,2.1092,162115.48,563315.362,2023-08-01
300036.SZ,2021-11-19,29.87,30.88,29.62,30.27,30.28,-0.01,-0.033,257399.45,778977.627,2023-08-01
300037.SZ,2021-11-19,123.66,124.78,121.0,122.74,122.5,0.24,0.1959,59942.32,737185.657,2023-08-01
300038.SZ,2021-11-19,1.9,1.94,1.89,1.93,1.91,0.02,1.0471,192674.22,37046.561,2023-08-01
300039.SZ,2021-11-19,4.61,4.66,4.58,4.63,4.62,0.01,0.2165,42493.38,19604.61,2023-08-01
300040.SZ,2021-11-19,10.8,11.01,10.51,10.98,10.82,0.16,1.4787,492747.19,530563.177,2023-08-01
300041.SZ,2021-11-19,18.78,19.32,18.52,19.15,18.4,0.75,4.0761,186698.0,355208.916,2023-08-01
300042.SZ,2021-11-19,13.82,14.4,13.81,14.22,13.91,0.31,2.2286,45103.24,64177.355,2023-08-01
300043.SZ,2021-11-19,3.58,3.66,3.53,3.57,3.59,-0.02,-0.5571,283468.0,101813.654,2023-08-01
300044.SZ,2021-11-19,3.05,3.11,3.04,3.09,3.05,0.04,1.3115,155681.5,47818.739,2023-08-01
300045.SZ,2021-11-19,10.19,10.29,10.09,10.2,10.06,0.14,1.3917,159418.85,162401.629,2023-08-01
300046.SZ,2021-11-19,24.7,25.42,24.45,25.4,24.79,0.61,2.4607,135233.5,338840.084,2023-08-01
300047.SZ,2021-11-19,8.01,8.09,7.87,7.91,8.06,-0.15,-1.861,353753.15,281161.514,2023-08-01
300048.SZ,2021-11-19,6.76,6.85,6.69,6.81,6.76,0.05,0.7396,241408.2,163681.968,2023-08-01
300049.SZ,2021-11-19,12.28,12.41,11.89,12.2,12.3,-0.1,-0.813,66594.42,80663.309,2023-08-01
300050.SZ,2021-11-19,4.45,4.55,4.45,4.53,4.46,0.07,1.5695,52575.14,23716.269,2023-08-01
300051.SZ,2021-11-19,4.38,4.5,4.37,4.44,4.4,0.04,0.9091,28923.01,12872.349,2023-08-01
300052.SZ,2021-11-19,34.38,36.2,34.1,34.51,34.48,0.03,0.087,623408.83,2193740.093,2023-08-01
300053.SZ,2021-11-19,9.71,9.79,9.61,9.71,9.72,-0.01,-0.1029,97413.15,94464.004,2023-08-01
300054.SZ,2021-11-19,24.39,25.1,24.28,24.9,24.31,0.59,2.427,164568.63,406993.238,2023-08-01
300055.SZ,2021-11-19,14.12,14.2,13.71,13.8,14.13,-0.33,-2.3355,214610.17,298327.032,2023-08-01
300056.SZ,2021-11-19,5.52,5.71,5.52,5.67,5.54,0.13,2.3466,44014.73,24849.171,2023-08-01
300057.SZ,2021-11-19,9.71,9.89,8.89,9.2,9.71,-0.51,-5.2523,419314.43,385959.701,2023-08-01
300058.SZ,2021-11-19,7.0,7.18,6.85,6.88,6.98,-0.1,-1.4327,1770991.72,1238829.445,2023-08-01
300059.SZ,2021-11-19,34.59,35.68,34.49,35.22,34.69,0.53,1.5278,1428304.23,5026252.387,2023-08-01
300061.SZ,2021-11-19,6.99,7.04,6.86,6.96,6.88,0.08,1.1628,168855.47,117307.588,2023-08-01
300062.SZ,2021-11-19,12.98,13.52,12.83,13.48,12.88,0.6,4.6584,290441.8,385172.304,2023-08-01
300063.SZ,2021-11-19,4.45,4.54,4.4,4.47,4.51,-0.04,-0.8869,164871.0,73848.263,2023-08-01
300064.SZ,2021-11-19,1.77,1.77,1.73,1.76,1.77,-0.01,-0.565,231898.66,40577.741,2023-08-01
300065.SZ,2021-11-19,17.84,20.34,17.46,19.47,17.39,2.08,11.9609,1282088.54,2443737.399,2023-08-01
300066.SZ,2021-11-19,4.65,4.71,4.58,4.7,4.68,0.02,0.4274,85887.86,39972.032,2023-08-01
300067.SZ,2021-11-19,4.09,4.2,4.09,4.16,4.1,0.06,1.4634,124489.92,51604.906,2023-08-01
300068.SZ,2021-11-19,13.52,13.81,12.38,12.87,13.41,-0.54,-4.0268,1047262.35,1353280.299,2023-08-01
300069.SZ,2021-11-19,25.69,26.42,25.11,26.09,25.87,0.22,0.8504,14911.55,38555.396,2023-08-01
300070.SZ,2021-11-19,7.06,7.07,6.97,7.07,7.06,0.01,0.1416,198988.25,139794.561,2023-08-01
300071.SZ,2021-11-19,2.72,2.75,2.68,2.69,2.72,-0.03,-1.1029,91617.57,24855.157,2023-08-01
300072.SZ,2021-11-19,7.23,7.36,7.17,7.3,7.23,0.07,0.9682,307098.39,223276.9,2023-08-01
300073.SZ,2021-11-19,95.69,98.9,92.06,93.93,89.91,4.02,4.4711,226450.88,2141854.379,2023-08-01
300074.SZ,2021-11-19,3.8,3.93,3.79,3.91,3.81,0.1,2.6247,78659.0,30632.104,2023-08-01
300075.SZ,2021-11-19,13.15,13.36,12.89,13.17,13.22,-0.05,-0.3782,259056.44,339738.359,2023-08-01
300076.SZ,2021-11-19,5.82,6.18,5.76,5.8,5.7,0.1,1.7544,355563.0,209878.849,2023-08-01
300077.SZ,2021-11-19,24.6,25.01,24.4,24.59,24.6,-0.01,-0.0407,158717.35,390662.68,2023-08-01
300078.SZ,2021-11-19,6.61,6.68,6.56,6.65,6.62,0.03,0.4532,64566.8,42804.134,2023-08-01
300079.SZ,2021-11-19,8.61,8.91,8.6,8.77,8.62,0.15,1.7401,908980.85,798384.535,2023-08-01
300080.SZ,2021-11-19,5.83,5.99,5.76,5.94,5.87,0.07,1.1925,231577.84,135866.904,2023-08-01
300081.SZ,2021-11-19,15.99,17.54,15.39,15.94,16.3,-0.36,-2.2086,1482856.86,2424843.776,2023-08-01
300082.SZ,2021-11-19,17.31,18.14,17.28,17.75,17.45,0.3,1.7192,272209.86,482208.413,2023-08-01
300083.SZ,2021-11-19,14.59,15.5,14.58,15.3,14.58,0.72,4.9383,864432.41,1308158.404,2023-08-01
300084.SZ,2021-11-19,5.76,6.02,5.6,5.84,5.72,0.12,2.0979,366988.84,214398.956,2023-08-01
300085.SZ,2021-11-19,13.41,13.65,13.38,13.58,13.41,0.17,1.2677,71866.01,97293.123,2023-08-01
300086.SZ,2021-11-19,5.1,5.16,5.07,5.16,5.07,0.09,1.7751,36901.5,18891.085,2023-08-01
300087.SZ,2021-11-19,30.85,31.29,30.16,30.83,31.09,-0.26,-0.8363,138679.52,426486.039,2023-08-01
300088.SZ,2021-11-19,12.4,12.6,12.21,12.45,12.69,-0.24,-1.8913,1243755.67,1542491.636,2023-08-01
300089.SZ,2021-11-19,4.52,4.6,4.52,4.53,4.56,-0.03,-0.6579,10348.0,4691.077,2023-08-01
300091.SZ,2021-11-19,5.39,5.8,5.23,5.7,5.4,0.3,5.5556,1334850.1,745342.938,2023-08-01
300092.SZ,2021-11-19,13.3,13.76,13.07,13.37,13.38,-0.01,-0.0747,115965.62,154232.544,2023-08-01
300093.SZ,2021-11-19,31.71,32.54,28.99,30.18,30.63,-0.45,-1.4691,147108.98,444441.957,2023-08-01
300094.SZ,2021-11-19,4.28,4.35,4.25,4.32,4.28,0.04,0.9346,296691.17,127636.249,2023-08-01
300095.SZ,2021-11-19,15.39,15.48,14.96,15.16,15.35,-0.19,-1.2378,149245.02,226113.11,2023-08-01
300096.SZ,2021-11-19,7.69,7.78,7.64,7.73,7.69,0.04,0.5202,49690.1,38363.305,2023-08-01
300097.SZ,2021-11-19,9.6,9.76,9.48,9.71,9.52,0.19,1.9958,58986.37,56903.006,2023-08-01
300098.SZ,2021-11-19,5.55,5.68,5.54,5.59,5.58,0.01,0.1792,563098.07,316359.797,2023-08-01
300099.SZ,2021-11-19,8.93,9.34,8.92,9.23,9.01,0.22,2.4417,287334.48,263968.992,2023-08-01
300100.SZ,2021-11-19,10.52,11.0,10.29,10.76,10.48,0.28,2.6718,260194.91,277994.311,2023-08-01
300101.SZ,2021-11-19,30.78,30.78,29.71,29.96,30.29,-0.33,-1.0895,166189.82,500298.708,2023-08-01
300102.SZ,2021-11-19,8.75,8.94,8.72,8.8,8.79,0.01,0.1138,299226.3,264370.848,2023-08-01
300103.SZ,2021-11-19,9.88,10.11,9.71,10.01,9.98,0.03,0.3006,22210.0,22073.607,2023-08-01
300105.SZ,2021-11-19,7.43,7.52,7.25,7.39,7.43,-0.04,-0.5384,197112.67,146111.24,2023-08-01
300106.SZ,2021-11-19,11.05,11.15,10.87,11.13,11.05,0.08,0.724,63896.0,70556.094,2023-08-01
300107.SZ,2021-11-19,5.64,5.78,5.56,5.72,5.63,0.09,1.5986,59312.0,33651.033,2023-08-01
300108.SZ,2021-11-19,3.47,3.54,3.47,3.53,3.48,0.05,1.4368,76521.75,26911.616,2023-08-01
300109.SZ,2021-11-19,25.51,26.43,25.16,26.07,25.33,0.74,2.9214,126981.66,327186.736,2023-08-01
300110.SZ,2021-11-19,4.2,4.25,4.2,4.23,4.23,0.0,0.0,99371.73,41941.201,2023-08-01
300111.SZ,2021-11-19,2.81,2.82,2.77,2.81,2.8,0.01,0.3571,72144.58,20180.934,2023-08-01
300112.SZ,2021-11-19,11.54,12.69,11.52,12.3,11.48,0.82,7.1429,240958.46,292222.554,2023-08-01
300113.SZ,2021-11-19,15.47,16.0,15.3,15.6,15.45,0.15,0.9709,299106.19,469703.403,2023-08-01
300114.SZ,2021-11-19,16.43,17.09,16.41,17.08,16.58,0.5,3.0157,147158.53,247762.084,2023-08-01
300115.SZ,2021-11-19,16.46,17.27,16.45,17.09,16.49,0.6,3.6386,307415.92,522639.878,2023-08-01
300116.SZ,2021-11-19,2.55,2.55,2.51,2.53,2.53,0.0,0.0,573501.6,145025.269,2023-08-01
300117.SZ,2021-11-19,4.52,5.1,4.52,4.8,4.56,0.24,5.2632,507307.57,240278.984,2023-08-01
300118.SZ,2021-11-19,30.8,36.0,30.31,36.0,30.0,6.0,20.0,1115974.3,3675659.286,2023-08-01
300119.SZ,2021-11-19,23.29,23.29,22.88,23.12,23.5,-0.38,-1.617,37554.13,86619.873,2023-08-01
300120.SZ,2021-11-19,8.35,8.45,8.24,8.4,8.37,0.03,0.3584,69350.16,57841.26,2023-08-01
300121.SZ,2021-11-19,10.85,11.05,10.68,10.97,10.86,0.11,1.0129,56969.45,61985.912,2023-08-01
300122.SZ,2021-11-19,132.4,133.8,130.44,131.35,132.94,-1.59,-1.196,88048.67,1157573.685,2023-08-01
300123.SZ,2021-11-19,9.32,9.45,9.27,9.37,9.31,0.06,0.6445,236535.66,221742.542,2023-08-01
300124.SZ,2021-11-19,65.86,66.23,64.5,66.1,66.0,0.1,0.1515,277074.58,1810807.332,2023-08-01
300125.SZ,2021-11-19,16.81,18.0,16.81,17.92,16.1,1.82,11.3043,337895.06,587146.82,2023-08-01
300126.SZ,2021-11-19,6.69,6.84,6.67,6.8,6.69,0.11,1.6442,41040.01,27859.264,2023-08-01
300127.SZ,2021-11-19,22.84,23.17,22.21,22.84,22.96,-0.12,-0.5226,91483.18,206637.194,2023-08-01
300128.SZ,2021-11-19,4.05,4.17,4.01,4.16,4.04,0.12,2.9703,448231.29,184268.364,2023-08-01
300129.SZ,2021-11-19,10.65,11.05,10.54,10.96,10.81,0.15,1.3876,573404.93,618978.991,2023-08-01
300130.SZ,2021-11-19,9.84,10.19,9.8,10.18,9.81,0.37,3.7717,75963.75,76581.124,2023-08-01
300131.SZ,2021-11-19,7.09,7.2,7.04,7.19,7.1,0.09,1.2676,222443.21,158065.8,2023-08-01
300132.SZ,2021-11-19,10.14,10.44,10.07,10.38,10.13,0.25,2.4679,123945.09,127393.792,2023-08-01
300133.SZ,2021-11-19,5.94,5.98,5.89,5.94,5.94,0.0,0.0,194725.8,115636.192,2023-08-01
300134.SZ,2021-11-19,11.78,11.98,11.46,11.5,11.92,-0.42,-3.5235,439094.64,511099.796,2023-08-01
300135.SZ,2021-11-19,2.63,2.72,2.59,2.69,2.62,0.07,2.6718,206477.0,55187.066,2023-08-01
300136.SZ,2021-11-19,25.0,25.85,24.93,25.33,24.97,0.36,1.4417,191989.04,487301.614,2023-08-01
300137.SZ,2021-11-19,6.8,6.84,6.68,6.81,6.78,0.03,0.4425,75210.82,50821.525,2023-08-01
300138.SZ,2021-11-19,14.81,15.1,14.6,14.86,14.86,0.0,0.0,31762.86,47329.333,2023-08-01
300139.SZ,2021-11-19,14.5,14.74,14.23,14.4,14.7,-0.3,-2.0408,306324.37,441463.527,2023-08-01
300140.SZ,2021-11-19,6.73,6.76,6.61,6.72,6.7,0.02,0.2985,66374.0,44337.636,2023-08-01
300141.SZ,2021-11-19,16.42,16.66,15.92,16.35,16.66,-0.31,-1.8607,181885.6,296115.334,2023-08-01
300142.SZ,2021-11-19,61.33,62.54,59.9,62.39,60.66,1.73,2.852,368281.91,2269054.883,2023-08-01
300143.SZ,2021-11-19,15.78,16.1,15.59,15.7,15.85,-0.15,-0.9464,62242.96,98419.978,2023-08-01
300144.SZ,2021-11-19,14.5,14.58,14.25,14.32,14.47,-0.15,-1.0366,191175.08,274105.078,2023-08-01
300145.SZ,2021-11-19,3.09,3.13,3.07,3.11,3.1,0.01,0.3226,247730.82,76819.403,2023-08-01
300146.SZ,2021-11-19,24.0,24.5,23.68,24.24,24.03,0.21,0.8739,73768.26,178564.248,2023-08-01
300147.SZ,2021-11-19,6.26,6.39,6.19,6.35,6.25,0.1,1.6,63083.02,39657.826,2023-08-01
300148.SZ,2021-11-19,4.39,4.53,4.32,4.46,4.38,0.08,1.8265,1181396.92,523375.024,2023-08-01
300149.SZ,2021-11-19,14.1,14.22,14.0,14.22,14.12,0.1,0.7082,16624.0,23471.808,2023-08-01
300150.SZ,2021-11-19,4.52,4.59,4.44,4.56,4.52,0.04,0.885,73086.0,33065.116,2023-08-01
300151.SZ,2021-11-19,36.99,38.25,36.72,37.8,37.13,0.67,1.8045,25211.32,94980.25,2023-08-01
300152.SZ,2021-11-19,4.37,4.82,4.21,4.66,4.45,0.21,4.7191,1137549.21,519605.179,2023-08-01
300153.SZ,2021-11-19,12.39,12.74,12.23,12.6,12.62,-0.02,-0.1585,177164.4,221004.734,2023-08-01
300154.SZ,2021-11-19,6.3,6.44,6.27,6.41,6.33,0.08,1.2638,23676.0,15092.277,2023-08-01
300155.SZ,2021-11-19,6.57,6.71,6.53,6.66,6.58,0.08,1.2158,33244.82,22097.553,2023-08-01
300157.SZ,2021-11-19,4.4,4.86,4.3,4.63,4.44,0.19,4.2793,298737.29,137190.067,2023-08-01
300158.SZ,2021-11-19,7.11,7.23,7.06,7.14,7.15,-0.01,-0.1399,215072.0,153710.886,2023-08-01
300159.SZ,2021-11-19,4.82,4.84,4.73,4.77,4.86,-0.09,-1.8519,813015.83,388306.294,2023-08-01
300160.SZ,2021-11-19,8.18,8.47,8.04,8.32,8.13,0.19,2.337,241199.18,198951.364,2023-08-01
300161.SZ,2021-11-19,25.18,26.15,24.98,25.91,25.37,0.54,2.1285,83481.0,214646.333,2023-08-01
300162.SZ,2021-11-19,12.17,12.48,11.81,12.41,12.54,-0.13,-1.0367,268548.04,326367.039,2023-08-01
300163.SZ,2021-11-19,3.6,3.65,3.54,3.63,3.59,0.04,1.1142,108940.47,39178.33,2023-08-01
300164.SZ,2021-11-19,4.58,4.74,4.52,4.72,4.57,0.15,3.2823,307024.0,143563.519,2023-08-01
300165.SZ,2021-11-19,4.54,4.62,4.5,4.58,4.54,0.04,0.8811,42874.0,19584.586,2023-08-01
300166.SZ,2021-11-19,10.13,11.8,10.11,10.84,9.83,1.01,10.2747,1062835.06,1170542.017,2023-08-01
300167.SZ,2021-11-19,6.05,6.12,5.95,6.05,6.0,0.05,0.8333,48149.02,29065.381,2023-08-01
300168.SZ,2021-11-19,11.42,11.64,11.42,11.6,11.53,0.07,0.6071,89152.35,103000.196,2023-08-01
300169.SZ,2021-11-19,7.19,7.45,7.08,7.22,7.12,0.1,1.4045,89948.0,65402.257,2023-08-01
300170.SZ,2021-11-19,8.34,8.37,8.03,8.11,8.26,-0.15,-1.816,306310.53,249246.586,2023-08-01
300171.SZ,2021-11-19,52.69,53.27,51.0,51.72,52.72,-1.0,-1.8968,51037.81,264584.899,2023-08-01
300172.SZ,2021-11-19,5.15,5.24,5.08,5.2,5.19,0.01,0.1927,238001.45,123109.699,2023-08-01
300173.SZ,2021-11-19,7.24,7.34,7.12,7.28,7.32,-0.04,-0.5464,185477.0,133937.395,2023-08-01
300174.SZ,2021-11-19,16.78,17.59,16.75,17.19,16.85,0.34,2.0178,128185.96,221355.694,2023-08-01
300175.SZ,2021-11-19,4.83,4.87,4.7,4.77,4.81,-0.04,-0.8316,85206.01,40559.32,2023-08-01
300176.SZ,2021-11-19,6.29,6.57,6.18,6.57,6.29,0.28,4.4515,71320.3,46007.346,2023-08-01
300177.SZ,2021-11-19,8.68,8.95,8.62,8.8,8.64,0.16,1.8519,209245.25,185033.561,2023-08-01
300178.SZ,2021-11-19,2.56,2.74,2.53,2.68,2.57,0.11,4.2802,130546.0,34386.982,2023-08-01
300179.SZ,2021-11-19,12.31,13.1,12.01,12.68,12.35,0.33,2.6721,528193.53,665557.815,2023-08-01
300180.SZ,2021-11-19,4.89,4.96,4.84,4.93,4.86,0.07,1.4403,167338.87,82059.826,2023-08-01
300181.SZ,2021-11-19,7.89,8.08,7.84,8.05,7.89,0.16,2.0279,88237.67,70528.885,2023-08-01
300182.SZ,2021-11-19,4.9,5.28,4.84,5.08,4.97,0.11,2.2133,1951762.07,989695.858,2023-08-01
300183.SZ,2021-11-19,19.88,20.64,19.78,19.78,19.9,-0.12,-0.603,152417.41,307611.215,2023-08-01
300184.SZ,2021-11-19,6.68,6.77,6.54,6.71,6.68,0.03,0.4491,794141.6,529888.541,2023-08-01
300185.SZ,2021-11-19,3.66,3.88,3.65,3.84,3.65,0.19,5.2055,3206244.11,1220183.521,2023-08-01
300187.SZ,2021-11-19,8.05,8.07,7.81,7.99,8.06,-0.07,-0.8685,100722.47,79836.942,2023-08-01
300188.SZ,2021-11-19,16.32,16.38,16.13,16.15,16.15,0.0,0.0,58700.24,95218.684,2023-08-01
300189.SZ,2021-11-19,4.68,4.71,4.62,4.69,4.7,-0.01,-0.2128,184900.91,86359.04,2023-08-01
300190.SZ,2021-11-19,6.01,6.01,5.84,5.98,5.98,0.0,0.0,79236.77,46818.691,2023-08-01
300191.SZ,2021-11-19,23.1,24.99,22.91,24.34,23.16,1.18,5.095,130877.71,317371.285,2023-08-01
300192.SZ,2021-11-19,7.39,7.5,7.36,7.44,7.44,0.0,0.0,61892.76,45961.895,2023-08-01
300193.SZ,2021-11-19,12.95,13.17,12.81,12.96,12.95,0.01,0.0772,59783.22,77735.207,2023-08-01
300194.SZ,2021-11-19,4.09,4.16,4.07,4.15,4.1,0.05,1.2195,151098.29,62357.743,2023-08-01
300195.SZ,2021-11-19,6.63,6.77,6.52,6.7,6.73,-0.03,-0.4458,190317.0,125943.121,2023-08-01
300196.SZ,2021-11-19,18.3,19.09,18.21,18.53,18.31,0.22,1.2015,82223.42,153134.056,2023-08-01
300197.SZ,2021-11-19,2.81,2.82,2.79,2.81,2.8,0.01,0.3571,93301.85,26190.254,2023-08-01
300198.SZ,2021-11-19,3.54,3.55,3.49,3.54,3.54,0.0,0.0,121666.68,42902.278,2023-08-01
300199.SZ,2021-11-19,8.7,8.82,8.36,8.39,8.66,-0.27,-3.1178,680009.0,579147.464,2023-08-01
300200.SZ,2021-11-19,9.68,9.96,9.64,9.91,9.69,0.22,2.2704,61517.42,60451.119,2023-08-01
300201.SZ,2021-11-19,3.67,3.74,3.62,3.65,3.64,0.01,0.2747,190310.67,70069.086,2023-08-01
300202.SZ,2021-11-19,4.35,4.42,4.35,4.37,4.37,0.0,0.0,61025.0,26737.249,2023-08-01
300203.SZ,2021-11-19,27.07,28.9,26.2,27.9,27.98,-0.08,-0.2859,206325.31,565040.272,2023-08-01
300204.SZ,2021-11-19,17.21,17.77,16.81,17.47,17.09,0.38,2.2235,197209.56,340923.592,2023-08-01
300205.SZ,2021-11-19,12.69,12.85,12.58,12.62,12.72,-0.1,-0.7862,40431.34,51406.744,2023-08-01
300206.SZ,2021-11-19,12.15,12.38,12.06,12.24,12.18,0.06,0.4926,54992.14,67214.182,2023-08-01
300207.SZ,2021-11-19,51.8,53.66,50.5,51.11,50.9,0.21,0.4126,253124.23,1306894.524,2023-08-01
300208.SZ,2021-11-19,12.69,12.85,12.3,12.75,12.52,0.23,1.8371,300604.6,378405.549,2023-08-01
300209.SZ,2021-11-19,9.24,9.24,8.7,8.88,9.05,-0.17,-1.8785,236538.01,209633.322,2023-08-01
300210.SZ,2021-11-19,3.56,3.68,3.53,3.6,3.59,0.01,0.2786,115984.61,41842.264,2023-08-01
300211.SZ,2021-11-19,14.02,14.25,13.77,13.84,13.99,-0.15,-1.0722,38797.46,54032.051,2023-08-01
300212.SZ,2021-11-19,33.5,34.38,33.18,33.38,33.6,-0.22,-0.6548,125713.26,424877.9,2023-08-01
300213.SZ,2021-11-19,6.7,6.87,6.65,6.69,6.78,-0.09,-1.3274,334757.25,225900.351,2023-08-01
300214.SZ,2021-11-19,7.3,7.44,7.25,7.44,7.3,0.14,1.9178,32287.0,23854.119,2023-08-01
300215.SZ,2021-11-19,11.61,11.68,11.06,11.2,11.46,-0.26,-2.2688,223022.19,250113.455,2023-08-01
300217.SZ,2021-11-19,5.78,5.9,5.61,5.8,5.77,0.03,0.5199,1061445.4,613972.577,2023-08-01
300218.SZ,2021-11-19,16.76,16.99,16.55,16.91,16.67,0.24,1.4397,17125.6,28843.171,2023-08-01
300219.SZ,2021-11-19,14.24,15.0,14.22,14.52,14.29,0.23,1.6095,281925.61,413440.992,2023-08-01
300220.SZ,2021-11-19,15.62,16.22,15.6,15.69,15.85,-0.16,-1.0095,80982.53,128560.115,2023-08-01
300221.SZ,2021-11-19,7.48,7.66,7.45,7.62,7.51,0.11,1.4647,170770.0,129576.916,2023-08-01
300222.SZ,2021-11-19,13.66,13.78,13.52,13.71,13.68,0.03,0.2193,295995.66,404671.713,2023-08-01
300223.SZ,2021-11-19,129.99,132.33,128.5,131.9,129.59,2.31,1.7825,68798.02,900512.928,2023-08-01
300224.SZ,2021-11-19,13.59,13.76,13.13,13.42,13.71,-0.29,-2.1152,268823.06,359596.375,2023-08-01
300225.SZ,2021-11-19,15.57,16.28,15.46,15.81,15.64,0.17,1.087,183591.64,292170.267,2023-08-01
300226.SZ,2021-11-19,40.2,40.24,39.55,40.03,40.29,-0.26,-0.6453,24993.43,99583.2,2023-08-01
300227.SZ,2021-11-19,9.68,9.93,9.64,9.86,9.72,0.14,1.4403,92846.1,91013.879,2023-08-01
300228.SZ,2021-11-19,8.16,9.72,8.12,9.26,8.3,0.96,11.5663,1284106.05,1161186.944,2023-08-01
300229.SZ,2021-11-19,9.44,9.62,9.35,9.46,9.37,0.09,0.9605,117053.5,111311.15,2023-08-01
300230.SZ,2021-11-19,4.41,4.46,4.36,4.45,4.38,0.07,1.5982,60648.08,26841.175,2023-08-01
300231.SZ,2021-11-19,8.28,8.36,8.22,8.33,8.23,0.1,1.2151,47763.72,39658.018,2023-08-01
300232.SZ,2021-11-19,9.07,9.33,9.04,9.2,9.09,0.11,1.2101,171744.66,157871.606,2023-08-01
300233.SZ,2021-11-19,34.8,34.9,33.79,34.74,34.95,-0.21,-0.6009,97565.0,335311.339,2023-08-01
300234.SZ,2021-11-19,8.21,8.65,8.12,8.54,8.34,0.2,2.3981,404188.69,341020.509,2023-08-01
300235.SZ,2021-11-19,10.52,10.69,10.34,10.47,10.55,-0.08,-0.7583,40757.0,42790.909,2023-08-01
300236.SZ,2021-11-19,42.59,43.56,42.12,43.13,42.24,0.89,2.107,47643.84,204900.419,2023-08-01
300237.SZ,2021-11-19,2.5,2.52,2.46,2.5,2.49,0.01,0.4016,258505.86,64410.637,2023-08-01
300238.SZ,2021-11-19,16.79,17.01,16.75,16.97,16.77,0.2,1.1926,22935.0,38780.071,2023-08-01
300239.SZ,2021-11-19,6.38,6.38,6.19,6.26,6.35,-0.09,-1.4173,117104.0,73406.796,2023-08-01
300240.SZ,2021-11-19,7.37,8.65,7.34,7.92,7.31,0.61,8.3447,274421.71,220536.468,2023-08-01
300241.SZ,2021-11-19,7.88,8.06,7.75,7.93,7.87,0.06,0.7624,335086.21,264223.693,2023-08-01
300242.SZ,2021-11-19,4.18,4.33,4.18,4.28,4.18,0.1,2.3923,128713.0,54970.459,2023-08-01
300243.SZ,2021-11-19,14.01,14.44,13.98,14.31,14.12,0.19,1.3456,26641.25,37858.814,2023-08-01
300244.SZ,2021-11-19,32.01,32.94,31.85,32.8,32.05,0.75,2.3401,45263.3,147712.863,2023-08-01
300245.SZ,2021-11-19,8.7,8.83,8.61,8.79,8.66,0.13,1.5012,32172.1,28151.355,2023-08-01
300246.SZ,2021-11-19,17.01,17.37,16.93,17.33,17.07,0.26,1.5231,14010.0,24100.618,2023-08-01
300247.SZ,2021-11-19,3.38,3.42,3.31,3.41,3.38,0.03,0.8876,191142.86,64618.837,2023-08-01
300248.SZ,2021-11-19,9.66,9.84,9.48,9.58,9.66,-0.08,-0.8282,234438.15,226259.086,2023-08-01
300249.SZ,2021-11-19,6.73,6.87,6.63,6.74,6.74,0.0,0.0,69780.5,46974.03,2023-08-01
300250.SZ,2021-11-19,12.06,12.43,12.06,12.35,12.23,0.12,0.9812,84541.78,103694.294,2023-08-01
300251.SZ,2021-11-19,9.94,10.18,9.91,10.04,9.96,0.08,0.8032,115802.96,116595.245,2023-08-01
300252.SZ,2021-11-19,9.88,10.33,9.88,10.18,10.17,0.01,0.0983,118812.02,120467.055,2023-08-01
300253.SZ,2021-11-19,13.97,15.25,13.97,14.96,14.08,0.88,6.25,447903.99,661049.092,2023-08-01
300254.SZ,2021-11-19,6.58,6.71,6.53,6.62,6.58,0.04,0.6079,30756.21,20491.403,2023-08-01
300255.SZ,2021-11-19,7.1,7.22,7.06,7.18,7.12,0.06,0.8427,107385.6,76761.547,2023-08-01
300256.SZ,2021-11-19,3.31,3.4,3.31,3.38,3.34,0.04,1.1976,186551.0,62732.0,2023-08-01
300257.SZ,2021-11-19,16.52,16.85,16.39,16.64,16.52,0.12,0.7264,34320.73,57261.018,2023-08-01
300258.SZ,2021-11-19,15.8,16.1,15.73,15.8,15.9,-0.1,-0.6289,51084.0,81374.488,2023-08-01
300259.SZ,2021-11-19,4.98,5.04,4.94,4.99,4.98,0.01,0.2008,146550.44,73077.992,2023-08-01
300260.SZ,2021-11-19,44.15,47.72,43.85,46.64,44.26,2.38,5.3773,42727.76,197960.06,2023-08-01
300261.SZ,2021-11-19,6.95,7.08,6.67,6.73,6.95,-0.22,-3.1655,634635.53,430068.275,2023-08-01
300262.SZ,2021-11-19,3.51,3.52,3.45,3.51,3.5,0.01,0.2857,106220.0,37011.609,2023-08-01
300263.SZ,2021-11-19,12.11,12.34,12.01,12.17,12.22,-0.05,-0.4092,232328.86,283081.06,2023-08-01
300264.SZ,2021-11-19,10.38,11.87,10.38,10.78,10.34,0.44,4.2553,1310381.32,1457831.708,2023-08-01
300265.SZ,2021-11-19,11.34,11.63,11.11,11.37,11.34,0.03,0.2646,173243.2,196713.54,2023-08-01
300266.SZ,2021-11-19,3.58,3.65,3.51,3.65,3.6,0.05,1.3889,413502.05,147856.123,2023-08-01
300267.SZ,2021-11-19,4.21,4.26,4.16,4.22,4.21,0.01,0.2375,289746.43,121919.825,2023-08-01
300268.SZ,2021-11-19,20.75,20.9,20.08,20.69,20.86,-0.17,-0.815,34673.0,70986.757,2023-08-01
300269.SZ,2021-11-19,4.55,4.68,4.31,4.36,4.55,-0.19,-4.1758,264296.01,117587.357,2023-08-01
300270.SZ,2021-11-19,6.62,6.82,6.62,6.75,6.65,0.1,1.5038,46982.0,31703.896,2023-08-01
300271.SZ,2021-11-19,11.51,11.66,11.4,11.57,11.52,0.05,0.434,220913.13,254658.459,2023-08-01
300272.SZ,2021-11-19,6.55,6.61,6.47,6.59,6.57,0.02,0.3044,88056.24,57629.739,2023-08-01
300273.SZ,2021-11-19,4.71,4.8,4.71,4.77,4.75,0.02,0.4211,73210.49,34893.07,2023-08-01
300274.SZ,2021-11-19,149.95,153.1,147.58,151.52,149.61,1.91,1.2767,168636.99,2535658.659,2023-08-01
300275.SZ,2021-11-19,11.58,11.87,11.43,11.58,11.95,-0.37,-3.0962,174383.01,202810.712,2023-08-01
300276.SZ,2021-11-19,4.09,4.22,4.06,4.17,4.05,0.12,2.963,269993.66,111883.395,2023-08-01
300277.SZ,2021-11-19,8.8,8.88,8.65,8.75,8.8,-0.05,-0.5682,68027.1,59415.899,2023-08-01
300278.SZ,2021-11-19,5.47,5.48,5.01,5.02,5.28,-0.26,-4.9242,184790.19,95469.556,2023-08-01
300279.SZ,2021-11-19,6.36,6.54,6.31,6.52,6.35,0.17,2.6772,77872.37,50426.955,2023-08-01
300280.SZ,2021-11-19,32.63,33.5,32.6,32.83,32.77,0.06,0.1831,39283.91,129450.617,2023-08-01
300281.SZ,2021-11-19,5.68,5.81,5.66,5.78,5.72,0.06,1.049,56814.51,32707.619,2023-08-01
300282.SZ,2021-11-19,4.0,4.07,4.0,4.05,4.01,0.04,0.9975,48172.0,19439.871,2023-08-01
300283.SZ,2021-11-19,7.39,7.6,7.39,7.46,7.43,0.03,0.4038,133322.0,99840.741,2023-08-01
300284.SZ,2021-11-19,6.15,6.42,6.15,6.31,6.18,0.13,2.1036,86000.04,53939.817,2023-08-01
300285.SZ,2021-11-19,44.41,45.03,43.5,44.41,44.41,0.0,0.0,38686.35,171856.232,2023-08-01
300286.SZ,2021-11-19,30.28,35.38,29.82,33.9,30.67,3.23,10.5315,141269.02,468448.079,2023-08-01
300287.SZ,2021-11-19,5.22,5.3,5.11,5.15,5.21,-0.06,-1.1516,1190086.16,617210.763,2023-08-01
300288.SZ,2021-11-19,11.96,12.19,11.96,11.98,12.0,-0.02,-0.1667,87771.0,105954.131,2023-08-01
300289.SZ,2021-11-19,6.89,6.95,6.82,6.89,6.85,0.04,0.5839,51299.82,35361.827,2023-08-01
300290.SZ,2021-11-19,6.11,6.38,6.06,6.28,6.04,0.24,3.9735,301533.53,188183.833,2023-08-01
300291.SZ,2021-11-19,5.36,5.47,5.29,5.32,5.36,-0.04,-0.7463,156827.17,84179.86,2023-08-01
300292.SZ,2021-11-19,4.05,4.08,3.87,3.9,4.04,-0.14,-3.4653,630744.0,247364.656,2023-08-01
300293.SZ,2021-11-19,13.68,14.0,13.62,13.9,13.7,0.2,1.4599,69520.01,96367.145,2023-08-01
300294.SZ,2021-11-19,41.08,43.12,40.76,42.46,41.14,1.32,3.2086,87320.39,368672.246,2023-08-01
300295.SZ,2021-11-19,9.92,10.2,9.85,10.13,9.93,0.2,2.0141,33021.41,33297.632,2023-08-01
300296.SZ,2021-11-19,10.23,10.6,10.2,10.4,10.29,0.11,1.069,920635.36,958386.482,2023-08-01
300297.SZ,2021-11-19,3.65,3.69,3.58,3.6,3.64,-0.04,-1.0989,228036.04,82711.78,2023-08-01
300298.SZ,2021-11-19,27.56,29.8,27.15,29.49,27.7,1.79,6.4621,47576.91,138321.45,2023-08-01
300299.SZ,2021-11-19,5.46,5.49,5.35,5.43,5.44,-0.01,-0.1838,167842.6,91109.113,2023-08-01
300300.SZ,2021-11-19,4.5,4.58,4.5,4.54,4.53,0.01,0.2208,56626.11,25718.137,2023-08-01
300301.SZ,2021-11-19,3.76,3.8,3.67,3.74,3.78,-0.04,-1.0582,304461.0,113416.576,2023-08-01
300302.SZ,2021-11-19,9.79,10.2,9.73,10.03,9.79,0.24,2.4515,75196.79,75104.302,2023-08-01
300303.SZ,2021-11-19,6.21,6.34,6.18,6.29,6.17,0.12,1.9449,349900.55,219729.287,2023-08-01
300304.SZ,2021-11-19,7.36,7.62,7.18,7.32,7.24,0.08,1.105,566506.04,418695.924,2023-08-01
300305.SZ,2021-11-19,22.96,23.01,21.3,22.17,23.35,-1.18,-5.0535,304555.09,673897.648,2023-08-01
300306.SZ,2021-11-19,9.85,10.25,9.85,10.17,9.86,0.31,3.144,44020.45,44532.214,2023-08-01
300307.SZ,2021-11-19,8.73,9.1,8.72,8.85,8.72,0.13,1.4908,133518.0,119184.033,2023-08-01
300308.SZ,2021-11-19,33.1,33.87,33.08,33.8,33.35,0.45,1.3493,53176.67,178370.527,2023-08-01
300309.SZ,2021-11-19,3.07,3.27,3.05,3.21,3.07,0.14,4.5603,657942.2,208169.391,2023-08-01
300310.SZ,2021-11-19,5.06,5.09,4.96,5.03,5.03,0.0,0.0,188278.7,94565.251,2023-08-01
300311.SZ,2021-11-19,7.6,7.8,7.42,7.46,7.43,0.03,0.4038,395292.25,298888.641,2023-08-01
300312.SZ,2021-11-19,2.92,2.92,2.8,2.9,2.92,-0.02,-0.6849,105811.0,30293.996,2023-08-01
300313.SZ,2021-11-19,9.38,9.38,9.11,9.22,9.27,-0.05,-0.5394,45250.0,41611.763,2023-08-01
300314.SZ,2021-11-19,12.25,12.3,12.13,12.24,12.18,0.06,0.4926,11873.0,14521.564,2023-08-01
300315.SZ,2021-11-19,4.32,4.41,4.26,4.28,4.32,-0.04,-0.9259,875133.29,377581.251,2023-08-01
300316.SZ,2021-11-19,71.54,72.89,69.79,72.04,71.56,0.48,0.6708,180187.64,1282894.554,2023-08-01
300317.SZ,2021-11-19,9.01,9.99,8.84,9.69,9.18,0.51,5.5556,810434.85,764246.184,2023-08-01
300318.SZ,2021-11-19,8.48,8.66,8.44,8.55,8.5,0.05,0.5882,166023.91,141746.445,2023-08-01
300319.SZ,2021-11-19,16.3,16.7,16.07,16.39,16.34,0.05,0.306,309157.76,506902.585,2023-08-01
300320.SZ,2021-11-19,13.9,15.06,13.86,14.55,13.9,0.65,4.6763,330887.67,478937.947,2023-08-01
300321.SZ,2021-11-19,18.92,19.28,18.7,19.16,19.0,0.16,0.8421,6136.84,11671.474,2023-08-01
300322.SZ,2021-11-19,12.14,12.95,12.14,12.8,12.15,0.65,5.3498,264575.67,334529.372,2023-08-01
300323.SZ,2021-11-19,12.41,12.85,12.31,12.71,12.31,0.4,3.2494,209637.3,265165.645,2023-08-01
300324.SZ,2021-11-19,3.84,3.9,3.78,3.89,3.84,0.05,1.3021,295090.85,113652.984,2023-08-01
300325.SZ,2021-11-19,2.56,2.68,2.53,2.62,2.51,0.11,4.3825,402530.5,105008.072,2023-08-01
300326.SZ,2021-11-19,10.46,10.52,10.3,10.5,10.38,0.12,1.1561,107334.59,111754.312,2023-08-01
300327.SZ,2021-11-19,67.2,67.99,66.01,67.88,66.5,1.38,2.0752,47499.75,319543.228,2023-08-01
300328.SZ,2021-11-19,7.91,7.98,7.7,7.83,7.89,-0.06,-0.7605,101756.04,79434.329,2023-08-01
300329.SZ,2021-11-19,10.71,10.97,10.69,10.84,10.84,0.0,0.0,67667.04,73413.356,2023-08-01
300330.SZ,2021-11-19,9.73,9.98,9.72,9.93,9.75,0.18,1.8462,18520.41,18280.366,2023-08-01
300331.SZ,2021-11-19,31.0,35.69,30.99,34.03,31.28,2.75,8.7916,176000.51,594301.124,2023-08-01
300332.SZ,2021-11-19,11.53,12.49,11.3,12.4,11.71,0.69,5.8924,550050.7,662596.784,2023-08-01
300333.SZ,2021-11-19,7.54,7.68,7.5,7.62,7.48,0.14,1.8717,66350.23,50432.614,2023-08-01
300334.SZ,2021-11-19,9.68,9.89,9.54,9.72,9.86,-0.14,-1.4199,102456.96,99458.982,2023-08-01
300335.SZ,2021-11-19,5.66,5.8,5.57,5.76,5.7,0.06,1.0526,133433.01,75941.276,2023-08-01
300336.SZ,2021-11-19,3.31,3.37,3.21,3.32,3.28,0.04,1.2195,404899.4,133197.272,2023-08-01
300337.SZ,2021-11-19,5.2,5.29,5.14,5.26,5.19,0.07,1.3487,152858.2,79911.303,2023-08-01
300338.SZ,2021-11-19,6.03,6.25,5.92,6.02,6.14,-0.12,-1.9544,348936.62,211429.839,2023-08-01
300339.SZ,2021-11-19,26.61,26.99,26.25,26.63,26.63,0.0,0.0,363766.58,966773.835,2023-08-01
300340.SZ,2021-11-19,21.29,21.88,21.1,21.54,22.18,-0.64,-2.8855,200196.75,430339.549,2023-08-01
300341.SZ,2021-11-19,10.89,10.89,10.63,10.65,10.89,-0.24,-2.2039,64220.0,68804.51,2023-08-01
300342.SZ,2021-11-19,14.11,14.34,13.91,14.12,14.31,-0.19,-1.3277,125606.56,177083.778,2023-08-01
300343.SZ,2021-11-19,20.8,23.25,20.08,22.46,20.66,1.8,8.7125,1429928.47,3121045.283,2023-08-01
300344.SZ,2021-11-19,5.65,5.84,5.65,5.75,5.7,0.05,0.8772,80737.3,46619.302,2023-08-01
300345.SZ,2021-11-19,5.36,5.47,5.31,5.46,5.39,0.07,1.2987,45575.0,24658.486,2023-08-01
300346.SZ,2021-11-19,56.9,57.87,55.55,56.08,56.5,-0.42,-0.7434,179423.44,1013925.701,2023-08-01
300347.SZ,2021-11-19,144.0,146.45,140.26,142.1,146.0,-3.9,-2.6712,62036.37,881045.369,2023-08-01
300348.SZ,2021-11-19,13.5,13.55,13.29,13.39,13.43,-0.04,-0.2978,79010.09,106072.73,2023-08-01
300349.SZ,2021-11-19,11.2,11.33,11.07,11.26,11.23,0.03,0.2671,25785.2,28910.831,2023-08-01
300350.SZ,2021-11-19,8.35,9.09,8.32,8.83,8.39,0.44,5.2443,278738.06,244938.808,2023-08-01
300351.SZ,2021-11-19,13.37,13.74,13.1,13.37,13.47,-0.1,-0.7424,119145.09,158883.778,2023-08-01
300352.SZ,2021-11-19,7.2,7.36,7.16,7.31,7.17,0.14,1.9526,619704.93,450082.213,2023-08-01
300353.SZ,2021-11-19,10.32,10.39,10.14,10.28,10.23,0.05,0.4888,273134.82,280201.284,2023-08-01
300354.SZ,2021-11-19,45.1,45.89,43.1,43.4,44.98,-1.58,-3.5127,90520.34,402303.292,2023-08-01
300355.SZ,2021-11-19,4.36,4.49,4.32,4.48,4.39,0.09,2.0501,593843.77,262473.303,2023-08-01
300356.SZ,2021-11-19,3.36,3.4,3.31,3.39,3.38,0.01,0.2959,77274.0,25951.385,2023-08-01
300357.SZ,2021-11-19,55.3,56.41,54.95,56.1,55.44,0.66,1.1905,25268.33,140741.832,2023-08-01
300358.SZ,2021-11-19,22.77,23.33,22.39,22.98,22.78,0.2,0.878,141508.25,324890.918,2023-08-01
300359.SZ,2021-11-19,5.3,5.41,5.29,5.35,5.27,0.08,1.518,85840.5,46079.446,2023-08-01
300360.SZ,2021-11-19,12.54,13.48,12.44,12.87,12.94,-0.07,-0.541,552003.63,712401.968,2023-08-01
300363.SZ,2021-11-19,84.4,87.35,84.4,86.33,85.45,0.88,1.0298,39844.14,342379.759,2023-08-01
300364.SZ,2021-11-19,9.01,9.74,9.0,9.55,9.16,0.39,4.2576,899892.2,844677.635,2023-08-01
300365.SZ,2021-11-19,14.49,14.75,14.15,14.33,14.56,-0.23,-1.5797,136753.36,196594.583,2023-08-01
300366.SZ,2021-11-19,14.41,14.46,13.81,13.92,13.96,-0.04,-0.2865,435974.02,611003.89,2023-08-01
300367.SZ,2021-11-19,2.13,2.17,2.13,2.16,2.14,0.02,0.9346,66207.07,14254.738,2023-08-01
300368.SZ,2021-11-19,10.04,10.14,9.97,10.07,10.07,0.0,0.0,69545.0,69905.157,2023-08-01
300369.SZ,2021-11-19,16.1,16.51,16.1,16.32,15.99,0.33,2.0638,90329.32,147619.597,2023-08-01
300370.SZ,2021-11-19,2.66,2.67,2.63,2.66,2.64,0.02,0.7576,86804.8,22976.821,2023-08-01
300371.SZ,2021-11-19,16.53,17.08,15.5,16.7,17.23,-0.53,-3.076,92878.27,152444.272,2023-08-01
300373.SZ,2021-11-19,52.32,57.29,52.32,56.95,52.31,4.64,8.8702,312285.61,1735872.991,2023-08-01
300374.SZ,2021-11-19,11.8,12.0,11.65,11.81,11.92,-0.11,-0.9228,18585.9,21853.485,2023-08-01
300375.SZ,2021-11-19,4.52,4.61,4.44,4.57,4.49,0.08,1.7817,121249.16,54886.493,2023-08-01
300376.SZ,2021-11-19,11.62,11.8,11.36,11.59,11.73,-0.14,-1.1935,1219772.93,1406077.235,2023-08-01
300377.SZ,2021-11-19,10.24,10.41,10.21,10.37,10.23,0.14,1.3685,137683.14,142045.138,2023-08-01
300378.SZ,2021-11-19,22.09,22.48,21.73,22.05,22.09,-0.04,-0.1811,55241.39,121859.896,2023-08-01
300379.SZ,2021-11-19,31.72,32.25,31.61,32.05,31.73,0.32,1.0085,111781.45,357179.311,2023-08-01
300380.SZ,2021-11-19,15.85,16.23,15.72,16.12,15.9,0.22,1.3836,10083.0,16127.245,2023-08-01
300381.SZ,2021-11-19,10.9,11.1,10.63,11.0,10.89,0.11,1.0101,94449.0,102760.093,2023-08-01
300382.SZ,2021-11-19,27.14,27.75,26.51,27.1,26.93,0.17,0.6313,80640.5,218399.073,2023-08-01
300383.SZ,2021-11-19,14.68,14.86,14.5,14.65,14.66,-0.01,-0.0682,264554.31,388929.386,2023-08-01
300384.SZ,2021-11-19,21.68,22.03,21.49,21.86,21.62,0.24,1.1101,29641.0,64656.829,2023-08-01
300385.SZ,2021-11-19,8.21,8.3,8.1,8.28,8.2,0.08,0.9756,29733.0,24412.807,2023-08-01
300386.SZ,2021-11-19,14.23,14.35,14.01,14.12,14.12,0.0,0.0,61326.0,86915.729,2023-08-01
300387.SZ,2021-11-19,6.18,6.25,6.1,6.23,6.18,0.05,0.8091,30830.4,19078.82,2023-08-01
300388.SZ,2021-11-19,7.35,7.35,7.24,7.34,7.34,0.0,0.0,28879.17,21090.254,2023-08-01
300389.SZ,2021-11-19,8.9,9.16,8.88,8.91,8.9,0.01,0.1124,52367.55,47068.66,2023-08-01
300390.SZ,2021-11-19,99.0,102.06,96.48,97.7,102.45,-4.75,-4.6364,215818.69,2132615.782,2023-08-01
300391.SZ,2021-11-19,17.91,19.1,17.91,18.91,17.93,0.98,5.4657,100365.0,187432.767,2023-08-01
300392.SZ,2021-11-19,7.43,7.5,7.33,7.42,7.4,0.02,0.2703,16488.0,12252.584,2023-08-01
300393.SZ,2021-11-19,20.42,23.66,19.86,22.31,20.39,1.92,9.4164,1175208.09,2513689.853,2023-08-01
300394.SZ,2021-11-19,28.66,29.58,28.65,29.16,28.7,0.46,1.6028,53403.14,155906.089,2023-08-01
300395.SZ,2021-11-19,64.55,64.98,62.92,63.63,64.85,-1.22,-1.8813,26731.77,170064.302,2023-08-01
300396.SZ,2021-11-19,16.7,16.8,16.57,16.71,16.7,0.01,0.0599,4466.2,7455.526,2023-08-01
300397.SZ,2021-11-19,15.1,15.2,15.0,15.07,15.2,-0.13,-0.8553,61304.83,92537.117,2023-08-01
300398.SZ,2021-11-19,19.06,19.53,19.04,19.29,19.03,0.26,1.3663,79622.57,153902.237,2023-08-01
300399.SZ,2021-11-19,11.17,11.34,11.02,11.19,11.08,0.11,0.9928,13079.1,14636.57,2023-08-01
300400.SZ,2021-11-19,26.12,26.5,25.64,25.78,26.11,-0.33,-1.2639,29105.0,75539.618,2023-08-01
300401.SZ,2021-11-19,13.14,13.26,13.06,13.11,13.07,0.04,0.306,50097.78,65829.268,2023-08-01
300402.SZ,2021-11-19,34.0,36.39,33.58,34.78,35.15,-0.37,-1.0526,130231.01,455243.539,2023-08-01
300403.SZ,2021-11-19,6.19,6.27,6.1,6.24,6.17,0.07,1.1345,86429.8,53597.517,2023-08-01
300404.SZ,2021-11-19,14.93,15.85,14.86,15.71,15.27,0.44,2.8815,123165.04,191771.486,2023-08-01
300405.SZ,2021-11-19,10.3,10.58,10.16,10.45,10.29,0.16,1.5549,73064.59,75855.794,2023-08-01
300406.SZ,2021-11-19,15.14,15.24,15.05,15.2,15.17,0.03,0.1978,19841.11,30063.135,2023-08-01
300407.SZ,2021-11-19,8.18,8.46,8.18,8.39,8.19,0.2,2.442,24052.9,20094.757,2023-08-01
300408.SZ,2021-11-19,41.1,43.77,41.06,43.18,41.18,2.0,4.8567,195285.65,837048.027,2023-08-01
300409.SZ,2021-11-19,26.66,26.97,26.09,26.15,26.94,-0.79,-2.9324,231665.89,611906.657,2023-08-01
300410.SZ,2021-11-19,13.08,14.41,12.87,13.68,12.9,0.78,6.0465,218346.25,300729.491,2023-08-01
300411.SZ,2021-11-19,7.71,7.9,7.64,7.84,7.72,0.12,1.5544,44873.4,35012.481,2023-08-01
300412.SZ,2021-11-19,8.66,8.81,8.6,8.74,8.73,0.01,0.1145,29036.0,25276.311,2023-08-01
300413.SZ,2021-11-19,46.1,48.13,45.96,46.22,46.36,-0.14,-0.302,160474.0,749533.581,2023-08-01
300414.SZ,2021-11-19,11.29,11.47,11.21,11.33,11.42,-0.09,-0.7881,69155.56,78577.182,2023-08-01
300415.SZ,2021-11-19,18.89,19.1,18.62,18.96,18.78,0.18,0.9585,38570.0,72799.087,2023-08-01
300416.SZ,2021-11-19,28.0,29.79,28.0,28.8,28.38,0.42,1.4799,116464.46,336260.093,2023-08-01
300417.SZ,2021-11-19,11.95,12.09,11.76,12.05,11.91,0.14,1.1755,20632.6,24690.939,2023-08-01
300418.SZ,2021-11-19,23.28,23.36,22.6,22.79,22.76,0.03,0.1318,429342.41,983888.074,2023-08-01
300419.SZ,2021-11-19,6.9,7.02,6.83,7.0,6.89,0.11,1.5965,69266.0,48063.478,2023-08-01
300420.SZ,2021-11-19,3.8,3.86,3.72,3.83,3.81,0.02,0.5249,212744.72,80849.622,2023-08-01
300421.SZ,2021-11-19,24.01,24.69,23.5,23.95,24.86,-0.91,-3.6605,75596.21,181273.201,2023-08-01
300422.SZ,2021-11-19,8.63,8.67,8.52,8.67,8.61,0.06,0.6969,33498.54,28769.032,2023-08-01
300423.SZ,2021-11-19,13.68,14.66,13.51,14.43,13.87,0.56,4.0375,251356.87,357197.88,2023-08-01
300424.SZ,2021-11-19,15.25,15.25,14.94,14.95,15.12,-0.17,-1.1243,41912.45,63021.907,2023-08-01
300425.SZ,2021-11-19,4.99,5.04,4.9,5.04,4.95,0.09,1.8182,120280.2,59926.073,2023-08-01
300426.SZ,2021-11-19,6.55,6.72,6.5,6.69,6.56,0.13,1.9817,26680.4,17719.865,2023-08-01
300427.SZ,2021-11-19,13.69,14.04,13.56,13.93,13.68,0.25,1.8275,73304.5,101574.044,2023-08-01
300428.SZ,2021-11-19,19.06,19.78,18.95,19.43,19.56,-0.13,-0.6646,132276.89,257217.889,2023-08-01
300429.SZ,2021-11-19,12.3,12.54,12.22,12.47,12.22,0.25,2.0458,79374.51,98533.811,2023-08-01
300430.SZ,2021-11-19,10.07,10.52,10.07,10.36,10.37,-0.01,-0.0964,43433.46,45092.958,2023-08-01
300432.SZ,2021-11-19,36.6,36.75,34.13,34.27,36.02,-1.75,-4.8584,415229.81,1450157.803,2023-08-01
300433.SZ,2021-11-19,22.28,23.75,22.2,23.1,22.29,0.81,3.6339,407061.75,943935.132,2023-08-01
300434.SZ,2021-11-19,9.17,9.38,9.17,9.33,9.17,0.16,1.7448,12063.6,11229.88,2023-08-01
300435.SZ,2021-11-19,19.82,24.59,19.81,24.59,20.49,4.1,20.0098,475332.28,1080788.489,2023-08-01
300436.SZ,2021-11-19,29.8,30.15,29.61,29.82,29.51,0.31,1.0505,3568.54,10667.71,2023-08-01
300437.SZ,2021-11-19,37.06,40.0,36.5,38.38,38.27,0.11,0.2874,327817.92,1256251.788,2023-08-01
300438.SZ,2021-11-19,54.86,55.69,51.01,53.11,56.0,-2.89,-5.1607,349189.94,1859662.903,2023-08-01
300439.SZ,2021-11-19,19.0,19.46,18.98,19.16,18.98,0.18,0.9484,24179.99,46410.228,2023-08-01
300440.SZ,2021-11-19,10.2,10.27,9.71,9.95,10.09,-0.14,-1.3875,172138.0,171440.251,2023-08-01
300441.SZ,2021-11-19,9.69,10.4,9.68,10.34,9.79,0.55,5.618,309149.51,314066.028,2023-08-01
300442.SZ,2021-11-19,38.17,39.1,38.11,38.66,38.53,0.13,0.3374,3901.0,15052.025,2023-08-01
300443.SZ,2021-11-19,69.98,71.62,68.51,70.13,69.98,0.15,0.2143,72931.32,508973.993,2023-08-01
300444.SZ,2021-11-19,7.98,8.08,7.79,7.85,7.95,-0.1,-1.2579,446652.68,352118.733,2023-08-01
300445.SZ,2021-11-19,14.23,14.8,14.23,14.56,14.33,0.23,1.605,19775.45,28790.768,2023-08-01
300446.SZ,2021-11-19,8.8,8.96,8.75,8.9,8.76,0.14,1.5982,19656.84,17451.391,2023-08-01
300447.SZ,2021-11-19,24.11,25.27,24.11,24.86,23.99,0.87,3.6265,112857.39,279562.806,2023-08-01
300448.SZ,2021-11-19,6.69,6.75,6.62,6.75,6.67,0.08,1.1994,60971.84,40861.202,2023-08-01
300449.SZ,2021-11-19,7.03,7.12,6.92,7.04,6.93,0.11,1.5873,46776.4,32889.982,2023-08-01
300450.SZ,2021-11-19,80.54,80.58,78.33,79.29,80.0,-0.71,-0.8875,104001.77,824899.581,2023-08-01
300451.SZ,2021-11-19,9.07,9.46,9.02,9.3,9.16,0.14,1.5284,252090.04,233883.349,2023-08-01
300452.SZ,2021-11-19,16.73,17.1,16.35,16.56,16.82,-0.26,-1.5458,72757.3,121498.69,2023-08-01
300453.SZ,2021-11-19,12.26,12.35,12.17,12.3,12.33,-0.03,-0.2433,19668.4,24167.619,2023-08-01
300454.SZ,2021-11-19,202.3,205.2,199.37,203.39,202.5,0.89,0.4395,10190.71,206817.308,2023-08-01
300455.SZ,2021-11-19,10.64,10.64,10.41,10.58,10.79,-0.21,-1.9462,49671.2,52367.133,2023-08-01
300456.SZ,2021-11-19,25.55,25.86,25.18,25.43,25.55,-0.12,-0.4697,91161.88,232230.454,2023-08-01
300457.SZ,2021-11-19,34.02,35.51,34.02,34.33,34.36,-0.03,-0.0873,136517.74,471937.485,2023-08-01
300458.SZ,2021-11-19,65.5,71.88,65.5,68.08,65.7,2.38,3.6225,240814.29,1662119.584,2023-08-01
300459.SZ,2021-11-19,4.48,4.67,4.45,4.5,4.49,0.01,0.2227,1994705.78,905775.689,2023-08-01
300460.SZ,2021-11-19,20.44,22.16,20.34,21.57,20.39,1.18,5.7872,287590.91,614764.118,2023-08-01
300461.SZ,2021-11-19,20.25,20.5,19.91,20.18,20.04,0.14,0.6986,18863.6,38159.036,2023-08-01
300462.SZ,2021-11-19,11.84,12.08,11.84,12.02,11.86,0.16,1.3491,25119.02,30123.324,2023-08-01
300463.SZ,2021-11-19,28.68,29.22,28.68,29.06,28.88,0.18,0.6233,45711.06,132200.647,2023-08-01
300464.SZ,2021-11-19,8.03,8.12,7.92,8.04,8.0,0.04,0.5,37455.9,30072.107,2023-08-01
300465.SZ,2021-11-19,10.34,10.76,10.33,10.72,10.39,0.33,3.1761,113991.82,121219.627,2023-08-01
300466.SZ,2021-11-19,6.07,6.32,6.06,6.27,6.11,0.16,2.6187,122167.4,76439.0,2023-08-01
300467.SZ,2021-11-19,15.17,16.05,14.83,15.04,14.81,0.23,1.553,96622.0,148526.42,2023-08-01
300468.SZ,2021-11-19,16.79,17.68,16.66,17.48,16.81,0.67,3.9857,115807.48,199992.03,2023-08-01
300469.SZ,2021-11-19,14.21,14.74,14.11,14.37,14.52,-0.15,-1.0331,48636.16,70117.842,2023-08-01
300470.SZ,2021-11-19,43.01,43.58,42.9,43.12,43.3,-0.18,-0.4157,10168.12,43863.038,2023-08-01
300471.SZ,2021-11-19,24.6,29.3,24.5,28.88,25.11,3.77,15.0139,675638.85,1857165.834,2023-08-01
300472.SZ,2021-11-19,19.01,19.08,18.41,18.63,18.91,-0.28,-1.4807,181679.34,339907.722,2023-08-01
300473.SZ,2021-11-19,22.98,23.88,22.6,23.83,23.29,0.54,2.3186,42549.6,99074.789,2023-08-01
300474.SZ,2021-11-19,193.03,200.91,191.11,194.91,194.08,0.83,0.4277,95364.07,1862224.171,2023-08-01
300475.SZ,2021-11-19,24.0,24.59,23.84,23.84,24.08,-0.24,-0.9967,13046.5,31493.549,2023-08-01
300476.SZ,2021-11-19,28.23,30.55,28.2,29.89,27.91,1.98,7.0942,376060.41,1118446.767,2023-08-01
300477.SZ,2021-11-19,9.22,9.55,9.16,9.39,9.23,0.16,1.7335,570044.62,532878.541,2023-08-01
300478.SZ,2021-11-19,9.67,10.15,9.6,10.11,9.67,0.44,4.5502,49529.95,49024.637,2023-08-01
300479.SZ,2021-11-19,14.78,15.62,14.78,15.23,14.85,0.38,2.5589,84661.87,129458.86,2023-08-01
300480.SZ,2021-11-19,33.88,34.15,33.63,33.73,33.88,-0.15,-0.4427,25122.96,85003.935,2023-08-01
300481.SZ,2021-11-19,23.45,23.98,23.13,23.5,23.18,0.32,1.3805,29367.45,69263.48,2023-08-01
300482.SZ,2021-11-19,35.34,35.5,34.92,35.38,35.33,0.05,0.1415,29676.22,104492.3,2023-08-01
300483.SZ,2021-11-19,18.61,19.48,18.4,19.33,18.95,0.38,2.0053,82436.8,157204.883,2023-08-01
300484.SZ,2021-11-19,16.73,18.05,16.73,17.95,16.75,1.2,7.1642,160215.44,280843.196,2023-08-01
300485.SZ,2021-11-19,11.84,12.04,11.8,11.95,11.87,0.08,0.674,36212.0,43154.092,2023-08-01
300486.SZ,2021-11-19,11.63,12.24,11.63,12.0,11.71,0.29,2.4765,61792.5,74482.638,2023-08-01
300487.SZ,2021-11-19,89.98,93.75,88.49,88.77,90.18,-1.41,-1.5635,52905.35,479403.239,2023-08-01
300488.SZ,2021-11-19,37.22,39.4,36.4,38.71,37.3,1.41,3.7802,119133.33,455594.966,2023-08-01
300489.SZ,2021-11-19,25.15,28.58,25.11,27.5,23.82,3.68,15.4492,145756.4,399902.69,2023-08-01
300490.SZ,2021-11-19,24.71,26.05,24.34,25.61,24.99,0.62,2.481,481619.51,1217059.536,2023-08-01
300491.SZ,2021-11-19,23.19,23.69,22.35,23.3,22.5,0.8,3.5556,140693.55,322949.554,2023-08-01
300492.SZ,2021-11-19,51.75,52.29,50.17,50.84,52.05,-1.21,-2.3247,4547.39,23181.083,2023-08-01
300493.SZ,2021-11-19,7.45,7.6,7.43,7.53,7.46,0.07,0.9383,63774.73,48130.142,2023-08-01
300494.SZ,2021-11-19,19.32,20.4,19.3,19.35,19.88,-0.53,-2.666,238212.89,470731.209,2023-08-01
300495.SZ,2021-11-19,2.69,2.73,2.68,2.72,2.69,0.03,1.1152,55258.9,14949.356,2023-08-01
300496.SZ,2021-11-19,145.89,156.03,145.5,154.5,143.2,11.3,7.8911,93916.52,1420926.231,2023-08-01
300497.SZ,2021-11-19,15.27,15.58,15.16,15.35,15.37,-0.02,-0.1301,115304.19,176620.609,2023-08-01
300498.SZ,2021-11-19,17.44,17.48,16.88,17.15,17.5,-0.35,-2.0,375706.02,643005.575,2023-08-01
300499.SZ,2021-11-19,19.68,20.61,18.26,20.56,19.55,1.01,5.1662,391981.34,765054.271,2023-08-01
300500.SZ,2021-11-19,20.17,21.17,20.0,20.84,20.33,0.51,2.5086,68795.1,141516.63,2023-08-01
300501.SZ,2021-11-19,17.4,18.95,17.35,18.9,17.33,1.57,9.0594,51637.37,94607.491,2023-08-01
300502.SZ,2021-11-19,30.06,30.51,29.86,30.45,30.15,0.3,0.995,74181.68,224203.856,2023-08-01
300503.SZ,2021-11-19,16.6,17.48,16.2,17.16,16.59,0.57,3.4358,306574.51,517050.69,2023-08-01
300504.SZ,2021-11-19,19.0,19.01,18.45,18.86,18.66,0.2,1.0718,47907.0,89862.173,2023-08-01
300505.SZ,2021-11-19,36.2,37.21,35.55,36.38,35.59,0.79,2.2197,105801.49,384182.746,2023-08-01
300506.SZ,2021-11-19,8.03,8.16,7.9,7.99,8.08,-0.09,-1.1139,228395.4,182947.509,2023-08-01
300507.SZ,2021-11-19,13.1,15.68,12.9,15.68,13.07,2.61,19.9694,921142.48,1335125.007,2023-08-01
300508.SZ,2021-11-19,44.89,46.33,44.35,45.19,45.14,0.05,0.1108,19633.8,89102.745,2023-08-01
300509.SZ,2021-11-19,6.11,6.26,6.04,6.24,6.12,0.12,1.9608,39394.2,24450.219,2023-08-01
300510.SZ,2021-11-19,7.61,7.86,7.57,7.68,7.65,0.03,0.3922,292179.61,225491.723,2023-08-01
300511.SZ,2021-11-19,7.37,7.47,7.26,7.44,7.38,0.06,0.813,78513.25,57799.885,2023-08-01
300512.SZ,2021-11-19,15.43,15.68,15.28,15.65,15.48,0.17,1.0982,9535.05,14821.428,2023-08-01
300513.SZ,2021-11-19,12.91,13.07,12.74,12.9,13.0,-0.1,-0.7692,165079.88,212947.458,2023-08-01
300514.SZ,2021-11-19,14.46,14.87,13.89,13.91,13.91,0.0,0.0,165507.43,236354.98,2023-08-01
300515.SZ,2021-11-19,11.55,11.97,11.46,11.95,11.55,0.4,3.4632,39324.38,46584.3,2023-08-01
300516.SZ,2021-11-19,32.22,33.5,32.22,33.33,32.36,0.97,2.9975,29665.42,97954.154,2023-08-01
300517.SZ,2021-11-19,13.88,14.2,13.65,13.72,13.55,0.17,1.2546,27864.78,38585.12,2023-08-01
300518.SZ,2021-11-19,42.45,43.33,42.44,43.23,42.78,0.45,1.0519,14400.28,61984.091,2023-08-01
300519.SZ,2021-11-19,16.0,16.25,15.8,16.14,16.06,0.08,0.4981,14200.0,22878.554,2023-08-01
300520.SZ,2021-11-19,19.44,19.97,19.28,19.87,19.44,0.43,2.2119,41995.83,82697.581,2023-08-01
300521.SZ,2021-11-19,13.05,13.88,13.05,13.51,13.15,0.36,2.7376,28421.4,38476.311,2023-08-01
300522.SZ,2021-11-19,16.96,17.17,16.81,17.11,16.8,0.31,1.8452,17115.95,29175.877,2023-08-01
300523.SZ,2021-11-19,22.1,22.47,21.82,22.1,22.23,-0.13,-0.5848,5638.0,12521.856,2023-08-01
300525.SZ,2021-11-19,22.0,22.28,21.66,22.15,22.38,-0.23,-1.0277,67269.75,147500.203,2023-08-01
300526.SZ,2021-11-19,21.66,21.79,21.28,21.5,21.66,-0.16,-0.7387,42813.92,92031.435,2023-08-01
300527.SZ,2021-11-19,9.78,9.89,9.62,9.7,9.62,0.08,0.8316,313218.11,305776.382,2023-08-01
300528.SZ,2021-11-19,5.49,5.6,5.49,5.57,5.53,0.04,0.7233,16046.6,8921.178,2023-08-01
300529.SZ,2021-11-19,54.31,54.49,53.3,53.7,54.1,-0.4,-0.7394,45948.0,246805.298,2023-08-01
300530.SZ,2021-11-19,36.72,37.26,36.5,36.79,36.84,-0.05,-0.1357,6364.25,23442.337,2023-08-01
300531.SZ,2021-11-19,19.05,19.37,18.95,19.05,19.18,-0.13,-0.6778,53368.58,102011.314,2023-08-01
300532.SZ,2021-11-19,10.82,11.1,10.76,10.94,10.82,0.12,1.1091,55132.78,60555.345,2023-08-01
300533.SZ,2021-11-19,19.12,19.69,18.96,19.42,18.91,0.51,2.697,25216.6,48984.686,2023-08-01
300534.SZ,2021-11-19,5.75,5.84,5.73,5.79,5.73,0.06,1.0471,28803.5,16653.339,2023-08-01
300535.SZ,2021-11-19,14.67,14.96,14.6,14.93,14.67,0.26,1.7723,13324.97,19790.674,2023-08-01
300536.SZ,2021-11-19,22.55,23.78,22.55,22.91,22.92,-0.01,-0.0436,36946.22,85716.896,2023-08-01
300537.SZ,2021-11-19,17.31,17.58,17.12,17.42,17.24,0.18,1.0441,61901.73,107779.156,2023-08-01
300538.SZ,2021-11-19,25.58,25.99,25.32,25.76,25.6,0.16,0.625,10440.7,26833.251,2023-08-01
300539.SZ,2021-11-19,7.62,7.9,7.57,7.75,7.56,0.19,2.5132,43147.5,33560.544,2023-08-01
300540.SZ,2021-11-19,28.1,33.6,28.1,32.13,29.74,2.39,8.0363,135824.09,427477.53,2023-08-01
300541.SZ,2021-11-19,13.11,13.11,12.75,12.93,13.3,-0.37,-2.782,127053.94,164151.78,2023-08-01
300542.SZ,2021-11-19,13.22,13.48,13.17,13.35,13.3,0.05,0.3759,52044.16,69199.198,2023-08-01
300543.SZ,2021-11-19,14.61,15.2,14.61,15.03,14.65,0.38,2.5939,79335.37,119028.262,2023-08-01
300545.SZ,2021-11-19,22.85,24.16,22.85,23.92,22.97,0.95,4.1358,39766.25,94061.526,2023-08-01
300546.SZ,2021-11-19,16.43,16.87,16.43,16.66,16.47,0.19,1.1536,20373.5,34071.66,2023-08-01
300547.SZ,2021-11-19,11.91,12.75,11.89,12.65,11.9,0.75,6.3025,134812.6,167158.594,2023-08-01
300548.SZ,2021-11-19,32.0,33.2,31.72,33.15,32.01,1.14,3.5614,45776.56,150308.098,2023-08-01
300549.SZ,2021-11-19,18.64,19.54,18.6,19.24,18.54,0.7,3.7756,46310.19,88691.868,2023-08-01
300550.SZ,2021-11-19,11.87,12.28,11.63,12.26,11.8,0.46,3.8983,31314.38,37837.359,2023-08-01
300551.SZ,2021-11-19,16.62,16.62,16.16,16.42,16.62,-0.2,-1.2034,47408.3,77388.899,2023-08-01
300552.SZ,2021-11-19,27.81,28.34,27.3,27.86,27.75,0.11,0.3964,23141.1,64320.78,2023-08-01
300553.SZ,2021-11-19,33.66,34.58,33.5,34.28,33.66,0.62,1.8419,3219.78,11002.158,2023-08-01
300554.SZ,2021-11-19,16.02,16.38,15.86,16.37,16.02,0.35,2.1848,15577.5,25308.867,2023-08-01
300555.SZ,2021-11-19,8.47,8.71,8.47,8.68,8.51,0.17,1.9976,23490.06,20301.238,2023-08-01
300556.SZ,2021-11-19,30.2,31.46,29.92,30.0,30.2,-0.2,-0.6623,138544.7,423827.88,2023-08-01
300557.SZ,2021-11-19,27.45,28.45,27.43,28.28,27.45,0.83,3.0237,7268.27,20414.809,2023-08-01
300558.SZ,2021-11-19,88.92,89.82,88.2,89.13,88.91,0.22,0.2474,12738.46,113605.888,2023-08-01
300559.SZ,2021-11-19,8.16,8.39,8.16,8.31,8.23,0.08,0.9721,26842.39,22238.139,2023-08-01
300560.SZ,2021-11-19,13.4,13.69,13.4,13.56,13.4,0.16,1.194,17171.8,23267.749,2023-08-01
300561.SZ,2021-11-19,10.58,10.72,10.52,10.68,10.48,0.2,1.9084,27329.53,29065.93,2023-08-01
300562.SZ,2021-11-19,12.46,13.08,12.31,12.9,12.47,0.43,3.4483,67319.67,86396.663,2023-08-01
300563.SZ,2021-11-19,14.4,15.37,14.19,15.29,14.12,1.17,8.2861,110788.83,164477.126,2023-08-01
300564.SZ,2021-11-19,20.84,21.28,20.8,21.15,20.92,0.23,1.0994,7985.59,16856.106,2023-08-01
300565.SZ,2021-11-19,12.5,12.64,12.32,12.49,12.28,0.21,1.7101,32017.09,39961.66,2023-08-01
300566.SZ,2021-11-19,25.95,26.51,25.81,26.27,25.95,0.32,1.2331,20685.0,54319.61,2023-08-01
300567.SZ,2021-11-19,55.36,58.44,55.36,57.57,55.57,2.0,3.5991,60740.95,348743.307,2023-08-01
300568.SZ,2021-11-19,45.08,46.15,44.86,45.7,45.3,0.4,0.883,132228.89,600437.421,2023-08-01
300569.SZ,2021-11-19,15.11,15.96,14.81,15.65,15.47,0.18,1.1635,819090.94,1263586.109,2023-08-01
300570.SZ,2021-11-19,17.54,17.66,17.12,17.47,17.3,0.17,0.9827,41840.8,72872.765,2023-08-01
300571.SZ,2021-11-19,43.16,44.43,43.16,44.0,43.58,0.42,0.9637,37624.69,165057.186,2023-08-01
300572.SZ,2021-11-19,20.21,20.6,19.98,20.57,20.22,0.35,1.731,45694.39,92858.452,2023-08-01
300573.SZ,2021-11-19,147.02,147.35,143.34,145.1,146.56,-1.46,-0.9962,11153.9,161818.404,2023-08-01
300575.SZ,2021-11-19,21.85,22.3,21.65,21.95,21.99,-0.04,-0.1819,9279.7,20353.344,2023-08-01
300576.SZ,2021-11-19,39.06,39.6,39.02,39.44,39.01,0.43,1.1023,24963.15,98200.995,2023-08-01
300577.SZ,2021-11-19,23.16,23.67,23.0,23.01,23.25,-0.24,-1.0323,15061.0,35154.493,2023-08-01
300578.SZ,2021-11-19,26.78,27.96,26.78,26.92,26.78,0.14,0.5228,66217.08,180627.937,2023-08-01
300579.SZ,2021-11-19,39.52,39.99,38.81,39.34,39.7,-0.36,-0.9068,35025.91,137392.573,2023-08-01
300580.SZ,2021-11-19,22.41,23.83,22.32,23.44,22.38,1.06,4.7364,50696.74,117725.472,2023-08-01
300581.SZ,2021-11-19,28.15,28.59,27.92,28.06,28.4,-0.34,-1.1972,69658.22,196130.781,2023-08-01
300582.SZ,2021-11-19,26.71,27.56,26.71,27.26,26.83,0.43,1.6027,75890.0,206349.212,2023-08-01
300583.SZ,2021-11-19,21.82,22.37,21.8,22.0,21.89,0.11,0.5025,5162.48,11392.966,2023-08-01
300584.SZ,2021-11-19,16.61,16.97,16.55,16.83,16.58,0.25,1.5078,3610.49,6058.924,2023-08-01
300585.SZ,2021-11-19,13.99,14.6,13.78,14.44,13.99,0.45,3.2166,59274.88,84507.978,2023-08-01
300586.SZ,2021-11-19,11.7,13.18,11.62,12.92,11.82,1.1,9.3063,356483.0,446182.289,2023-08-01
300587.SZ,2021-11-19,19.27,20.8,19.09,20.09,19.27,0.82,4.2553,179676.35,360664.6,2023-08-01
300588.SZ,2021-11-19,12.91,13.39,12.55,12.55,12.75,-0.2,-1.5686,80716.0,104605.386,2023-08-01
300589.SZ,2021-11-19,24.23,26.2,24.1,25.17,24.2,0.97,4.0083,138391.91,348377.723,2023-08-01
300590.SZ,2021-11-19,24.8,25.38,24.71,24.82,24.98,-0.16,-0.6405,54867.93,137326.949,2023-08-01
300591.SZ,2021-11-19,6.48,6.57,6.43,6.54,6.52,0.02,0.3067,55535.54,36118.724,2023-08-01
300592.SZ,2021-11-19,20.15,20.72,19.7,20.16,20.3,-0.14,-0.6897,18795.0,37912.748,2023-08-01
300593.SZ,2021-11-19,52.17,54.28,51.36,53.7,52.88,0.82,1.5507,31890.87,168907.799,2023-08-01
300594.SZ,2021-11-19,19.37,19.65,19.23,19.27,19.46,-0.19,-0.9764,27426.0,53187.9,2023-08-01
300595.SZ,2021-11-19,62.18,62.96,60.94,61.54,62.3,-0.76,-1.2199,89602.18,553339.039,2023-08-01
300596.SZ,2021-11-19,41.66,42.65,41.61,42.57,41.65,0.92,2.2089,15791.4,66967.612,2023-08-01
300597.SZ,2021-11-19,9.14,9.24,9.01,9.15,9.1,0.05,0.5495,39719.0,36335.729,2023-08-01
300598.SZ,2021-11-19,72.6,72.96,71.44,72.48,72.32,0.16,0.2212,54199.25,391473.298,2023-08-01
300600.SZ,2021-11-19,11.13,11.35,10.88,10.97,11.19,-0.22,-1.966,121689.0,134193.228,2023-08-01
300601.SZ,2021-11-19,112.2,113.48,111.3,112.72,111.91,0.81,0.7238,39158.69,441115.753,2023-08-01
300602.SZ,2021-11-19,22.65,23.3,22.61,22.72,22.65,0.07,0.3091,43504.07,99384.674,2023-08-01
300603.SZ,2021-11-19,8.49,8.65,8.47,8.58,8.49,0.09,1.0601,23283.51,19958.086,2023-08-01
300604.SZ,2021-11-19,51.42,53.19,51.05,52.68,51.95,0.73,1.4052,101226.74,528883.119,2023-08-01
300605.SZ,2021-11-19,14.17,14.75,14.12,14.65,14.17,0.48,3.3874,65664.3,95238.993,2023-08-01
300606.SZ,2021-11-19,20.91,21.31,20.49,21.03,20.94,0.09,0.4298,36288.0,76050.642,2023-08-01
300607.SZ,2021-11-19,16.25,16.59,16.05,16.43,16.18,0.25,1.5451,67037.98,109611.098,2023-08-01
300608.SZ,2021-11-19,13.95,14.14,13.71,13.89,13.91,-0.02,-0.1438,144365.04,200600.004,2023-08-01
300609.SZ,2021-11-19,17.62,18.42,17.62,17.96,17.44,0.52,2.9817,66246.09,120107.147,2023-08-01
300610.SZ,2021-11-19,15.2,18.18,15.0,17.32,15.28,2.04,13.3508,338900.14,569403.743,2023-08-01
300611.SZ,2021-11-19,10.34,12.53,10.34,11.99,10.45,1.54,14.7368,190341.67,217694.76,2023-08-01
300612.SZ,2021-11-19,13.55,13.73,13.49,13.65,13.61,0.04,0.2939,16749.25,22825.481,2023-08-01
300613.SZ,2021-11-19,149.22,153.55,148.91,151.68,149.2,2.48,1.6622,19201.4,290378.693,2023-08-01
300614.SZ,2021-11-19,55.7,55.7,52.7,53.92,55.7,-1.78,-3.1957,45191.12,243407.351,2023-08-01
300615.SZ,2021-11-19,13.28,14.49,13.2,13.84,13.18,0.66,5.0076,67796.84,94261.772,2023-08-01
300616.SZ,2021-11-19,44.18,45.47,43.93,45.45,44.27,1.18,2.6655,13718.16,61669.322,2023-08-01
300617.SZ,2021-11-19,73.86,77.99,72.06,76.22,73.85,2.37,3.2092,30158.38,228820.963,2023-08-01
300618.SZ,2021-11-19,78.57,80.8,78.1,79.37,78.6,0.77,0.9796,63294.09,503603.144,2023-08-01
300619.SZ,2021-11-19,97.0,108.0,94.23,104.7,99.0,5.7,5.7576,118945.13,1205670.575,2023-08-01
300620.SZ,2021-11-19,51.78,54.88,51.11,52.58,51.5,1.08,2.0971,55956.4,295736.642,2023-08-01
300621.SZ,2021-11-19,9.11,9.25,9.11,9.21,9.13,0.08,0.8762,17300.0,15936.317,2023-08-01
300622.SZ,2021-11-19,20.63,21.14,20.46,20.94,20.63,0.31,1.5027,19836.19,41312.371,2023-08-01
300623.SZ,2021-11-19,30.86,32.22,30.71,32.19,30.86,1.33,4.3098,255305.52,810464.552,2023-08-01
300624.SZ,2021-11-19,45.8,47.3,45.6,46.47,46.12,0.35,0.7589,50918.42,237924.034,2023-08-01
300625.SZ,2021-11-19,14.6,14.76,14.4,14.69,14.66,0.03,0.2046,11201.12,16361.327,2023-08-01
300626.SZ,2021-11-19,11.85,12.1,11.61,11.76,11.92,-0.16,-1.3423,87885.0,103750.037,2023-08-01
300627.SZ,2021-11-19,43.8,45.42,43.75,44.92,43.94,0.98,2.2303,32878.72,147816.253,2023-08-01
300628.SZ,2021-11-19,79.28,80.8,77.8,79.14,79.85,-0.71,-0.8892,24076.26,189728.753,2023-08-01
300629.SZ,2021-11-19,31.08,31.75,30.8,30.98,31.36,-0.38,-1.2117,65960.5,205881.294,2023-08-01
300630.SZ,2021-11-19,52.28,55.1,52.28,54.75,52.16,2.59,4.9655,30750.15,165856.715,2023-08-01
300631.SZ,2021-11-19,44.4,47.45,44.05,44.68,46.03,-1.35,-2.9329,175152.33,795956.792,2023-08-01
300632.SZ,2021-11-19,14.18,14.48,14.0,14.37,14.19,0.18,1.2685,59738.25,85274.194,2023-08-01
300633.SZ,2021-11-19,30.25,31.39,30.07,30.84,30.15,0.69,2.2886,43093.95,133365.265,2023-08-01
300634.SZ,2021-11-19,17.95,18.43,17.94,17.98,17.97,0.01,0.0556,50884.05,92254.841,2023-08-01
300635.SZ,2021-11-19,16.27,16.37,16.0,16.25,16.34,-0.09,-0.5508,8696.0,14060.534,2023-08-01
300636.SZ,2021-11-19,16.82,17.05,16.68,16.9,16.7,0.2,1.1976,22553.06,38055.935,2023-08-01
300637.SZ,2021-11-19,8.47,8.69,8.44,8.51,8.48,0.03,0.3538,46812.3,40169.294,2023-08-01
300638.SZ,2021-11-19,53.99,54.98,53.84,54.15,54.38,-0.23,-0.4229,29475.94,159889.472,2023-08-01
300639.SZ,2021-11-19,27.89,28.34,27.83,28.28,27.92,0.36,1.2894,23427.35,65934.612,2023-08-01
300640.SZ,2021-11-19,6.32,6.45,6.18,6.23,6.39,-0.16,-2.5039,222152.24,139519.575,2023-08-01
300641.SZ,2021-11-19,6.68,6.88,6.59,6.87,6.63,0.24,3.6199,81255.5,55031.727,2023-08-01
300642.SZ,2021-11-19,28.61,29.05,28.54,28.94,28.6,0.34,1.1888,13037.69,37549.762,2023-08-01
300643.SZ,2021-11-19,14.13,14.49,13.9,14.3,14.16,0.14,0.9887,88365.63,126242.608,2023-08-01
300644.SZ,2021-11-19,19.1,19.66,19.08,19.59,19.24,0.35,1.8191,14966.32,29061.055,2023-08-01
300645.SZ,2021-11-19,20.5,22.35,20.5,22.02,20.56,1.46,7.1012,55599.3,121144.924,2023-08-01
300647.SZ,2021-11-19,8.74,9.24,8.7,8.96,8.75,0.21,2.4,121027.24,109069.85,2023-08-01
300648.SZ,2021-11-19,61.94,62.95,61.38,61.9,61.74,0.16,0.2592,39443.0,244536.866,2023-08-01
300649.SZ,2021-11-19,15.4,15.72,15.37,15.63,15.42,0.21,1.3619,9886.0,15430.424,2023-08-01
300650.SZ,2021-11-19,24.7,24.81,24.13,24.31,24.7,-0.39,-1.5789,19908.46,48450.391,2023-08-01
300651.SZ,2021-11-19,28.0,28.89,27.75,28.64,28.0,0.64,2.2857,11097.0,31495.977,2023-08-01
300652.SZ,2021-11-19,25.03,25.68,24.39,25.03,25.2,-0.17,-0.6746,74620.0,185962.516,2023-08-01
300653.SZ,2021-11-19,66.72,67.79,65.5,67.2,66.72,0.48,0.7194,25038.72,167422.682,2023-08-01
300654.SZ,2021-11-19,7.83,7.94,7.75,7.87,7.76,0.11,1.4175,13599.46,10709.934,2023-08-01
300655.SZ,2021-11-19,42.79,43.6,42.47,42.67,42.78,-0.11,-0.2571,128544.17,551909.245,2023-08-01
300656.SZ,2021-11-19,48.5,49.06,46.41,47.69,48.61,-0.92,-1.8926,20337.91,95828.948,2023-08-01
300657.SZ,2021-11-19,17.48,18.2,17.37,17.77,17.37,0.4,2.3028,146337.92,259785.818,2023-08-01
300658.SZ,2021-11-19,10.43,10.53,10.28,10.4,10.5,-0.1,-0.9524,14458.5,15028.982,2023-08-01
300659.SZ,2021-11-19,38.38,39.82,37.75,39.53,37.7,1.83,4.8541,34058.5,133381.29,2023-08-01
300660.SZ,2021-11-19,33.73,35.85,32.12,35.82,34.54,1.28,3.7058,82985.68,282692.875,2023-08-01
300661.SZ,2021-11-19,331.0,336.6,322.25,333.0,332.86,0.14,0.0421,16332.12,537707.326,2023-08-01
300662.SZ,2021-11-19,60.05,61.7,59.65,61.68,60.87,0.81,1.3307,10122.0,61450.591,2023-08-01
300663.SZ,2021-11-19,16.76,16.92,16.61,16.82,16.75,0.07,0.4179,91490.33,153529.049,2023-08-01
300664.SZ,2021-11-19,6.37,6.48,6.34,6.47,6.37,0.1,1.5699,80091.65,51391.917,2023-08-01
300665.SZ,2021-11-19,9.22,9.37,9.09,9.3,9.21,0.09,0.9772,25424.6,23481.255,2023-08-01
300666.SZ,2021-11-19,44.33,45.3,44.03,44.58,44.78,-0.2,-0.4466,42214.56,187684.209,2023-08-01
300667.SZ,2021-11-19,23.52,24.6,23.52,24.4,23.66,0.74,3.1276,29541.51,71725.964,2023-08-01
300668.SZ,2021-11-19,15.52,15.84,15.27,15.65,15.57,0.08,0.5138,22667.53,35298.702,2023-08-01
300669.SZ,2021-11-19,18.35,18.56,18.18,18.4,18.35,0.05,0.2725,10420.51,19136.895,2023-08-01
300670.SZ,2021-11-19,11.76,12.23,11.52,11.61,11.74,-0.13,-1.1073,211028.35,250274.046,2023-08-01
300671.SZ,2021-11-19,79.36,79.66,77.51,78.95,78.85,0.1,0.1268,67749.99,531043.8,2023-08-01
300672.SZ,2021-11-19,227.02,229.25,219.8,225.6,227.3,-1.7,-0.7479,28419.46,638693.238,2023-08-01
300673.SZ,2021-11-19,18.17,18.29,18.06,18.18,18.19,-0.01,-0.055,21550.47,39150.562,2023-08-01
300674.SZ,2021-11-19,20.01,20.42,19.9,20.12,19.9,0.22,1.1055,121636.64,245146.723,2023-08-01
300675.SZ,2021-11-19,14.73,14.73,14.42,14.61,14.59,0.02,0.1371,17201.0,25005.557,2023-08-01
300676.SZ,2021-11-19,90.2,91.3,89.71,90.75,90.61,0.14,0.1545,21164.59,191411.11,2023-08-01
300677.SZ,2021-11-19,55.0,55.5,54.44,55.09,55.04,0.05,0.0908,79798.21,438214.419,2023-08-01
300678.SZ,2021-11-19,17.36,17.75,17.25,17.55,17.37,0.18,1.0363,21367.55,37486.858,2023-08-01
300679.SZ,2021-11-19,52.0,55.0,51.31,54.84,52.2,2.64,5.0575,106004.85,568141.358,2023-08-01
300680.SZ,2021-11-19,32.01,32.93,31.35,31.85,32.2,-0.35,-1.087,40380.71,129055.068,2023-08-01
300681.SZ,2021-11-19,123.13,126.34,114.0,120.8,122.1,-1.3,-1.0647,29122.09,351307.956,2023-08-01
300682.SZ,2021-11-19,35.42,38.5,35.3,38.49,35.7,2.79,7.8151,88040.06,330384.43,2023-08-01
300683.SZ,2021-11-19,48.39,50.99,48.01,50.1,48.48,1.62,3.3416,13757.0,68589.673,2023-08-01
300684.SZ,2021-11-19,20.55,21.11,20.21,20.72,20.69,0.03,0.145,123900.53,256324.989,2023-08-01
300685.SZ,2021-11-19,80.99,81.5,79.5,80.12,81.15,-1.03,-1.2693,12110.85,97152.014,2023-08-01
300686.SZ,2021-11-19,14.3,14.56,14.24,14.48,14.37,0.11,0.7655,29260.6,42294.097,2023-08-01
300687.SZ,2021-11-19,26.39,27.58,26.35,27.38,26.63,0.75,2.8164,49044.03,133885.655,2023-08-01
300688.SZ,2021-11-19,39.25,41.72,39.21,41.29,38.82,2.47,6.3627,195880.57,799749.82,2023-08-01
300689.SZ,2021-11-19,21.52,22.07,21.51,21.87,21.57,0.3,1.3908,6856.57,14989.002,2023-08-01
300690.SZ,2021-11-19,30.87,31.5,30.2,31.16,31.27,-0.11,-0.3518,109787.93,338840.426,2023-08-01
300691.SZ,2021-11-19,25.5,27.27,23.88,23.97,24.95,-0.98,-3.9279,386990.25,982065.992,2023-08-01
300692.SZ,2021-11-19,7.87,7.94,7.69,7.9,7.84,0.06,0.7653,98347.85,76866.554,2023-08-01
300693.SZ,2021-11-19,47.5,47.99,43.6,45.78,48.5,-2.72,-5.6082,209228.15,949284.004,2023-08-01
300694.SZ,2021-11-19,12.67,13.13,12.6,13.07,12.68,0.39,3.0757,67739.98,87882.148,2023-08-01
300695.SZ,2021-11-19,55.5,55.5,53.53,54.85,55.55,-0.7,-1.2601,5020.0,27390.883,2023-08-01
300696.SZ,2021-11-19,53.81,54.08,52.86,53.48,53.85,-0.37,-0.6871,17619.6,94231.946,2023-08-01
300697.SZ,2021-11-19,12.63,12.79,12.48,12.69,12.76,-0.07,-0.5486,41978.7,53017.911,2023-08-01
300698.SZ,2021-11-19,26.69,27.76,26.3,26.67,26.68,-0.01,-0.0375,39138.17,105165.145,2023-08-01
300699.SZ,2021-11-19,81.65,83.11,80.81,81.3,81.39,-0.09,-0.1106,73651.37,604191.077,2023-08-01
300700.SZ,2021-11-19,13.82,14.07,13.7,13.96,13.83,0.13,0.94,23466.8,32725.425,2023-08-01
300701.SZ,2021-11-19,17.38,18.66,17.37,18.52,17.74,0.78,4.3968,58921.5,107961.383,2023-08-01
300702.SZ,2021-11-19,48.22,50.9,47.35,50.71,49.0,1.71,3.4898,74221.83,369138.205,2023-08-01
300703.SZ,2021-11-19,10.95,11.61,10.68,11.17,10.87,0.3,2.7599,90190.21,100449.797,2023-08-01
300705.SZ,2021-11-19,24.03,24.7,23.89,24.53,24.06,0.47,1.9534,33228.64,80511.367,2023-08-01
300706.SZ,2021-11-19,31.48,31.82,29.88,30.43,31.84,-1.41,-4.4284,119759.99,365360.377,2023-08-01
300707.SZ,2021-11-19,20.9,21.36,20.03,21.0,21.09,-0.09,-0.4267,127331.12,263984.884,2023-08-01
300708.SZ,2021-11-19,17.74,17.95,17.6,17.9,17.69,0.21,1.1871,90093.8,160479.413,2023-08-01
300709.SZ,2021-11-19,55.18,55.87,53.35,53.5,56.0,-2.5,-4.4643,86572.31,468866.61,2023-08-01
300710.SZ,2021-11-19,60.01,61.49,59.11,60.0,60.01,-0.01,-0.0167,10313.0,61840.539,2023-08-01
300711.SZ,2021-11-19,14.23,14.52,14.12,14.46,14.26,0.2,1.4025,24562.0,35200.153,2023-08-01
300712.SZ,2021-11-19,61.22,62.15,59.8,61.09,61.21,-0.12,-0.196,38262.0,233409.044,2023-08-01
300713.SZ,2021-11-19,20.86,22.52,20.86,21.79,21.05,0.74,3.5154,83645.51,182918.397,2023-08-01
300715.SZ,2021-11-19,18.56,19.09,18.38,19.05,18.56,0.49,2.6401,27778.12,52173.913,2023-08-01
300716.SZ,2021-11-19,9.32,9.49,9.2,9.43,9.37,0.06,0.6403,33933.18,31796.675,2023-08-01
300717.SZ,2021-11-19,14.83,15.36,14.8,15.34,14.84,0.5,3.3693,18602.6,28259.431,2023-08-01
300718.SZ,2021-11-19,19.93,22.0,19.93,21.55,20.25,1.3,6.4198,136781.64,289996.966,2023-08-01
300719.SZ,2021-11-19,14.18,14.24,13.88,13.99,14.07,-0.08,-0.5686,55690.0,78243.694,2023-08-01
300720.SZ,2021-11-19,14.38,14.84,14.26,14.51,14.29,0.22,1.5395,41016.11,59746.429,2023-08-01
300721.SZ,2021-11-19,49.41,58.8,48.6,56.96,49.41,7.55,15.2803,42729.15,231318.075,2023-08-01
300722.SZ,2021-11-19,42.78,43.35,42.35,42.78,42.92,-0.14,-0.3262,22096.22,94757.557,2023-08-01
300723.SZ,2021-11-19,34.44,34.44,33.31,33.86,33.95,-0.09,-0.2651,18616.67,62610.273,2023-08-01
300724.SZ,2021-11-19,110.0,112.0,106.3,110.45,106.35,4.1,3.8552,132624.18,1449056.082,2023-08-01
300725.SZ,2021-11-19,140.25,142.75,140.2,142.45,141.0,1.45,1.0284,17240.73,243686.73,2023-08-01
300726.SZ,2021-11-19,85.2,89.64,85.02,87.0,85.9,1.1,1.2806,25229.48,221658.837,2023-08-01
300727.SZ,2021-11-19,31.81,32.58,30.98,32.4,31.69,0.71,2.2405,61695.88,196939.61,2023-08-01
300729.SZ,2021-11-19,32.89,33.24,32.2,32.49,32.72,-0.23,-0.7029,26794.33,87572.901,2023-08-01
300730.SZ,2021-11-19,15.49,15.73,15.2,15.65,15.47,0.18,1.1635,27213.69,42165.107,2023-08-01
300731.SZ,2021-11-19,36.61,37.99,36.0,37.55,36.55,1.0,2.736,34724.35,128945.412,2023-08-01
300732.SZ,2021-11-19,11.5,11.65,11.39,11.63,11.54,0.09,0.7799,22126.64,25540.412,2023-08-01
300733.SZ,2021-11-19,22.92,23.06,22.54,22.91,22.87,0.04,0.1749,16299.07,37175.086,2023-08-01
300735.SZ,2021-11-19,13.93,14.1,13.67,13.78,13.92,-0.14,-1.0057,177629.71,245400.702,2023-08-01
300736.SZ,2021-11-19,12.87,13.13,12.75,12.84,12.81,0.03,0.2342,14761.4,19011.681,2023-08-01
300737.SZ,2021-11-19,13.68,14.54,13.62,14.49,13.73,0.76,5.5353,146119.33,207060.838,2023-08-01
300738.SZ,2021-11-19,20.61,20.98,20.61,20.85,20.75,0.1,0.4819,34863.0,72594.684,2023-08-01
300739.SZ,2021-11-19,19.7,19.8,19.09,19.24,19.47,-0.23,-1.1813,100413.76,195039.525,2023-08-01
300740.SZ,2021-11-19,16.8,17.05,16.48,16.66,16.83,-0.17,-1.0101,56372.74,94052.794,2023-08-01
300741.SZ,2021-11-19,54.42,55.55,53.4,54.39,55.7,-1.31,-2.3519,41457.07,224854.936,2023-08-01
300742.SZ,2021-11-19,34.43,35.53,34.2,34.78,34.2,0.58,1.6959,32393.0,113097.601,2023-08-01
300743.SZ,2021-11-19,10.87,11.11,10.8,11.03,10.89,0.14,1.2856,14711.94,16179.564,2023-08-01
300745.SZ,2021-11-19,64.47,67.92,63.1,66.79,63.99,2.8,4.3757,68261.0,450595.503,2023-08-01
300746.SZ,2021-11-19,13.96,14.38,13.67,14.18,13.92,0.26,1.8678,59880.0,84188.475,2023-08-01
300747.SZ,2021-11-19,61.0,65.96,60.61,64.07,60.87,3.2,5.2571,104967.13,673104.136,2023-08-01
300748.SZ,2021-11-19,43.13,44.08,41.77,42.8,44.01,-1.21,-2.7494,233707.0,997900.671,2023-08-01
300749.SZ,2021-11-19,9.38,9.5,9.3,9.47,9.36,0.11,1.1752,25386.0,23930.355,2023-08-01
300750.SZ,2021-11-19,631.0,639.0,620.05,639.0,626.0,13.0,2.0767,84567.9,5343617.369,2023-08-01
300751.SZ,2021-11-19,657.9,670.0,645.0,657.5,657.9,-0.4,-0.0608,11951.11,785844.463,2023-08-01
300752.SZ,2021-11-19,26.47,26.7,25.53,25.57,26.2,-0.63,-2.4046,39201.0,101608.752,2023-08-01
300753.SZ,2021-11-19,17.55,17.75,17.35,17.68,17.36,0.32,1.8433,7921.08,13960.744,2023-08-01
300755.SZ,2021-11-19,45.55,46.21,44.5,45.29,45.06,0.23,0.5104,35432.23,160665.343,2023-08-01
300756.SZ,2021-11-19,27.36,28.75,26.63,27.1,27.8,-0.7,-2.518,44776.04,123283.497,2023-08-01
300757.SZ,2021-11-19,56.75,59.65,56.56,58.77,56.58,2.19,3.8706,29542.7,172586.53,2023-08-01
300758.SZ,2021-11-19,15.35,15.5,15.09,15.45,15.41,0.04,0.2596,54622.34,83787.022,2023-08-01
300759.SZ,2021-11-19,184.0,185.46,179.58,181.86,184.99,-3.13,-1.692,25568.3,464698.995,2023-08-01
300760.SZ,2021-11-19,371.0,379.69,371.0,378.1,375.48,2.62,0.6978,18696.31,706451.371,2023-08-01
300761.SZ,2021-11-19,29.74,29.95,29.28,29.47,29.74,-0.27,-0.9079,18900.76,55763.878,2023-08-01
300762.SZ,2021-11-19,26.07,26.39,25.85,26.0,26.22,-0.22,-0.8391,77800.67,203194.309,2023-08-01
300763.SZ,2021-11-19,229.81,245.0,228.2,243.0,229.81,13.19,5.7395,52184.6,1245110.847,2023-08-01
300765.SZ,2021-11-19,12.9,13.37,12.89,13.19,12.9,0.29,2.2481,35129.68,46168.166,2023-08-01
300766.SZ,2021-11-19,14.59,14.66,14.34,14.39,14.31,0.08,0.559,76839.6,111443.485,2023-08-01
300767.SZ,2021-11-19,87.26,87.96,83.73,86.8,87.28,-0.48,-0.55,30934.26,263673.479,2023-08-01
300768.SZ,2021-11-19,45.69,46.46,45.16,45.72,45.22,0.5,1.1057,11907.44,54698.96,2023-08-01
300769.SZ,2021-11-19,521.0,555.98,518.01,542.6,527.83,14.77,2.7982,21724.12,1177433.671,2023-08-01
300770.SZ,2021-11-19,62.0,64.8,59.6,64.17,62.04,2.13,3.4333,199766.55,1246609.708,2023-08-01
300771.SZ,2021-11-19,17.52,18.17,17.51,18.02,17.52,0.5,2.8539,15731.29,28234.667,2023-08-01
300772.SZ,2021-11-19,52.18,56.72,51.88,55.1,52.8,2.3,4.3561,170127.23,932860.546,2023-08-01
300773.SZ,2021-11-19,25.24,25.59,25.0,25.41,25.24,0.17,0.6735,84692.45,214557.669,2023-08-01
300774.SZ,2021-11-19,20.63,22.48,19.22,19.68,20.45,-0.77,-3.7653,240316.39,497376.254,2023-08-01
300775.SZ,2021-11-19,51.44,52.96,50.84,51.62,52.02,-0.4,-0.7689,79973.62,414319.181,2023-08-01
300776.SZ,2021-11-19,192.12,209.8,183.0,205.63,194.44,11.19,5.755,54629.54,1073743.507,2023-08-01
300777.SZ,2021-11-19,67.81,68.18,65.0,66.15,67.5,-1.35,-2.0,99671.96,661538.118,2023-08-01
300778.SZ,2021-11-19,18.9,19.13,18.72,18.95,18.96,-0.01,-0.0527,5416.75,10251.217,2023-08-01
300779.SZ,2021-11-19,16.58,16.71,16.36,16.56,16.64,-0.08,-0.4808,13283.0,21992.423,2023-08-01
300780.SZ,2021-11-19,16.79,17.35,16.69,17.33,16.82,0.51,3.0321,39183.0,66794.528,2023-08-01
300781.SZ,2021-11-19,24.81,24.81,23.01,23.7,24.85,-1.15,-4.6278,62644.82,148555.599,2023-08-01
300782.SZ,2021-11-19,302.0,306.78,299.0,300.36,303.85,-3.49,-1.1486,39520.4,1190721.478,2023-08-01
300783.SZ,2021-11-19,36.5,37.39,36.48,36.89,36.72,0.17,0.463,41199.58,152106.786,2023-08-01
300785.SZ,2021-11-19,74.9,75.28,74.7,75.15,74.98,0.17,0.2267,3181.33,23856.129,2023-08-01
300786.SZ,2021-11-19,34.17,39.76,34.17,38.18,34.0,4.18,12.2941,99344.8,367153.532,2023-08-01
300787.SZ,2021-11-19,27.8,28.85,27.8,28.23,28.34,-0.11,-0.3881,29361.79,82925.736,2023-08-01
300788.SZ,2021-11-19,26.51,26.95,26.19,26.62,26.63,-0.01,-0.0376,19468.0,51572.127,2023-08-01
300789.SZ,2021-11-19,29.89,30.68,29.71,29.76,29.88,-0.12,-0.4016,14043.0,42276.248,2023-08-01
300790.SZ,2021-11-19,39.34,42.6,39.34,42.31,39.55,2.76,6.9785,44243.4,183598.255,2023-08-01
300791.SZ,2021-11-19,46.45,47.18,46.02,46.69,46.45,0.24,0.5167,10710.99,50008.239,2023-08-01
300792.SZ,2021-11-19,50.85,51.58,50.13,50.98,51.37,-0.39,-0.7592,16504.5,83841.247,2023-08-01
300793.SZ,2021-11-19,20.01,20.11,19.4,19.53,20.35,-0.82,-4.0295,112299.83,220729.824,2023-08-01
300795.SZ,2021-11-19,22.0,22.0,21.59,21.59,22.0,-0.41,-1.8636,3241.0,7035.917,2023-08-01
300796.SZ,2021-11-19,16.65,17.06,16.6,16.89,16.63,0.26,1.5634,6923.0,11675.547,2023-08-01
300797.SZ,2021-11-19,16.21,16.29,15.85,16.22,16.08,0.14,0.8706,19385.0,31206.041,2023-08-01
300798.SZ,2021-11-19,9.6,9.72,9.53,9.66,9.6,0.06,0.625,26547.97,25588.54,2023-08-01
300799.SZ,2021-11-19,54.46,58.99,54.28,57.73,54.46,3.27,6.0044,16071.84,92366.36,2023-08-01
300800.SZ,2021-11-19,24.38,26.08,24.03,25.4,24.31,1.09,4.4838,56507.0,142815.66,2023-08-01
300801.SZ,2021-11-19,19.8,21.79,19.8,21.76,19.8,1.96,9.899,132377.33,280889.86,2023-08-01
300802.SZ,2021-11-19,43.07,43.8,41.95,42.25,42.79,-0.54,-1.262,35158.34,150661.44,2023-08-01
300803.SZ,2021-11-19,33.78,34.75,33.26,34.15,33.82,0.33,0.9758,55080.34,187139.634,2023-08-01
300805.SZ,2021-11-19,11.56,12.17,11.56,11.78,11.63,0.15,1.2898,54696.4,65341.931,2023-08-01
300806.SZ,2021-11-19,52.93,53.49,51.3,52.71,53.26,-0.55,-1.0327,29311.15,152944.5,2023-08-01
300807.SZ,2021-11-19,23.76,24.9,23.76,24.49,23.75,0.74,3.1158,17325.3,42396.687,2023-08-01
300808.SZ,2021-11-19,13.71,13.91,13.52,13.86,13.73,0.13,0.9468,8802.05,12127.011,2023-08-01
300809.SZ,2021-11-19,58.31,60.58,55.8,58.09,58.71,-0.62,-1.056,90251.0,526766.526,2023-08-01
300810.SZ,2021-11-19,25.39,26.86,25.1,26.6,25.31,1.29,5.0968,80212.86,210342.554,2023-08-01
300811.SZ,2021-11-19,102.6,107.32,101.2,103.1,102.6,0.5,0.4873,19853.2,207370.639,2023-08-01
300812.SZ,2021-11-19,24.54,25.46,24.31,25.07,24.2,0.87,3.595,44797.77,111902.01,2023-08-01
300813.SZ,2021-11-19,73.14,77.99,73.14,75.88,74.38,1.5,2.0167,8337.0,63706.516,2023-08-01
300814.SZ,2021-11-19,27.97,28.44,27.25,27.67,27.98,-0.31,-1.1079,50221.81,139704.417,2023-08-01
300815.SZ,2021-11-19,30.63,30.82,30.19,30.69,30.45,0.24,0.7882,13241.42,40504.16,2023-08-01
300816.SZ,2021-11-19,54.52,55.0,52.62,53.6,54.52,-0.92,-1.6875,15256.07,81344.144,2023-08-01
300817.SZ,2021-11-19,23.5,24.3,23.2,24.27,23.56,0.71,3.0136,24679.84,59426.695,2023-08-01
300818.SZ,2021-11-19,38.0,39.8,37.7,37.91,37.69,0.22,0.5837,24069.0,92617.889,2023-08-01
300819.SZ,2021-11-19,26.14,27.12,26.14,26.86,26.11,0.75,2.8725,25007.0,66920.704,2023-08-01
300820.SZ,2021-11-19,90.74,96.46,90.5,94.5,90.74,3.76,4.1437,25417.0,239219.598,2023-08-01
300821.SZ,2021-11-19,20.66,21.86,20.32,21.58,20.95,0.63,3.0072,363444.16,771493.699,2023-08-01
300822.SZ,2021-11-19,23.86,24.2,23.54,24.04,23.76,0.28,1.1785,8513.67,20383.278,2023-08-01
300823.SZ,2021-11-19,24.44,24.55,23.74,24.5,24.3,0.2,0.823,13988.04,33885.545,2023-08-01
300824.SZ,2021-11-19,19.3,19.58,19.16,19.32,19.29,0.03,0.1555,7285.0,14091.511,2023-08-01
300825.SZ,2021-11-19,30.6,31.38,30.15,31.2,30.51,0.69,2.2616,37409.0,115622.862,2023-08-01
300826.SZ,2021-11-19,20.15,21.26,20.15,21.26,20.0,1.26,6.3,50500.16,105693.474,2023-08-01
300827.SZ,2021-11-19,100.5,104.49,100.0,102.99,101.66,1.33,1.3083,44671.59,458149.605,2023-08-01
300828.SZ,2021-11-19,25.21,29.2,25.01,27.16,24.97,2.19,8.7705,105213.92,284934.168,2023-08-01
300829.SZ,2021-11-19,42.12,46.9,42.12,44.94,42.12,2.82,6.6952,58924.13,266096.718,2023-08-01
300830.SZ,2021-11-19,13.15,13.25,12.78,12.98,13.13,-0.15,-1.1424,166115.0,216364.117,2023-08-01
300831.SZ,2021-11-19,21.47,22.13,19.44,21.33,21.13,0.2,0.9465,488015.61,1005935.647,2023-08-01
300832.SZ,2021-11-19,46.5,46.98,45.86,46.68,46.68,0.0,0.0,13004.89,60420.228,2023-08-01
300833.SZ,2021-11-19,88.0,90.88,86.28,87.7,85.93,1.77,2.0598,6338.17,55914.207,2023-08-01
300835.SZ,2021-11-19,77.21,81.56,75.56,79.11,77.89,1.22,1.5663,49206.13,383022.192,2023-08-01
300836.SZ,2021-11-19,34.4,35.0,34.2,34.84,34.51,0.33,0.9562,4137.77,14368.283,2023-08-01
300837.SZ,2021-11-19,43.45,44.63,43.06,44.34,43.61,0.73,1.6739,6604.0,28902.09,2023-08-01
300838.SZ,2021-11-19,17.45,17.75,17.19,17.56,17.28,0.28,1.6204,14929.22,26128.821,2023-08-01
300839.SZ,2021-11-19,21.01,21.15,20.37,20.47,20.99,-0.52,-2.4774,21878.2,44977.015,2023-08-01
300840.SZ,2021-11-19,11.58,11.73,11.57,11.71,11.58,0.13,1.1226,10962.0,12788.168,2023-08-01
300841.SZ,2021-11-19,165.2,167.44,164.55,165.95,164.02,1.93,1.1767,4776.18,79321.692,2023-08-01
300842.SZ,2021-11-19,74.8,86.99,74.58,84.55,75.24,9.31,12.3737,82013.33,664742.431,2023-08-01
300843.SZ,2021-11-19,28.44,29.3,28.22,28.36,28.09,0.27,0.9612,29063.0,83502.602,2023-08-01
300844.SZ,2021-11-19,63.26,64.58,63.26,64.13,63.0,1.13,1.7937,4495.0,28750.48,2023-08-01
300845.SZ,2021-11-19,21.65,21.77,20.71,21.12,21.09,0.03,0.1422,19191.0,40613.195,2023-08-01
300846.SZ,2021-11-19,13.4,14.02,13.32,13.58,13.6,-0.02,-0.1471,154125.02,210342.62,2023-08-01
300847.SZ,2021-11-19,15.23,15.28,14.86,15.08,15.31,-0.23,-1.5023,41494.0,62324.237,2023-08-01
300848.SZ,2021-11-19,33.01,33.58,32.55,33.08,33.14,-0.06,-0.1811,31708.0,105020.704,2023-08-01
300849.SZ,2021-11-19,12.4,12.65,12.37,12.62,12.5,0.12,0.96,9131.29,11440.047,2023-08-01
300850.SZ,2021-11-19,221.27,223.0,216.0,220.39,220.5,-0.11,-0.0499,21829.19,478752.617,2023-08-01
300851.SZ,2021-11-19,28.81,29.04,28.81,29.02,28.93,0.09,0.3111,2282.0,6603.637,2023-08-01
300852.SZ,2021-11-19,56.5,57.69,56.06,56.45,56.01,0.44,0.7856,20888.95,118961.315,2023-08-01
300853.SZ,2021-11-19,43.5,43.88,41.41,42.14,42.73,-0.59,-1.3808,53798.55,229486.85,2023-08-01
300854.SZ,2021-11-19,33.0,33.04,32.22,32.54,33.5,-0.96,-2.8657,36233.39,118091.173,2023-08-01
300855.SZ,2021-11-19,61.69,64.72,61.69,63.16,62.56,0.6,0.9591,29056.31,184179.542,2023-08-01
300856.SZ,2021-11-19,53.1,54.68,52.35,53.5,53.4,0.1,0.1873,14688.0,78141.534,2023-08-01
300857.SZ,2021-11-19,26.17,27.08,26.16,26.9,26.11,0.79,3.0257,16207.0,43442.926,2023-08-01
300858.SZ,2021-11-19,27.77,31.31,27.77,30.99,27.9,3.09,11.0753,40970.9,121945.985,2023-08-01
300859.SZ,2021-11-19,20.09,20.38,19.64,20.11,20.09,0.02,0.0996,19255.0,38411.696,2023-08-01
300860.SZ,2021-11-19,49.51,50.35,48.5,48.85,49.24,-0.39,-0.792,16602.28,81792.035,2023-08-01
300861.SZ,2021-11-19,81.2,82.66,79.52,81.61,81.5,0.11,0.135,15169.26,122952.939,2023-08-01
300862.SZ,2021-11-19,33.69,34.89,33.57,34.35,33.72,0.63,1.8683,20071.72,69014.671,2023-08-01
300863.SZ,2021-11-19,99.01,102.0,96.0,100.08,99.01,1.07,1.0807,32149.89,318372.73,2023-08-01
300864.SZ,2021-11-19,46.66,46.97,46.1,46.8,46.7,0.1,0.2141,6121.7,28497.525,2023-08-01
300865.SZ,2021-11-19,26.49,26.58,26.06,26.33,26.05,0.28,1.0749,6378.0,16811.425,2023-08-01
300866.SZ,2021-11-19,91.5,104.04,91.05,100.83,91.82,9.01,9.8127,48448.6,473502.001,2023-08-01
300867.SZ,2021-11-19,28.04,28.11,27.65,28.0,28.17,-0.17,-0.6035,31397.63,87512.408,2023-08-01
300868.SZ,2021-11-19,25.01,25.42,25.0,25.37,25.0,0.37,1.48,11025.66,27851.739,2023-08-01
300869.SZ,2021-11-19,34.93,35.44,34.92,35.17,34.83,0.34,0.9762,40045.43,140804.763,2023-08-01
300870.SZ,2021-11-19,84.18,89.28,83.52,84.5,84.18,0.32,0.3801,9630.33,82306.166,2023-08-01
300871.SZ,2021-11-19,27.58,27.94,27.29,27.76,27.75,0.01,0.036,9575.97,26428.174,2023-08-01
300872.SZ,2021-11-19,30.88,31.31,30.7,31.19,30.87,0.32,1.0366,19956.75,62065.899,2023-08-01
300873.SZ,2021-11-19,52.45,54.53,52.15,53.76,52.5,1.26,2.4,23778.87,127656.945,2023-08-01
300875.SZ,2021-11-19,65.1,66.5,64.51,66.39,65.7,0.69,1.0502,8011.91,52715.38,2023-08-01
300876.SZ,2021-11-19,29.53,31.0,29.35,30.8,29.4,1.4,4.7619,13695.23,41734.085,2023-08-01
300877.SZ,2021-11-19,24.5,26.0,24.41,25.77,24.45,1.32,5.3988,27848.11,70872.241,2023-08-01
300878.SZ,2021-11-19,41.18,41.93,41.18,41.72,41.53,0.19,0.4575,2832.11,11784.809,2023-08-01
300879.SZ,2021-11-19,19.43,19.67,19.29,19.55,19.24,0.31,1.6112,12484.36,24388.645,2023-08-01
300880.SZ,2021-11-19,26.65,27.38,26.2,26.65,26.66,-0.01,-0.0375,42522.03,113880.54,2023-08-01
300881.SZ,2021-11-19,27.2,27.88,26.58,27.42,26.91,0.51,1.8952,17514.19,47627.655,2023-08-01
300882.SZ,2021-11-19,21.55,21.85,21.21,21.68,21.55,0.13,0.6032,65286.06,140578.562,2023-08-01
300883.SZ,2021-11-19,8.37,8.47,8.29,8.43,8.37,0.06,0.7168,36275.14,30446.676,2023-08-01
300884.SZ,2021-11-19,18.18,19.09,18.18,18.87,18.17,0.7,3.8525,34211.9,63957.06,2023-08-01
300885.SZ,2021-11-19,19.75,21.77,19.74,21.26,19.75,1.51,7.6456,48503.12,101980.891,2023-08-01
300886.SZ,2021-11-19,26.52,27.26,26.52,26.94,26.6,0.34,1.2782,11968.36,32261.106,2023-08-01
300887.SZ,2021-11-19,72.3,72.3,65.82,68.88,72.41,-3.53,-4.875,22322.2,152297.87,2023-08-01
300888.SZ,2021-11-19,80.12,80.5,79.7,80.23,80.11,0.12,0.1498,6576.0,52686.836,2023-08-01
300889.SZ,2021-11-19,18.61,18.89,18.53,18.71,18.53,0.18,0.9714,12149.15,22810.834,2023-08-01
300890.SZ,2021-11-19,58.92,65.3,58.71,64.67,59.36,5.31,8.9454,63021.97,395239.475,2023-08-01
300891.SZ,2021-11-19,16.87,17.09,16.66,16.98,17.07,-0.09,-0.5272,85739.58,144645.382,2023-08-01
300892.SZ,2021-11-19,42.61,43.45,41.24,41.67,42.24,-0.57,-1.3494,19112.44,80056.9,2023-08-01
300893.SZ,2021-11-19,36.28,39.19,36.02,38.0,39.0,-1.0,-2.5641,94705.04,360672.109,2023-08-01
300894.SZ,2021-11-19,52.27,53.7,51.72,52.8,52.62,0.18,0.3421,13785.2,72223.595,2023-08-01
300895.SZ,2021-11-19,43.0,43.78,42.57,43.14,43.96,-0.82,-1.8653,67180.55,289767.505,2023-08-01
300896.SZ,2021-11-19,559.99,569.88,558.0,565.91,561.0,4.91,0.8752,9909.29,560400.923,2023-08-01
300897.SZ,2021-11-19,33.73,34.02,33.34,33.92,33.34,0.58,1.7397,5615.0,18982.772,2023-08-01
300898.SZ,2021-11-19,29.29,29.54,29.0,29.24,29.22,0.02,0.0684,16374.28,47899.796,2023-08-01
300899.SZ,2021-11-19,31.63,32.46,31.32,32.01,32.25,-0.24,-0.7442,8770.16,27930.543,2023-08-01
300900.SZ,2021-11-19,40.53,40.54,38.07,39.22,40.65,-1.43,-3.5178,136572.6,537837.608,2023-08-01
300901.SZ,2021-11-19,12.06,12.49,12.06,12.33,12.06,0.27,2.2388,15010.71,18431.37,2023-08-01
300902.SZ,2021-11-19,26.9,27.88,26.5,27.8,26.78,1.02,3.8088,17548.88,48206.166,2023-08-01
300903.SZ,2021-11-19,27.11,28.2,27.03,27.4,26.91,0.49,1.8209,35958.56,98902.797,2023-08-01
300905.SZ,2021-11-19,25.19,25.5,24.87,25.39,25.23,0.16,0.6342,11195.0,28240.669,2023-08-01
300906.SZ,2021-11-19,31.94,32.48,31.69,31.97,31.93,0.04,0.1253,11399.75,36462.637,2023-08-01
300907.SZ,2021-11-19,24.81,26.08,24.81,25.7,25.03,0.67,2.6768,12494.0,31974.361,2023-08-01
300908.SZ,2021-11-19,49.6,50.13,48.87,49.3,49.95,-0.65,-1.3013,11242.75,55480.634,2023-08-01
300909.SZ,2021-11-19,42.0,42.08,41.19,41.73,42.14,-0.41,-0.9729,25441.76,106042.692,2023-08-01
300910.SZ,2021-11-19,79.39,81.41,78.3,80.34,80.11,0.23,0.2871,8660.74,69698.374,2023-08-01
300911.SZ,2021-11-19,68.45,70.25,67.5,68.21,68.45,-0.24,-0.3506,9843.48,67487.904,2023-08-01
300912.SZ,2021-11-19,27.7,29.16,27.61,28.93,27.78,1.15,4.1397,15027.77,43083.008,2023-08-01
300913.SZ,2021-11-19,32.32,32.67,31.14,31.78,32.41,-0.63,-1.9438,47545.73,150776.401,2023-08-01
300915.SZ,2021-11-19,60.77,61.16,59.4,59.94,60.0,-0.06,-0.1,7102.62,42789.025,2023-08-01
300916.SZ,2021-11-19,64.41,66.1,64.41,65.47,64.74,0.73,1.1276,10716.0,70114.357,2023-08-01
300917.SZ,2021-11-19,27.71,32.21,27.0,29.86,27.43,2.43,8.8589,64306.3,187682.798,2023-08-01
300918.SZ,2021-11-19,9.68,9.98,9.67,9.87,9.71,0.16,1.6478,34862.22,34238.034,2023-08-01
300919.SZ,2021-11-19,161.91,182.89,161.91,182.02,158.87,23.15,14.5717,58998.46,1027590.081,2023-08-01
300920.SZ,2021-11-19,30.2,30.51,29.59,30.19,29.99,0.2,0.6669,4660.48,14031.912,2023-08-01
300921.SZ,2021-11-19,21.88,22.15,21.63,22.02,21.69,0.33,1.5214,14090.2,30921.014,2023-08-01
300922.SZ,2021-11-19,44.02,44.46,43.05,43.49,44.55,-1.06,-2.3793,36125.06,157781.98,2023-08-01
300923.SZ,2021-11-19,30.81,31.4,30.41,31.0,30.7,0.3,0.9772,9198.0,28495.869,2023-08-01
300925.SZ,2021-11-19,31.2,31.97,30.79,31.72,31.7,0.02,0.0631,77589.65,243639.579,2023-08-01
300926.SZ,2021-11-19,26.63,27.78,26.5,27.01,27.15,-0.14,-0.5157,99507.05,269893.906,2023-08-01
300927.SZ,2021-11-19,38.99,40.84,37.88,39.86,38.9,0.96,2.4679,51306.5,202223.475,2023-08-01
300928.SZ,2021-11-19,47.98,51.47,46.99,50.7,48.61,2.09,4.2995,38806.55,192766.39,2023-08-01
300929.SZ,2021-11-19,29.78,29.86,29.02,29.41,30.28,-0.87,-2.8732,21900.11,64394.176,2023-08-01
300930.SZ,2021-11-19,39.0,39.0,36.75,37.99,38.88,-0.89,-2.2891,28734.68,107724.921,2023-08-01
300931.SZ,2021-11-19,11.87,11.9,11.62,11.77,11.86,-0.09,-0.7589,23101.58,27141.366,2023-08-01
300932.SZ,2021-11-19,41.38,41.41,40.3,40.9,40.99,-0.09,-0.2196,22372.57,91339.839,2023-08-01
300933.SZ,2021-11-19,13.23,13.3,12.75,12.85,13.09,-0.24,-1.8335,123971.54,159912.764,2023-08-01
300935.SZ,2021-11-19,55.97,58.93,55.72,58.07,55.6,2.47,4.4424,5173.91,29765.502,2023-08-01
300936.SZ,2021-11-19,41.13,42.2,40.6,42.07,40.67,1.4,3.4423,11571.0,48128.844,2023-08-01
300937.SZ,2021-11-19,44.09,44.42,43.12,43.8,43.76,0.04,0.0914,14076.73,61313.915,2023-08-01
300938.SZ,2021-11-19,43.5,44.06,42.9,43.72,43.16,0.56,1.2975,2568.1,11210.261,2023-08-01
300939.SZ,2021-11-19,53.0,54.76,52.5,54.38,53.14,1.24,2.3335,14247.04,77152.431,2023-08-01
300940.SZ,2021-11-19,38.81,40.27,38.81,38.95,38.67,0.28,0.7241,25431.0,100237.053,2023-08-01
300941.SZ,2021-11-19,40.8,41.84,40.6,41.55,40.6,0.95,2.3399,18660.37,77229.713,2023-08-01
300942.SZ,2021-11-19,26.53,26.84,26.02,26.48,26.66,-0.18,-0.6752,14559.56,38277.857,2023-08-01
300943.SZ,2021-11-19,22.34,27.4,22.34,27.4,22.83,4.57,20.0175,111526.11,284682.886,2023-08-01
300945.SZ,2021-11-19,21.08,21.77,20.39,20.7,21.13,-0.43,-2.035,113678.53,238622.53,2023-08-01
300946.SZ,2021-11-19,92.14,94.0,88.6,89.95,91.22,-1.27,-1.3922,32408.52,295245.171,2023-08-01
300947.SZ,2021-11-19,32.51,33.65,32.48,33.52,32.48,1.04,3.202,10030.58,33316.82,2023-08-01
300948.SZ,2021-11-19,22.3,22.61,22.05,22.44,22.25,0.19,0.8539,16054.76,35906.738,2023-08-01
300949.SZ,2021-11-19,51.33,53.31,51.33,51.48,52.06,-0.58,-1.1141,14184.24,73848.391,2023-08-01
300950.SZ,2021-11-19,38.0,39.54,37.73,39.31,38.08,1.23,3.23,32297.72,125471.694,2023-08-01
300951.SZ,2021-11-19,90.86,92.33,90.16,91.5,90.85,0.65,0.7155,10609.7,96912.781,2023-08-01
300952.SZ,2021-11-19,22.95,23.3,22.79,23.16,22.87,0.29,1.268,8028.6,18544.59,2023-08-01
300953.SZ,2021-11-19,155.9,157.36,150.0,155.24,152.95,2.29,1.4972,11297.52,174914.321,2023-08-01
300955.SZ,2021-11-19,34.09,35.33,33.51,34.36,34.15,0.21,0.6149,16624.55,57087.953,2023-08-01
300956.SZ,2021-11-19,24.61,24.74,23.7,24.55,23.99,0.56,2.3343,32851.15,80083.57,2023-08-01
300957.SZ,2021-11-19,209.0,212.1,207.02,209.39,210.0,-0.61,-0.2905,8673.58,181463.74,2023-08-01
300958.SZ,2021-11-19,27.88,28.4,27.61,27.91,28.08,-0.17,-0.6054,18161.67,50830.495,2023-08-01
300959.SZ,2021-11-19,48.84,49.57,48.84,49.25,48.71,0.54,1.1086,4926.0,24234.851,2023-08-01
300960.SZ,2021-11-19,26.0,26.68,25.4,25.58,25.89,-0.31,-1.1974,32137.15,83186.625,2023-08-01
300961.SZ,2021-11-19,22.33,23.17,22.02,22.72,22.01,0.71,3.2258,46097.95,104877.195,2023-08-01
300962.SZ,2021-11-19,19.97,20.29,19.8,20.13,19.95,0.18,0.9023,26848.59,53948.3,2023-08-01
300963.SZ,2021-11-19,26.5,26.5,25.77,26.07,26.0,0.07,0.2692,14251.35,37102.327,2023-08-01
300964.SZ,2021-11-19,45.98,46.57,44.79,45.54,45.44,0.1,0.2201,16527.0,75652.742,2023-08-01
300965.SZ,2021-11-19,70.8,71.28,70.03,70.33,70.85,-0.52,-0.7339,5589.1,39367.256,2023-08-01
300966.SZ,2021-11-19,41.3,42.68,40.88,42.28,41.59,0.69,1.6591,30489.04,127760.868,2023-08-01
300967.SZ,2021-11-19,26.01,26.68,25.49,25.87,26.25,-0.38,-1.4476,95654.44,247886.414,2023-08-01
300968.SZ,2021-11-19,13.72,14.1,13.63,13.84,13.72,0.12,0.8746,58099.95,80667.093,2023-08-01
300969.SZ,2021-11-19,130.45,133.64,126.76,131.29,131.0,0.29,0.2214,21036.69,273838.876,2023-08-01
300970.SZ,2021-11-19,28.47,28.57,27.31,28.19,28.18,0.01,0.0355,26773.42,74584.83,2023-08-01
300971.SZ,2021-11-19,41.8,43.47,41.62,42.1,42.19,-0.09,-0.2133,16997.96,72193.92,2023-08-01
300972.SZ,2021-11-19,15.86,16.0,15.48,15.62,15.86,-0.24,-1.5132,22549.31,35320.209,2023-08-01
300973.SZ,2021-11-19,144.3,148.6,141.3,144.99,144.3,0.69,0.4782,8146.48,117734.699,2023-08-01
300975.SZ,2021-11-19,17.98,18.28,17.8,17.99,17.94,0.05,0.2787,30630.16,55230.32,2023-08-01
300976.SZ,2021-11-19,86.71,89.59,86.64,88.74,86.63,2.11,2.4356,17118.77,151387.511,2023-08-01
300977.SZ,2021-11-19,54.41,55.75,54.39,55.55,54.61,0.94,1.7213,3127.5,17291.48,2023-08-01
300978.SZ,2021-11-19,23.5,25.95,22.24,23.44,22.67,0.77,3.3966,203563.56,485832.511,2023-08-01
300979.SZ,2021-11-19,92.0,95.36,90.9,95.0,91.37,3.63,3.9729,10508.99,98891.549,2023-08-01
300980.SZ,2021-11-19,39.72,40.78,38.93,40.73,39.53,1.2,3.0357,9436.0,37853.094,2023-08-01
300981.SZ,2021-11-19,75.64,76.17,74.74,76.03,75.65,0.38,0.5023,10221.06,77071.989,2023-08-01
300982.SZ,2021-11-19,71.01,71.5,69.7,70.38,71.24,-0.86,-1.2072,26834.09,188944.011,2023-08-01
300983.SZ,2021-11-19,79.0,79.49,78.6,79.27,78.86,0.41,0.5199,1785.0,14122.567,2023-08-01
300984.SZ,2021-11-19,46.77,47.76,45.78,46.56,46.95,-0.39,-0.8307,14555.0,67878.86,2023-08-01
300985.SZ,2021-11-19,32.0,40.4,31.72,40.4,33.67,6.73,19.9881,159187.4,575947.918,2023-08-01
300986.SZ,2021-11-19,61.85,62.98,60.06,61.52,61.86,-0.34,-0.5496,10696.93,65713.228,2023-08-01
300987.SZ,2021-11-19,35.17,37.98,34.61,35.45,37.0,-1.55,-4.1892,149076.56,536078.273,2023-08-01
300988.SZ,2021-11-19,37.34,41.63,37.34,40.12,37.4,2.72,7.2727,42753.78,170547.716,2023-08-01
300989.SZ,2021-11-19,42.39,43.18,42.19,42.93,42.34,0.59,1.3935,2948.0,12578.253,2023-08-01
300990.SZ,2021-11-19,124.0,138.5,121.5,133.99,124.98,9.01,7.2092,17339.86,231400.087,2023-08-01
300991.SZ,2021-11-19,34.04,35.5,34.04,35.06,34.2,0.86,2.5146,15791.48,55246.791,2023-08-01
300992.SZ,2021-11-19,25.43,25.88,25.28,25.64,25.43,0.21,0.8258,12790.62,32813.848,2023-08-01
300993.SZ,2021-11-19,28.38,28.68,27.7,27.92,28.18,-0.26,-0.9226,36769.87,103776.817,2023-08-01
300994.SZ,2021-11-19,50.2,57.88,50.1,53.48,48.54,4.94,10.1772,49270.63,266831.76,2023-08-01
300995.SZ,2021-11-19,28.16,28.89,27.44,28.62,27.93,0.69,2.4705,13434.7,38115.252,2023-08-01
300996.SZ,2021-11-19,34.66,36.96,34.32,35.77,34.31,1.46,4.2553,40248.68,143347.549,2023-08-01
300997.SZ,2021-11-19,16.99,17.19,16.82,17.02,17.0,0.02,0.1176,57696.49,98028.508,2023-08-01
300998.SZ,2021-11-19,45.46,45.8,43.21,44.42,45.62,-1.2,-2.6304,97493.49,432916.677,2023-08-01
300999.SZ,2021-11-19,64.43,65.0,64.13,64.63,64.54,0.09,0.1394,94541.86,609564.666,2023-08-01
301000.SZ,2021-11-19,69.38,71.67,68.83,70.03,69.38,0.65,0.9369,17846.45,125206.865,2023-08-01
301001.SZ,2021-11-19,34.22,34.6,33.63,34.09,34.33,-0.24,-0.6991,14676.02,49991.257,2023-08-01
301002.SZ,2021-11-19,69.38,69.9,67.76,68.67,70.41,-1.74,-2.4712,11605.56,79921.096,2023-08-01
301003.SZ,2021-11-19,52.75,54.37,52.28,53.88,52.74,1.14,2.1615,4259.96,22766.02,2023-08-01
301004.SZ,2021-11-19,21.04,21.79,20.8,21.58,21.0,0.58,2.7619,17953.61,38595.955,2023-08-01
301005.SZ,2021-11-19,58.0,62.9,57.77,60.5,58.99,1.51,2.5598,24069.84,145574.71,2023-08-01
301006.SZ,2021-11-19,27.3,27.8,26.4,26.6,26.74,-0.14,-0.5236,25472.43,68819.592,2023-08-01
301007.SZ,2021-11-19,23.05,26.68,23.0,25.48,23.63,1.85,7.829,165280.91,413110.316,2023-08-01
301008.SZ,2021-11-19,40.85,42.77,40.56,42.23,40.85,1.38,3.3782,9840.16,41289.969,2023-08-01
301009.SZ,2021-11-19,19.21,19.43,19.05,19.33,19.13,0.2,1.0455,15993.27,30830.644,2023-08-01
301010.SZ,2021-11-19,22.2,22.75,21.99,22.4,22.19,0.21,0.9464,15750.2,35319.499,2023-08-01
301011.SZ,2021-11-19,58.0,61.2,58.0,60.16,58.75,1.41,2.4,24675.49,148048.842,2023-08-01
301012.SZ,2021-11-19,52.5,53.9,49.4,51.59,52.43,-0.84,-1.6021,62085.99,317866.21,2023-08-01
301013.SZ,2021-11-19,28.8,29.28,28.3,28.85,28.9,-0.05,-0.173,33985.37,97908.572,2023-08-01
301015.SZ,2021-11-19,28.01,28.06,27.16,27.5,27.92,-0.42,-1.5043,32312.68,88855.159,2023-08-01
301016.SZ,2021-11-19,26.97,27.68,26.97,27.4,27.23,0.17,0.6243,11266.97,30822.717,2023-08-01
301017.SZ,2021-11-19,30.0,30.1,28.58,29.53,29.87,-0.34,-1.1383,105630.99,309009.934,2023-08-01
301018.SZ,2021-11-19,30.78,33.33,30.48,32.82,30.75,2.07,6.7317,140093.08,450456.41,2023-08-01
301019.SZ,2021-11-19,42.5,43.27,41.5,43.11,41.76,1.35,3.2328,11721.32,50052.709,2023-08-01
301020.SZ,2021-11-19,31.45,36.19,31.45,35.38,32.19,3.19,9.9099,120207.52,413152.081,2023-08-01
301021.SZ,2021-11-19,43.94,45.26,43.5,44.52,44.08,0.44,0.9982,20929.47,93245.631,2023-08-01
301022.SZ,2021-11-19,45.0,48.76,45.0,48.76,40.63,8.13,20.0098,62526.25,301042.636,2023-08-01
301023.SZ,2021-11-19,78.1,81.53,77.7,81.03,78.1,2.93,3.7516,12099.12,96880.4,2023-08-01
301024.SZ,2021-11-19,45.4,46.66,45.35,46.55,45.6,0.95,2.0833,3065.0,14174.575,2023-08-01
301025.SZ,2021-11-19,17.31,18.08,17.2,17.94,17.52,0.42,2.3973,58884.33,104985.006,2023-08-01
301026.SZ,2021-11-19,70.0,73.73,69.38,72.85,69.94,2.91,4.1607,24042.96,173562.866,2023-08-01
301027.SZ,2021-11-19,17.22,18.59,17.22,18.26,17.19,1.07,6.2245,67992.8,123076.922,2023-08-01
301028.SZ,2021-11-19,14.31,15.26,14.31,15.2,14.25,0.95,6.6667,158647.95,236840.197,2023-08-01
301029.SZ,2021-11-19,96.56,101.95,95.01,100.0,95.61,4.39,4.5916,12666.11,126530.61,2023-08-01
301030.SZ,2021-11-19,33.0,34.5,32.25,34.0,33.13,0.87,2.626,33567.57,112545.984,2023-08-01
301031.SZ,2021-11-19,180.0,190.0,176.1,184.51,184.0,0.51,0.2772,10773.34,198619.626,2023-08-01
301032.SZ,2021-11-19,13.29,13.68,13.16,13.48,13.41,0.07,0.522,68644.25,92167.832,2023-08-01
301033.SZ,2021-11-19,61.32,64.0,61.31,63.89,61.29,2.6,4.2421,6075.4,38300.094,2023-08-01
301035.SZ,2021-11-19,52.0,54.1,51.4,53.96,52.14,1.82,3.4906,16767.25,88721.323,2023-08-01
301036.SZ,2021-11-19,32.62,33.45,32.38,33.13,32.74,0.39,1.1912,7995.97,26332.971,2023-08-01
301037.SZ,2021-11-19,25.6,26.1,25.28,25.91,25.56,0.35,1.3693,12838.2,33096.558,2023-08-01
301038.SZ,2021-11-19,19.8,20.37,19.77,20.19,19.87,0.32,1.6105,20186.73,40621.388,2023-08-01
301039.SZ,2021-11-19,11.11,11.39,11.08,11.32,11.17,0.15,1.3429,84802.25,95503.105,2023-08-01
301040.SZ,2021-11-19,50.54,53.52,50.06,52.12,50.55,1.57,3.1058,37674.89,195675.137,2023-08-01
301041.SZ,2021-11-19,30.01,30.88,29.7,30.08,30.06,0.02,0.0665,33471.57,101429.592,2023-08-01
301042.SZ,2021-11-19,46.35,48.32,45.76,47.53,46.08,1.45,3.1467,16846.6,79549.02,2023-08-01
301043.SZ,2021-11-19,32.54,32.97,32.14,32.68,32.55,0.13,0.3994,11312.29,36896.727,2023-08-01
301045.SZ,2021-11-19,30.47,32.4,30.47,32.07,30.47,1.6,5.2511,29146.39,92436.116,2023-08-01
301046.SZ,2021-11-19,61.17,63.25,60.15,62.71,61.17,1.54,2.5176,48579.31,300432.66,2023-08-01
301047.SZ,2021-11-19,366.9,373.69,363.2,369.0,365.33,3.67,1.0046,5922.76,217989.568,2023-08-01
301048.SZ,2021-11-19,14.39,14.87,14.23,14.69,14.6,0.09,0.6164,133168.19,193463.916,2023-08-01
301049.SZ,2021-11-19,33.95,34.55,33.46,34.11,33.64,0.47,1.3971,19199.55,65482.574,2023-08-01
301050.SZ,2021-11-19,265.0,294.82,264.0,288.0,267.8,20.2,7.5429,15987.49,450841.115,2023-08-01
301051.SZ,2021-11-19,129.65,130.7,128.05,129.94,129.65,0.29,0.2237,8298.06,107651.836,2023-08-01
301052.SZ,2021-11-19,29.99,30.6,29.24,30.16,29.7,0.46,1.5488,19080.5,57315.276,2023-08-01
301053.SZ,2021-11-19,30.62,32.3,30.4,31.91,30.82,1.09,3.5367,23371.18,73513.002,2023-08-01
301055.SZ,2021-11-19,25.27,25.37,24.54,25.08,25.08,0.0,0.0,27525.24,68736.952,2023-08-01
301056.SZ,2021-11-19,11.4,11.68,11.27,11.57,11.31,0.26,2.2989,46921.21,54068.976,2023-08-01
301057.SZ,2021-11-19,20.32,21.2,19.96,20.95,20.31,0.64,3.1512,38838.31,80415.401,2023-08-01
301058.SZ,2021-11-19,12.31,12.84,12.22,12.41,12.29,0.12,0.9764,159731.11,199216.468,2023-08-01
301059.SZ,2021-11-19,22.03,22.68,21.74,22.49,22.74,-0.25,-1.0994,61867.98,137310.157,2023-08-01
301060.SZ,2021-11-19,21.58,22.08,21.43,21.76,21.68,0.08,0.369,46998.73,102312.618,2023-08-01
301061.SZ,2021-11-19,73.55,75.93,72.53,75.4,73.76,1.64,2.2234,12737.34,94537.322,2023-08-01
301062.SZ,2021-11-19,17.13,18.5,16.81,17.67,16.85,0.82,4.8665,81382.52,142439.507,2023-08-01
301063.SZ,2021-11-19,49.03,50.63,48.6,49.03,49.85,-0.82,-1.6449,57003.66,282522.824,2023-08-01
301065.SZ,2021-11-19,53.1,54.78,52.31,53.64,53.1,0.54,1.0169,19369.9,103527.752,2023-08-01
301066.SZ,2021-11-19,25.6,29.6,25.31,27.5,25.86,1.64,6.3418,96691.66,265465.255,2023-08-01
301067.SZ,2021-11-19,52.13,52.97,51.26,52.45,51.91,0.54,1.0403,9082.48,47673.166,2023-08-01
301068.SZ,2021-11-19,28.54,29.5,28.0,29.1,28.8,0.3,1.0417,30705.16,88530.679,2023-08-01
301069.SZ,2021-11-19,57.52,66.66,56.8,66.5,57.69,8.81,15.2713,143009.81,887446.316,2023-08-01
301070.SZ,2021-11-19,38.35,38.35,36.86,37.8,37.9,-0.1,-0.2639,22596.97,84734.508,2023-08-01
301071.SZ,2021-11-19,307.0,314.5,303.33,306.8,310.2,-3.4,-1.0961,10860.94,335261.252,2023-08-01
301072.SZ,2021-11-19,38.27,47.33,38.27,47.33,39.44,7.89,20.0051,176420.86,771814.525,2023-08-01
301073.SZ,2021-11-19,28.59,31.21,28.59,30.29,28.58,1.71,5.9832,47804.88,144152.934,2023-08-01
301075.SZ,2021-11-19,39.06,39.7,37.8,38.79,39.77,-0.98,-2.4642,38150.14,147043.425,2023-08-01
301076.SZ,2021-11-19,36.64,38.38,36.64,37.78,37.1,0.68,1.8329,25208.2,94779.328,2023-08-01
301077.SZ,2021-11-19,60.6,61.5,60.2,60.82,60.7,0.12,0.1977,9727.98,59311.327,2023-08-01
301078.SZ,2021-11-19,16.3,16.64,16.28,16.54,16.45,0.09,0.5471,76479.1,126194.381,2023-08-01
301079.SZ,2021-11-19,32.81,40.36,32.63,40.36,33.63,6.73,20.0119,79700.54,293331.303,2023-08-01
301080.SZ,2021-11-19,207.01,218.88,204.64,205.97,208.4,-2.43,-1.166,8692.32,182872.592,2023-08-01
301081.SZ,2021-11-19,24.91,25.6,24.11,24.19,25.85,-1.66,-6.4217,156652.59,386480.44,2023-08-01
301082.SZ,2021-11-19,31.5,32.75,30.33,31.7,31.87,-0.17,-0.5334,122881.58,388095.261,2023-08-01
301083.SZ,2021-11-19,19.88,20.13,19.39,19.4,20.29,-0.89,-4.3864,100239.25,197532.927,2023-08-01
301085.SZ,2021-11-19,35.87,36.58,35.08,35.4,35.86,-0.46,-1.2828,31468.17,112300.6,2023-08-01
301086.SZ,2021-11-19,87.62,88.98,87.35,88.35,87.96,0.39,0.4434,8715.59,76976.787,2023-08-01
301087.SZ,2021-11-19,89.0,93.49,88.1,93.07,89.65,3.42,3.8148,29183.38,267754.091,2023-08-01
301088.SZ,2021-11-19,26.65,26.88,26.28,26.77,26.45,0.32,1.2098,38210.78,101776.753,2023-08-01
301090.SZ,2021-11-19,14.23,14.53,14.02,14.26,14.47,-0.21,-1.4513,252324.78,359482.562,2023-08-01
301091.SZ,2021-11-19,31.65,31.97,31.39,31.74,31.7,0.04,0.1262,22878.6,72609.113,2023-08-01
301092.SZ,2021-11-19,43.31,43.99,41.2,42.0,44.2,-2.2,-4.9774,81895.36,345492.811,2023-08-01
301093.SZ,2021-11-19,52.0,52.67,51.58,52.31,52.29,0.02,0.0382,25652.82,133904.189,2023-08-01
301098.SZ,2021-11-19,33.35,33.5,31.68,32.09,33.3,-1.21,-3.6336,69830.19,224622.245,2023-08-01
301118.SZ,2021-11-19,53.31,57.79,53.0,57.0,59.0,-2.0,-3.3898,136946.33,760214.465,2023-08-01
301128.SZ,2021-11-19,47.05,49.8,46.51,48.59,47.15,1.44,3.0541,44516.7,214999.629,2023-08-01
301129.SZ,2021-11-19,80.0,84.89,77.13,80.76,82.5,-1.74,-2.1091,40755.72,328193.144,2023-08-01
301149.SZ,2021-11-19,22.33,23.15,22.11,22.4,22.55,-0.15,-0.6652,117312.71,265280.668,2023-08-01
301169.SZ,2021-11-19,40.05,41.7,40.05,41.13,40.97,0.16,0.3905,35583.06,145367.87,2023-08-01
301178.SZ,2021-11-19,67.53,70.2,66.1,69.7,70.07,-0.37,-0.528,27068.53,184368.891,2023-08-01
301180.SZ,2021-11-19,38.0,40.27,36.63,36.63,36.63,0.0,0.0,200379.74,770918.822,2023-08-01
301185.SZ,2021-11-19,34.0,34.0,31.3,31.58,11.88,19.7,165.8249,257413.81,828405.455,2023-08-01
301188.SZ,2021-11-19,25.79,27.25,25.31,26.94,26.45,0.49,1.8526,145996.55,382702.153,2023-08-01
430047.BJ,2021-11-19,14.0,15.42,13.78,15.42,13.76,1.66,12.064,45359.15,65456.231,2023-08-01
430090.BJ,2021-11-19,6.76,6.98,6.7,6.97,6.74,0.23,3.4125,47443.78,32477.237,2023-08-01
430198.BJ,2021-11-19,10.29,10.37,10.1,10.24,10.25,-0.01,-0.0976,3804.14,3884.482,2023-08-01
430418.BJ,2021-11-19,15.58,15.58,15.08,15.29,15.3,-0.01,-0.0654,3710.06,5658.606,2023-08-01
430489.BJ,2021-11-19,14.86,15.15,14.6,14.88,14.99,-0.11,-0.7338,6319.45,9328.302,2023-08-01
430510.BJ,2021-11-19,19.48,19.48,18.33,19.1,19.22,-0.12,-0.6243,6973.78,13061.383,2023-08-01
600000.SH,2021-11-19,8.56,8.7,8.55,8.65,8.56,0.09,1.0514,204719.95,176572.248,2023-08-01
600004.SH,2021-11-19,12.17,12.24,11.81,11.97,12.2,-0.23,-1.8852,182480.19,218324.063,2023-08-01
600006.SH,2021-11-19,6.77,7.06,6.66,6.97,6.75,0.22,3.2593,466964.41,321831.405,2023-08-01
600007.SH,2021-11-19,14.26,14.43,14.11,14.38,14.28,0.1,0.7003,20803.66,29786.92,2023-08-01
600008.SH,2021-11-19,3.18,3.22,3.16,3.22,3.17,0.05,1.5773,1043722.85,333578.419,2023-08-01
600009.SH,2021-11-19,48.68,48.93,47.88,48.31,48.65,-0.34,-0.6989,104831.65,505561.949,2023-08-01
600010.SH,2021-11-19,2.49,2.52,2.44,2.52,2.5,0.02,0.8,6441240.81,1598227.733,2023-08-01
600011.SH,2021-11-19,5.95,5.98,5.78,5.96,5.92,0.04,0.6757,615275.36,361416.453,2023-08-01
600012.SH,2021-11-19,6.51,6.51,6.34,6.51,5.92,0.59,9.9662,109069.25,70887.671,2023-08-01
600015.SH,2021-11-19,5.61,5.63,5.57,5.63,5.61,0.02,0.3565,257140.41,144072.769,2023-08-01
600016.SH,2021-11-19,3.9,3.93,3.89,3.92,3.89,0.03,0.7712,525388.24,205254.991,2023-08-01
600017.SH,2021-11-19,2.64,2.66,2.63,2.66,2.64,0.02,0.7576,67469.0,17833.584,2023-08-01
600018.SH,2021-11-19,4.69,4.74,4.67,4.72,4.67,0.05,1.0707,432698.3,203907.131,2023-08-01
600019.SH,2021-11-19,6.4,6.56,6.32,6.53,6.42,0.11,1.7134,1282089.18,825791.941,2023-08-01
600020.SH,2021-11-19,3.13,3.18,3.13,3.17,3.13,0.04,1.278,71025.27,22407.726,2023-08-01
600021.SH,2021-11-19,8.72,8.85,8.46,8.8,8.71,0.09,1.0333,384558.32,333067.382,2023-08-01
600022.SH,2021-11-19,1.68,1.71,1.65,1.7,1.68,0.02,1.1905,1665321.93,279576.197,2023-08-01
600023.SH,2021-11-19,3.71,3.72,3.67,3.7,3.71,-0.01,-0.2695,191016.45,70638.699,2023-08-01
600025.SH,2021-11-19,6.0,6.18,5.92,6.14,5.98,0.16,2.6756,493824.35,300054.619,2023-08-01
600026.SH,2021-11-19,5.64,5.68,5.6,5.65,5.65,0.0,0.0,103192.75,58231.03,2023-08-01
600027.SH,2021-11-19,3.58,3.59,3.49,3.55,3.58,-0.03,-0.838,575805.09,202853.325,2023-08-01
600028.SH,2021-11-19,4.1,4.19,4.08,4.18,4.08,0.1,2.451,1743455.27,722122.434,2023-08-01
600029.SH,2021-11-19,6.63,6.76,6.53,6.73,6.63,0.1,1.5083,177352.19,117921.457,2023-08-01
600030.SH,2021-11-19,24.01,24.44,23.93,24.3,24.08,0.22,0.9136,796636.96,1928681.033,2023-08-01
600031.SH,2021-11-19,21.66,22.0,21.41,21.9,21.72,0.18,0.8287,1257621.54,2728493.894,2023-08-01
600032.SH,2021-11-19,16.15,17.01,15.67,16.77,16.3,0.47,2.8834,450470.56,737091.578,2023-08-01
600033.SH,2021-11-19,2.63,2.67,2.62,2.67,2.63,0.04,1.5209,122797.03,32519.996,2023-08-01
600035.SH,2021-11-19,2.92,2.96,2.91,2.96,2.92,0.04,1.3699,130823.0,38466.325,2023-08-01
600036.SH,2021-11-19,51.48,52.74,51.11,52.33,51.41,0.92,1.7895,464667.97,2419758.611,2023-08-01
600037.SH,2021-11-19,7.89,7.94,7.82,7.9,7.89,0.01,0.1267,94420.53,74529.86,2023-08-01
600038.SH,2021-11-19,70.8,75.9,70.39,74.3,71.3,3.0,4.2076,163271.46,1200716.407,2023-08-01
600039.SH,2021-11-19,10.64,10.86,10.51,10.79,10.68,0.11,1.03,383973.14,411290.03,2023-08-01
600048.SH,2021-11-19,13.91,15.2,13.75,15.02,14.0,1.02,7.2857,1458065.18,2127791.916,2023-08-01
600050.SH,2021-11-19,3.94,3.97,3.93,3.97,3.94,0.03,0.7614,577666.93,228272.285,2023-08-01
600051.SH,2021-11-19,6.48,6.55,6.43,6.54,6.49,0.05,0.7704,16290.0,10582.796,2023-08-01
600052.SH,2021-11-19,4.22,4.25,4.15,4.19,4.23,-0.04,-0.9456,47304.01,19815.364,2023-08-01
600053.SH,2021-11-19,16.12,17.2,16.06,16.9,16.1,0.8,4.9689,57291.0,95691.135,2023-08-01
600054.SH,2021-11-19,9.41,9.56,9.41,9.5,9.4,0.1,1.0638,20581.0,19550.701,2023-08-01
600055.SH,2021-11-19,23.28,23.3,22.5,22.51,23.14,-0.63,-2.7226,141153.63,319941.927,2023-08-01
600056.SH,2021-11-19,10.99,11.04,10.93,11.04,10.98,0.06,0.5464,24630.41,27082.237,2023-08-01
600057.SH,2021-11-19,7.71,8.43,7.68,8.43,7.66,0.77,10.0522,851906.37,705571.111,2023-08-01
600058.SH,2021-11-19,8.46,8.56,8.35,8.52,8.48,0.04,0.4717,73489.58,62208.126,2023-08-01
600059.SH,2021-11-19,11.17,11.26,11.05,11.15,11.16,-0.01,-0.0896,123023.28,137116.831,2023-08-01
600060.SH,2021-11-19,13.59,14.13,13.58,13.9,13.63,0.27,1.9809,254380.45,353294.143,2023-08-01
600061.SH,2021-11-19,8.09,8.28,8.07,8.26,8.09,0.17,2.1014,268244.51,219835.901,2023-08-01
600062.SH,2021-11-19,11.75,11.86,11.71,11.82,11.75,0.07,0.5957,38541.17,45523.18,2023-08-01
600063.SH,2021-11-19,6.2,6.48,6.13,6.44,6.2,0.24,3.871,867606.89,550605.142,2023-08-01
600064.SH,2021-11-19,9.16,9.3,9.14,9.27,9.2,0.07,0.7609,50596.92,46632.811,2023-08-01
600066.SH,2021-11-19,11.07,11.18,11.0,11.16,11.07,0.09,0.813,162719.32,180607.905,2023-08-01
600067.SH,2021-11-19,3.85,3.89,3.72,3.87,3.93,-0.06,-1.5267,202962.76,77485.197,2023-08-01
600070.SH,2021-11-19,7.21,7.27,7.15,7.2,7.2,0.0,0.0,35243.4,25417.591,2023-08-01
600071.SH,2021-11-19,53.0,54.18,51.35,53.2,52.86,0.34,0.6432,77569.52,409502.836,2023-08-01
600072.SH,2021-11-19,14.75,14.75,14.34,14.5,14.74,-0.24,-1.6282,234977.85,340703.61,2023-08-01
600073.SH,2021-11-19,7.93,8.02,7.88,7.97,7.96,0.01,0.1256,87221.0,69187.363,2023-08-01
600075.SH,2021-11-19,7.54,7.87,7.41,7.84,7.53,0.31,4.1169,772796.15,592789.528,2023-08-01
600076.SH,2021-11-19,3.57,3.61,3.5,3.59,3.57,0.02,0.5602,88086.1,31365.663,2023-08-01
600077.SH,2021-11-19,2.26,2.29,2.24,2.29,2.27,0.02,0.8811,62158.01,14081.148,2023-08-01
600078.SH,2021-11-19,8.15,8.62,8.11,8.62,8.21,0.41,4.9939,136955.31,116780.205,2023-08-01
600079.SH,2021-11-19,21.52,21.96,21.45,21.76,21.65,0.11,0.5081,91468.12,198879.558,2023-08-01
600080.SH,2021-11-19,6.78,6.84,6.7,6.78,6.77,0.01,0.1477,28999.24,19601.635,2023-08-01
600081.SH,2021-11-19,12.91,13.48,12.81,13.38,12.9,0.48,3.7209,71888.1,94986.062,2023-08-01
600082.SH,2021-11-19,2.83,2.88,2.82,2.88,2.83,0.05,1.7668,32033.88,9133.915,2023-08-01
600083.SH,2021-11-19,5.35,5.43,5.35,5.39,5.36,0.03,0.5597,8627.0,4645.939,2023-08-01
600084.SH,2021-11-19,4.33,4.37,4.17,4.18,4.27,-0.09,-2.1077,58937.0,25023.848,2023-08-01
600085.SH,2021-11-19,32.72,33.53,32.53,33.48,32.82,0.66,2.011,112936.64,372512.128,2023-08-01
600088.SH,2021-11-19,9.89,10.05,9.85,9.98,9.87,0.11,1.1145,22228.53,22162.114,2023-08-01
600089.SH,2021-11-19,22.92,23.37,22.5,23.16,23.13,0.03,0.1297,930632.26,2131257.291,2023-08-01
600090.SH,2021-11-19,1.16,1.2,1.14,1.17,1.16,0.01,0.8621,738779.96,86445.414,2023-08-01
600091.SH,2021-11-19,3.2,3.3,3.16,3.3,3.14,0.16,5.0955,52536.09,17199.378,2023-08-01
600093.SH,2021-11-19,2.7,2.71,2.63,2.68,2.71,-0.03,-1.107,231498.26,61952.06,2023-08-01
600094.SH,2021-11-19,3.58,3.65,3.57,3.63,3.58,0.05,1.3966,75482.06,27209.587,2023-08-01
600095.SH,2021-11-19,9.12,10.01,9.09,10.01,9.1,0.91,10.0,536832.3,523083.954,2023-08-01
600096.SH,2021-11-19,22.48,23.06,22.2,22.8,22.69,0.11,0.4848,611400.16,1388799.485,2023-08-01
600097.SH,2021-11-19,10.34,10.39,10.14,10.31,10.4,-0.09,-0.8654,21182.69,21689.051,2023-08-01
600098.SH,2021-11-19,6.82,6.82,6.66,6.78,6.8,-0.02,-0.2941,80054.5,53869.058,2023-08-01
600099.SH,2021-11-19,7.6,7.72,7.6,7.66,7.64,0.02,0.2618,18445.0,14120.618,2023-08-01
600100.SH,2021-11-19,5.54,5.64,5.54,5.63,5.56,0.07,1.259,157428.62,88132.911,2023-08-01
600101.SH,2021-11-19,6.73,6.78,6.56,6.71,6.69,0.02,0.299,157341.7,104865.871,2023-08-01
600103.SH,2021-11-19,2.72,2.8,2.71,2.74,2.73,0.01,0.3663,488647.43,134476.939,2023-08-01
600104.SH,2021-11-19,20.55,20.82,20.3,20.68,20.64,0.04,0.1938,514023.28,1058161.397,2023-08-01
600105.SH,2021-11-19,5.86,6.25,5.68,6.16,5.72,0.44,7.6923,1459808.03,876680.242,2023-08-01
600106.SH,2021-11-19,2.57,2.59,2.56,2.58,2.57,0.01,0.3891,95431.21,24548.223,2023-08-01
600107.SH,2021-11-19,6.59,6.64,6.24,6.35,6.47,-0.12,-1.8547,113973.7,72653.646,2023-08-01
600108.SH,2021-11-19,3.5,3.53,3.43,3.49,3.49,0.0,0.0,516624.22,179858.113,2023-08-01
600109.SH,2021-11-19,10.56,10.75,10.49,10.7,10.52,0.18,1.711,267065.25,284138.074,2023-08-01
600110.SH,2021-11-19,18.4,20.05,18.4,19.38,18.54,0.84,4.5307,845296.92,1650629.351,2023-08-01
600111.SH,2021-11-19,47.92,48.48,47.02,47.49,48.25,-0.76,-1.5751,990568.36,4714609.639,2023-08-01
600112.SH,2021-11-19,4.08,4.3,4.02,4.16,4.12,0.04,0.9709,210796.0,87458.733,2023-08-01
600113.SH,2021-11-19,6.2,6.31,6.16,6.28,6.17,0.11,1.7828,45470.09,28401.245,2023-08-01
600114.SH,2021-11-19,12.16,12.48,11.85,11.88,12.34,-0.46,-3.7277,183864.62,220998.486,2023-08-01
600115.SH,2021-11-19,4.8,4.83,4.75,4.83,4.82,0.01,0.2075,161042.57,77084.354,2023-08-01
600116.SH,2021-11-19,10.01,10.17,9.87,10.13,10.0,0.13,1.3,238887.62,240368.504,2023-08-01
600117.SH,2021-11-19,3.79,3.94,3.74,3.93,3.84,0.09,2.3438,161428.27,61903.449,2023-08-01
600118.SH,2021-11-19,26.5,26.68,26.34,26.53,26.66,-0.13,-0.4876,72546.83,192217.183,2023-08-01
600119.SH,2021-11-19,7.19,7.19,7.08,7.14,7.13,0.01,0.1403,6654.0,4757.282,2023-08-01
600120.SH,2021-11-19,4.31,4.35,4.29,4.33,4.3,0.03,0.6977,137306.68,59398.737,2023-08-01
600121.SH,2021-11-19,4.86,4.88,4.72,4.88,4.91,-0.03,-0.611,228432.06,109843.258,2023-08-01
600122.SH,2021-11-19,1.56,1.59,1.51,1.58,1.58,0.0,0.0,218809.3,33976.215,2023-08-01
600123.SH,2021-11-19,8.95,9.41,8.74,9.38,9.04,0.34,3.7611,433246.98,395429.962,2023-08-01
600125.SH,2021-11-19,4.82,4.9,4.81,4.88,4.84,0.04,0.8264,82614.12,40103.68,2023-08-01
600126.SH,2021-11-19,5.08,5.09,5.01,5.07,5.06,0.01,0.1976,182738.33,92061.421,2023-08-01
600127.SH,2021-11-19,8.47,8.54,8.4,8.52,8.48,0.04,0.4717,172161.98,145730.427,2023-08-01
600128.SH,2021-11-19,6.51,6.62,6.51,6.6,6.51,0.09,1.3825,18627.0,12228.196,2023-08-01
600129.SH,2021-11-19,15.53,15.63,15.4,15.6,15.63,-0.03,-0.1919,36688.09,56982.481,2023-08-01
600130.SH,2021-11-19,3.82,3.9,3.76,3.85,3.83,0.02,0.5222,100871.0,38573.254,2023-08-01
600131.SH,2021-11-19,17.82,18.0,17.56,17.72,17.8,-0.08,-0.4494,106288.25,188756.079,2023-08-01
600132.SH,2021-11-19,160.69,164.64,159.8,164.0,161.5,2.5,1.548,19477.22,317537.858,2023-08-01
600133.SH,2021-11-19,5.23,5.27,5.16,5.27,5.23,0.04,0.7648,75626.0,39407.122,2023-08-01
600135.SH,2021-11-19,7.38,7.54,7.32,7.5,7.36,0.14,1.9022,53935.06,40050.059,2023-08-01
600136.SH,2021-11-19,6.56,6.71,6.56,6.66,6.6,0.06,0.9091,47910.66,31851.413,2023-08-01
600137.SH,2021-11-19,14.85,15.5,14.8,15.29,14.86,0.43,2.8937,15631.47,23726.597,2023-08-01
600138.SH,2021-11-19,10.23,10.36,10.19,10.3,10.22,0.08,0.7828,71073.36,73102.23,2023-08-01
600139.SH,2021-11-19,2.21,2.23,2.19,2.21,2.21,0.0,0.0,79848.74,17653.199,2023-08-01
600141.SH,2021-11-19,40.79,40.89,39.46,40.04,40.39,-0.35,-0.8666,252322.99,1011630.53,2023-08-01
600143.SH,2021-11-19,13.03,13.25,12.72,13.12,13.04,0.08,0.6135,400828.4,520900.44,2023-08-01
600145.SH,2021-11-19,1.47,1.47,1.47,1.47,1.4,0.07,5.0,82221.82,12086.608,2023-08-01
600146.SH,2021-11-19,2.37,2.46,2.32,2.4,2.39,0.01,0.4184,195046.0,46747.414,2023-08-01
600148.SH,2021-11-19,12.61,13.18,12.55,13.09,12.66,0.43,3.3965,23547.02,30591.62,2023-08-01
600149.SH,2021-11-19,4.72,4.81,4.67,4.75,4.73,0.02,0.4228,40708.44,19311.659,2023-08-01
600150.SH,2021-11-19,22.56,23.3,22.45,22.88,22.71,0.17,0.7486,571994.44,1309243.415,2023-08-01
600151.SH,2021-11-19,12.6,12.64,12.24,12.56,12.58,-0.02,-0.159,211538.1,262805.953,2023-08-01
600152.SH,2021-11-19,7.2,8.0,7.17,8.0,7.27,0.73,10.0413,158693.69,122974.632,2023-08-01
600153.SH,2021-11-19,8.04,8.46,8.03,8.39,8.07,0.32,3.9653,313814.5,261420.725,2023-08-01
600155.SH,2021-11-19,9.24,9.49,9.24,9.42,9.24,0.18,1.9481,95627.89,89688.584,2023-08-01
600156.SH,2021-11-19,3.9,3.99,3.85,3.95,3.91,0.04,1.023,20951.43,8242.656,2023-08-01
600157.SH,2021-11-19,1.81,1.82,1.78,1.81,1.82,-0.01,-0.5495,2080900.49,374811.282,2023-08-01
600158.SH,2021-11-19,12.4,12.55,12.39,12.45,12.46,-0.01,-0.0803,116152.0,144733.579,2023-08-01
600159.SH,2021-11-19,2.33,2.43,2.3,2.38,2.33,0.05,2.1459,85238.56,20073.964,2023-08-01
600160.SH,2021-11-19,12.35,12.89,12.15,12.55,12.35,0.2,1.6194,402036.45,503943.337,2023-08-01
600161.SH,2021-11-19,30.32,30.57,30.15,30.42,30.5,-0.08,-0.2623,50648.28,153623.838,2023-08-01
600162.SH,2021-11-19,1.96,2.01,1.96,2.01,1.97,0.04,2.0305,84831.27,16882.231,2023-08-01
600163.SH,2021-11-19,8.81,8.9,8.55,8.74,8.93,-0.19,-2.1277,491919.99,428428.279,2023-08-01
600165.SH,2021-11-19,9.11,9.35,9.06,9.21,9.16,0.05,0.5459,102728.8,94470.521,2023-08-01
600166.SH,2021-11-19,3.54,3.65,3.46,3.59,3.54,0.05,1.4124,986122.6,350792.552,2023-08-01
600167.SH,2021-11-19,8.23,8.24,8.12,8.2,8.22,-0.02,-0.2433,37327.45,30539.566,2023-08-01
600168.SH,2021-11-19,6.43,6.44,6.38,6.42,6.43,-0.01,-0.1555,18384.0,11777.438,2023-08-01
600169.SH,2021-11-19,2.8,2.94,2.76,2.93,2.83,0.1,3.5336,642526.34,184751.53,2023-08-01
600170.SH,2021-11-19,3.1,3.1,3.06,3.09,3.09,0.0,0.0,790221.06,242817.301,2023-08-01
600171.SH,2021-11-19,27.4,28.14,27.11,27.77,27.2,0.57,2.0956,325050.98,904650.929,2023-08-01
600172.SH,2021-11-19,11.18,11.4,11.02,11.24,11.28,-0.04,-0.3546,591515.19,664412.322,2023-08-01
600173.SH,2021-11-19,5.54,5.79,5.5,5.59,5.6,-0.01,-0.1786,103049.07,57645.386,2023-08-01
600176.SH,2021-11-19,17.1,17.37,16.9,17.3,17.09,0.21,1.2288,426199.01,731769.875,2023-08-01
600177.SH,2021-11-19,6.58,6.67,6.57,6.64,6.58,0.06,0.9119,85133.45,56355.802,2023-08-01
600178.SH,2021-11-19,8.05,8.24,7.94,8.2,7.96,0.24,3.0151,130383.28,106231.288,2023-08-01
600179.SH,2021-11-19,3.85,3.87,3.78,3.84,3.84,0.0,0.0,70847.05,27075.526,2023-08-01
600180.SH,2021-11-19,6.32,6.36,6.2,6.36,6.29,0.07,1.1129,49609.0,31237.971,2023-08-01
600182.SH,2021-11-19,13.3,13.74,13.26,13.66,13.3,0.36,2.7068,14759.46,19919.454,2023-08-01
600183.SH,2021-11-19,24.7,24.85,24.41,24.78,24.65,0.13,0.5274,325676.42,803884.651,2023-08-01
600184.SH,2021-11-19,12.09,12.38,12.02,12.33,12.13,0.2,1.6488,81481.48,99794.57,2023-08-01
600185.SH,2021-11-19,6.15,6.3,6.0,6.2,6.15,0.05,0.813,344989.01,212053.294,2023-08-01
600186.SH,2021-11-19,2.9,2.93,2.88,2.91,2.89,0.02,0.692,114708.12,33342.416,2023-08-01
600187.SH,2021-11-19,2.35,2.38,2.32,2.37,2.34,0.03,1.2821,142104.8,33476.681,2023-08-01
600188.SH,2021-11-19,22.45,23.18,21.63,22.76,22.49,0.27,1.2005,349261.91,783629.897,2023-08-01
600189.SH,2021-11-19,7.71,7.8,7.68,7.74,7.73,0.01,0.1294,62550.99,48398.668,2023-08-01
600190.SH,2021-11-19,2.71,2.73,2.7,2.72,2.7,0.02,0.7407,16601.73,4507.997,2023-08-01
600191.SH,2021-11-19,4.0,4.0,4.0,4.0,3.81,0.19,4.9869,10056.01,4022.404,2023-08-01
600192.SH,2021-11-19,4.5,4.57,4.45,4.55,4.52,0.03,0.6637,37530.41,16954.127,2023-08-01
600193.SH,2021-11-19,8.0,8.17,8.0,8.09,8.1,-0.01,-0.1235,21895.89,17660.178,2023-08-01
600195.SH,2021-11-19,11.21,11.68,11.14,11.57,11.31,0.26,2.2989,110799.23,127212.332,2023-08-01
600196.SH,2021-11-19,54.34,55.48,53.9,54.15,54.34,-0.19,-0.3497,303723.45,1657835.177,2023-08-01
600197.SH,2021-11-19,25.15,25.9,25.11,25.37,25.34,0.03,0.1184,101060.96,258070.155,2023-08-01
600198.SH,2021-11-19,8.6,8.78,8.54,8.63,8.67,-0.04,-0.4614,108533.81,93481.19,2023-08-01
600199.SH,2021-11-19,16.6,16.99,16.52,16.65,16.67,-0.02,-0.12,269184.7,449976.953,2023-08-01
600200.SH,2021-11-19,7.08,7.13,7.06,7.09,7.09,0.0,0.0,59530.81,42236.115,2023-08-01
600201.SH,2021-11-19,16.34,16.46,16.2,16.43,16.39,0.04,0.2441,80797.38,132067.383,2023-08-01
600202.SH,2021-11-19,4.28,4.37,4.28,4.34,4.28,0.06,1.4019,49069.01,21237.279,2023-08-01
600203.SH,2021-11-19,10.39,10.39,9.87,10.12,10.25,-0.13,-1.2683,130532.03,131667.323,2023-08-01
600206.SH,2021-11-19,13.67,14.42,13.67,14.4,13.77,0.63,4.5752,352372.83,500028.813,2023-08-01
600207.SH,2021-11-19,7.24,7.37,7.22,7.34,7.24,0.1,1.3812,60929.0,44578.336,2023-08-01
600208.SH,2021-11-19,2.89,2.94,2.85,2.93,2.88,0.05,1.7361,490033.25,141502.796,2023-08-01
600209.SH,2021-11-19,5.47,5.47,5.47,5.47,5.21,0.26,4.9904,7059.0,3861.273,2023-08-01
600210.SH,2021-11-19,9.86,9.95,9.5,9.82,9.61,0.21,2.1852,294130.17,285925.248,2023-08-01
600211.SH,2021-11-19,48.0,48.59,47.88,48.42,48.09,0.33,0.6862,17313.0,83458.358,2023-08-01
600212.SH,2021-11-19,4.16,4.18,4.04,4.13,4.08,0.05,1.2255,89711.18,36899.55,2023-08-01
600213.SH,2021-11-19,7.4,7.68,7.35,7.61,7.4,0.21,2.8378,33716.08,25444.835,2023-08-01
600215.SH,2021-11-19,10.7,11.05,10.2,10.8,10.83,-0.03,-0.277,195877.05,207781.862,2023-08-01
600216.SH,2021-11-19,16.75,16.95,16.59,16.83,16.89,-0.06,-0.3552,174385.26,292443.803,2023-08-01
600217.SH,2021-11-19,5.16,5.24,5.15,5.23,5.21,0.02,0.3839,127238.65,66231.708,2023-08-01
600218.SH,2021-11-19,14.0,15.69,13.82,15.21,14.3,0.91,6.3636,660523.91,983461.38,2023-08-01
600219.SH,2021-11-19,4.13,4.23,4.1,4.22,4.15,0.07,1.6867,856823.29,358135.249,2023-08-01
600220.SH,2021-11-19,2.44,2.46,2.36,2.42,2.43,-0.01,-0.4115,320874.77,77360.242,2023-08-01
600221.SH,2021-11-19,1.88,1.88,1.85,1.87,1.88,-0.01,-0.5319,830201.22,154697.941,2023-08-01
600222.SH,2021-11-19,8.67,8.9,8.53,8.79,8.68,0.11,1.2673,83640.0,73044.38,2023-08-01
600223.SH,2021-11-19,12.0,12.18,11.9,12.08,12.03,0.05,0.4156,98987.57,118923.355,2023-08-01
600225.SH,2021-11-19,3.16,3.16,2.98,3.0,3.12,-0.12,-3.8462,85399.9,26068.042,2023-08-01
600226.SH,2021-11-19,2.27,2.33,2.26,2.3,2.28,0.02,0.8772,104771.68,24044.095,2023-08-01
600227.SH,2021-11-19,3.2,3.23,3.14,3.22,3.2,0.02,0.625,126520.4,40410.019,2023-08-01
600228.SH,2021-11-19,7.15,7.18,6.97,7.12,7.06,0.06,0.8499,16860.62,11942.211,2023-08-01
600229.SH,2021-11-19,6.57,6.65,6.56,6.6,6.55,0.05,0.7634,27902.0,18412.657,2023-08-01
600230.SH,2021-11-19,14.05,14.46,14.05,14.39,14.22,0.17,1.1955,59002.04,84171.856,2023-08-01
600231.SH,2021-11-19,2.46,2.53,2.43,2.52,2.46,0.06,2.439,292276.54,72720.944,2023-08-01
600232.SH,2021-11-19,5.09,5.14,5.07,5.13,5.1,0.03,0.5882,11983.01,6132.604,2023-08-01
600233.SH,2021-11-19,16.0,17.25,15.8,17.02,15.7,1.32,8.4076,714498.35,1200089.751,2023-08-01
600234.SH,2021-11-19,9.26,9.56,9.26,9.45,9.23,0.22,2.3835,7470.8,7047.499,2023-08-01
600235.SH,2021-11-19,5.12,5.17,5.08,5.16,5.12,0.04,0.7813,36692.0,18819.305,2023-08-01
600236.SH,2021-11-19,5.48,5.58,5.41,5.55,5.46,0.09,1.6484,109517.16,60262.773,2023-08-01
600237.SH,2021-11-19,6.8,7.13,6.7,6.95,6.77,0.18,2.6588,569528.19,395512.8,2023-08-01
600238.SH,2021-11-19,18.35,19.47,18.34,18.8,18.73,0.07,0.3737,406146.75,770992.578,2023-08-01
600239.SH,2021-11-19,2.35,2.46,2.35,2.44,2.36,0.08,3.3898,134370.53,32480.456,2023-08-01
600241.SH,2021-11-19,11.04,11.54,10.81,11.1,11.08,0.02,0.1805,92162.31,102432.289,2023-08-01
600242.SH,2021-11-19,2.32,2.33,2.21,2.28,2.32,-0.04,-1.7241,92792.0,21175.744,2023-08-01
600243.SH,2021-11-19,4.93,5.18,4.82,5.1,5.08,0.02,0.3937,334217.75,167271.263,2023-08-01
600246.SH,2021-11-19,10.0,10.96,9.97,10.96,9.96,1.0,10.0402,384245.81,416804.548,2023-08-01
600248.SH,2021-11-19,4.33,4.39,4.3,4.38,4.36,0.02,0.4587,204439.32,88876.766,2023-08-01
600249.SH,2021-11-19,4.78,4.86,4.78,4.84,4.78,0.06,1.2552,26733.0,12905.919,2023-08-01
600250.SH,2021-11-19,4.62,4.66,4.59,4.66,4.62,0.04,0.8658,12038.24,5575.738,2023-08-01
600251.SH,2021-11-19,8.44,8.65,8.43,8.61,8.52,0.09,1.0563,97959.99,83925.302,2023-08-01
600252.SH,2021-11-19,3.08,3.1,3.06,3.08,3.07,0.01,0.3257,149171.23,45891.282,2023-08-01
600255.SH,2021-11-19,2.17,2.19,2.14,2.17,2.17,0.0,0.0,181471.28,39345.456,2023-08-01
600256.SH,2021-11-19,6.27,6.5,6.17,6.42,6.31,0.11,1.7433,1073841.91,684824.372,2023-08-01
600257.SH,2021-11-19,6.21,6.31,6.15,6.27,6.21,0.06,0.9662,131134.86,81791.807,2023-08-01
600258.SH,2021-11-19,25.46,25.59,24.98,25.26,25.48,-0.22,-0.8634,87963.52,221952.308,2023-08-01
600259.SH,2021-11-19,46.6,47.53,46.5,46.9,47.19,-0.29,-0.6145,76287.97,359055.178,2023-08-01
600260.SH,2021-11-19,2.76,2.9,2.69,2.9,2.76,0.14,5.0725,835182.62,235056.757,2023-08-01
600261.SH,2021-11-19,3.76,3.79,3.72,3.78,3.76,0.02,0.5319,43460.07,16315.74,2023-08-01
600262.SH,2021-11-19,15.5,16.47,15.31,16.12,15.21,0.91,5.9829,104227.45,165448.856,2023-08-01
600265.SH,2021-11-19,19.45,19.49,19.18,19.36,19.46,-0.1,-0.5139,1811.85,3491.922,2023-08-01
600266.SH,2021-11-19,4.32,4.38,4.3,4.37,4.31,0.06,1.3921,82112.75,35639.925,2023-08-01
600267.SH,2021-11-19,12.61,12.8,12.61,12.66,12.65,0.01,0.0791,36441.69,46210.57,2023-08-01
600268.SH,2021-11-19,10.95,11.54,10.91,11.22,11.12,0.1,0.8993,406230.17,457541.466,2023-08-01
600269.SH,2021-11-19,3.29,3.31,3.28,3.31,3.29,0.02,0.6079,52192.6,17206.035,2023-08-01
600271.SH,2021-11-19,12.31,12.55,12.27,12.46,12.33,0.13,1.0543,109187.64,135624.348,2023-08-01
600272.SH,2021-11-19,6.81,6.84,6.76,6.81,6.81,0.0,0.0,7922.0,5398.016,2023-08-01
600273.SH,2021-11-19,10.1,10.49,9.98,10.4,10.09,0.31,3.0723,404445.85,417116.581,2023-08-01
600275.SH,2021-11-19,2.84,2.91,2.81,2.89,2.83,0.06,2.1201,45465.0,13014.142,2023-08-01
600276.SH,2021-11-19,51.32,52.22,51.24,51.99,51.78,0.21,0.4056,366586.38,1898746.327,2023-08-01
600277.SH,2021-11-19,4.55,4.82,4.46,4.76,4.62,0.14,3.0303,1913164.89,889956.422,2023-08-01
600278.SH,2021-11-19,7.54,7.59,7.52,7.59,7.55,0.04,0.5298,14499.41,10962.214,2023-08-01
600279.SH,2021-11-19,3.66,3.7,3.65,3.68,3.67,0.01,0.2725,14290.0,5248.602,2023-08-01
600280.SH,2021-11-19,2.97,3.0,2.92,2.96,2.97,-0.01,-0.3367,44700.0,13199.807,2023-08-01
600281.SH,2021-11-19,5.43,5.43,5.18,5.31,5.35,-0.04,-0.7477,127330.9,67187.393,2023-08-01
600282.SH,2021-11-19,3.49,3.62,3.49,3.6,3.47,0.13,3.7464,826323.39,293339.953,2023-08-01
600283.SH,2021-11-19,10.74,10.81,10.65,10.76,10.74,0.02,0.1862,15960.0,17121.825,2023-08-01
600284.SH,2021-11-19,5.84,5.85,5.81,5.85,5.79,0.06,1.0363,23996.6,14000.099,2023-08-01
600285.SH,2021-11-19,11.73,12.08,11.58,11.96,11.72,0.24,2.0478,163455.85,193738.013,2023-08-01
600287.SH,2021-11-19,4.09,4.17,4.04,4.16,4.08,0.08,1.9608,18863.99,7739.71,2023-08-01
600288.SH,2021-11-19,12.07,12.32,11.93,12.3,12.01,0.29,2.4147,34920.18,42517.375,2023-08-01
600289.SH,2021-11-19,4.04,4.08,3.96,4.01,4.05,-0.04,-0.9877,63545.66,25462.279,2023-08-01
600290.SH,2021-11-19,3.41,3.45,3.38,3.41,3.44,-0.03,-0.8721,72876.57,24850.04,2023-08-01
600291.SH,2021-11-19,7.0,7.35,7.0,7.35,7.0,0.35,5.0,343969.26,249302.64,2023-08-01
600292.SH,2021-11-19,7.79,7.85,7.67,7.77,7.82,-0.05,-0.6394,55127.32,42637.251,2023-08-01
600293.SH,2021-11-19,3.42,3.45,3.36,3.44,3.42,0.02,0.5848,172547.5,58700.261,2023-08-01
600295.SH,2021-11-19,26.0,27.25,25.61,26.98,26.24,0.74,2.8201,175404.08,465029.549,2023-08-01
600297.SH,2021-11-19,2.55,2.59,2.53,2.59,2.56,0.03,1.1719,462568.44,118321.821,2023-08-01
600298.SH,2021-11-19,52.64,53.35,52.12,52.88,52.5,0.38,0.7238,62350.74,329341.117,2023-08-01
600299.SH,2021-11-19,12.58,12.78,12.43,12.69,12.57,0.12,0.9547,84909.66,107295.896,2023-08-01
600300.SH,2021-11-19,3.63,3.67,3.62,3.66,3.65,0.01,0.274,71751.0,26183.754,2023-08-01
600301.SH,2021-11-19,11.45,11.56,11.3,11.38,11.46,-0.08,-0.6981,22739.0,25884.656,2023-08-01
600302.SH,2021-11-19,4.28,4.33,4.23,4.31,4.28,0.03,0.7009,14843.67,6354.585,2023-08-01
600303.SH,2021-11-19,3.93,4.01,3.89,3.99,3.93,0.06,1.5267,76247.01,30224.937,2023-08-01
600305.SH,2021-11-19,16.27,16.45,16.02,16.32,16.27,0.05,0.3073,136853.02,222395.13,2023-08-01
600306.SH,2021-11-19,16.95,17.4,16.73,17.2,17.02,0.18,1.0576,5163.0,8788.361,2023-08-01
600307.SH,2021-11-19,2.06,2.11,2.03,2.11,2.06,0.05,2.4272,908428.18,188104.678,2023-08-01
600308.SH,2021-11-19,5.87,5.98,5.75,5.93,5.87,0.06,1.0221,388297.37,227677.675,2023-08-01
600309.SH,2021-11-19,97.88,101.11,97.63,100.24,97.6,2.64,2.7049,144446.34,1436777.135,2023-08-01
600310.SH,2021-11-19,4.97,4.99,4.8,4.91,4.96,-0.05,-1.0081,266305.74,129802.07,2023-08-01
600311.SH,2021-11-19,2.05,2.09,2.02,2.03,2.05,-0.02,-0.9756,59974.21,12303.384,2023-08-01
600312.SH,2021-11-19,8.39,8.53,8.21,8.4,8.44,-0.04,-0.4739,367167.15,305775.407,2023-08-01
600313.SH,2021-11-19,5.25,5.28,5.18,5.25,5.26,-0.01,-0.1901,228683.0,119866.71,2023-08-01
600315.SH,2021-11-19,42.08,42.45,41.6,41.95,42.16,-0.21,-0.4981,28619.4,120046.878,2023-08-01
600316.SH,2021-11-19,41.75,42.22,41.6,41.76,41.95,-0.19,-0.4529,128446.95,537701.578,2023-08-01
600319.SH,2021-11-19,5.63,5.63,5.52,5.59,5.6,-0.01,-0.1786,12420.0,6902.901,2023-08-01
600320.SH,2021-11-19,3.75,3.85,3.68,3.78,3.76,0.02,0.5319,289698.21,109430.857,2023-08-01
600321.SH,2021-11-19,1.93,1.94,1.91,1.94,1.92,0.02,1.0417,61907.26,11923.831,2023-08-01
600322.SH,2021-11-19,1.88,1.92,1.86,1.92,1.89,0.03,1.5873,85089.8,16087.354,2023-08-01
600323.SH,2021-11-19,21.62,21.65,21.27,21.58,21.62,-0.04,-0.185,46053.16,98671.505,2023-08-01
600325.SH,2021-11-19,5.27,5.42,5.26,5.37,5.29,0.08,1.5123,136355.77,72702.526,2023-08-01
600326.SH,2021-11-19,6.27,6.35,6.25,6.35,6.26,0.09,1.4377,63412.01,39982.407,2023-08-01
600327.SH,2021-11-19,6.25,6.27,6.04,6.13,6.16,-0.03,-0.487,162247.21,98917.854,2023-08-01
600328.SH,2021-11-19,16.26,17.5,16.04,17.2,16.39,0.81,4.942,544380.4,915700.502,2023-08-01
600329.SH,2021-11-19,23.51,23.67,23.3,23.55,23.55,0.0,0.0,28626.83,67130.954,2023-08-01
600330.SH,2021-11-19,15.71,16.76,15.58,16.45,15.55,0.9,5.7878,720166.83,1174040.979,2023-08-01
600331.SH,2021-11-19,3.37,3.52,3.33,3.5,3.4,0.1,2.9412,590616.61,202862.105,2023-08-01
600332.SH,2021-11-19,29.08,29.29,28.96,29.23,29.13,0.1,0.3433,35576.98,103512.74,2023-08-01
600333.SH,2021-11-19,6.66,6.97,6.52,6.94,6.66,0.28,4.2042,335883.46,228396.07,2023-08-01
600335.SH,2021-11-19,6.4,6.48,6.25,6.39,6.44,-0.05,-0.7764,256832.52,163381.972,2023-08-01
600336.SH,2021-11-19,9.24,9.4,9.04,9.21,9.28,-0.07,-0.7543,239882.28,220447.347,2023-08-01
600337.SH,2021-11-19,3.37,3.4,3.33,3.37,3.37,0.0,0.0,136110.8,45744.208,2023-08-01
600338.SH,2021-11-19,33.3,35.21,33.03,34.68,32.01,2.67,8.3411,1466638.26,5049337.106,2023-08-01
600339.SH,2021-11-19,2.87,2.91,2.84,2.91,2.86,0.05,1.7483,362129.63,104560.809,2023-08-01
600340.SH,2021-11-19,3.44,3.57,3.43,3.55,3.45,0.1,2.8986,330528.19,115827.414,2023-08-01
600343.SH,2021-11-19,10.0,10.27,9.98,10.2,10.12,0.08,0.7905,96691.36,98284.207,2023-08-01
600345.SH,2021-11-19,15.21,15.5,15.17,15.48,15.18,0.3,1.9763,11030.01,16947.714,2023-08-01
600346.SH,2021-11-19,21.3,21.74,21.09,21.72,21.22,0.5,2.3563,281960.36,606324.558,2023-08-01
600348.SH,2021-11-19,10.05,10.38,9.75,10.29,10.0,0.29,2.9,478692.83,482393.833,2023-08-01
600350.SH,2021-11-19,5.14,5.23,5.13,5.17,5.14,0.03,0.5837,48040.0,24819.887,2023-08-01
600351.SH,2021-11-19,6.31,6.35,6.12,6.28,6.33,-0.05,-0.7899,156731.12,97758.749,2023-08-01
600352.SH,2021-11-19,12.87,13.02,12.84,12.95,12.89,0.06,0.4655,180389.42,233221.901,2023-08-01
600353.SH,2021-11-19,5.53,5.6,5.42,5.59,5.55,0.04,0.7207,63899.0,35335.781,2023-08-01
600354.SH,2021-11-19,6.29,6.39,6.26,6.35,6.34,0.01,0.1577,162182.81,102539.147,2023-08-01
600355.SH,2021-11-19,3.1,3.18,3.08,3.16,3.09,0.07,2.2654,160231.0,50468.043,2023-08-01
600356.SH,2021-11-19,7.16,7.2,7.11,7.19,7.19,0.0,0.0,7507.36,5372.454,2023-08-01
600358.SH,2021-11-19,4.22,4.25,4.12,4.18,4.15,0.03,0.7229,59721.43,24996.077,2023-08-01
600359.SH,2021-11-19,7.84,7.9,7.73,7.85,7.83,0.02,0.2554,111573.5,87249.664,2023-08-01
600360.SH,2021-11-19,10.01,10.1,9.8,9.97,9.94,0.03,0.3018,355976.28,354286.291,2023-08-01
600361.SH,2021-11-19,5.38,5.46,5.28,5.4,5.39,0.01,0.1855,79034.0,42316.384,2023-08-01
600362.SH,2021-11-19,23.01,23.56,22.9,23.5,23.0,0.5,2.1739,283093.34,659759.102,2023-08-01
600363.SH,2021-11-19,30.88,31.04,30.61,30.91,30.89,0.02,0.0647,42133.38,129860.778,2023-08-01
600365.SH,2021-11-19,3.69,3.73,3.68,3.73,3.69,0.04,1.084,22792.72,8469.2,2023-08-01
600366.SH,2021-11-19,12.51,12.6,12.08,12.23,12.83,-0.6,-4.6765,830724.16,1021980.257,2023-08-01
600367.SH,2021-11-19,15.47,16.28,15.25,15.63,15.55,0.08,0.5145,249357.79,391695.032,2023-08-01
600368.SH,2021-11-19,3.7,3.77,3.66,3.75,3.69,0.06,1.626,123342.34,45910.389,2023-08-01
600369.SH,2021-11-19,4.75,4.88,4.73,4.84,4.74,0.1,2.1097,287987.08,138674.534,2023-08-01
600370.SH,2021-11-19,3.03,3.03,2.99,3.03,3.03,0.0,0.0,44657.5,13463.426,2023-08-01
600371.SH,2021-11-19,11.37,11.55,11.3,11.48,11.41,0.07,0.6135,34015.86,38897.691,2023-08-01
600372.SH,2021-11-19,18.76,19.26,18.6,19.11,18.78,0.33,1.7572,154109.64,292124.003,2023-08-01
600373.SH,2021-11-19,11.12,11.3,11.08,11.18,11.2,-0.02,-0.1786,103361.64,115707.721,2023-08-01
600375.SH,2021-11-19,10.3,10.49,10.2,10.28,10.35,-0.07,-0.6763,143812.14,148375.29,2023-08-01
600376.SH,2021-11-19,4.69,4.8,4.65,4.76,4.71,0.05,1.0616,82632.79,39077.327,2023-08-01
600377.SH,2021-11-19,8.44,8.53,8.4,8.5,8.43,0.07,0.8304,56774.78,48159.059,2023-08-01
600378.SH,2021-11-19,35.79,35.79,34.0,34.72,35.3,-0.58,-1.6431,53467.51,184722.129,2023-08-01
600379.SH,2021-11-19,13.57,14.88,13.23,14.54,13.62,0.92,6.7548,291683.73,411673.796,2023-08-01
600380.SH,2021-11-19,11.71,11.87,11.67,11.83,11.75,0.08,0.6809,87023.32,102460.044,2023-08-01
600381.SH,2021-11-19,6.28,6.4,6.28,6.35,6.27,0.08,1.2759,63511.52,40266.473,2023-08-01
600382.SH,2021-11-19,5.03,5.13,4.96,5.09,5.03,0.06,1.1928,65252.4,32906.008,2023-08-01
600383.SH,2021-11-19,10.46,11.24,10.36,11.02,10.5,0.52,4.9524,931745.13,1013363.722,2023-08-01
600385.SH,2021-11-19,6.18,6.42,6.16,6.32,6.24,0.08,1.2821,4345.0,2727.822,2023-08-01
600386.SH,2021-11-19,4.19,4.26,4.12,4.13,4.17,-0.04,-0.9592,92800.74,38548.389,2023-08-01
600387.SH,2021-11-19,5.07,5.26,4.97,5.23,5.01,0.22,4.3912,72945.3,37860.677,2023-08-01
600388.SH,2021-11-19,8.24,8.31,8.18,8.3,8.28,0.02,0.2415,93616.6,77305.712,2023-08-01
600389.SH,2021-11-19,40.89,42.0,40.68,41.9,41.25,0.65,1.5758,62513.04,259839.817,2023-08-01
600390.SH,2021-11-19,5.11,5.18,5.08,5.18,5.1,0.08,1.5686,159822.77,82067.015,2023-08-01
600391.SH,2021-11-19,22.06,22.31,21.8,22.07,22.05,0.02,0.0907,50865.88,112242.563,2023-08-01
600392.SH,2021-11-19,19.76,20.07,19.58,19.89,19.82,0.07,0.3532,331996.64,658119.869,2023-08-01
600393.SH,2021-11-19,1.38,1.4,1.37,1.39,1.39,0.0,0.0,220257.66,30531.069,2023-08-01
600395.SH,2021-11-19,7.09,7.22,7.03,7.19,7.12,0.07,0.9831,110691.42,79125.271,2023-08-01
600396.SH,2021-11-19,2.4,2.41,2.34,2.41,2.4,0.01,0.4167,142134.32,33765.361,2023-08-01
600397.SH,2021-11-19,2.82,2.84,2.73,2.84,2.83,0.01,0.3534,194883.18,54158.703,2023-08-01
600398.SH,2021-11-19,6.45,6.45,6.36,6.41,6.43,-0.02,-0.311,92918.65,59469.473,2023-08-01
600399.SH,2021-11-19,24.79,26.45,24.77,25.15,24.9,0.25,1.004,336478.01,860207.415,2023-08-01
600400.SH,2021-11-19,3.5,3.74,3.49,3.7,3.47,0.23,6.6282,567506.94,206003.067,2023-08-01
600403.SH,2021-11-19,3.93,3.95,3.9,3.94,3.94,0.0,0.0,44121.6,17321.848,2023-08-01
600405.SH,2021-11-19,6.87,7.05,6.71,6.92,6.89,0.03,0.4354,319095.62,220794.716,2023-08-01
600406.SH,2021-11-19,40.0,40.96,39.4,40.12,40.38,-0.26,-0.6439,262936.81,1051299.004,2023-08-01
600408.SH,2021-11-19,2.99,3.02,2.94,3.01,2.99,0.02,0.6689,147872.99,44086.385,2023-08-01
600409.SH,2021-11-19,9.1,9.65,8.91,9.65,9.13,0.52,5.6955,1328014.45,1244448.127,2023-08-01
600410.SH,2021-11-19,6.83,6.83,6.68,6.78,6.78,0.0,0.0,112146.71,75804.915,2023-08-01
600415.SH,2021-11-19,4.62,4.67,4.61,4.64,4.61,0.03,0.6508,215034.0,99735.059,2023-08-01
600416.SH,2021-11-19,17.78,18.25,17.63,17.74,17.75,-0.01,-0.0563,221887.7,397328.084,2023-08-01
600418.SH,2021-11-19,14.94,16.46,14.48,16.46,14.96,1.5,10.0267,2225861.03,3544215.027,2023-08-01
600419.SH,2021-11-19,12.06,12.17,12.02,12.15,12.07,0.08,0.6628,25125.17,30396.564,2023-08-01
600420.SH,2021-11-19,9.35,9.44,9.32,9.43,9.4,0.03,0.3191,26759.0,25102.678,2023-08-01
600421.SH,2021-11-19,8.2,8.35,8.16,8.3,8.26,0.04,0.4843,10148.0,8363.548,2023-08-01
600422.SH,2021-11-19,8.41,8.55,8.41,8.54,8.45,0.09,1.0651,31360.09,26667.246,2023-08-01
600423.SH,2021-11-19,4.0,4.08,3.85,3.92,4.08,-0.16,-3.9216,244597.94,96097.433,2023-08-01
600425.SH,2021-11-19,3.6,3.64,3.58,3.64,3.6,0.04,1.1111,151816.01,54920.227,2023-08-01
600426.SH,2021-11-19,28.41,30.05,28.22,29.97,28.47,1.5,5.2687,405932.29,1191893.411,2023-08-01
600428.SH,2021-11-19,4.83,4.94,4.8,4.93,4.84,0.09,1.8595,311357.73,151999.34,2023-08-01
600429.SH,2021-11-19,5.49,5.52,5.41,5.5,5.49,0.01,0.1821,108215.77,59213.081,2023-08-01
600433.SH,2021-11-19,4.43,4.45,4.35,4.45,4.45,0.0,0.0,125182.43,55111.189,2023-08-01
600435.SH,2021-11-19,11.25,11.35,10.9,11.01,11.22,-0.21,-1.8717,485786.03,539667.749,2023-08-01
600436.SH,2021-11-19,449.95,454.01,445.51,447.58,452.8,-5.22,-1.1528,19626.77,879864.123,2023-08-01
600438.SH,2021-11-19,49.35,49.7,48.0,48.93,49.41,-0.48,-0.9715,544851.95,2653380.472,2023-08-01
600439.SH,2021-11-19,2.91,2.96,2.89,2.95,2.93,0.02,0.6826,133265.01,38989.89,2023-08-01
600444.SH,2021-11-19,11.5,11.8,11.44,11.47,11.73,-0.26,-2.2165,51581.65,59628.023,2023-08-01
600446.SH,2021-11-19,13.56,13.83,13.51,13.71,13.56,0.15,1.1062,110814.85,151518.091,2023-08-01
600448.SH,2021-11-19,3.15,3.19,3.14,3.18,3.16,0.02,0.6329,45584.93,14454.334,2023-08-01
600449.SH,2021-11-19,10.9,10.97,10.8,10.96,10.88,0.08,0.7353,20246.33,22023.126,2023-08-01
600452.SH,2021-11-19,18.69,19.63,17.9,19.63,18.73,0.9,4.8051,288018.72,543057.14,2023-08-01
600455.SH,2021-11-19,21.54,22.06,21.36,21.49,21.59,-0.1,-0.4632,14188.1,30737.005,2023-08-01
600456.SH,2021-11-19,64.6,66.46,64.0,64.74,64.8,-0.06,-0.0926,89467.73,581914.99,2023-08-01
600458.SH,2021-11-19,10.92,11.22,10.85,11.09,11.04,0.05,0.4529,175542.03,193575.794,2023-08-01
600459.SH,2021-11-19,24.4,25.95,24.36,25.78,24.61,1.17,4.7542,170675.66,434090.306,2023-08-01
600460.SH,2021-11-19,63.0,63.48,61.56,62.02,62.89,-0.87,-1.3834,311911.91,1943736.209,2023-08-01
600461.SH,2021-11-19,7.87,8.05,7.81,8.04,7.87,0.17,2.1601,74775.69,59206.786,2023-08-01
600462.SH,2021-11-19,2.67,2.82,2.67,2.78,2.69,0.09,3.3457,49693.56,13731.903,2023-08-01
600463.SH,2021-11-19,5.87,5.96,5.83,5.94,5.88,0.06,1.0204,13917.63,8212.121,2023-08-01
600466.SH,2021-11-19,1.67,1.73,1.64,1.7,1.68,0.02,1.1905,466084.09,78531.39,2023-08-01
600467.SH,2021-11-19,2.75,2.77,2.7,2.75,2.74,0.01,0.365,203393.02,55686.852,2023-08-01
600468.SH,2021-11-19,5.78,5.87,5.69,5.75,5.8,-0.05,-0.8621,210673.1,121476.944,2023-08-01
600469.SH,2021-11-19,4.34,4.38,4.27,4.35,4.32,0.03,0.6944,21716.02,9397.885,2023-08-01
600470.SH,2021-11-19,7.18,7.34,7.03,7.31,7.23,0.08,1.1065,307337.7,221207.1,2023-08-01
600475.SH,2021-11-19,11.42,11.45,11.19,11.43,11.34,0.09,0.7937,33439.12,37949.045,2023-08-01
600476.SH,2021-11-19,10.97,11.16,10.8,11.09,10.97,0.12,1.0939,13646.32,15084.998,2023-08-01
600477.SH,2021-11-19,3.71,3.73,3.64,3.68,3.72,-0.04,-1.0753,165502.99,60830.96,2023-08-01
600478.SH,2021-11-19,6.97,7.09,6.76,7.08,6.99,0.09,1.2876,388979.2,269946.025,2023-08-01
600479.SH,2021-11-19,8.62,8.69,8.56,8.66,8.59,0.07,0.8149,39964.97,34547.553,2023-08-01
600480.SH,2021-11-19,9.17,9.46,9.12,9.4,9.17,0.23,2.5082,146056.67,136328.019,2023-08-01
600481.SH,2021-11-19,12.44,12.54,12.09,12.42,12.39,0.03,0.2421,233550.17,288096.02,2023-08-01
600482.SH,2021-11-19,18.25,18.43,18.01,18.39,18.25,0.14,0.7671,61212.46,111857.785,2023-08-01
600483.SH,2021-11-19,14.3,14.96,14.14,14.73,14.28,0.45,3.1513,211837.65,309597.224,2023-08-01
600486.SH,2021-11-19,119.5,124.6,119.5,124.58,119.8,4.78,3.99,11989.72,147933.064,2023-08-01
600487.SH,2021-11-19,16.79,17.14,16.6,16.79,17.05,-0.26,-1.5249,665389.93,1117974.61,2023-08-01
600488.SH,2021-11-19,4.17,4.19,4.12,4.15,4.15,0.0,0.0,24272.0,10075.25,2023-08-01
600489.SH,2021-11-19,8.44,8.48,8.39,8.47,8.45,0.02,0.2367,196808.19,166085.19,2023-08-01
600490.SH,2021-11-19,5.36,5.56,5.28,5.36,5.37,-0.01,-0.1862,693483.93,375100.469,2023-08-01
600491.SH,2021-11-19,6.05,6.2,5.96,6.17,6.02,0.15,2.4917,286415.89,173702.266,2023-08-01
600493.SH,2021-11-19,5.61,5.74,5.54,5.64,5.61,0.03,0.5348,49730.0,28049.197,2023-08-01
600495.SH,2021-11-19,3.49,3.52,3.46,3.51,3.49,0.02,0.5731,39400.2,13733.08,2023-08-01
600496.SH,2021-11-19,3.88,3.91,3.85,3.9,3.89,0.01,0.2571,146025.79,56660.661,2023-08-01
600497.SH,2021-11-19,4.87,4.93,4.81,4.93,4.9,0.03,0.6122,556568.92,271725.102,2023-08-01
600498.SH,2021-11-19,17.64,17.93,17.52,17.89,17.7,0.19,1.0734,73371.33,130227.666,2023-08-01
600499.SH,2021-11-19,21.8,23.1,21.49,21.77,22.23,-0.46,-2.0693,1506973.86,3372937.386,2023-08-01
600500.SH,2021-11-19,8.1,8.1,8.1,8.1,7.36,0.74,10.0543,144276.58,116864.03,2023-08-01
600501.SH,2021-11-19,9.82,10.03,9.66,9.96,9.82,0.14,1.4257,64195.0,63519.448,2023-08-01
600502.SH,2021-11-19,3.72,3.76,3.69,3.76,3.72,0.04,1.0753,106045.91,39491.83,2023-08-01
600503.SH,2021-11-19,3.11,3.14,3.08,3.13,3.11,0.02,0.6431,112236.25,34889.352,2023-08-01
600505.SH,2021-11-19,8.15,8.35,7.97,8.33,8.18,0.15,1.8337,128235.33,104923.789,2023-08-01
600506.SH,2021-11-19,11.56,11.67,11.45,11.55,11.63,-0.08,-0.6879,4993.0,5773.373,2023-08-01
600507.SH,2021-11-19,7.11,7.2,7.01,7.17,7.07,0.1,1.4144,229559.16,163424.38,2023-08-01
600508.SH,2021-11-19,10.3,10.41,10.19,10.41,10.37,0.04,0.3857,78611.35,81098.82,2023-08-01
600509.SH,2021-11-19,6.59,6.76,6.51,6.7,6.61,0.09,1.3616,144627.51,95702.453,2023-08-01
600510.SH,2021-11-19,7.98,8.09,7.96,8.08,8.02,0.06,0.7481,47063.53,37838.35,2023-08-01
600511.SH,2021-11-19,30.8,30.95,30.43,30.81,30.87,-0.06,-0.1944,57077.61,175165.269,2023-08-01
600512.SH,2021-11-19,3.04,3.07,3.01,3.07,3.04,0.03,0.9868,129004.0,39267.797,2023-08-01
600513.SH,2021-11-19,8.56,8.63,8.5,8.62,8.55,0.07,0.8187,17012.19,14582.779,2023-08-01
600515.SH,2021-11-19,8.25,8.38,8.09,8.27,8.24,0.03,0.3641,96106.12,79351.21,2023-08-01
600516.SH,2021-11-19,10.39,10.77,10.26,10.65,10.26,0.39,3.8012,1212424.6,1278934.807,2023-08-01
600517.SH,2021-11-19,6.8,6.91,6.79,6.88,6.81,0.07,1.0279,242896.03,166546.397,2023-08-01
600518.SH,2021-11-19,4.26,4.29,4.18,4.23,4.26,-0.03,-0.7042,299486.56,126754.03,2023-08-01
600519.SH,2021-11-19,1794.19,1849.0,1788.2,1828.41,1792.0,36.41,2.0318,31155.59,5699883.8,2023-08-01
600520.SH,2021-11-19,8.46,8.71,8.46,8.64,8.46,0.18,2.1277,27276.27,23542.608,2023-08-01
600521.SH,2021-11-19,21.22,21.33,20.5,20.82,21.52,-0.7,-3.2528,234336.64,488411.567,2023-08-01
600522.SH,2021-11-19,18.39,19.0,17.85,18.5,18.55,-0.05,-0.2695,1788331.92,3285330.812,2023-08-01
600523.SH,2021-11-19,20.2,21.88,20.2,21.02,20.5,0.52,2.5366,239288.98,509310.513,2023-08-01
600525.SH,2021-11-19,6.53,6.58,6.42,6.56,6.52,0.04,0.6135,125703.34,81767.758,2023-08-01
600526.SH,2021-11-19,5.78,5.92,5.78,5.86,5.87,-0.01,-0.1704,73123.26,42749.881,2023-08-01
600527.SH,2021-11-19,2.18,2.19,2.16,2.18,2.18,0.0,0.0,101202.4,22017.644,2023-08-01
600528.SH,2021-11-19,7.75,7.82,7.72,7.82,7.75,0.07,0.9032,38628.17,30028.486,2023-08-01
600529.SH,2021-11-19,40.05,41.27,39.72,40.6,39.85,0.75,1.8821,101271.97,409321.366,2023-08-01
600530.SH,2021-11-19,3.87,3.92,3.81,3.89,3.9,-0.01,-0.2564,63528.5,24559.304,2023-08-01
600531.SH,2021-11-19,5.36,5.45,5.33,5.44,5.38,0.06,1.1152,160745.8,86904.342,2023-08-01
600532.SH,2021-11-19,17.68,17.7,17.43,17.53,17.8,-0.27,-1.5169,14038.0,24643.465,2023-08-01
600533.SH,2021-11-19,2.84,2.88,2.82,2.87,2.84,0.03,1.0563,59500.8,16973.716,2023-08-01
600535.SH,2021-11-19,13.2,13.3,13.17,13.27,13.21,0.06,0.4542,45822.41,60600.908,2023-08-01
600536.SH,2021-11-19,51.41,52.46,51.41,52.21,51.9,0.31,0.5973,71451.15,371914.329,2023-08-01
600537.SH,2021-11-19,5.07,5.22,5.05,5.2,5.07,0.13,2.5641,229456.8,118663.945,2023-08-01
600538.SH,2021-11-19,10.15,10.21,10.0,10.14,10.13,0.01,0.0987,56842.28,57320.281,2023-08-01
600539.SH,2021-11-19,6.68,6.78,6.63,6.72,6.68,0.04,0.5988,6986.04,4695.477,2023-08-01
600540.SH,2021-11-19,5.53,5.62,5.5,5.6,5.6,0.0,0.0,167733.29,93223.088,2023-08-01
600543.SH,2021-11-19,6.62,6.68,6.61,6.64,6.62,0.02,0.3021,24322.46,16154.589,2023-08-01
600545.SH,2021-11-19,2.78,2.84,2.75,2.79,2.73,0.06,2.1978,89462.0,24959.107,2023-08-01
600546.SH,2021-11-19,8.0,8.14,7.82,8.12,8.01,0.11,1.3733,676339.02,542134.228,2023-08-01
600547.SH,2021-11-19,20.0,20.18,19.91,20.12,20.06,0.06,0.2991,125117.15,251019.995,2023-08-01
600548.SH,2021-11-19,10.19,10.19,10.0,10.1,10.16,-0.06,-0.5906,69700.69,70268.314,2023-08-01
600549.SH,2021-11-19,22.49,23.06,22.39,22.9,22.5,0.4,1.7778,317482.33,722613.238,2023-08-01
600550.SH,2021-11-19,5.07,5.08,4.92,5.06,5.04,0.02,0.3968,165510.19,82927.058,2023-08-01
600551.SH,2021-11-19,7.17,7.22,7.13,7.21,7.18,0.03,0.4178,9983.2,7163.994,2023-08-01
600552.SH,2021-11-19,10.75,10.75,10.25,10.52,10.58,-0.06,-0.5671,622948.83,653364.305,2023-08-01
600555.SH,2021-11-19,1.56,1.56,1.54,1.55,1.56,-0.01,-0.641,52294.6,8095.36,2023-08-01
600556.SH,2021-11-19,14.78,15.31,14.6,15.31,13.92,1.39,9.9856,1089656.23,1654470.112,2023-08-01
600557.SH,2021-11-19,10.37,10.37,10.13,10.18,10.3,-0.12,-1.165,42863.53,43703.888,2023-08-01
600558.SH,2021-11-19,3.32,3.34,3.28,3.33,3.31,0.02,0.6042,62952.8,20875.235,2023-08-01
600559.SH,2021-11-19,22.55,23.07,22.4,22.54,22.65,-0.11,-0.4857,247140.11,561144.621,2023-08-01
600560.SH,2021-11-19,8.85,8.97,8.78,8.94,8.83,0.11,1.2458,20606.23,18335.69,2023-08-01
600561.SH,2021-11-19,4.52,4.61,4.49,4.58,4.52,0.06,1.3274,14256.0,6490.841,2023-08-01
600562.SH,2021-11-19,16.81,16.94,16.49,16.62,16.79,-0.17,-1.0125,107469.27,179627.571,2023-08-01
600563.SH,2021-11-19,231.29,237.5,226.21,233.54,233.5,0.04,0.0171,20930.99,484927.209,2023-08-01
600565.SH,2021-11-19,2.36,2.4,2.35,2.39,2.37,0.02,0.8439,67977.74,16130.526,2023-08-01
600566.SH,2021-11-19,18.36,18.63,18.2,18.53,18.48,0.05,0.2706,140828.16,259814.935,2023-08-01
600567.SH,2021-11-19,3.22,3.24,3.19,3.23,3.22,0.01,0.3106,303552.36,97573.428,2023-08-01
600568.SH,2021-11-19,1.82,1.84,1.81,1.82,1.81,0.01,0.5525,81611.69,14875.875,2023-08-01
600569.SH,2021-11-19,2.64,2.71,2.6,2.7,2.64,0.06,2.2727,366284.13,97309.582,2023-08-01
600570.SH,2021-11-19,58.64,59.25,58.3,58.6,58.78,-0.18,-0.3062,83134.8,489072.516,2023-08-01
600571.SH,2021-11-19,9.58,9.59,9.35,9.58,9.55,0.03,0.3141,117926.23,111876.811,2023-08-01
600572.SH,2021-11-19,4.12,4.15,4.11,4.14,4.12,0.02,0.4854,92242.88,38071.435,2023-08-01
600573.SH,2021-11-19,8.9,9.02,8.85,8.93,8.93,0.0,0.0,50071.1,44661.496,2023-08-01
600575.SH,2021-11-19,2.2,2.23,2.18,2.23,2.2,0.03,1.3636,183504.08,40464.556,2023-08-01
600576.SH,2021-11-19,4.88,5.12,4.73,5.12,4.65,0.47,10.1075,338153.53,170229.916,2023-08-01
600577.SH,2021-11-19,8.97,9.28,8.8,9.11,8.9,0.21,2.3596,448634.86,409211.344,2023-08-01
600578.SH,2021-11-19,2.84,2.85,2.78,2.82,2.85,-0.03,-1.0526,136647.66,38287.128,2023-08-01
600579.SH,2021-11-19,7.49,7.85,7.49,7.55,7.53,0.02,0.2656,64968.57,49403.586,2023-08-01
600580.SH,2021-11-19,15.37,16.91,15.21,16.91,15.37,1.54,10.0195,681270.53,1123310.787,2023-08-01
600581.SH,2021-11-19,6.01,6.18,5.91,6.14,6.02,0.12,1.9934,545120.94,330680.997,2023-08-01
600582.SH,2021-11-19,3.99,4.0,3.89,3.98,3.96,0.02,0.5051,377044.77,148855.346,2023-08-01
600583.SH,2021-11-19,4.33,4.4,4.31,4.4,4.33,0.07,1.6166,203661.12,88954.674,2023-08-01
600584.SH,2021-11-19,31.45,31.77,31.13,31.68,31.43,0.25,0.7954,312072.72,981882.86,2023-08-01
600585.SH,2021-11-19,36.98,37.6,36.7,37.47,37.0,0.47,1.2703,177053.83,658495.261,2023-08-01
600586.SH,2021-11-19,9.33,9.39,9.13,9.36,9.33,0.03,0.3215,362991.01,336247.911,2023-08-01
600587.SH,2021-11-19,22.99,23.0,22.2,22.45,23.13,-0.68,-2.9399,121490.95,272730.035,2023-08-01
600588.SH,2021-11-19,31.24,31.32,30.88,31.12,31.1,0.02,0.0643,85410.94,265482.6,2023-08-01
600589.SH,2021-11-19,2.03,2.06,2.02,2.05,2.04,0.01,0.4902,80670.0,16488.953,2023-08-01
600590.SH,2021-11-19,8.03,8.25,7.91,8.13,8.03,0.1,1.2453,306298.15,247626.767,2023-08-01
600592.SH,2021-11-19,9.03,9.14,8.99,9.11,9.01,0.1,1.1099,25875.19,23497.058,2023-08-01
600593.SH,2021-11-19,12.96,13.03,12.75,13.01,12.95,0.06,0.4633,8061.54,10358.174,2023-08-01
600594.SH,2021-11-19,6.14,6.26,6.1,6.19,6.18,0.01,0.1618,131198.15,80870.106,2023-08-01
600595.SH,2021-11-19,3.83,3.88,3.77,3.85,3.83,0.02,0.5222,51537.91,19720.311,2023-08-01
600596.SH,2021-11-19,25.53,26.4,25.29,26.27,25.77,0.5,1.9402,294657.13,763889.045,2023-08-01
600597.SH,2021-11-19,14.03,14.15,13.85,14.1,14.05,0.05,0.3559,170024.25,238203.178,2023-08-01
600598.SH,2021-11-19,14.55,14.55,14.34,14.45,14.44,0.01,0.0693,98100.33,141447.71,2023-08-01
600599.SH,2021-11-19,9.25,9.25,9.03,9.18,9.17,0.01,0.1091,8035.01,7358.109,2023-08-01
600600.SH,2021-11-19,99.5,99.5,96.8,98.52,98.43,0.09,0.0914,30536.51,299197.766,2023-08-01
600601.SH,2021-11-19,2.6,2.61,2.57,2.6,2.59,0.01,0.3861,101117.47,26200.547,2023-08-01
600602.SH,2021-11-19,6.11,6.21,6.08,6.14,6.12,0.02,0.3268,65601.05,40326.344,2023-08-01
600603.SH,2021-11-19,3.74,3.87,3.74,3.85,3.74,0.11,2.9412,58551.63,22297.11,2023-08-01
600604.SH,2021-11-19,5.15,5.23,5.14,5.21,5.16,0.05,0.969,34621.25,17973.505,2023-08-01
600605.SH,2021-11-19,8.23,8.42,8.23,8.41,8.31,0.1,1.2034,7741.94,6481.655,2023-08-01
600606.SH,2021-11-19,4.08,4.22,4.07,4.18,4.08,0.1,2.451,313562.53,129734.261,2023-08-01
600608.SH,2021-11-19,5.35,5.43,5.34,5.39,5.35,0.04,0.7477,6944.0,3743.617,2023-08-01
600609.SH,2021-11-19,7.14,7.39,7.04,7.08,7.07,0.01,0.1414,124282.57,88640.486,2023-08-01
600610.SH,2021-11-19,17.2,17.46,17.05,17.25,17.25,0.0,0.0,53380.78,92114.627,2023-08-01
600611.SH,2021-11-19,3.35,3.39,3.31,3.37,3.36,0.01,0.2976,102709.4,34515.808,2023-08-01
600612.SH,2021-11-19,46.12,46.36,45.84,46.17,46.07,0.1,0.2171,4867.81,22435.134,2023-08-01
600613.SH,2021-11-19,5.09,5.14,5.06,5.11,5.07,0.04,0.789,18572.0,9471.228,2023-08-01
600615.SH,2021-11-19,8.11,8.35,7.98,8.15,8.08,0.07,0.8663,8463.0,6913.891,2023-08-01
600616.SH,2021-11-19,6.76,6.88,6.76,6.82,6.78,0.04,0.59,54940.62,37406.438,2023-08-01
600617.SH,2021-11-19,4.4,4.4,4.27,4.38,4.4,-0.02,-0.4545,65783.92,28497.208,2023-08-01
600618.SH,2021-11-19,11.78,12.58,11.66,12.44,11.85,0.59,4.9789,317142.68,387389.43,2023-08-01
600619.SH,2021-11-19,7.93,8.2,7.9,8.13,7.95,0.18,2.2642,44528.02,35929.606,2023-08-01
600620.SH,2021-11-19,8.56,8.8,8.45,8.62,8.63,-0.01,-0.1159,56299.43,48475.555,2023-08-01
600621.SH,2021-11-19,13.01,13.46,12.91,13.28,13.15,0.13,0.9886,159830.55,210636.653,2023-08-01
600622.SH,2021-11-19,2.62,2.68,2.61,2.66,2.61,0.05,1.9157,53711.6,14179.271,2023-08-01
600623.SH,2021-11-19,9.08,9.36,9.05,9.34,9.08,0.26,2.8634,172658.95,159428.057,2023-08-01
600624.SH,2021-11-19,6.47,6.55,6.44,6.54,6.46,0.08,1.2384,36021.33,23477.594,2023-08-01
600626.SH,2021-11-19,3.67,3.7,3.64,3.68,3.68,0.0,0.0,36987.11,13566.802,2023-08-01
600628.SH,2021-11-19,7.38,7.42,7.34,7.4,7.39,0.01,0.1353,9553.3,7043.377,2023-08-01
600629.SH,2021-11-19,6.14,6.18,6.05,6.15,6.08,0.07,1.1513,23314.55,14286.391,2023-08-01
600630.SH,2021-11-19,5.06,5.12,5.06,5.12,5.08,0.04,0.7874,18505.48,9438.38,2023-08-01
600633.SH,2021-11-19,7.57,7.7,7.51,7.55,7.49,0.06,0.8011,136099.0,103178.971,2023-08-01
600635.SH,2021-11-19,3.74,3.82,3.66,3.81,3.81,0.0,0.0,318798.96,118822.518,2023-08-01
600636.SH,2021-11-19,9.77,9.84,9.66,9.8,9.79,0.01,0.1021,38662.33,37645.49,2023-08-01
600637.SH,2021-11-19,7.74,7.79,7.68,7.78,7.73,0.05,0.6468,95662.87,74076.249,2023-08-01
600638.SH,2021-11-19,5.02,5.14,5.02,5.14,5.04,0.1,1.9841,12039.4,6139.6,2023-08-01
600639.SH,2021-11-19,11.5,11.54,11.37,11.52,11.51,0.01,0.0869,19950.05,22892.844,2023-08-01
600640.SH,2021-11-19,14.33,15.06,14.22,14.23,14.98,-0.75,-5.0067,323454.23,470677.009,2023-08-01
600641.SH,2021-11-19,36.82,38.5,36.82,37.16,37.3,-0.14,-0.3753,164254.78,618889.651,2023-08-01
600642.SH,2021-11-19,6.03,6.06,5.91,6.01,6.01,0.0,0.0,205984.11,123257.38,2023-08-01
600643.SH,2021-11-19,6.45,6.54,6.43,6.53,6.45,0.08,1.2403,70013.36,45393.538,2023-08-01
600644.SH,2021-11-19,6.61,6.62,6.48,6.62,6.61,0.01,0.1513,78280.01,51264.723,2023-08-01
600645.SH,2021-11-19,23.3,23.45,22.76,22.99,23.3,-0.31,-1.3305,70764.48,162352.01,2023-08-01
600647.SH,2021-11-19,11.28,11.45,11.15,11.39,11.25,0.14,1.2444,7430.0,8413.998,2023-08-01
600648.SH,2021-11-19,12.69,12.86,12.64,12.8,12.69,0.11,0.8668,25338.29,32272.765,2023-08-01
600649.SH,2021-11-19,3.88,3.94,3.87,3.93,3.89,0.04,1.0283,124332.99,48514.676,2023-08-01
600650.SH,2021-11-19,8.85,8.99,8.82,8.99,8.88,0.11,1.2387,7646.0,6818.653,2023-08-01
600651.SH,2021-11-19,3.15,3.18,3.13,3.15,3.15,0.0,0.0,55066.0,17350.029,2023-08-01
600652.SH,2021-11-19,2.81,2.9,2.78,2.9,2.76,0.14,5.0725,326369.25,93933.201,2023-08-01
600653.SH,2021-11-19,2.1,2.18,2.1,2.15,2.1,0.05,2.381,456956.57,98543.358,2023-08-01
600654.SH,2021-11-19,1.89,1.94,1.89,1.94,1.9,0.04,2.1053,68828.83,13249.386,2023-08-01
600655.SH,2021-11-19,9.82,9.89,9.78,9.86,9.83,0.03,0.3052,55193.48,54256.153,2023-08-01
600657.SH,2021-11-19,3.24,3.31,3.24,3.3,3.25,0.05,1.5385,28763.37,9428.043,2023-08-01
600658.SH,2021-11-19,3.95,3.96,3.87,3.95,3.93,0.02,0.5089,56159.29,21931.626,2023-08-01
600660.SH,2021-11-19,46.4,46.86,46.06,46.6,46.41,0.19,0.4094,99161.85,460936.293,2023-08-01
600661.SH,2021-11-19,9.51,9.61,9.46,9.55,9.56,-0.01,-0.1046,45603.97,43565.408,2023-08-01
600662.SH,2021-11-19,7.56,7.63,7.47,7.57,7.55,0.02,0.2649,40023.3,30173.952,2023-08-01
600663.SH,2021-11-19,10.45,10.58,10.44,10.56,10.45,0.11,1.0526,55010.67,57852.509,2023-08-01
600664.SH,2021-11-19,3.16,3.25,3.15,3.23,3.17,0.06,1.8927,160361.68,51418.211,2023-08-01
600665.SH,2021-11-19,2.77,2.83,2.75,2.81,2.76,0.05,1.8116,31620.2,8818.441,2023-08-01
600666.SH,2021-11-19,1.7,1.72,1.65,1.66,1.69,-0.03,-1.7751,85297.2,14270.125,2023-08-01
600667.SH,2021-11-19,8.42,8.53,8.32,8.5,8.43,0.07,0.8304,338885.45,286654.906,2023-08-01
600668.SH,2021-11-19,13.07,13.43,12.93,13.03,13.31,-0.28,-2.1037,132930.39,174105.499,2023-08-01
600671.SH,2021-11-19,9.0,9.0,8.7,8.79,8.82,-0.03,-0.3401,2629.0,2316.184,2023-08-01
600673.SH,2021-11-19,10.52,10.58,9.95,10.37,10.37,0.0,0.0,593329.53,611199.51,2023-08-01
600674.SH,2021-11-19,11.43,11.56,11.35,11.52,11.44,0.08,0.6993,98977.3,113164.327,2023-08-01
600675.SH,2021-11-19,2.69,2.73,2.69,2.72,2.69,0.03,1.1152,45555.49,12327.873,2023-08-01
600676.SH,2021-11-19,4.0,4.05,4.0,4.04,4.02,0.02,0.4975,21156.0,8526.08,2023-08-01
600678.SH,2021-11-19,5.56,5.6,5.52,5.59,5.56,0.03,0.5396,41191.95,22912.557,2023-08-01
600679.SH,2021-11-19,11.29,11.36,11.18,11.29,11.28,0.01,0.0887,7938.0,8942.411,2023-08-01
600681.SH,2021-11-19,4.97,5.04,4.87,5.04,4.99,0.05,1.002,109062.93,54257.637,2023-08-01
600682.SH,2021-11-19,12.06,12.46,11.82,12.34,11.94,0.4,3.3501,232462.13,282818.815,2023-08-01
600683.SH,2021-11-19,6.02,6.12,5.97,6.06,6.03,0.03,0.4975,249722.61,151221.331,2023-08-01
600684.SH,2021-11-19,3.08,3.12,3.07,3.11,3.08,0.03,0.974,45962.62,14242.431,2023-08-01
600685.SH,2021-11-19,20.12,20.23,19.95,20.09,20.11,-0.02,-0.0995,55610.15,111627.97,2023-08-01
600686.SH,2021-11-19,6.03,6.19,5.99,6.12,6.03,0.09,1.4925,53577.0,32699.538,2023-08-01
600688.SH,2021-11-19,4.3,4.75,4.28,4.74,4.32,0.42,9.7222,2000857.09,936911.322,2023-08-01
600689.SH,2021-11-19,6.66,6.73,6.58,6.66,6.63,0.03,0.4525,13844.0,9207.63,2023-08-01
600690.SH,2021-11-19,27.44,28.3,27.17,28.19,27.23,0.96,3.5255,367111.53,1027663.244,2023-08-01
600691.SH,2021-11-19,4.5,4.75,4.18,4.75,4.32,0.43,9.9537,2193383.51,982904.512,2023-08-01
600692.SH,2021-11-19,5.65,5.7,5.57,5.68,5.65,0.03,0.531,12943.86,7317.89,2023-08-01
600693.SH,2021-11-19,3.88,3.9,3.86,3.9,3.88,0.02,0.5155,65058.85,25291.045,2023-08-01
600694.SH,2021-11-19,18.75,18.94,18.67,18.86,18.74,0.12,0.6403,14993.54,28180.262,2023-08-01
600695.SH,2021-11-19,6.68,7.34,6.68,6.86,7.03,-0.17,-2.4182,223699.81,153758.424,2023-08-01
600696.SH,2021-11-19,28.28,29.06,28.28,28.53,28.5,0.03,0.1053,23813.6,68126.912,2023-08-01
600697.SH,2021-11-19,11.88,11.99,11.85,11.93,11.94,-0.01,-0.0838,4218.16,5030.62,2023-08-01
600698.SH,2021-11-19,3.17,3.28,3.17,3.26,3.18,0.08,2.5157,114257.5,37088.648,2023-08-01
600699.SH,2021-11-19,22.1,22.63,22.07,22.17,22.11,0.06,0.2714,395902.41,882829.455,2023-08-01
600702.SH,2021-11-19,183.22,188.6,183.2,185.17,183.58,1.59,0.8661,69890.33,1302275.883,2023-08-01
600703.SH,2021-11-19,34.98,35.85,34.88,35.71,35.1,0.61,1.7379,436749.9,1553989.045,2023-08-01
600704.SH,2021-11-19,6.43,6.58,6.37,6.51,6.43,0.08,1.2442,834410.6,541220.249,2023-08-01
600705.SH,2021-11-19,3.83,3.88,3.82,3.88,3.84,0.04,1.0417,263030.86,101204.643,2023-08-01
600706.SH,2021-11-19,6.76,6.8,6.6,6.69,6.8,-0.11,-1.6176,52777.74,35280.678,2023-08-01
600707.SH,2021-11-19,6.99,7.28,6.95,7.19,7.01,0.18,2.5678,482075.44,344284.91,2023-08-01
600708.SH,2021-11-19,2.23,2.26,2.22,2.25,2.24,0.01,0.4464,57505.04,12882.313,2023-08-01
600710.SH,2021-11-19,6.48,6.64,6.47,6.63,6.48,0.15,2.3148,140557.66,92543.181,2023-08-01
600711.SH,2021-11-19,10.13,10.35,10.02,10.23,10.05,0.18,1.791,1240996.18,1266000.48,2023-08-01
600712.SH,2021-11-19,3.47,3.53,3.44,3.52,3.45,0.07,2.029,32218.0,11232.672,2023-08-01
600713.SH,2021-11-19,4.38,4.42,4.34,4.39,4.38,0.01,0.2283,43607.6,19090.184,2023-08-01
600714.SH,2021-11-19,9.59,9.88,9.41,9.81,9.56,0.25,2.6151,54260.88,52648.808,2023-08-01
600715.SH,2021-11-19,2.88,2.94,2.83,2.91,2.85,0.06,2.1053,240347.5,69436.459,2023-08-01
600716.SH,2021-11-19,3.92,3.95,3.9,3.95,3.92,0.03,0.7653,13200.0,5181.746,2023-08-01
600717.SH,2021-11-19,3.89,3.93,3.86,3.92,3.88,0.04,1.0309,78166.52,30468.36,2023-08-01
600718.SH,2021-11-19,10.33,10.47,10.24,10.45,10.32,0.13,1.2597,93632.48,97307.423,2023-08-01
600719.SH,2021-11-19,4.01,4.06,3.91,4.05,4.03,0.02,0.4963,64616.8,25717.372,2023-08-01
600720.SH,2021-11-19,9.8,9.89,9.75,9.89,9.82,0.07,0.7128,51869.2,50899.521,2023-08-01
600721.SH,2021-11-19,8.81,9.04,8.55,8.95,8.62,0.33,3.8283,113291.15,99854.419,2023-08-01
600722.SH,2021-11-19,5.88,5.95,5.77,5.91,5.91,0.0,0.0,178512.87,105053.183,2023-08-01
600724.SH,2021-11-19,3.48,3.49,3.44,3.48,3.5,-0.02,-0.5714,20160.26,6985.739,2023-08-01
600725.SH,2021-11-19,3.52,3.56,3.44,3.54,3.52,0.02,0.5682,75823.93,26526.995,2023-08-01
600726.SH,2021-11-19,2.74,2.8,2.68,2.8,2.75,0.05,1.8182,195293.7,53632.493,2023-08-01
600727.SH,2021-11-19,9.38,9.74,9.13,9.68,9.38,0.3,3.1983,286914.55,272474.086,2023-08-01
600728.SH,2021-11-19,7.89,8.21,7.88,8.07,7.9,0.17,2.1519,189923.3,152751.63,2023-08-01
600729.SH,2021-11-19,22.46,22.98,22.4,22.92,22.43,0.49,2.1846,16493.17,37491.988,2023-08-01
600730.SH,2021-11-19,5.68,5.78,5.61,5.76,5.69,0.07,1.2302,68217.51,38932.136,2023-08-01
600731.SH,2021-11-19,8.86,9.15,8.69,9.04,8.96,0.08,0.8929,165705.02,147385.601,2023-08-01
600732.SH,2021-11-19,22.51,24.44,22.47,23.95,22.51,1.44,6.3972,403167.01,937398.98,2023-08-01
600733.SH,2021-11-19,12.3,12.34,11.73,11.97,12.28,-0.31,-2.5244,899450.32,1076865.196,2023-08-01
600734.SH,2021-11-19,2.73,2.75,2.64,2.74,2.73,0.01,0.3663,81455.21,21964.328,2023-08-01
600735.SH,2021-11-19,6.88,6.91,6.75,6.84,6.83,0.01,0.1464,88161.55,60242.979,2023-08-01
600736.SH,2021-11-19,4.32,4.4,4.3,4.39,4.33,0.06,1.3857,57226.17,24869.902,2023-08-01
600737.SH,2021-11-19,10.0,10.05,9.59,9.83,10.49,-0.66,-6.2917,1098961.96,1078219.936,2023-08-01
600738.SH,2021-11-19,6.3,6.37,6.2,6.32,6.31,0.01,0.1585,81899.0,51677.429,2023-08-01
600739.SH,2021-11-19,18.76,19.19,18.35,19.13,18.78,0.35,1.8637,179096.75,335755.816,2023-08-01
600740.SH,2021-11-19,6.22,6.41,6.13,6.41,6.27,0.14,2.2329,841271.31,530070.347,2023-08-01
600741.SH,2021-11-19,24.8,26.2,24.76,26.09,24.7,1.39,5.6275,223778.07,574837.268,2023-08-01
600742.SH,2021-11-19,13.2,13.46,12.9,13.05,12.9,0.15,1.1628,540916.04,709691.532,2023-08-01
600743.SH,2021-11-19,1.84,1.87,1.82,1.86,1.84,0.02,1.087,53590.61,9907.956,2023-08-01
600744.SH,2021-11-19,5.88,5.93,5.71,5.93,5.92,0.01,0.1689,319815.63,186249.734,2023-08-01
600745.SH,2021-11-19,113.83,114.97,112.88,114.47,113.73,0.74,0.6507,75780.64,862562.382,2023-08-01
600746.SH,2021-11-19,14.04,14.25,13.56,14.17,14.05,0.12,0.8541,229278.08,320493.435,2023-08-01
600748.SH,2021-11-19,3.75,3.81,3.73,3.79,3.75,0.04,1.0667,58113.85,21904.919,2023-08-01
600749.SH,2021-11-19,10.07,10.2,10.04,10.14,10.12,0.02,0.1976,21161.4,21438.13,2023-08-01
600750.SH,2021-11-19,11.96,12.09,11.89,12.02,12.03,-0.01,-0.0831,49358.49,59120.367,2023-08-01
600751.SH,2021-11-19,2.63,2.65,2.6,2.64,2.64,0.0,0.0,175265.0,45937.531,2023-08-01
600753.SH,2021-11-19,15.99,16.29,15.71,16.14,15.99,0.15,0.9381,60093.44,96367.169,2023-08-01
600754.SH,2021-11-19,56.73,57.14,55.5,56.8,56.5,0.3,0.531,43958.08,247223.467,2023-08-01
600755.SH,2021-11-19,6.7,6.89,6.69,6.87,6.72,0.15,2.2321,411589.45,281260.133,2023-08-01
600756.SH,2021-11-19,12.48,12.65,12.45,12.61,12.52,0.09,0.7188,20442.58,25673.381,2023-08-01
600757.SH,2021-11-19,5.21,5.25,5.18,5.23,5.21,0.02,0.3839,38192.85,19929.632,2023-08-01
600758.SH,2021-11-19,3.61,3.64,3.55,3.63,3.61,0.02,0.554,114133.67,40987.061,2023-08-01
600759.SH,2021-11-19,2.48,2.57,2.37,2.57,2.49,0.08,3.2129,1211315.58,300067.671,2023-08-01
600760.SH,2021-11-19,74.0,74.48,73.22,73.46,74.25,-0.79,-1.064,121404.85,894705.692,2023-08-01
600761.SH,2021-11-19,12.2,12.55,12.13,12.49,12.25,0.24,1.9592,108477.46,134234.88,2023-08-01
600763.SH,2021-11-19,212.27,215.97,208.0,210.9,216.16,-5.26,-2.4334,70093.98,1478133.509,2023-08-01
600764.SH,2021-11-19,30.49,30.92,30.13,30.62,30.51,0.11,0.3605,61064.82,186101.458,2023-08-01
600765.SH,2021-11-19,48.88,49.28,47.98,48.9,48.87,0.03,0.0614,147323.23,716236.649,2023-08-01
600766.SH,2021-11-19,4.45,4.52,4.42,4.51,4.43,0.08,1.8059,34091.0,15285.172,2023-08-01
600767.SH,2021-11-19,7.82,7.94,7.43,7.73,7.82,-0.09,-1.1509,98974.76,75967.392,2023-08-01
600768.SH,2021-11-19,8.77,8.98,8.62,8.92,8.77,0.15,1.7104,15956.0,14122.465,2023-08-01
600769.SH,2021-11-19,5.31,5.36,5.26,5.31,5.32,-0.01,-0.188,28581.47,15146.172,2023-08-01
600770.SH,2021-11-19,5.63,5.73,5.61,5.7,5.65,0.05,0.885,62002.98,35178.57,2023-08-01
600771.SH,2021-11-19,29.39,30.23,29.15,29.45,29.68,-0.23,-0.7749,115216.28,340554.53,2023-08-01
600773.SH,2021-11-19,22.95,24.4,22.6,23.3,23.16,0.14,0.6045,642281.15,1508997.24,2023-08-01
600774.SH,2021-11-19,17.58,17.59,17.16,17.25,17.51,-0.26,-1.4849,8303.6,14350.776,2023-08-01
600775.SH,2021-11-19,7.98,8.27,7.98,8.17,7.96,0.21,2.6382,83074.02,67664.96,2023-08-01
600776.SH,2021-11-19,11.82,11.88,11.55,11.73,11.8,-0.07,-0.5932,122744.68,143511.845,2023-08-01
600777.SH,2021-11-19,2.06,2.08,2.01,2.08,2.06,0.02,0.9709,1286527.06,263187.873,2023-08-01
600778.SH,2021-11-19,4.21,4.25,4.16,4.22,4.19,0.03,0.716,18636.0,7845.327,2023-08-01
600779.SH,2021-11-19,126.3,129.1,125.6,127.03,126.74,0.29,0.2288,38154.95,486179.07,2023-08-01
600780.SH,2021-11-19,3.62,3.64,3.58,3.61,3.63,-0.02,-0.551,39499.1,14234.148,2023-08-01
600781.SH,2021-11-19,3.07,3.15,3.07,3.12,3.09,0.03,0.9709,35182.0,10926.215,2023-08-01
600782.SH,2021-11-19,5.18,5.32,5.1,5.3,5.17,0.13,2.5145,660998.46,345320.125,2023-08-01
600783.SH,2021-11-19,12.57,12.84,12.4,12.78,12.52,0.26,2.0767,66257.17,83616.296,2023-08-01
600784.SH,2021-11-19,6.21,6.38,6.05,6.31,6.21,0.1,1.6103,126206.26,78531.502,2023-08-01
600785.SH,2021-11-19,12.63,12.64,12.5,12.61,12.65,-0.04,-0.3162,4179.06,5244.229,2023-08-01
600787.SH,2021-11-19,6.7,6.92,6.7,6.87,6.69,0.18,2.6906,309220.49,211776.587,2023-08-01
600789.SH,2021-11-19,7.02,7.06,7.0,7.05,7.02,0.03,0.4274,48272.24,33933.427,2023-08-01
600790.SH,2021-11-19,3.09,3.15,3.08,3.13,3.08,0.05,1.6234,89035.0,27773.238,2023-08-01
600791.SH,2021-11-19,3.32,3.38,3.27,3.37,3.32,0.05,1.506,34782.19,11597.02,2023-08-01
600792.SH,2021-11-19,3.97,4.0,3.83,3.99,3.97,0.02,0.5038,151826.0,59661.412,2023-08-01
600793.SH,2021-11-19,14.23,14.45,14.12,14.27,14.23,0.04,0.2811,39476.73,56176.229,2023-08-01
600794.SH,2021-11-19,3.09,3.18,3.08,3.15,3.09,0.06,1.9417,93723.92,29455.91,2023-08-01
600795.SH,2021-11-19,2.5,2.51,2.47,2.5,2.49,0.01,0.4016,584671.06,145451.469,2023-08-01
600796.SH,2021-11-19,6.3,6.3,5.93,6.1,6.2,-0.1,-1.6129,181704.09,110757.591,2023-08-01
600797.SH,2021-11-19,6.41,6.45,6.36,6.4,6.38,0.02,0.3135,43989.46,28172.913,2023-08-01
600798.SH,2021-11-19,4.07,4.08,3.99,4.05,4.06,-0.01,-0.2463,90021.99,36260.159,2023-08-01
600800.SH,2021-11-19,4.41,4.44,4.37,4.41,4.42,-0.01,-0.2262,59781.12,26302.403,2023-08-01
600801.SH,2021-11-19,16.82,17.58,16.75,17.5,16.91,0.59,3.4891,222680.54,382866.898,2023-08-01
600802.SH,2021-11-19,7.1,7.13,7.06,7.13,7.07,0.06,0.8487,39962.52,28390.732,2023-08-01
600803.SH,2021-11-19,19.28,20.12,19.04,20.04,19.27,0.77,3.9958,221892.13,440434.887,2023-08-01
600804.SH,2021-11-19,6.4,6.81,6.4,6.63,6.39,0.24,3.7559,864005.08,570504.033,2023-08-01
600805.SH,2021-11-19,4.99,5.08,4.87,4.94,4.97,-0.03,-0.6036,106961.14,53186.584,2023-08-01
600807.SH,2021-11-19,3.33,3.37,3.28,3.35,3.34,0.01,0.2994,92898.0,30815.212,2023-08-01
600808.SH,2021-11-19,3.61,3.69,3.56,3.68,3.61,0.07,1.9391,848428.21,308583.146,2023-08-01
600809.SH,2021-11-19,309.0,316.8,308.06,311.7,311.12,0.58,0.1864,57762.44,1811855.574,2023-08-01
600810.SH,2021-11-19,10.98,11.24,10.77,11.21,10.95,0.26,2.3744,187530.84,207724.024,2023-08-01
600811.SH,2021-11-19,2.96,2.99,2.94,2.98,2.95,0.03,1.0169,127903.68,37914.531,2023-08-01
600812.SH,2021-11-19,9.2,9.42,9.18,9.36,9.28,0.08,0.8621,96935.38,90785.789,2023-08-01
600814.SH,2021-11-19,5.85,5.93,5.85,5.92,5.87,0.05,0.8518,12696.64,7479.731,2023-08-01
600815.SH,2021-11-19,2.99,3.03,2.95,3.01,3.0,0.01,0.3333,101255.01,30249.183,2023-08-01
600816.SH,2021-11-19,4.82,4.87,4.78,4.85,4.86,-0.01,-0.2058,173419.97,83808.236,2023-08-01
600817.SH,2021-11-19,13.7,13.97,13.59,13.78,13.84,-0.06,-0.4335,8467.02,11661.165,2023-08-01
600818.SH,2021-11-19,8.21,8.42,8.15,8.38,8.27,0.11,1.3301,17742.71,14721.973,2023-08-01
600819.SH,2021-11-19,5.17,5.23,5.13,5.2,5.18,0.02,0.3861,39910.0,20674.49,2023-08-01
600820.SH,2021-11-19,5.07,5.12,5.05,5.11,5.07,0.04,0.789,147685.37,75185.125,2023-08-01
600821.SH,2021-11-19,10.6,10.61,9.73,10.01,10.57,-0.56,-5.298,1019928.32,1032376.423,2023-08-01
600822.SH,2021-11-19,8.43,8.46,8.36,8.44,8.43,0.01,0.1186,11940.01,10045.711,2023-08-01
600823.SH,2021-11-19,3.07,3.15,3.05,3.15,3.07,0.08,2.6059,151072.02,46941.365,2023-08-01
600824.SH,2021-11-19,3.49,3.49,3.45,3.48,3.48,0.0,0.0,16333.63,5662.527,2023-08-01
600825.SH,2021-11-19,4.06,4.11,4.04,4.09,4.09,0.0,0.0,45403.46,18517.8,2023-08-01
600826.SH,2021-11-19,7.94,7.98,7.88,7.95,7.94,0.01,0.1259,8464.0,6700.996,2023-08-01
600827.SH,2021-11-19,13.34,13.47,13.31,13.47,13.31,0.16,1.2021,76167.8,102060.814,2023-08-01
600828.SH,2021-11-19,3.42,3.43,3.38,3.41,3.42,-0.01,-0.2924,40082.39,13614.977,2023-08-01
600829.SH,2021-11-19,5.81,5.83,5.72,5.82,5.8,0.02,0.3448,19557.0,11282.14,2023-08-01
600830.SH,2021-11-19,4.86,4.92,4.83,4.92,4.85,0.07,1.4433,23181.0,11336.392,2023-08-01
600831.SH,2021-11-19,5.36,5.42,5.34,5.41,5.37,0.04,0.7449,53673.85,28942.959,2023-08-01
600833.SH,2021-11-19,8.17,8.26,8.11,8.25,8.17,0.08,0.9792,6512.91,5337.71,2023-08-01
600834.SH,2021-11-19,9.9,10.25,9.8,10.16,9.93,0.23,2.3162,75080.82,75729.768,2023-08-01
600835.SH,2021-11-19,15.55,15.75,15.4,15.71,15.52,0.19,1.2242,26663.89,41543.092,2023-08-01
600836.SH,2021-11-19,6.49,6.51,6.41,6.45,6.5,-0.05,-0.7692,40463.0,26086.073,2023-08-01
600837.SH,2021-11-19,12.11,12.34,12.11,12.28,12.14,0.14,1.1532,454669.53,556271.482,2023-08-01
600838.SH,2021-11-19,5.86,5.98,5.85,5.92,5.88,0.04,0.6803,18610.27,11004.373,2023-08-01
600839.SH,2021-11-19,2.89,3.04,2.88,2.97,2.89,0.08,2.7682,938545.5,279236.262,2023-08-01
600841.SH,2021-11-19,11.32,11.58,11.23,11.41,11.38,0.03,0.2636,40158.81,45866.333,2023-08-01
600843.SH,2021-11-19,5.83,5.99,5.79,5.86,5.79,0.07,1.209,32020.36,18854.085,2023-08-01
600844.SH,2021-11-19,3.36,3.42,3.32,3.4,3.38,0.02,0.5917,114826.56,38743.023,2023-08-01
600845.SH,2021-11-19,71.61,72.05,70.49,70.51,71.8,-1.29,-1.7967,31358.04,222452.153,2023-08-01
600846.SH,2021-11-19,7.83,7.94,7.82,7.91,7.84,0.07,0.8929,30089.5,23713.251,2023-08-01
600847.SH,2021-11-19,9.12,9.23,8.95,9.14,9.12,0.02,0.2193,10077.19,9158.595,2023-08-01
600848.SH,2021-11-19,14.35,14.46,14.24,14.45,14.28,0.17,1.1905,30449.99,43713.288,2023-08-01
600850.SH,2021-11-19,37.56,39.5,37.56,38.27,37.65,0.62,1.6467,80729.43,312462.103,2023-08-01
600851.SH,2021-11-19,8.88,8.91,8.75,8.89,8.87,0.02,0.2255,11923.64,10528.076,2023-08-01
600853.SH,2021-11-19,2.47,2.5,2.45,2.5,2.47,0.03,1.2146,39412.48,9759.951,2023-08-01
600854.SH,2021-11-19,4.27,4.34,4.14,4.3,4.32,-0.02,-0.463,153372.96,64787.327,2023-08-01
600855.SH,2021-11-19,12.46,12.88,12.45,12.79,12.5,0.29,2.32,43507.2,55451.557,2023-08-01
600856.SH,2021-11-19,2.76,2.9,2.69,2.73,2.83,-0.1,-3.5336,1073030.78,293368.351,2023-08-01
600857.SH,2021-11-19,9.27,9.37,9.17,9.3,9.2,0.1,1.087,8281.0,7677.803,2023-08-01
600858.SH,2021-11-19,5.06,5.16,4.98,5.14,5.06,0.08,1.581,17866.82,9071.601,2023-08-01
600859.SH,2021-11-19,30.27,30.85,30.27,30.83,30.4,0.43,1.4145,75348.47,231160.962,2023-08-01
600860.SH,2021-11-19,6.46,7.08,6.35,7.08,6.44,0.64,9.9379,88576.29,60595.653,2023-08-01
600861.SH,2021-11-19,23.02,23.18,22.4,22.65,23.22,-0.57,-2.4548,42822.2,97280.395,2023-08-01
600862.SH,2021-11-19,36.76,37.2,36.24,36.7,36.23,0.47,1.2973,130796.45,479735.188,2023-08-01
600863.SH,2021-11-19,3.16,3.17,3.09,3.17,3.21,-0.04,-1.2461,1124230.61,351221.047,2023-08-01
600864.SH,2021-11-19,5.66,5.82,5.61,5.75,5.64,0.11,1.9504,170508.94,97650.228,2023-08-01
600865.SH,2021-11-19,8.49,8.52,8.36,8.46,8.48,-0.02,-0.2358,19210.94,16216.404,2023-08-01
600866.SH,2021-11-19,4.5,4.52,4.4,4.46,4.52,-0.06,-1.3274,81739.51,36408.67,2023-08-01
600867.SH,2021-11-19,11.64,11.89,11.63,11.86,11.67,0.19,1.6281,126884.44,149853.938,2023-08-01
600868.SH,2021-11-19,2.81,2.81,2.78,2.81,2.8,0.01,0.3571,137298.65,38397.228,2023-08-01
600869.SH,2021-11-19,6.55,6.78,6.43,6.67,6.62,0.05,0.7553,618318.46,410831.492,2023-08-01
600870.SH,2021-11-19,4.77,4.77,4.69,4.72,4.77,-0.05,-1.0482,26555.01,12549.556,2023-08-01
600871.SH,2021-11-19,2.11,2.14,2.09,2.13,2.11,0.02,0.9479,507280.87,107722.44,2023-08-01
600872.SH,2021-11-19,35.97,36.61,35.11,35.57,35.56,0.01,0.0281,114533.69,408668.459,2023-08-01
600873.SH,2021-11-19,6.75,6.82,6.65,6.74,6.75,-0.01,-0.1481,281387.07,189129.226,2023-08-01
600874.SH,2021-11-19,6.44,6.65,6.43,6.6,6.45,0.15,2.3256,78177.24,51109.504,2023-08-01
600875.SH,2021-11-19,17.28,19.23,17.08,19.23,17.48,1.75,10.0114,822610.51,1529614.201,2023-08-01
600876.SH,2021-11-19,27.48,28.75,26.73,27.99,27.31,0.68,2.4899,145498.98,402255.458,2023-08-01
600877.SH,2021-11-19,18.1,18.3,17.67,17.91,18.16,-0.25,-1.3767,86619.89,155240.341,2023-08-01
600879.SH,2021-11-19,7.97,8.55,7.93,8.39,8.0,0.39,4.875,1237653.44,1032121.448,2023-08-01
600880.SH,2021-11-19,3.88,3.9,3.83,3.85,3.85,0.0,0.0,75691.0,29226.403,2023-08-01
600881.SH,2021-11-19,3.31,3.37,3.27,3.35,3.31,0.04,1.2085,149871.55,49714.016,2023-08-01
600882.SH,2021-11-19,55.62,56.48,54.69,54.99,55.5,-0.51,-0.9189,45551.0,251589.698,2023-08-01
600883.SH,2021-11-19,8.45,8.96,8.42,8.75,8.4,0.35,4.1667,56909.01,49775.1,2023-08-01
600884.SH,2021-11-19,36.34,37.19,35.68,36.23,36.33,-0.1,-0.2753,346631.51,1259374.345,2023-08-01
600885.SH,2021-11-19,75.48,76.12,74.26,74.9,74.85,0.05,0.0668,45365.28,340115.499,2023-08-01
600886.SH,2021-11-19,9.53,9.68,9.42,9.62,9.53,0.09,0.9444,233947.73,223677.42,2023-08-01
600887.SH,2021-11-19,41.12,41.41,40.55,40.85,41.2,-0.35,-0.8495,542643.61,2219534.662,2023-08-01
600888.SH,2021-11-19,9.59,9.71,9.31,9.65,9.64,0.01,0.1037,432550.72,412394.113,2023-08-01
600889.SH,2021-11-19,5.77,5.88,5.73,5.86,5.8,0.06,1.0345,38313.0,22286.435,2023-08-01
600890.SH,2021-11-19,2.9,2.93,2.83,2.86,2.89,-0.03,-1.0381,46411.01,13261.91,2023-08-01
600892.SH,2021-11-19,3.61,3.93,3.61,3.93,3.57,0.36,10.084,110582.0,43056.788,2023-08-01
600893.SH,2021-11-19,63.46,64.15,62.22,63.3,62.83,0.47,0.7481,322088.11,2040338.129,2023-08-01
600894.SH,2021-11-19,6.97,7.05,6.95,7.04,6.97,0.07,1.0043,29062.79,20376.953,2023-08-01
600895.SH,2021-11-19,14.92,15.1,14.9,15.08,14.92,0.16,1.0724,38812.05,58303.467,2023-08-01
600896.SH,2021-11-19,4.93,5.21,4.82,5.12,4.97,0.15,3.0181,180779.8,90766.451,2023-08-01
600897.SH,2021-11-19,17.09,17.09,16.59,16.67,16.97,-0.3,-1.7678,49436.16,83028.279,2023-08-01
600898.SH,2021-11-19,5.02,5.14,5.02,5.06,5.01,0.05,0.998,13865.0,7034.935,2023-08-01
600900.SH,2021-11-19,20.02,20.27,19.98,20.21,20.04,0.17,0.8483,303074.44,610516.284,2023-08-01
600901.SH,2021-11-19,5.07,5.1,5.05,5.1,5.07,0.03,0.5917,101737.0,51627.391,2023-08-01
600903.SH,2021-11-19,9.94,9.99,9.7,9.98,9.94,0.04,0.4024,80850.28,79742.028,2023-08-01
600905.SH,2021-11-19,6.88,6.88,6.76,6.86,6.9,-0.04,-0.5797,2569371.89,1753837.312,2023-08-01
600906.SH,2021-11-19,11.19,11.87,11.15,11.62,11.19,0.43,3.8427,415540.32,479064.016,2023-08-01
600908.SH,2021-11-19,5.67,5.73,5.63,5.72,5.66,0.06,1.0601,142395.45,80852.559,2023-08-01
600909.SH,2021-11-19,5.11,5.23,5.1,5.21,5.11,0.1,1.9569,274825.4,142308.24,2023-08-01
600916.SH,2021-11-19,14.02,14.12,13.99,14.11,14.1,0.01,0.0709,33424.56,46946.095,2023-08-01
600917.SH,2021-11-19,8.66,8.82,8.46,8.78,8.68,0.1,1.1521,82444.05,71631.828,2023-08-01
600918.SH,2021-11-19,9.22,9.43,9.2,9.38,9.22,0.16,1.7354,271579.7,253193.219,2023-08-01
600919.SH,2021-11-19,6.15,6.2,6.1,6.18,6.12,0.06,0.9804,638196.39,391896.458,2023-08-01
600926.SH,2021-11-19,14.17,14.62,14.12,14.55,14.2,0.35,2.4648,139135.64,200581.758,2023-08-01
600928.SH,2021-11-19,4.27,4.31,4.25,4.31,4.26,0.05,1.1737,63934.28,27352.785,2023-08-01
600929.SH,2021-11-19,7.6,8.06,7.59,7.93,7.59,0.34,4.4796,180604.09,142822.381,2023-08-01
600933.SH,2021-11-19,15.87,16.22,15.51,15.97,15.83,0.14,0.8844,32088.21,51161.057,2023-08-01
600936.SH,2021-11-19,2.64,2.66,2.63,2.65,2.64,0.01,0.3788,38926.0,10297.98,2023-08-01
600939.SH,2021-11-19,3.37,3.42,3.37,3.41,3.38,0.03,0.8876,15522.34,5271.582,2023-08-01
600955.SH,2021-11-19,44.16,48.0,43.63,46.71,44.37,2.34,5.2738,152594.95,699169.964,2023-08-01
600956.SH,2021-11-19,16.3,16.87,16.1,16.84,16.72,0.12,0.7177,141292.77,234521.71,2023-08-01
600958.SH,2021-11-19,13.27,14.14,13.21,13.93,13.34,0.59,4.4228,1823223.35,2508444.114,2023-08-01
600959.SH,2021-11-19,2.98,3.0,2.97,2.99,2.99,0.0,0.0,117869.0,35227.757,2023-08-01
600960.SH,2021-11-19,3.77,3.88,3.72,3.82,3.77,0.05,1.3263,131351.79,49956.582,2023-08-01
600961.SH,2021-11-19,8.7,8.76,8.49,8.71,8.74,-0.03,-0.3432,142552.0,122830.618,2023-08-01
600962.SH,2021-11-19,9.87,9.91,9.53,9.75,9.78,-0.03,-0.3067,65587.0,63467.902,2023-08-01
600963.SH,2021-11-19,7.09,7.4,7.07,7.23,7.07,0.16,2.2631,348887.79,252512.59,2023-08-01
600965.SH,2021-11-19,6.57,6.77,6.43,6.72,6.57,0.15,2.2831,83008.34,54882.408,2023-08-01
600966.SH,2021-11-19,10.21,10.31,10.11,10.31,10.25,0.06,0.5854,104527.8,106610.378,2023-08-01
600967.SH,2021-11-19,10.55,10.64,10.48,10.53,10.55,-0.02,-0.1896,172382.02,181770.313,2023-08-01
600968.SH,2021-11-19,2.73,2.81,2.68,2.8,2.72,0.08,2.9412,648366.53,179292.766,2023-08-01
600969.SH,2021-11-19,6.94,7.14,6.87,7.06,6.98,0.08,1.1461,51428.61,35942.731,2023-08-01
600970.SH,2021-11-19,11.2,11.2,10.94,11.04,11.09,-0.05,-0.4509,115879.24,128111.627,2023-08-01
600971.SH,2021-11-19,6.24,6.31,6.1,6.29,6.21,0.08,1.2882,141722.85,87911.795,2023-08-01
600973.SH,2021-11-19,6.52,6.85,6.4,6.47,6.76,-0.29,-4.2899,1322637.9,866192.212,2023-08-01
600975.SH,2021-11-19,6.69,6.71,6.58,6.68,6.68,0.0,0.0,117719.55,78032.233,2023-08-01
600976.SH,2021-11-19,54.6,55.48,51.88,53.3,54.32,-1.02,-1.8778,54318.26,288382.596,2023-08-01
600977.SH,2021-11-19,11.76,11.89,11.72,11.86,11.77,0.09,0.7647,73230.02,86438.77,2023-08-01
600979.SH,2021-11-19,3.36,3.37,3.33,3.37,3.36,0.01,0.2976,197212.9,66089.515,2023-08-01
600980.SH,2021-11-19,17.35,18.29,17.15,17.9,17.75,0.15,0.8451,100015.64,176344.333,2023-08-01
600981.SH,2021-11-19,2.75,2.75,2.68,2.72,2.72,0.0,0.0,49746.42,13451.534,2023-08-01
600982.SH,2021-11-19,4.27,4.37,4.13,4.32,4.38,-0.06,-1.3699,521921.35,221951.094,2023-08-01
600983.SH,2021-11-19,8.81,8.92,8.71,8.89,8.81,0.08,0.9081,15426.8,13569.022,2023-08-01
600984.SH,2021-11-19,9.66,9.78,9.51,9.71,9.6,0.11,1.1458,109673.15,105895.266,2023-08-01
600985.SH,2021-11-19,10.79,11.04,10.65,11.0,10.82,0.18,1.6636,184403.93,200737.924,2023-08-01
600986.SH,2021-11-19,4.78,4.91,4.69,4.7,4.68,0.02,0.4274,450608.97,215840.764,2023-08-01
600987.SH,2021-11-19,5.7,5.7,5.58,5.69,5.69,0.0,0.0,45728.86,25818.836,2023-08-01
600988.SH,2021-11-19,16.9,17.15,16.68,17.07,16.9,0.17,1.0059,271660.95,460314.222,2023-08-01
600989.SH,2021-11-19,15.57,16.46,15.38,16.27,15.58,0.69,4.4288,817500.24,1317240.929,2023-08-01
600990.SH,2021-11-19,54.76,55.38,53.22,54.08,54.76,-0.68,-1.2418,39869.09,215783.706,2023-08-01
600992.SH,2021-11-19,7.92,8.08,7.91,8.03,7.97,0.06,0.7528,37975.3,30370.051,2023-08-01
600993.SH,2021-11-19,24.6,24.71,24.41,24.63,24.6,0.03,0.122,31805.42,78152.17,2023-08-01
600995.SH,2021-11-19,17.81,17.99,17.29,17.83,17.8,0.03,0.1685,343460.58,606642.944,2023-08-01
600996.SH,2021-11-19,4.79,4.8,4.68,4.68,4.79,-0.11,-2.2965,82997.67,39146.767,2023-08-01
600997.SH,2021-11-19,6.73,6.92,6.68,6.91,6.79,0.12,1.7673,270561.55,184505.459,2023-08-01
600998.SH,2021-11-19,13.57,13.69,13.48,13.68,13.57,0.11,0.8106,33820.85,46050.549,2023-08-01
600999.SH,2021-11-19,17.03,17.37,17.01,17.3,17.03,0.27,1.5854,198125.13,341480.219,2023-08-01
601000.SH,2021-11-19,2.71,2.74,2.67,2.73,2.72,0.01,0.3676,430077.63,116440.607,2023-08-01
601001.SH,2021-11-19,8.91,9.09,8.8,9.07,8.96,0.11,1.2277,274317.08,246047.97,2023-08-01
601002.SH,2021-11-19,5.04,5.11,5.01,5.11,5.04,0.07,1.3889,59520.01,30140.848,2023-08-01
601003.SH,2021-11-19,5.22,5.27,5.15,5.25,5.21,0.04,0.7678,72905.04,38079.784,2023-08-01
601005.SH,2021-11-19,1.98,2.02,1.94,2.01,1.98,0.03,1.5152,1045725.32,206884.061,2023-08-01
601006.SH,2021-11-19,6.2,6.23,6.17,6.22,6.2,0.02,0.3226,159355.66,98670.341,2023-08-01
601007.SH,2021-11-19,5.52,5.54,5.45,5.54,5.51,0.03,0.5445,10366.6,5702.006,2023-08-01
601008.SH,2021-11-19,3.55,3.61,3.55,3.6,3.57,0.03,0.8403,53732.26,19272.528,2023-08-01
601009.SH,2021-11-19,9.38,9.45,9.24,9.42,9.38,0.04,0.4264,235773.56,220340.559,2023-08-01
601010.SH,2021-11-19,3.04,3.16,3.01,3.05,2.96,0.09,3.0405,229461.33,70083.989,2023-08-01
601011.SH,2021-11-19,4.8,4.87,4.72,4.84,4.83,0.01,0.207,319005.96,153476.38,2023-08-01
601012.SH,2021-11-19,89.59,92.63,88.03,91.89,89.72,2.17,2.4186,878592.09,7934764.925,2023-08-01
601015.SH,2021-11-19,6.9,7.24,6.63,7.18,6.96,0.22,3.1609,1293303.99,901337.782,2023-08-01
601016.SH,2021-11-19,6.51,6.53,6.36,6.5,6.56,-0.06,-0.9146,1461236.16,943711.359,2023-08-01
601018.SH,2021-11-19,3.75,3.77,3.75,3.77,3.76,0.01,0.266,48585.93,18265.173,2023-08-01
601019.SH,2021-11-19,5.66,5.71,5.63,5.71,5.65,0.06,1.0619,29726.34,16869.333,2023-08-01
601020.SH,2021-11-19,12.38,12.52,12.08,12.31,12.54,-0.23,-1.8341,109594.0,135189.668,2023-08-01
601021.SH,2021-11-19,56.73,58.16,56.67,57.52,56.73,0.79,1.3926,26861.66,153921.777,2023-08-01
601028.SH,2021-11-19,17.5,17.66,17.3,17.45,17.56,-0.11,-0.6264,43466.0,76112.04,2023-08-01
601038.SH,2021-11-19,12.21,12.32,12.11,12.32,12.29,0.03,0.2441,46390.86,56598.088,2023-08-01
601058.SH,2021-11-19,14.9,14.95,13.41,14.45,14.9,-0.45,-3.0201,712117.02,996020.336,2023-08-01
601066.SH,2021-11-19,28.5,29.09,28.21,28.85,28.33,0.52,1.8355,215819.57,619585.358,2023-08-01
601068.SH,2021-11-19,3.95,3.97,3.87,3.95,4.0,-0.05,-1.25,194254.73,76117.683,2023-08-01
601077.SH,2021-11-19,3.82,3.84,3.81,3.84,3.81,0.03,0.7874,261400.26,99933.385,2023-08-01
601086.SH,2021-11-19,3.51,3.56,3.49,3.56,3.52,0.04,1.1364,19261.0,6797.237,2023-08-01
601088.SH,2021-11-19,19.09,19.43,18.95,19.34,19.1,0.24,1.2565,235331.66,453247.591,2023-08-01
601098.SH,2021-11-19,8.74,8.79,8.67,8.76,8.71,0.05,0.5741,43439.33,37994.601,2023-08-01
601099.SH,2021-11-19,3.24,3.33,3.21,3.32,3.25,0.07,2.1538,1719814.02,563005.22,2023-08-01
601100.SH,2021-11-19,81.6,82.21,80.85,81.91,82.34,-0.43,-0.5222,40710.51,331283.532,2023-08-01
601101.SH,2021-11-19,8.2,8.54,8.07,8.49,8.33,0.16,1.9208,199852.01,166530.45,2023-08-01
601106.SH,2021-11-19,3.36,3.39,3.32,3.38,3.38,0.0,0.0,319793.89,107116.249,2023-08-01
601107.SH,2021-11-19,3.44,3.52,3.43,3.49,3.41,0.08,2.346,74842.78,26002.935,2023-08-01
601108.SH,2021-11-19,10.12,10.38,10.08,10.33,10.12,0.21,2.0751,333369.15,341720.234,2023-08-01
601111.SH,2021-11-19,8.43,8.6,8.26,8.5,8.42,0.08,0.9501,301207.93,253600.052,2023-08-01
601113.SH,2021-11-19,3.75,3.95,3.75,3.91,3.77,0.14,3.7135,71645.05,27672.346,2023-08-01
601116.SH,2021-11-19,7.97,8.03,7.91,8.03,7.98,0.05,0.6266,8447.52,6756.647,2023-08-01
601117.SH,2021-11-19,10.13,10.38,10.01,10.35,10.16,0.19,1.8701,596053.04,606933.715,2023-08-01
601118.SH,2021-11-19,5.63,5.78,5.41,5.69,5.61,0.08,1.426,984769.15,553010.501,2023-08-01
601126.SH,2021-11-19,21.11,21.24,20.36,21.09,21.13,-0.04,-0.1893,397406.79,830369.038,2023-08-01
601127.SH,2021-11-19,62.5,63.53,60.73,62.1,62.29,-0.19,-0.305,114404.33,708950.133,2023-08-01
601128.SH,2021-11-19,6.81,7.07,6.81,7.03,6.8,0.23,3.3824,416764.83,290244.325,2023-08-01
601137.SH,2021-11-19,22.17,22.7,21.5,21.96,21.73,0.23,1.0584,170129.02,373485.237,2023-08-01
601138.SH,2021-11-19,11.6,11.96,11.56,11.91,11.62,0.29,2.4957,341482.26,403926.27,2023-08-01
601139.SH,2021-11-19,8.89,9.23,8.76,9.19,8.94,0.25,2.7964,337259.1,305915.679,2023-08-01
601155.SH,2021-11-19,32.64,34.28,32.22,33.8,32.65,1.15,3.5222,127349.56,425672.377,2023-08-01
601156.SH,2021-11-19,19.99,20.65,19.97,20.57,19.96,0.61,3.0561,67079.36,137414.02,2023-08-01
601158.SH,2021-11-19,6.26,6.28,6.13,6.23,6.22,0.01,0.1608,103269.59,64142.177,2023-08-01
601162.SH,2021-11-19,3.87,3.96,3.85,3.94,3.86,0.08,2.0725,855836.62,334180.505,2023-08-01
601163.SH,2021-11-19,12.84,12.99,12.8,12.93,12.8,0.13,1.0156,14180.32,18281.46,2023-08-01
601166.SH,2021-11-19,18.28,18.61,18.24,18.5,18.3,0.2,1.0929,678054.57,1249610.033,2023-08-01
601168.SH,2021-11-19,12.9,13.17,12.76,13.17,12.82,0.35,2.7301,483944.44,627628.149,2023-08-01
601169.SH,2021-11-19,4.42,4.45,4.42,4.44,4.42,0.02,0.4525,297352.28,131810.3,2023-08-01
601177.SH,2021-11-19,9.13,9.37,9.1,9.34,9.15,0.19,2.0765,39517.02,36658.011,2023-08-01
601179.SH,2021-11-19,5.4,5.43,5.25,5.34,5.37,-0.03,-0.5587,625041.38,332864.747,2023-08-01
601186.SH,2021-11-19,7.28,7.35,7.23,7.34,7.29,0.05,0.6859,358490.38,260802.797,2023-08-01
601187.SH,2021-11-19,6.77,6.82,6.7,6.8,6.77,0.03,0.4431,128929.69,87177.765,2023-08-01
601188.SH,2021-11-19,3.56,3.6,3.51,3.57,3.56,0.01,0.2809,41600.04,14780.338,2023-08-01
601198.SH,2021-11-19,11.65,12.36,11.65,12.12,11.69,0.43,3.6784,464853.63,559433.694,2023-08-01
601199.SH,2021-11-19,4.51,4.62,4.5,4.59,4.53,0.06,1.3245,150009.57,68621.675,2023-08-01
601200.SH,2021-11-19,12.0,12.06,11.9,12.04,12.0,0.04,0.3333,47611.87,57049.517,2023-08-01
601208.SH,2021-11-19,17.14,17.45,17.02,17.27,17.34,-0.07,-0.4037,55834.19,96210.111,2023-08-01
601211.SH,2021-11-19,16.95,17.31,16.88,17.29,16.91,0.38,2.2472,361964.38,619814.037,2023-08-01
601212.SH,2021-11-19,2.71,2.74,2.69,2.74,2.72,0.02,0.7353,317377.06,86221.427,2023-08-01
601216.SH,2021-11-19,4.98,5.1,4.92,5.08,4.99,0.09,1.8036,785501.08,394991.817,2023-08-01
601218.SH,2021-11-19,6.65,7.04,6.61,6.97,6.75,0.22,3.2593,1265902.69,874584.196,2023-08-01
601222.SH,2021-11-19,11.2,11.78,11.01,11.57,11.14,0.43,3.86,905129.44,1034585.391,2023-08-01
601225.SH,2021-11-19,11.89,12.3,11.74,12.23,11.9,0.33,2.7731,516453.95,627279.941,2023-08-01
601226.SH,2021-11-19,6.05,6.2,5.87,5.99,5.96,0.03,0.5034,387345.01,234334.085,2023-08-01
601228.SH,2021-11-19,3.15,3.17,3.14,3.17,3.14,0.03,0.9554,52345.0,16526.08,2023-08-01
601229.SH,2021-11-19,7.22,7.26,7.21,7.25,7.21,0.04,0.5548,120408.33,87074.966,2023-08-01
601231.SH,2021-11-19,14.42,15.04,14.35,15.0,14.4,0.6,4.1667,155129.79,229649.101,2023-08-01
601233.SH,2021-11-19,19.12,19.8,19.0,19.75,19.19,0.56,2.9182,330259.91,645450.264,2023-08-01
601236.SH,2021-11-19,11.06,11.31,11.02,11.25,11.09,0.16,1.4427,82710.87,92723.591,2023-08-01
601238.SH,2021-11-19,16.21,16.74,15.72,16.45,16.31,0.14,0.8584,569999.19,927705.289,2023-08-01
601258.SH,2021-11-19,1.74,1.75,1.71,1.72,1.75,-0.03,-1.7143,636590.22,109730.958,2023-08-01
601279.SH,2021-11-19,8.46,8.88,8.4,8.68,8.44,0.24,2.8436,258184.93,223665.643,2023-08-01
601288.SH,2021-11-19,2.93,2.95,2.93,2.95,2.93,0.02,0.6826,2314892.41,680471.885,2023-08-01
601298.SH,2021-11-19,5.56,5.6,5.55,5.59,5.55,0.04,0.7207,44101.28,24599.997,2023-08-01
601311.SH,2021-11-19,14.92,15.45,14.92,15.32,14.88,0.44,2.957,343866.27,524617.916,2023-08-01
601318.SH,2021-11-19,49.4,50.11,49.25,49.96,49.51,0.45,0.9089,428290.07,2129834.61,2023-08-01
601319.SH,2021-11-19,4.79,4.83,4.75,4.82,4.82,0.0,0.0,354543.06,169698.189,2023-08-01
601326.SH,2021-11-19,2.64,2.65,2.62,2.64,2.63,0.01,0.3802,37202.33,9798.165,2023-08-01
601328.SH,2021-11-19,4.6,4.66,4.6,4.65,4.61,0.04,0.8677,718144.38,332719.287,2023-08-01
601330.SH,2021-11-19,10.0,10.2,9.83,10.12,10.1,0.02,0.198,352660.86,353846.516,2023-08-01
601333.SH,2021-11-19,2.03,2.06,2.02,2.05,2.03,0.02,0.9852,238490.03,48525.501,2023-08-01
601336.SH,2021-11-19,38.41,38.88,38.3,38.74,38.42,0.32,0.8329,92224.87,355458.219,2023-08-01
601339.SH,2021-11-19,5.17,5.21,5.09,5.16,5.21,-0.05,-0.9597,124251.6,63786.337,2023-08-01
601360.SH,2021-11-19,11.88,12.03,11.88,12.01,11.93,0.08,0.6706,361419.58,432264.437,2023-08-01
601366.SH,2021-11-19,5.96,5.99,5.94,5.98,5.97,0.01,0.1675,7482.24,4465.88,2023-08-01
601368.SH,2021-11-19,4.93,4.95,4.89,4.95,4.93,0.02,0.4057,12095.0,5954.199,2023-08-01
601369.SH,2021-11-19,13.81,14.37,13.55,14.14,13.75,0.39,2.8364,420623.91,592790.069,2023-08-01
601375.SH,2021-11-19,4.61,4.72,4.6,4.71,4.62,0.09,1.9481,583826.87,272549.927,2023-08-01
601377.SH,2021-11-19,8.5,8.79,8.42,8.72,8.46,0.26,3.0733,1439172.47,1242134.902,2023-08-01
601388.SH,2021-11-19,4.45,4.56,4.33,4.51,4.45,0.06,1.3483,642371.37,286251.807,2023-08-01
601390.SH,2021-11-19,5.21,5.25,5.16,5.24,5.22,0.02,0.3831,511139.95,266064.858,2023-08-01
601398.SH,2021-11-19,4.64,4.67,4.63,4.66,4.64,0.02,0.431,1005572.57,467427.071,2023-08-01
601399.SH,2021-11-19,3.77,3.78,3.7,3.77,3.77,0.0,0.0,225702.81,84300.038,2023-08-01
601456.SH,2021-11-19,12.29,12.6,12.16,12.53,12.2,0.33,2.7049,203291.89,252223.771,2023-08-01
601500.SH,2021-11-19,5.24,5.3,5.18,5.26,5.25,0.01,0.1905,61775.21,32373.877,2023-08-01
601512.SH,2021-11-19,8.98,9.16,8.98,9.16,8.98,0.18,2.0045,23733.5,21606.956,2023-08-01
601515.SH,2021-11-19,7.06,7.17,7.02,7.06,7.13,-0.07,-0.9818,139180.62,98699.872,2023-08-01
601518.SH,2021-11-19,2.37,2.41,2.37,2.41,2.37,0.04,1.6878,47218.01,11311.914,2023-08-01
601519.SH,2021-11-19,7.05,7.32,6.99,7.22,7.01,0.21,2.9957,199427.13,143159.752,2023-08-01
601528.SH,2021-11-19,10.48,10.94,10.46,10.83,10.48,0.35,3.3397,182704.31,195740.24,2023-08-01
601555.SH,2021-11-19,8.61,8.93,8.55,8.89,8.62,0.27,3.1323,487709.93,427946.193,2023-08-01
601566.SH,2021-11-19,12.94,12.99,12.74,12.94,12.89,0.05,0.3879,5310.0,6820.598,2023-08-01
601567.SH,2021-11-19,15.68,16.29,14.43,15.53,15.72,-0.19,-1.2087,407598.58,622359.793,2023-08-01
601568.SH,2021-11-19,8.11,8.27,8.1,8.26,8.12,0.14,1.7241,74178.84,60860.408,2023-08-01
601577.SH,2021-11-19,7.87,7.92,7.85,7.91,7.87,0.04,0.5083,117502.76,92597.133,2023-08-01
601579.SH,2021-11-19,10.94,11.08,10.78,10.89,11.0,-0.11,-1.0,126936.0,138081.89,2023-08-01
601588.SH,2021-11-19,2.25,2.29,2.24,2.28,2.26,0.02,0.885,71614.2,16235.656,2023-08-01
601595.SH,2021-11-19,9.88,9.95,9.82,9.93,9.89,0.04,0.4044,12100.37,11946.144,2023-08-01
601598.SH,2021-11-19,4.2,4.36,4.2,4.34,4.2,0.14,3.3333,440658.23,189509.251,2023-08-01
601599.SH,2021-11-19,2.84,2.89,2.84,2.87,2.84,0.03,1.0563,32540.0,9331.355,2023-08-01
601600.SH,2021-11-19,5.21,5.37,5.16,5.34,5.22,0.12,2.2989,3261539.04,1723939.391,2023-08-01
601601.SH,2021-11-19,27.81,28.45,27.8,28.32,27.97,0.35,1.2513,203285.22,571503.439,2023-08-01
601606.SH,2021-11-19,14.6,14.68,13.05,13.5,14.5,-1.0,-6.8966,535596.82,730019.998,2023-08-01
601607.SH,2021-11-19,18.18,18.23,18.06,18.19,18.13,0.06,0.3309,65464.57,118896.442,2023-08-01
601608.SH,2021-11-19,4.85,4.88,4.59,4.66,4.83,-0.17,-3.5197,1476531.82,690379.963,2023-08-01
601609.SH,2021-11-19,9.1,9.43,8.88,9.31,9.16,0.15,1.6376,941201.36,868954.621,2023-08-01
601611.SH,2021-11-19,8.48,8.64,8.4,8.63,8.52,0.11,1.2911,174709.03,149198.571,2023-08-01
601615.SH,2021-11-19,32.95,34.23,32.53,33.68,33.03,0.65,1.9679,657449.3,2193127.961,2023-08-01
601616.SH,2021-11-19,3.54,3.65,3.54,3.65,3.57,0.08,2.2409,195137.0,70424.353,2023-08-01
601618.SH,2021-11-19,3.75,3.81,3.68,3.81,3.71,0.1,2.6954,1387246.56,520573.336,2023-08-01
601619.SH,2021-11-19,5.28,5.29,5.16,5.24,5.26,-0.02,-0.3802,244634.78,127505.832,2023-08-01
601628.SH,2021-11-19,29.01,29.69,28.96,29.51,29.1,0.41,1.4089,88164.92,259147.818,2023-08-01
601633.SH,2021-11-19,59.55,59.77,57.5,59.21,59.07,0.14,0.237,193584.44,1134266.054,2023-08-01
601636.SH,2021-11-19,15.08,16.02,14.9,15.97,15.01,0.96,6.3957,822431.21,1274961.949,2023-08-01
601658.SH,2021-11-19,5.17,5.23,5.13,5.22,5.17,0.05,0.9671,1180580.76,611748.465,2023-08-01
601665.SH,2021-11-19,5.39,5.47,5.38,5.46,5.39,0.07,1.2987,118977.95,64600.054,2023-08-01
601666.SH,2021-11-19,7.49,7.63,7.31,7.58,7.5,0.08,1.0667,343810.05,258960.18,2023-08-01
601668.SH,2021-11-19,4.67,4.76,4.65,4.75,4.67,0.08,1.7131,1632609.92,766282.776,2023-08-01
601669.SH,2021-11-19,6.74,6.79,6.5,6.68,6.79,-0.11,-1.62,2402132.96,1590347.45,2023-08-01
601677.SH,2021-11-19,32.62,34.96,32.62,34.61,32.48,2.13,6.5579,150527.27,513506.296,2023-08-01
601678.SH,2021-11-19,7.67,8.44,7.67,8.39,7.67,0.72,9.3872,2091739.28,1707671.247,2023-08-01
601686.SH,2021-11-19,9.32,9.38,9.28,9.35,9.32,0.03,0.3219,11817.0,11033.577,2023-08-01
601688.SH,2021-11-19,15.41,15.78,15.36,15.69,15.41,0.28,1.817,849744.83,1323524.74,2023-08-01
601689.SH,2021-11-19,55.77,55.98,53.59,55.5,55.08,0.42,0.7625,145129.12,794229.923,2023-08-01
601696.SH,2021-11-19,13.01,13.56,12.99,13.45,13.02,0.43,3.3026,227249.71,303188.27,2023-08-01
601698.SH,2021-11-19,15.19,15.2,14.96,15.06,15.23,-0.17,-1.1162,100359.38,150884.401,2023-08-01
601699.SH,2021-11-19,10.85,11.16,10.81,11.1,10.89,0.21,1.9284,393943.7,434977.989,2023-08-01
601700.SH,2021-11-19,5.17,5.21,4.78,4.9,5.03,-0.13,-2.5845,695243.37,344872.682,2023-08-01
601702.SH,2021-11-19,15.07,15.42,14.68,14.8,15.01,-0.21,-1.3991,178186.42,267067.073,2023-08-01
601717.SH,2021-11-19,12.3,12.89,11.98,12.54,12.16,0.38,3.125,601810.61,753069.799,2023-08-01
601718.SH,2021-11-19,2.69,2.73,2.69,2.72,2.69,0.03,1.1152,231927.56,62890.055,2023-08-01
601727.SH,2021-11-19,4.8,4.96,4.73,4.91,4.79,0.12,2.5052,830614.56,403854.015,2023-08-01
601728.SH,2021-11-19,4.18,4.2,4.17,4.19,4.18,0.01,0.2392,575666.72,240786.708,2023-08-01
601766.SH,2021-11-19,5.95,6.01,5.94,6.0,5.98,0.02,0.3344,404366.12,241406.176,2023-08-01
601777.SH,2021-11-19,7.2,7.24,7.08,7.17,7.2,-0.03,-0.4167,205816.33,147056.637,2023-08-01
601778.SH,2021-11-19,9.04,9.35,8.82,9.19,9.04,0.15,1.6593,928859.43,844706.607,2023-08-01
601788.SH,2021-11-19,14.59,14.98,14.55,14.89,14.59,0.3,2.0562,211478.03,312985.185,2023-08-01
601789.SH,2021-11-19,3.53,3.59,3.5,3.57,3.54,0.03,0.8475,90626.28,32080.096,2023-08-01
601798.SH,2021-11-19,5.61,5.68,5.55,5.65,5.61,0.04,0.713,16833.87,9479.972,2023-08-01
601799.SH,2021-11-19,208.8,212.5,207.66,211.12,209.0,2.12,1.0144,8903.49,187359.861,2023-08-01
601800.SH,2021-11-19,7.07,7.14,6.98,7.13,7.08,0.05,0.7062,447624.72,315177.902,2023-08-01
601801.SH,2021-11-19,4.87,4.94,4.84,4.9,4.86,0.04,0.823,69421.38,34056.606,2023-08-01
601808.SH,2021-11-19,13.87,14.17,13.83,14.1,13.9,0.2,1.4388,56046.24,78687.033,2023-08-01
601811.SH,2021-11-19,8.33,8.46,8.33,8.44,8.41,0.03,0.3567,7437.0,6250.789,2023-08-01
601816.SH,2021-11-19,4.58,4.62,4.57,4.61,4.6,0.01,0.2174,210757.46,96816.966,2023-08-01
601818.SH,2021-11-19,3.33,3.37,3.32,3.36,3.33,0.03,0.9009,552949.19,185197.619,2023-08-01
601825.SH,2021-11-19,6.95,7.01,6.93,7.0,6.95,0.05,0.7194,144774.06,100952.533,2023-08-01
601827.SH,2021-11-19,8.77,8.8,8.69,8.78,8.8,-0.02,-0.2273,88511.18,77360.135,2023-08-01
601828.SH,2021-11-19,8.82,8.85,8.75,8.82,8.81,0.01,0.1135,54024.55,47541.967,2023-08-01
601838.SH,2021-11-19,11.45,11.7,11.42,11.66,11.43,0.23,2.0122,119844.85,138585.797,2023-08-01
601857.SH,2021-11-19,4.77,4.85,4.74,4.83,4.77,0.06,1.2579,1502051.21,721496.841,2023-08-01
601858.SH,2021-11-19,8.07,8.29,8.07,8.26,8.12,0.14,1.7241,18759.03,15380.605,2023-08-01
601860.SH,2021-11-19,3.17,3.2,3.15,3.19,3.16,0.03,0.9494,169059.55,53618.738,2023-08-01
601865.SH,2021-11-19,46.1,48.01,46.07,47.45,46.55,0.9,1.9334,111035.3,524136.812,2023-08-01
601866.SH,2021-11-19,3.05,3.11,3.01,3.09,3.05,0.04,1.3115,625576.17,191623.914,2023-08-01
601868.SH,2021-11-19,2.13,2.14,2.11,2.14,2.14,0.0,0.0,2435862.51,516979.087,2023-08-01
601869.SH,2021-11-19,31.67,32.23,31.49,31.8,32.29,-0.49,-1.5175,39230.44,124842.677,2023-08-01
601872.SH,2021-11-19,4.26,4.33,4.23,4.32,4.29,0.03,0.6993,227877.21,97708.877,2023-08-01
601877.SH,2021-11-19,52.5,55.0,52.19,54.55,52.78,1.77,3.3535,212234.6,1143501.939,2023-08-01
601878.SH,2021-11-19,11.9,12.35,11.88,12.19,11.91,0.28,2.351,462234.05,561310.837,2023-08-01
601880.SH,2021-11-19,1.67,1.68,1.66,1.67,1.67,0.0,0.0,422485.94,70641.791,2023-08-01
601881.SH,2021-11-19,10.65,10.85,10.42,10.77,10.59,0.18,1.6997,336955.13,359003.227,2023-08-01
601882.SH,2021-11-19,26.7,27.1,25.9,26.81,26.73,0.08,0.2993,60069.17,159603.49,2023-08-01
601886.SH,2021-11-19,6.35,6.45,6.23,6.42,6.35,0.07,1.1024,57805.54,36756.165,2023-08-01
601888.SH,2021-11-19,224.0,226.68,223.38,225.3,224.1,1.2,0.5355,51376.19,1156644.778,2023-08-01
601890.SH,2021-11-19,9.08,9.52,8.87,9.19,9.1,0.09,0.989,1657999.23,1524657.576,2023-08-01
601898.SH,2021-11-19,6.04,6.18,6.0,6.15,6.05,0.1,1.6529,343442.63,209505.083,2023-08-01
601899.SH,2021-11-19,10.36,10.45,10.24,10.43,10.36,0.07,0.6757,1658842.55,1715728.744,2023-08-01
601900.SH,2021-11-19,7.6,7.62,7.49,7.59,7.55,0.04,0.5298,20234.14,15304.415,2023-08-01
601901.SH,2021-11-19,7.81,7.93,7.8,7.91,7.81,0.1,1.2804,207395.65,163309.026,2023-08-01
601908.SH,2021-11-19,11.06,11.24,10.83,11.2,11.02,0.18,1.6334,717805.97,792982.414,2023-08-01
601916.SH,2021-11-19,3.42,3.45,3.41,3.44,3.42,0.02,0.5848,150633.15,51685.33,2023-08-01
601918.SH,2021-11-19,4.12,4.24,4.06,4.22,4.12,0.1,2.4272,559190.0,232033.286,2023-08-01
601919.SH,2021-11-19,15.07,15.23,14.82,15.19,15.07,0.12,0.7963,1349663.97,2026050.239,2023-08-01
601921.SH,2021-11-19,8.79,8.8,8.73,8.79,8.74,0.05,0.5721,20756.64,18211.665,2023-08-01
601928.SH,2021-11-19,6.75,6.81,6.7,6.77,6.74,0.03,0.4451,70939.56,47926.219,2023-08-01
601929.SH,2021-11-19,1.95,2.04,1.95,1.97,1.93,0.04,2.0725,411193.59,81527.452,2023-08-01
601933.SH,2021-11-19,4.03,4.07,4.03,4.06,4.03,0.03,0.7444,212554.19,86168.928,2023-08-01
601939.SH,2021-11-19,5.82,5.86,5.8,5.84,5.83,0.01,0.1715,674397.34,393028.747,2023-08-01
601949.SH,2021-11-19,5.54,5.58,5.49,5.57,5.52,0.05,0.9058,44488.8,24634.923,2023-08-01
601952.SH,2021-11-19,11.66,11.9,11.59,11.87,11.69,0.18,1.5398,156920.17,184441.615,2023-08-01
601956.SH,2021-11-19,6.4,6.48,6.34,6.44,6.41,0.03,0.468,25446.4,16312.47,2023-08-01
601958.SH,2021-11-19,7.01,7.12,6.99,7.1,7.03,0.07,0.9957,147148.69,104046.804,2023-08-01
601963.SH,2021-11-19,8.6,8.66,8.58,8.65,8.6,0.05,0.5814,39966.0,34454.962,2023-08-01
601965.SH,2021-11-19,19.57,19.75,18.85,19.49,19.48,0.01,0.0513,56756.14,109971.437,2023-08-01
601966.SH,2021-11-19,37.83,37.83,36.0,36.85,37.83,-0.98,-2.5905,164847.17,602465.001,2023-08-01
601968.SH,2021-11-19,9.77,9.8,9.6,9.71,9.77,-0.06,-0.6141,17303.52,16781.858,2023-08-01
601969.SH,2021-11-19,12.8,13.09,12.58,12.9,13.12,-0.22,-1.6768,329922.82,422132.702,2023-08-01
601975.SH,2021-11-19,1.94,1.96,1.94,1.96,1.94,0.02,1.0309,163281.34,31845.504,2023-08-01
601985.SH,2021-11-19,6.22,6.53,6.16,6.51,6.23,0.28,4.4944,1684526.65,1075461.214,2023-08-01
601988.SH,2021-11-19,3.06,3.07,3.05,3.06,3.06,0.0,0.0,637890.15,195327.826,2023-08-01
601989.SH,2021-11-19,4.17,4.21,4.14,4.19,4.18,0.01,0.2392,698156.77,291522.705,2023-08-01
601990.SH,2021-11-19,9.59,9.76,9.5,9.71,9.56,0.15,1.569,209528.77,202232.415,2023-08-01
601991.SH,2021-11-19,2.52,2.54,2.5,2.53,2.53,0.0,0.0,557524.08,140535.099,2023-08-01
601992.SH,2021-11-19,2.67,2.72,2.65,2.71,2.67,0.04,1.4981,181256.11,48624.937,2023-08-01
601995.SH,2021-11-19,46.95,48.5,46.86,48.22,47.0,1.22,2.5957,189835.19,907793.981,2023-08-01
601996.SH,2021-11-19,3.01,3.04,2.98,3.03,3.02,0.01,0.3311,89204.0,26832.089,2023-08-01
601997.SH,2021-11-19,6.49,6.56,6.48,6.54,6.5,0.04,0.6154,90939.2,59341.038,2023-08-01
601998.SH,2021-11-19,4.5,4.52,4.48,4.52,4.5,0.02,0.4444,210761.31,94892.164,2023-08-01
601999.SH,2021-11-19,5.91,5.97,5.88,5.94,5.9,0.04,0.678,29540.0,17521.797,2023-08-01
603000.SH,2021-11-19,13.57,13.68,13.2,13.54,13.53,0.01,0.0739,95199.15,128142.483,2023-08-01
603001.SH,2021-11-19,7.88,7.94,7.82,7.85,7.88,-0.03,-0.3807,17281.0,13615.223,2023-08-01
603002.SH,2021-11-19,7.5,8.12,7.5,8.12,7.38,0.74,10.0271,211776.7,170035.664,2023-08-01
603003.SH,2021-11-19,6.77,6.82,6.7,6.8,6.72,0.08,1.1905,22422.0,15196.093,2023-08-01
603005.SH,2021-11-19,47.56,47.95,46.62,47.32,47.57,-0.25,-0.5255,128381.09,605663.22,2023-08-01
603006.SH,2021-11-19,10.62,10.99,10.57,10.83,10.56,0.27,2.5568,46537.02,50472.851,2023-08-01
603007.SH,2021-11-19,3.25,3.33,3.25,3.3,3.24,0.06,1.8519,37371.13,12288.816,2023-08-01
603008.SH,2021-11-19,27.27,28.02,27.25,27.8,27.53,0.27,0.9807,14231.58,39412.908,2023-08-01
603009.SH,2021-11-19,6.83,6.98,6.74,6.93,6.83,0.1,1.4641,50633.5,34814.226,2023-08-01
603010.SH,2021-11-19,25.76,26.48,25.52,26.06,26.0,0.06,0.2308,124933.16,325818.035,2023-08-01
603011.SH,2021-11-19,5.73,5.88,5.7,5.84,5.74,0.1,1.7422,86755.0,50526.057,2023-08-01
603012.SH,2021-11-19,6.14,6.31,6.12,6.27,6.15,0.12,1.9512,122773.58,76774.703,2023-08-01
603013.SH,2021-11-19,15.49,16.06,15.35,16.0,15.49,0.51,3.2924,50587.0,80040.576,2023-08-01
603015.SH,2021-11-19,7.93,8.09,7.83,8.01,7.93,0.08,1.0088,70381.64,56113.701,2023-08-01
603016.SH,2021-11-19,21.45,22.93,21.15,22.55,21.45,1.1,5.1282,22644.45,50420.816,2023-08-01
603017.SH,2021-11-19,9.95,9.95,9.7,9.79,10.02,-0.23,-2.2954,53149.36,52106.063,2023-08-01
603018.SH,2021-11-19,7.08,7.19,7.05,7.17,7.11,0.06,0.8439,24569.66,17508.088,2023-08-01
603019.SH,2021-11-19,28.8,29.23,28.55,28.98,28.83,0.15,0.5203,155073.2,448068.717,2023-08-01
603020.SH,2021-11-19,13.99,14.1,13.69,13.8,13.97,-0.17,-1.2169,62107.55,85885.247,2023-08-01
603021.SH,2021-11-19,4.59,4.64,4.55,4.62,4.59,0.03,0.6536,20809.8,9566.966,2023-08-01
603022.SH,2021-11-19,11.01,11.23,10.98,11.23,10.97,0.26,2.3701,3702.0,4119.967,2023-08-01
603023.SH,2021-11-19,4.01,4.14,4.01,4.13,4.05,0.08,1.9753,36028.59,14720.567,2023-08-01
603025.SH,2021-11-19,28.75,29.18,28.54,28.7,28.8,-0.1,-0.3472,48970.65,141006.362,2023-08-01
603026.SH,2021-11-19,189.0,190.97,183.0,186.58,190.6,-4.02,-2.1091,63267.43,1180074.88,2023-08-01
603027.SH,2021-11-19,26.9,27.17,25.67,26.14,26.9,-0.76,-2.8253,156883.1,411510.783,2023-08-01
603028.SH,2021-11-19,13.18,13.71,13.05,13.47,13.02,0.45,3.4562,131000.93,176684.771,2023-08-01
603029.SH,2021-11-19,13.14,13.48,13.1,13.42,13.11,0.31,2.3646,6305.0,8414.001,2023-08-01
603030.SH,2021-11-19,3.43,3.47,3.37,3.46,3.44,0.02,0.5814,72757.62,24862.954,2023-08-01
603031.SH,2021-11-19,38.5,38.68,37.03,37.99,38.5,-0.51,-1.3247,12480.0,46996.807,2023-08-01
603032.SH,2021-11-19,67.8,71.23,66.25,70.0,67.84,2.16,3.184,39998.82,279697.422,2023-08-01
603033.SH,2021-11-19,27.35,27.8,26.95,27.23,27.35,-0.12,-0.4388,16461.84,44827.505,2023-08-01
603035.SH,2021-11-19,13.56,13.85,13.25,13.72,13.52,0.2,1.4793,87844.43,119081.856,2023-08-01
603036.SH,2021-11-19,9.57,9.77,9.53,9.55,9.6,-0.05,-0.5208,43062.0,41476.869,2023-08-01
603037.SH,2021-11-19,19.99,20.77,19.57,20.68,19.94,0.74,3.7111,41400.07,83923.479,2023-08-01
603038.SH,2021-11-19,13.69,14.27,13.31,14.08,13.9,0.18,1.295,59718.48,83096.505,2023-08-01
603039.SH,2021-11-19,62.57,62.88,61.36,62.36,62.54,-0.18,-0.2878,11807.51,73166.617,2023-08-01
603040.SH,2021-11-19,19.52,20.15,19.4,19.95,19.53,0.42,2.1505,16707.6,33187.242,2023-08-01
603041.SH,2021-11-19,11.75,11.83,11.55,11.8,11.75,0.05,0.4255,7434.4,8706.985,2023-08-01
603042.SH,2021-11-19,12.08,12.44,12.06,12.39,12.12,0.27,2.2277,15349.38,18922.607,2023-08-01
603043.SH,2021-11-19,23.71,24.04,23.59,23.77,23.59,0.18,0.763,19917.59,47448.038,2023-08-01
603045.SH,2021-11-19,17.3,18.4,17.25,17.5,16.89,0.61,3.6116,122487.45,215971.256,2023-08-01
603048.SH,2021-11-19,31.89,33.29,31.27,33.29,30.26,3.03,10.0132,239273.33,778555.22,2023-08-01
603050.SH,2021-11-19,23.45,23.46,21.53,22.2,22.62,-0.42,-1.8568,282844.64,627955.916,2023-08-01
603053.SH,2021-11-19,10.36,10.43,10.22,10.4,10.37,0.03,0.2893,22340.4,23101.712,2023-08-01
603055.SH,2021-11-19,20.3,20.67,19.43,19.72,20.63,-0.91,-4.4111,133051.25,264683.291,2023-08-01
603056.SH,2021-11-19,10.16,10.52,10.12,10.4,10.09,0.31,3.0723,86826.22,90098.37,2023-08-01
603058.SH,2021-11-19,7.93,8.0,7.78,7.94,7.94,0.0,0.0,29524.0,23307.586,2023-08-01
603059.SH,2021-11-19,21.01,23.16,21.01,23.16,21.05,2.11,10.0238,54346.5,123177.281,2023-08-01
603060.SH,2021-11-19,19.71,19.88,19.55,19.8,19.8,0.0,0.0,19358.04,38200.321,2023-08-01
603063.SH,2021-11-19,38.45,38.69,36.6,37.4,38.12,-0.72,-1.8888,112420.87,421444.62,2023-08-01
603066.SH,2021-11-19,8.22,8.3,8.11,8.2,8.21,-0.01,-0.1218,32916.0,27047.608,2023-08-01
603067.SH,2021-11-19,13.46,13.79,13.34,13.47,13.46,0.01,0.0743,56398.6,76174.018,2023-08-01
603068.SH,2021-11-19,57.68,58.29,56.6,57.17,57.57,-0.4,-0.6948,24765.23,141783.9,2023-08-01
603069.SH,2021-11-19,14.83,15.18,14.79,15.11,14.84,0.27,1.8194,31176.0,46785.682,2023-08-01
603076.SH,2021-11-19,36.53,37.5,36.3,37.3,36.82,0.48,1.3036,9256.0,34065.442,2023-08-01
603077.SH,2021-11-19,3.42,3.45,3.28,3.42,3.44,-0.02,-0.5814,2380031.28,804188.804,2023-08-01
603078.SH,2021-11-19,31.0,32.0,26.84,28.35,29.82,-1.47,-4.9296,162276.24,475351.429,2023-08-01
603079.SH,2021-11-19,16.81,17.02,16.77,16.88,16.81,0.07,0.4164,8520.0,14388.794,2023-08-01
603080.SH,2021-11-19,14.91,15.32,14.68,15.32,15.03,0.29,1.9295,58068.07,87427.549,2023-08-01
603081.SH,2021-11-19,11.98,12.71,11.85,12.71,11.55,1.16,10.0433,201224.29,253095.144,2023-08-01
603083.SH,2021-11-19,12.84,13.09,12.77,12.98,12.86,0.12,0.9331,35891.49,46445.393,2023-08-01
603085.SH,2021-11-19,7.63,7.82,7.53,7.67,7.63,0.04,0.5242,145118.76,111576.781,2023-08-01
603086.SH,2021-11-19,9.46,9.58,9.35,9.57,9.49,0.08,0.843,16385.88,15544.143,2023-08-01
603087.SH,2021-11-19,67.32,67.91,67.0,67.7,67.32,0.38,0.5645,28725.63,193939.691,2023-08-01
603088.SH,2021-11-19,13.55,14.19,13.01,13.79,13.92,-0.13,-0.9339,353603.99,486441.27,2023-08-01
603089.SH,2021-11-19,8.43,8.71,8.36,8.69,8.43,0.26,3.0842,26466.92,22727.616,2023-08-01
603090.SH,2021-11-19,25.64,26.0,24.52,24.97,25.53,-0.56,-2.1935,47057.2,118062.768,2023-08-01
603093.SH,2021-11-19,12.42,12.71,12.35,12.66,12.42,0.24,1.9324,37172.0,46704.542,2023-08-01
603095.SH,2021-11-19,26.2,26.88,26.14,26.68,26.27,0.41,1.5607,11307.0,30000.149,2023-08-01
603096.SH,2021-11-19,27.75,27.8,27.39,27.8,27.85,-0.05,-0.1795,6955.71,19192.687,2023-08-01
603098.SH,2021-11-19,51.0,51.0,49.1,50.23,51.5,-1.27,-2.466,59068.6,294795.183,2023-08-01
603099.SH,2021-11-19,12.02,12.36,11.88,12.03,11.94,0.09,0.7538,56509.0,68097.172,2023-08-01
603100.SH,2021-11-19,19.73,19.9,19.5,19.65,19.73,-0.08,-0.4055,41555.17,81579.438,2023-08-01
603101.SH,2021-11-19,6.09,6.1,5.86,5.96,6.09,-0.13,-2.1346,42259.44,25121.432,2023-08-01
603103.SH,2021-11-19,12.05,12.11,11.97,12.1,12.03,0.07,0.5819,10690.78,12879.825,2023-08-01
603105.SH,2021-11-19,17.4,17.66,16.79,17.46,17.46,0.0,0.0,175711.85,302105.204,2023-08-01
603106.SH,2021-11-19,5.13,5.19,5.07,5.17,5.13,0.04,0.7797,21200.42,10878.033,2023-08-01
603108.SH,2021-11-19,11.13,12.36,11.0,12.12,11.24,0.88,7.8292,435955.74,520268.971,2023-08-01
603109.SH,2021-11-19,29.45,32.7,29.45,32.18,30.1,2.08,6.9103,35964.55,113353.417,2023-08-01
603110.SH,2021-11-19,33.3,33.69,32.9,32.93,33.34,-0.41,-1.2298,14296.88,47518.952,2023-08-01
603111.SH,2021-11-19,5.15,5.18,5.08,5.16,5.15,0.01,0.1942,20593.0,10558.255,2023-08-01
603112.SH,2021-11-19,13.1,13.48,12.82,13.4,13.05,0.35,2.682,45039.24,59689.449,2023-08-01
603113.SH,2021-11-19,15.2,16.06,14.69,15.85,15.4,0.45,2.9221,370915.28,572056.91,2023-08-01
603115.SH,2021-11-19,28.9,30.3,28.82,29.93,28.85,1.08,3.7435,99417.65,295596.992,2023-08-01
603116.SH,2021-11-19,5.64,5.64,5.44,5.59,5.64,-0.05,-0.8865,37676.2,20857.294,2023-08-01
603117.SH,2021-11-19,3.5,3.56,3.48,3.55,3.5,0.05,1.4286,54121.4,19122.5,2023-08-01
603118.SH,2021-11-19,8.92,9.03,8.81,8.99,8.91,0.08,0.8979,52746.73,47125.751,2023-08-01
603121.SH,2021-11-19,11.11,11.33,11.04,11.3,11.1,0.2,1.8018,36945.75,41524.535,2023-08-01
603123.SH,2021-11-19,6.61,6.65,6.56,6.61,6.61,0.0,0.0,9604.0,6336.825,2023-08-01
603126.SH,2021-11-19,8.25,8.39,8.18,8.37,8.28,0.09,1.087,104434.13,86669.084,2023-08-01
603127.SH,2021-11-19,134.0,135.79,133.01,134.34,134.29,0.05,0.0372,15487.95,207931.137,2023-08-01
603128.SH,2021-11-19,14.05,14.38,14.01,14.25,14.12,0.13,0.9207,88890.04,126652.982,2023-08-01
603129.SH,2021-11-19,189.33,193.58,181.18,183.6,189.8,-6.2,-3.2666,13021.9,241135.234,2023-08-01
603131.SH,2021-11-19,23.63,25.99,23.58,25.99,23.63,2.36,9.9873,80971.44,206242.46,2023-08-01
603133.SH,2021-11-19,10.89,10.97,10.72,10.93,10.91,0.02,0.1833,28295.0,30762.94,2023-08-01
603136.SH,2021-11-19,15.56,15.78,15.52,15.73,15.56,0.17,1.0925,9905.78,15526.678,2023-08-01
603138.SH,2021-11-19,19.5,20.5,18.92,19.48,19.48,0.0,0.0,156860.42,308315.16,2023-08-01
603139.SH,2021-11-19,18.3,18.65,18.3,18.58,18.42,0.16,0.8686,6442.0,11904.046,2023-08-01
603155.SH,2021-11-19,60.24,62.66,59.03,61.75,60.45,1.3,2.1505,26449.4,161378.609,2023-08-01
603156.SH,2021-11-19,30.84,31.04,30.41,30.72,30.88,-0.16,-0.5181,31338.26,95975.573,2023-08-01
603157.SH,2021-11-19,2.35,2.37,2.32,2.37,2.36,0.01,0.4237,26851.0,6298.152,2023-08-01
603158.SH,2021-11-19,15.36,16.62,15.3,16.49,15.4,1.09,7.0779,131326.39,212664.931,2023-08-01
603159.SH,2021-11-19,16.52,16.78,16.0,16.69,16.51,0.18,1.0902,15006.8,24751.851,2023-08-01
603160.SH,2021-11-19,114.39,116.2,113.52,114.32,114.39,-0.07,-0.0612,30100.36,345086.338,2023-08-01
603161.SH,2021-11-19,14.25,14.6,14.0,14.47,14.18,0.29,2.0451,26305.31,37947.345,2023-08-01
603165.SH,2021-11-19,16.21,17.11,16.2,16.59,16.61,-0.02,-0.1204,56709.81,94768.721,2023-08-01
603166.SH,2021-11-19,9.5,9.9,9.37,9.47,9.43,0.04,0.4242,92732.21,88381.793,2023-08-01
603167.SH,2021-11-19,7.77,7.84,7.74,7.83,7.78,0.05,0.6427,23883.67,18594.827,2023-08-01
603168.SH,2021-11-19,9.3,9.39,9.24,9.34,9.31,0.03,0.3222,19629.33,18294.512,2023-08-01
603169.SH,2021-11-19,5.98,6.28,5.98,6.2,5.96,0.24,4.0268,287574.72,177629.219,2023-08-01
603171.SH,2021-11-19,30.56,30.99,30.3,30.86,30.61,0.25,0.8167,8046.82,24729.435,2023-08-01
603177.SH,2021-11-19,15.47,15.84,15.02,15.38,15.8,-0.42,-2.6582,19848.0,30396.391,2023-08-01
603178.SH,2021-11-19,16.32,18.01,16.3,17.3,16.37,0.93,5.6811,107621.31,187058.055,2023-08-01
603179.SH,2021-11-19,38.9,40.55,38.0,38.89,38.9,-0.01,-0.0257,38225.26,150981.924,2023-08-01
603180.SH,2021-11-19,32.25,33.8,31.91,33.21,32.03,1.18,3.684,19879.18,65874.34,2023-08-01
603181.SH,2021-11-19,16.49,16.98,16.28,16.87,16.48,0.39,2.3665,54233.83,90222.308,2023-08-01
603183.SH,2021-11-19,5.43,5.55,5.39,5.51,5.39,0.12,2.2263,49479.89,27126.049,2023-08-01
603185.SH,2021-11-19,235.0,241.99,230.5,236.81,228.46,8.35,3.6549,68591.26,1615044.378,2023-08-01
603186.SH,2021-11-19,39.42,41.26,39.29,40.98,39.36,1.62,4.1159,49154.04,199565.782,2023-08-01
603187.SH,2021-11-19,43.42,45.2,43.08,44.98,43.42,1.56,3.5928,14335.29,63725.787,2023-08-01
603188.SH,2021-11-19,5.18,5.2,5.12,5.18,5.13,0.05,0.9747,20514.0,10601.606,2023-08-01
603189.SH,2021-11-19,19.29,20.08,19.29,19.69,19.49,0.2,1.0262,60145.14,118744.344,2023-08-01
603192.SH,2021-11-19,44.0,45.5,43.25,45.5,45.5,0.0,0.0,34091.42,151610.129,2023-08-01
603195.SH,2021-11-19,161.9,161.95,158.88,161.1,161.6,-0.5,-0.3094,12302.83,196965.762,2023-08-01
603196.SH,2021-11-19,6.94,7.04,6.8,7.0,6.91,0.09,1.3025,27135.0,18837.438,2023-08-01
603197.SH,2021-11-19,39.8,40.45,38.5,39.96,39.68,0.28,0.7056,49325.92,196526.505,2023-08-01
603198.SH,2021-11-19,60.07,65.4,59.8,64.6,60.07,4.53,7.5412,172364.14,1096910.096,2023-08-01
603199.SH,2021-11-19,20.86,21.15,20.74,21.06,20.79,0.27,1.2987,3900.0,8193.726,2023-08-01
603200.SH,2021-11-19,21.6,22.48,21.36,22.17,21.61,0.56,2.5914,22342.17,49469.726,2023-08-01
603203.SH,2021-11-19,36.75,38.6,36.22,38.35,36.75,1.6,4.3537,41211.58,155088.473,2023-08-01
603208.SH,2021-11-19,58.8,60.2,57.81,60.2,58.8,1.4,2.381,6590.65,38936.333,2023-08-01
603212.SH,2021-11-19,35.33,36.11,34.1,35.95,35.47,0.48,1.3533,66574.4,234114.632,2023-08-01
603213.SH,2021-11-19,14.98,15.28,14.59,15.28,13.89,1.39,10.0072,105518.21,158447.782,2023-08-01
603214.SH,2021-11-19,19.9,20.05,19.59,19.91,19.9,0.01,0.0503,13132.6,25968.527,2023-08-01
603217.SH,2021-11-19,41.0,41.5,40.67,41.1,41.0,0.1,0.2439,13205.2,54229.815,2023-08-01
603218.SH,2021-11-19,38.0,39.52,37.0,39.3,38.12,1.18,3.0955,151844.28,583683.547,2023-08-01
603220.SH,2021-11-19,14.26,14.46,14.04,14.42,14.16,0.26,1.8362,62248.25,88934.824,2023-08-01
603221.SH,2021-11-19,9.09,9.2,9.02,9.12,9.15,-0.03,-0.3279,21442.42,19547.597,2023-08-01
603222.SH,2021-11-19,13.65,13.7,13.51,13.68,13.65,0.03,0.2198,31425.0,42795.157,2023-08-01
603223.SH,2021-11-19,32.39,32.7,32.15,32.58,32.2,0.38,1.1801,8780.52,28508.957,2023-08-01
603225.SH,2021-11-19,13.72,14.03,13.46,14.0,13.76,0.24,1.7442,122891.61,168912.181,2023-08-01
603226.SH,2021-11-19,7.13,7.22,7.04,7.18,7.12,0.06,0.8427,17097.33,12197.046,2023-08-01
603227.SH,2021-11-19,6.1,6.18,6.02,6.13,6.12,0.01,0.1634,93012.9,56973.905,2023-08-01
603228.SH,2021-11-19,28.2,29.23,27.78,28.99,28.17,0.82,2.9109,75601.89,217334.61,2023-08-01
603229.SH,2021-11-19,34.41,37.21,34.41,37.21,33.83,3.38,9.9911,59375.82,214714.18,2023-08-01
603232.SH,2021-11-19,14.27,14.5,14.17,14.37,14.21,0.16,1.126,23565.24,33866.962,2023-08-01
603233.SH,2021-11-19,36.65,36.65,35.48,36.1,36.65,-0.55,-1.5007,53584.58,192060.541,2023-08-01
603236.SH,2021-11-19,185.8,187.78,181.5,185.8,185.07,0.73,0.3944,13800.54,254929.853,2023-08-01
603238.SH,2021-11-19,12.18,12.45,12.1,12.36,12.16,0.2,1.6447,8955.0,11031.379,2023-08-01
603239.SH,2021-11-19,16.6,17.1,16.43,17.03,16.69,0.34,2.0371,39893.0,66868.949,2023-08-01
603256.SH,2021-11-19,8.76,9.09,8.72,9.08,8.76,0.32,3.653,32334.37,29039.732,2023-08-01
603258.SH,2021-11-19,27.81,28.79,27.71,28.17,28.15,0.02,0.071,53408.09,151015.631,2023-08-01
603259.SH,2021-11-19,129.9,131.6,128.6,130.3,131.0,-0.7,-0.5344,192874.97,2501050.175,2023-08-01
603260.SH,2021-11-19,161.66,164.9,158.18,164.09,162.84,1.25,0.7676,69451.12,1126950.523,2023-08-01
603266.SH,2021-11-19,11.22,12.15,11.18,11.71,11.21,0.5,4.4603,64020.63,74913.745,2023-08-01
603267.SH,2021-11-19,160.86,163.26,158.16,159.3,160.0,-0.7,-0.4375,12309.98,197839.756,2023-08-01
603268.SH,2021-11-19,16.2,17.2,16.19,17.02,16.32,0.7,4.2892,12315.4,20798.306,2023-08-01
603269.SH,2021-11-19,12.3,12.62,12.17,12.57,12.43,0.14,1.1263,13091.75,16369.833,2023-08-01
603277.SH,2021-11-19,20.15,20.15,19.26,19.5,20.21,-0.71,-3.5131,16526.0,32247.953,2023-08-01
603278.SH,2021-11-19,9.95,10.61,9.8,10.47,10.04,0.43,4.2829,86705.77,88583.384,2023-08-01
603279.SH,2021-11-19,37.9,38.58,36.63,37.82,37.92,-0.1,-0.2637,34750.73,131576.089,2023-08-01
603283.SH,2021-11-19,30.0,30.45,29.1,29.6,30.18,-0.58,-1.9218,53918.16,159985.445,2023-08-01
603286.SH,2021-11-19,20.8,21.15,20.2,20.95,21.36,-0.41,-1.9195,82558.0,171643.323,2023-08-01
603288.SH,2021-11-19,119.29,120.9,118.0,119.9,118.98,0.92,0.7732,32078.39,383147.403,2023-08-01
603289.SH,2021-11-19,9.26,9.55,9.21,9.44,9.3,0.14,1.5054,30327.35,28509.357,2023-08-01
603290.SH,2021-11-19,455.95,465.5,448.0,453.0,450.99,2.01,0.4457,18603.27,847393.204,2023-08-01
603297.SH,2021-11-19,88.05,88.58,85.51,87.2,88.89,-1.69,-1.9012,17659.7,153662.215,2023-08-01
603298.SH,2021-11-19,17.32,17.58,17.12,17.37,17.15,0.22,1.2828,40515.21,70251.396,2023-08-01
603299.SH,2021-11-19,9.01,9.28,9.01,9.17,9.07,0.1,1.1025,188554.67,173174.366,2023-08-01
603300.SH,2021-11-19,10.5,10.67,10.25,10.44,10.56,-0.12,-1.1364,132386.27,138198.66,2023-08-01
603301.SH,2021-11-19,44.6,45.1,42.78,43.5,44.7,-1.2,-2.6846,38846.02,169285.741,2023-08-01
603303.SH,2021-11-19,15.74,15.94,15.45,15.61,15.74,-0.13,-0.8259,12726.64,19831.641,2023-08-01
603305.SH,2021-11-19,45.88,47.15,45.12,46.9,44.85,2.05,4.5708,51102.55,236893.482,2023-08-01
603306.SH,2021-11-19,35.88,36.0,35.04,35.66,35.62,0.04,0.1123,25444.3,90255.595,2023-08-01
603308.SH,2021-11-19,21.74,22.03,21.51,21.79,21.85,-0.06,-0.2746,57332.0,125050.492,2023-08-01
603309.SH,2021-11-19,14.8,15.01,14.3,14.88,14.62,0.26,1.7784,77485.21,114428.798,2023-08-01
603311.SH,2021-11-19,9.97,10.12,9.92,10.09,9.96,0.13,1.3052,4513.0,4537.578,2023-08-01
603313.SH,2021-11-19,17.57,18.39,17.3,18.25,17.6,0.65,3.6932,94732.56,169808.588,2023-08-01
603315.SH,2021-11-19,27.26,27.5,27.0,27.27,27.27,0.0,0.0,17133.51,46752.467,2023-08-01
603316.SH,2021-11-19,5.15,5.21,5.11,5.17,5.14,0.03,0.5837,19713.7,10195.439,2023-08-01
603317.SH,2021-11-19,26.72,27.0,26.28,26.99,26.72,0.27,1.0105,56160.0,149761.927,2023-08-01
603318.SH,2021-11-19,8.02,8.31,7.86,8.18,8.11,0.07,0.8631,181274.08,146724.306,2023-08-01
603319.SH,2021-11-19,21.35,22.03,21.25,21.59,21.29,0.3,1.4091,30632.24,66288.55,2023-08-01
603320.SH,2021-11-19,13.0,13.32,12.73,13.24,13.02,0.22,1.6897,17669.6,23233.854,2023-08-01
603321.SH,2021-11-19,6.7,6.78,6.7,6.75,6.74,0.01,0.1484,8075.0,5452.423,2023-08-01
603322.SH,2021-11-19,12.26,12.64,12.24,12.55,12.25,0.3,2.449,14460.32,18055.503,2023-08-01
603323.SH,2021-11-19,4.78,4.9,4.77,4.86,4.78,0.08,1.6736,123033.22,59432.241,2023-08-01
603324.SH,2021-11-19,64.8,65.66,64.28,65.37,64.3,1.07,1.6641,18024.31,117343.365,2023-08-01
603326.SH,2021-11-19,9.4,9.7,9.4,9.5,9.48,0.02,0.211,4783.26,4527.515,2023-08-01
603327.SH,2021-11-19,14.65,16.18,14.65,16.18,14.71,1.47,9.9932,42892.85,68401.298,2023-08-01
603328.SH,2021-11-19,7.37,7.54,7.37,7.47,7.4,0.07,0.9459,52296.0,39098.736,2023-08-01
603329.SH,2021-11-19,13.25,14.04,13.21,13.74,13.29,0.45,3.386,63149.07,87031.846,2023-08-01
603330.SH,2021-11-19,18.59,20.0,18.27,19.69,18.57,1.12,6.0312,102618.69,196175.309,2023-08-01
603331.SH,2021-11-19,11.58,11.7,11.36,11.58,11.57,0.01,0.0864,10425.15,12017.284,2023-08-01
603332.SH,2021-11-19,15.69,15.95,15.55,15.81,15.7,0.11,0.7006,8291.74,13078.225,2023-08-01
603333.SH,2021-11-19,7.28,7.33,7.01,7.14,7.17,-0.03,-0.4184,100363.03,71385.01,2023-08-01
603335.SH,2021-11-19,5.03,5.21,5.01,5.16,5.03,0.13,2.5845,89685.77,45936.793,2023-08-01
603336.SH,2021-11-19,7.78,7.97,7.72,7.97,7.75,0.22,2.8387,150176.56,118216.358,2023-08-01
603337.SH,2021-11-19,26.88,27.74,26.08,27.25,26.52,0.73,2.7526,43112.39,116708.54,2023-08-01
603338.SH,2021-11-19,82.81,82.81,77.23,77.45,80.0,-2.55,-3.1875,97774.66,776297.518,2023-08-01
603339.SH,2021-11-19,11.94,12.08,11.76,12.03,11.84,0.19,1.6047,28520.98,34121.78,2023-08-01
603345.SH,2021-11-19,180.99,182.06,175.33,178.26,180.99,-2.73,-1.5084,13771.79,244304.864,2023-08-01
603348.SH,2021-11-19,43.27,46.3,43.27,45.89,43.6,2.29,5.2523,51535.08,231348.083,2023-08-01
603351.SH,2021-11-19,25.53,25.85,24.71,25.0,25.46,-0.46,-1.8068,28781.36,71688.403,2023-08-01
603353.SH,2021-11-19,22.02,22.55,21.96,22.43,22.23,0.2,0.8997,7467.08,16615.645,2023-08-01
603355.SH,2021-11-19,25.5,26.39,25.06,26.02,25.68,0.34,1.324,47238.55,122312.098,2023-08-01
603356.SH,2021-11-19,13.29,14.85,13.29,14.52,13.5,1.02,7.5556,69720.05,99806.967,2023-08-01
603357.SH,2021-11-19,8.56,8.62,8.49,8.59,8.53,0.06,0.7034,12265.8,10493.613,2023-08-01
603358.SH,2021-11-19,20.66,20.66,19.06,19.8,20.68,-0.88,-4.2553,66802.91,131549.568,2023-08-01
603359.SH,2021-11-19,13.5,14.08,13.41,13.82,13.51,0.31,2.2946,88971.83,122432.479,2023-08-01
603360.SH,2021-11-19,13.97,14.17,13.62,13.81,13.95,-0.14,-1.0036,27722.11,38353.822,2023-08-01
603363.SH,2021-11-19,11.7,11.81,11.33,11.37,11.79,-0.42,-3.5623,126516.09,145352.646,2023-08-01
603365.SH,2021-11-19,16.19,16.29,16.01,16.14,16.25,-0.11,-0.6769,10824.0,17470.344,2023-08-01
603366.SH,2021-11-19,5.23,5.3,5.16,5.27,5.22,0.05,0.9579,118277.0,61967.051,2023-08-01
603367.SH,2021-11-19,12.45,12.54,12.34,12.38,12.45,-0.07,-0.5622,18972.85,23555.92,2023-08-01
603368.SH,2021-11-19,15.69,15.76,15.61,15.75,15.69,0.06,0.3824,13518.4,21212.659,2023-08-01
603369.SH,2021-11-19,57.52,60.16,57.2,58.85,57.55,1.3,2.2589,103872.24,612517.469,2023-08-01
603377.SH,2021-11-19,8.43,8.53,8.33,8.49,8.45,0.04,0.4734,130001.5,109772.658,2023-08-01
603378.SH,2021-11-19,25.0,25.49,24.6,25.3,25.03,0.27,1.0787,35039.72,87290.12,2023-08-01
603379.SH,2021-11-19,23.65,24.2,22.98,23.88,23.64,0.24,1.0152,138887.53,326989.875,2023-08-01
603380.SH,2021-11-19,38.86,40.25,38.62,39.5,38.9,0.6,1.5424,14640.5,57920.174,2023-08-01
603383.SH,2021-11-19,33.8,35.53,33.23,34.95,34.02,0.93,2.7337,19103.11,65724.643,2023-08-01
603385.SH,2021-11-19,8.97,9.18,8.95,9.18,8.98,0.2,2.2272,27962.5,25383.882,2023-08-01
603386.SH,2021-11-19,24.4,25.5,24.3,25.1,24.72,0.38,1.5372,78154.76,195099.091,2023-08-01
603387.SH,2021-11-19,17.95,18.0,17.76,17.93,18.06,-0.13,-0.7198,20619.19,36872.528,2023-08-01
603388.SH,2021-11-19,7.31,7.87,7.31,7.85,7.31,0.54,7.3871,71013.25,54638.281,2023-08-01
603389.SH,2021-11-19,5.03,5.17,5.0,5.1,5.03,0.07,1.3917,11185.0,5697.005,2023-08-01
603390.SH,2021-11-19,8.86,9.23,8.74,9.08,8.99,0.09,1.0011,35434.1,31951.111,2023-08-01
603392.SH,2021-11-19,258.5,263.0,248.4,253.27,254.18,-0.91,-0.358,15822.95,403059.86,2023-08-01
603393.SH,2021-11-19,26.7,28.3,26.3,27.69,27.1,0.59,2.1771,245499.55,672701.13,2023-08-01
603396.SH,2021-11-19,130.49,135.71,125.05,134.94,129.69,5.25,4.0481,56556.57,736051.646,2023-08-01
603398.SH,2021-11-19,13.78,14.07,13.7,14.0,13.8,0.2,1.4493,123862.26,173136.188,2023-08-01
603399.SH,2021-11-19,7.48,7.56,7.23,7.25,7.32,-0.07,-0.9563,113835.68,83508.338,2023-08-01
603408.SH,2021-11-19,13.98,14.08,13.78,14.01,13.96,0.05,0.3582,9618.0,13410.637,2023-08-01
603416.SH,2021-11-19,46.12,47.08,46.12,46.92,46.54,0.38,0.8165,5218.96,24376.455,2023-08-01
603421.SH,2021-11-19,7.36,7.47,7.36,7.45,7.35,0.1,1.3605,11605.0,8615.988,2023-08-01
603429.SH,2021-11-19,27.53,28.2,26.66,27.48,28.53,-1.05,-3.6803,52565.31,144702.906,2023-08-01
603439.SH,2021-11-19,13.53,13.84,13.53,13.81,13.57,0.24,1.7686,33716.12,46383.97,2023-08-01
603444.SH,2021-11-19,384.42,393.6,381.58,392.03,385.41,6.62,1.7177,10646.1,415340.944,2023-08-01
603456.SH,2021-11-19,55.43,55.62,53.45,54.1,55.66,-1.56,-2.8027,74210.24,402532.999,2023-08-01
603458.SH,2021-11-19,13.0,13.21,12.56,12.66,13.35,-0.69,-5.1685,231371.23,296686.902,2023-08-01
603466.SH,2021-11-19,19.22,20.09,19.0,19.41,19.54,-0.13,-0.6653,142320.34,278945.62,2023-08-01
603477.SH,2021-11-19,13.2,13.29,12.81,13.04,13.26,-0.22,-1.6591,102447.72,133592.349,2023-08-01
603486.SH,2021-11-19,174.95,176.52,171.22,172.8,173.0,-0.2,-0.1156,20059.44,348041.392,2023-08-01
603488.SH,2021-11-19,8.55,8.59,8.38,8.41,8.5,-0.09,-1.0588,58089.8,49134.532,2023-08-01
603489.SH,2021-11-19,243.89,253.2,243.5,253.2,230.18,23.02,10.0009,8474.7,213252.101,2023-08-01
603496.SH,2021-11-19,14.5,14.7,14.31,14.62,14.51,0.11,0.7581,20210.75,29328.717,2023-08-01
603499.SH,2021-11-19,7.81,7.98,7.76,7.95,7.83,0.12,1.5326,17525.0,13849.153,2023-08-01
603500.SH,2021-11-19,8.9,9.37,8.9,9.35,8.88,0.47,5.2928,44461.77,41019.768,2023-08-01
603501.SH,2021-11-19,264.2,269.62,262.01,269.0,264.64,4.36,1.6475,51027.26,1357611.192,2023-08-01
603505.SH,2021-11-19,39.2,40.69,39.18,39.89,40.0,-0.11,-0.275,52860.51,212050.102,2023-08-01
603506.SH,2021-11-19,14.86,15.33,14.85,15.23,14.86,0.37,2.4899,7304.48,11034.008,2023-08-01
603507.SH,2021-11-19,53.41,53.48,50.71,52.45,53.8,-1.35,-2.5093,66624.82,346847.647,2023-08-01
603508.SH,2021-11-19,21.04,21.45,20.89,21.34,21.01,0.33,1.5707,11480.1,24363.121,2023-08-01
603511.SH,2021-11-19,22.16,22.3,21.85,22.3,22.17,0.13,0.5864,11278.49,24858.006,2023-08-01
603515.SH,2021-11-19,19.53,19.78,19.43,19.67,19.62,0.05,0.2548,21926.02,42951.465,2023-08-01
603516.SH,2021-11-19,17.38,17.8,17.38,17.7,17.34,0.36,2.0761,8360.7,14741.958,2023-08-01
603517.SH,2021-11-19,66.0,66.48,64.81,65.48,65.5,-0.02,-0.0305,51318.15,336311.643,2023-08-01
603518.SH,2021-11-19,11.84,11.85,11.59,11.8,11.83,-0.03,-0.2536,33638.98,39375.102,2023-08-01
603519.SH,2021-11-19,14.27,14.61,14.03,14.6,14.13,0.47,3.3263,42270.36,61037.908,2023-08-01
603520.SH,2021-11-19,61.88,63.1,60.12,62.61,62.38,0.23,0.3687,33820.44,209314.557,2023-08-01
603527.SH,2021-11-19,12.75,13.2,11.99,13.03,12.47,0.56,4.4908,196230.84,247254.011,2023-08-01
603528.SH,2021-11-19,6.6,6.65,6.49,6.61,6.6,0.01,0.1515,21587.0,14178.074,2023-08-01
603529.SH,2021-11-19,40.06,40.44,39.7,40.03,40.36,-0.33,-0.8176,22798.21,91202.689,2023-08-01
603530.SH,2021-11-19,19.39,19.96,19.06,19.9,19.51,0.39,1.999,37582.26,73425.854,2023-08-01
603533.SH,2021-11-19,20.83,21.1,20.6,21.01,20.88,0.13,0.6226,55747.69,116735.018,2023-08-01
603535.SH,2021-11-19,31.48,33.07,31.35,32.54,31.6,0.94,2.9747,11993.0,38927.352,2023-08-01
603536.SH,2021-11-19,9.54,9.67,9.33,9.59,9.55,0.04,0.4188,23671.95,22520.657,2023-08-01
603538.SH,2021-11-19,32.1,32.8,31.61,32.75,32.06,0.69,2.1522,33469.66,108236.726,2023-08-01
603551.SH,2021-11-19,10.27,10.76,10.27,10.7,10.39,0.31,2.9836,17217.8,18288.084,2023-08-01
603555.SH,2021-11-19,2.72,2.76,2.71,2.75,2.73,0.02,0.7326,70547.0,19326.208,2023-08-01
603556.SH,2021-11-19,13.91,14.02,13.64,13.64,13.97,-0.33,-2.3622,53991.99,74209.981,2023-08-01
603557.SH,2021-11-19,5.71,5.81,5.63,5.67,5.67,0.0,0.0,86916.4,49481.489,2023-08-01
603558.SH,2021-11-19,10.95,12.03,10.8,11.95,11.18,0.77,6.8873,161663.03,186664.724,2023-08-01
603559.SH,2021-11-19,12.1,12.3,12.0,12.2,12.11,0.09,0.7432,32005.0,38883.602,2023-08-01
603565.SH,2021-11-19,29.83,30.59,29.63,30.37,29.86,0.51,1.708,24659.4,74736.685,2023-08-01
603566.SH,2021-11-19,19.21,19.66,19.21,19.6,19.24,0.36,1.8711,32349.86,63074.574,2023-08-01
603567.SH,2021-11-19,15.31,15.52,15.29,15.47,15.31,0.16,1.0451,25761.69,39757.177,2023-08-01
603568.SH,2021-11-19,29.15,29.73,29.0,29.41,29.16,0.25,0.8573,23008.25,67548.988,2023-08-01
603569.SH,2021-11-19,6.41,6.52,6.39,6.48,6.41,0.07,1.092,7294.2,4732.278,2023-08-01
603577.SH,2021-11-19,8.78,9.0,8.73,8.93,8.77,0.16,1.8244,23969.3,21363.857,2023-08-01
603578.SH,2021-11-19,16.63,18.15,16.53,18.15,16.5,1.65,10.0,40090.84,70744.391,2023-08-01
603579.SH,2021-11-19,30.72,30.97,30.38,30.47,30.71,-0.24,-0.7815,5515.0,16852.119,2023-08-01
603580.SH,2021-11-19,10.97,11.25,10.88,11.15,10.96,0.19,1.7336,9603.11,10647.894,2023-08-01
603583.SH,2021-11-19,53.58,55.39,52.7,54.31,53.4,0.91,1.7041,23626.85,128322.897,2023-08-01
603585.SH,2021-11-19,16.62,17.15,16.46,16.95,16.64,0.31,1.863,15560.6,26211.177,2023-08-01
603586.SH,2021-11-19,12.1,12.3,12.08,12.23,12.08,0.15,1.2417,8349.46,10204.307,2023-08-01
603587.SH,2021-11-19,18.4,18.58,18.34,18.54,18.37,0.17,0.9254,13053.45,24103.443,2023-08-01
603588.SH,2021-11-19,15.28,15.52,15.16,15.4,15.26,0.14,0.9174,53551.37,82412.699,2023-08-01
603589.SH,2021-11-19,62.12,64.8,61.8,64.2,62.16,2.04,3.2819,167925.16,1073992.624,2023-08-01
603590.SH,2021-11-19,31.38,32.0,31.23,31.7,31.38,0.32,1.0198,3932.13,12442.285,2023-08-01
603595.SH,2021-11-19,43.38,46.95,42.83,45.32,43.23,2.09,4.8346,78968.14,358932.053,2023-08-01
603596.SH,2021-11-19,64.51,64.61,63.0,64.08,65.06,-0.98,-1.5063,20427.95,130398.265,2023-08-01
603598.SH,2021-11-19,8.9,9.2,8.83,9.07,8.8,0.27,3.0682,68223.2,62100.297,2023-08-01
603599.SH,2021-11-19,35.02,36.46,35.01,36.23,35.32,0.91,2.5764,36755.65,131968.697,2023-08-01
603600.SH,2021-11-19,11.51,11.7,11.4,11.45,11.59,-0.14,-1.2079,29274.36,33764.184,2023-08-01
603601.SH,2021-11-19,12.13,12.24,12.01,12.11,12.06,0.05,0.4146,13219.26,15950.897,2023-08-01
603602.SH,2021-11-19,9.33,10.25,9.33,10.25,9.32,0.93,9.9785,99353.05,98723.625,2023-08-01
603603.SH,2021-11-19,6.92,7.25,6.85,6.99,7.03,-0.04,-0.569,139125.0,97900.849,2023-08-01
603605.SH,2021-11-19,194.65,198.5,191.07,198.37,195.05,3.32,1.7021,9020.93,176400.426,2023-08-01
603606.SH,2021-11-19,60.98,62.68,57.6,58.83,60.1,-1.27,-2.1131,326551.29,1945152.277,2023-08-01
603607.SH,2021-11-19,14.72,14.95,14.6,14.85,14.84,0.01,0.0674,13713.43,20274.969,2023-08-01
603608.SH,2021-11-19,5.38,5.45,5.36,5.42,5.38,0.04,0.7435,16013.4,8665.835,2023-08-01
603609.SH,2021-11-19,9.32,9.35,9.22,9.29,9.33,-0.04,-0.4287,24681.84,22856.2,2023-08-01
603610.SH,2021-11-19,29.5,30.31,28.28,29.15,29.02,0.13,0.448,63335.96,187360.201,2023-08-01
603611.SH,2021-11-19,18.56,19.07,18.2,19.01,18.67,0.34,1.8211,44646.6,83293.849,2023-08-01
603612.SH,2021-11-19,19.9,20.2,19.62,20.11,19.86,0.25,1.2588,140388.29,280024.384,2023-08-01
603613.SH,2021-11-19,125.23,126.18,122.08,123.45,125.23,-1.78,-1.4214,22235.39,275427.531,2023-08-01
603615.SH,2021-11-19,8.15,8.34,8.11,8.24,8.2,0.04,0.4878,11115.0,9129.669,2023-08-01
603616.SH,2021-11-19,5.35,5.44,5.34,5.42,5.35,0.07,1.3084,23706.0,12800.481,2023-08-01
603617.SH,2021-11-19,12.13,12.6,12.03,12.43,12.1,0.33,2.7273,35723.8,44004.617,2023-08-01
603618.SH,2021-11-19,8.57,8.65,8.31,8.55,8.68,-0.13,-1.4977,226571.5,191503.47,2023-08-01
603619.SH,2021-11-19,12.25,12.98,12.03,12.7,12.25,0.45,3.6735,157627.0,197955.021,2023-08-01
603626.SH,2021-11-19,13.62,13.91,13.49,13.57,13.62,-0.05,-0.3671,170363.02,232285.876,2023-08-01
603628.SH,2021-11-19,14.5,16.1,14.38,15.8,14.75,1.05,7.1186,236471.37,365993.434,2023-08-01
603629.SH,2021-11-19,21.37,23.22,21.35,23.01,21.35,1.66,7.7752,52536.72,118341.938,2023-08-01
603630.SH,2021-11-19,21.3,21.74,20.9,21.73,21.3,0.43,2.0188,30547.2,65344.404,2023-08-01
603633.SH,2021-11-19,14.92,15.35,14.6,14.66,15.02,-0.36,-2.3968,96729.15,143631.444,2023-08-01
603636.SH,2021-11-19,8.47,8.55,8.38,8.46,8.47,-0.01,-0.1181,22839.36,19305.234,2023-08-01
603637.SH,2021-11-19,7.24,7.67,7.24,7.59,7.34,0.25,3.406,38629.45,29038.325,2023-08-01
603638.SH,2021-11-19,32.8,33.69,32.24,33.61,32.76,0.85,2.5946,56900.9,188565.445,2023-08-01
603639.SH,2021-11-19,20.85,21.72,20.22,21.61,20.75,0.86,4.1446,31842.19,67558.283,2023-08-01
603648.SH,2021-11-19,8.29,8.43,8.27,8.39,8.29,0.1,1.2063,28129.0,23541.726,2023-08-01
603650.SH,2021-11-19,58.0,58.48,56.29,56.88,57.5,-0.62,-1.0783,40966.63,233730.761,2023-08-01
603655.SH,2021-11-19,24.42,26.19,24.17,25.63,24.29,1.34,5.5167,33590.5,85096.888,2023-08-01
603656.SH,2021-11-19,12.1,12.57,12.1,12.52,12.15,0.37,3.0453,15777.6,19619.627,2023-08-01
603657.SH,2021-11-19,20.51,21.45,20.5,21.2,20.77,0.43,2.0703,12966.78,27259.098,2023-08-01
603658.SH,2021-11-19,58.12,59.09,57.01,57.05,58.59,-1.54,-2.6284,55073.17,316897.265,2023-08-01
603659.SH,2021-11-19,175.47,175.88,169.0,171.87,174.53,-2.66,-1.5241,46331.33,797259.609,2023-08-01
603660.SH,2021-11-19,6.29,6.34,6.19,6.29,6.25,0.04,0.64,30476.11,19135.597,2023-08-01
603661.SH,2021-11-19,40.3,40.43,39.74,40.35,40.38,-0.03,-0.0743,4703.23,18842.823,2023-08-01
603662.SH,2021-11-19,23.53,24.12,23.53,23.9,23.81,0.09,0.378,26952.63,64368.105,2023-08-01
603663.SH,2021-11-19,22.39,22.88,21.98,22.48,22.39,0.09,0.402,38150.1,85590.809,2023-08-01
603665.SH,2021-11-19,24.7,25.2,24.07,24.7,24.9,-0.2,-0.8032,33776.91,83249.891,2023-08-01
603666.SH,2021-11-19,77.9,79.3,76.2,77.64,78.02,-0.38,-0.4871,19080.42,149156.897,2023-08-01
603667.SH,2021-11-19,16.01,17.88,15.98,17.88,16.25,1.63,10.0308,203534.24,348678.718,2023-08-01
603668.SH,2021-11-19,8.01,8.04,7.84,7.94,8.02,-0.08,-0.9975,54539.6,43207.718,2023-08-01
603669.SH,2021-11-19,8.37,8.45,8.3,8.35,8.35,0.0,0.0,8260.71,6906.357,2023-08-01
603676.SH,2021-11-19,8.23,8.32,8.1,8.31,8.24,0.07,0.8495,17147.0,14063.855,2023-08-01
603677.SH,2021-11-19,11.66,12.06,11.65,12.03,11.7,0.33,2.8205,20893.76,24806.029,2023-08-01
603678.SH,2021-11-19,78.0,79.47,76.28,77.0,78.34,-1.34,-1.7105,50779.91,394736.239,2023-08-01
603679.SH,2021-11-19,13.64,14.08,13.63,13.93,13.6,0.33,2.4265,11784.8,16363.441,2023-08-01
603680.SH,2021-11-19,8.61,8.62,8.45,8.57,8.58,-0.01,-0.1166,12384.26,10566.404,2023-08-01
603681.SH,2021-11-19,39.0,40.25,38.34,40.08,38.63,1.45,3.7536,64777.9,254954.47,2023-08-01
603682.SH,2021-11-19,5.52,5.58,5.51,5.57,5.54,0.03,0.5415,10799.0,5986.987,2023-08-01
603683.SH,2021-11-19,13.52,13.88,13.48,13.62,13.65,-0.03,-0.2198,48132.14,65858.091,2023-08-01
603685.SH,2021-11-19,11.91,12.28,11.82,12.17,11.88,0.29,2.4411,14555.05,17582.524,2023-08-01
603686.SH,2021-11-19,12.64,12.69,12.51,12.68,12.64,0.04,0.3165,27962.93,35229.437,2023-08-01
603687.SH,2021-11-19,11.23,11.24,10.88,10.93,11.14,-0.21,-1.8851,19744.42,21669.951,2023-08-01
603688.SH,2021-11-19,59.53,62.2,57.2,59.0,59.32,-0.32,-0.5394,70834.64,420669.759,2023-08-01
603689.SH,2021-11-19,10.29,10.36,10.1,10.36,10.31,0.05,0.485,33823.65,34652.825,2023-08-01
603690.SH,2021-11-19,54.43,55.4,53.78,54.65,54.77,-0.12,-0.2191,114598.53,625720.947,2023-08-01
603693.SH,2021-11-19,29.85,29.85,28.3,29.2,29.85,-0.65,-2.1776,147126.02,426398.402,2023-08-01
603696.SH,2021-11-19,9.42,9.49,9.3,9.46,9.42,0.04,0.4246,18572.12,17466.632,2023-08-01
603697.SH,2021-11-19,17.1,17.37,16.81,17.1,17.11,-0.01,-0.0584,16294.0,27747.097,2023-08-01
603698.SH,2021-11-19,15.4,16.09,15.36,15.9,15.65,0.25,1.5974,60926.38,96299.321,2023-08-01
603699.SH,2021-11-19,10.73,10.9,10.58,10.76,10.75,0.01,0.093,27416.8,29523.108,2023-08-01
603700.SH,2021-11-19,19.84,19.97,19.51,19.89,19.46,0.43,2.2097,10319.16,20405.18,2023-08-01
603701.SH,2021-11-19,9.15,9.16,8.87,8.99,9.14,-0.15,-1.6411,101034.07,90685.703,2023-08-01
603703.SH,2021-11-19,20.49,22.53,19.42,22.0,20.48,1.52,7.4219,580766.11,1225610.272,2023-08-01
603706.SH,2021-11-19,14.05,14.26,13.75,14.2,14.04,0.16,1.1396,15477.55,21784.221,2023-08-01
603707.SH,2021-11-19,42.94,44.88,42.52,44.38,43.03,1.35,3.1373,68676.27,303815.811,2023-08-01
603708.SH,2021-11-19,14.9,15.03,14.75,14.78,14.9,-0.12,-0.8054,41447.69,61515.615,2023-08-01
603709.SH,2021-11-19,15.81,16.24,15.81,16.23,15.91,0.32,2.0113,4539.0,7307.627,2023-08-01
603711.SH,2021-11-19,15.88,16.08,15.7,15.98,15.88,0.1,0.6297,10265.0,16325.905,2023-08-01
603712.SH,2021-11-19,38.68,38.85,38.0,38.15,38.57,-0.42,-1.0889,37431.92,143147.261,2023-08-01
603713.SH,2021-11-19,113.68,114.64,112.0,113.34,115.0,-1.66,-1.4435,10489.53,118489.83,2023-08-01
603716.SH,2021-11-19,14.26,14.64,14.2,14.24,14.25,-0.01,-0.0702,18670.0,26859.129,2023-08-01
603717.SH,2021-11-19,14.35,14.49,13.58,13.66,14.37,-0.71,-4.9408,57310.4,79243.337,2023-08-01
603718.SH,2021-11-19,13.95,14.15,13.95,14.04,14.02,0.02,0.1427,31683.2,44462.551,2023-08-01
603719.SH,2021-11-19,44.49,45.54,43.35,43.7,44.06,-0.36,-0.8171,33238.01,147225.397,2023-08-01
603721.SH,2021-11-19,14.04,14.35,13.81,13.97,14.06,-0.09,-0.6401,50031.0,70364.807,2023-08-01
603722.SH,2021-11-19,49.13,54.59,49.13,54.59,49.63,4.96,9.994,32613.05,174669.395,2023-08-01
603725.SH,2021-11-19,7.37,7.61,7.35,7.57,7.39,0.18,2.4357,23477.4,17644.419,2023-08-01
603726.SH,2021-11-19,14.39,14.63,14.29,14.53,14.41,0.12,0.8328,12670.48,18328.098,2023-08-01
603727.SH,2021-11-19,20.02,20.72,20.02,20.47,20.23,0.24,1.1864,34508.72,70267.62,2023-08-01
603728.SH,2021-11-19,20.72,21.63,19.61,20.57,20.66,-0.09,-0.4356,136207.3,279429.371,2023-08-01
603729.SH,2021-11-19,11.08,11.15,11.04,11.07,11.09,-0.02,-0.1803,5282.4,5855.51,2023-08-01
603730.SH,2021-11-19,23.5,23.93,22.48,23.47,24.02,-0.55,-2.2898,69641.31,160892.958,2023-08-01
603733.SH,2021-11-19,38.2,38.24,37.76,38.19,38.29,-0.1,-0.2612,15637.3,59422.595,2023-08-01
603737.SH,2021-11-19,130.71,130.71,127.0,130.2,131.04,-0.84,-0.641,9335.31,120600.466,2023-08-01
603738.SH,2021-11-19,53.3,58.34,53.07,58.34,53.04,5.3,9.9925,92123.01,518195.987,2023-08-01
603739.SH,2021-11-19,17.61,18.3,17.45,18.29,17.64,0.65,3.6848,34299.89,61287.335,2023-08-01
603755.SH,2021-11-19,48.52,48.52,46.68,47.22,48.1,-0.88,-1.8295,5641.0,26730.496,2023-08-01
603757.SH,2021-11-19,16.54,16.94,16.32,16.84,16.58,0.26,1.5682,16525.0,27470.034,2023-08-01
603758.SH,2021-11-19,8.6,8.73,8.44,8.7,8.6,0.1,1.1628,9651.0,8275.8,2023-08-01
603759.SH,2021-11-19,17.31,17.57,17.12,17.3,17.31,-0.01,-0.0578,25906.82,44799.812,2023-08-01
603766.SH,2021-11-19,5.61,5.63,5.35,5.5,5.56,-0.06,-1.0791,479437.38,263178.635,2023-08-01
603767.SH,2021-11-19,7.3,7.51,7.3,7.49,7.31,0.18,2.4624,31267.0,23243.685,2023-08-01
603768.SH,2021-11-19,16.9,17.99,16.71,17.82,16.91,0.91,5.3814,22880.4,40253.924,2023-08-01
603773.SH,2021-11-19,17.75,17.93,17.36,17.91,17.81,0.1,0.5615,10829.04,19153.614,2023-08-01
603776.SH,2021-11-19,17.13,18.12,17.13,17.98,17.12,0.86,5.0234,77408.13,138363.711,2023-08-01
603777.SH,2021-11-19,12.42,12.47,12.29,12.42,12.42,0.0,0.0,37047.42,45826.007,2023-08-01
603778.SH,2021-11-19,4.26,4.32,4.22,4.28,4.28,0.0,0.0,54669.97,23277.705,2023-08-01
603779.SH,2021-11-19,7.33,7.46,7.24,7.36,7.36,0.0,0.0,28480.0,20920.939,2023-08-01
603786.SH,2021-11-19,76.0,78.69,74.22,77.22,75.9,1.32,1.7391,7892.21,60386.134,2023-08-01
603787.SH,2021-11-19,17.58,17.74,17.41,17.56,17.63,-0.07,-0.3971,13731.0,24063.06,2023-08-01
603788.SH,2021-11-19,14.55,14.88,14.5,14.8,14.76,0.04,0.271,68276.43,100512.235,2023-08-01
603789.SH,2021-11-19,12.63,12.64,12.62,12.62,12.63,-0.01,-0.0792,17645.1,22275.617,2023-08-01
603790.SH,2021-11-19,9.96,10.05,9.77,10.02,9.95,0.07,0.7035,12432.3,12328.219,2023-08-01
603797.SH,2021-11-19,6.81,6.88,6.78,6.86,6.79,0.07,1.0309,16513.92,11293.765,2023-08-01
603798.SH,2021-11-19,10.68,11.18,10.55,11.1,10.68,0.42,3.9326,44077.0,48253.715,2023-08-01
603799.SH,2021-11-19,115.0,123.0,114.99,119.2,115.0,4.2,3.6522,317493.71,3803253.0,2023-08-01
603800.SH,2021-11-19,24.99,26.58,24.81,25.28,24.95,0.33,1.3226,52792.01,136004.797,2023-08-01
603801.SH,2021-11-19,21.9,22.5,21.4,22.27,21.9,0.37,1.6895,44465.61,97560.494,2023-08-01
603803.SH,2021-11-19,6.43,6.62,6.4,6.58,6.48,0.1,1.5432,37034.0,24296.841,2023-08-01
603806.SH,2021-11-19,127.21,132.32,125.06,130.78,127.21,3.57,2.8064,55280.12,709166.01,2023-08-01
603808.SH,2021-11-19,15.21,15.88,15.18,15.52,15.31,0.21,1.3717,47145.81,73219.429,2023-08-01
603809.SH,2021-11-19,20.38,20.95,19.96,20.62,20.38,0.24,1.1776,41009.86,84189.192,2023-08-01
603810.SH,2021-11-19,12.77,12.89,12.46,12.78,12.71,0.07,0.5507,10782.16,13659.769,2023-08-01
603811.SH,2021-11-19,14.85,15.24,14.78,14.94,15.01,-0.07,-0.4664,57297.3,85748.946,2023-08-01
603813.SH,2021-11-19,13.8,14.14,13.78,14.05,13.78,0.27,1.9594,5907.0,8257.448,2023-08-01
603815.SH,2021-11-19,8.05,8.16,7.97,8.11,8.05,0.06,0.7453,17839.0,14378.598,2023-08-01
603816.SH,2021-11-19,67.9,69.6,66.89,68.75,67.9,0.85,1.2518,36342.49,246448.802,2023-08-01
603817.SH,2021-11-19,5.75,5.79,5.66,5.77,5.73,0.04,0.6981,22783.29,13056.687,2023-08-01
603818.SH,2021-11-19,10.22,10.32,10.06,10.17,10.27,-0.1,-0.9737,38378.33,39067.091,2023-08-01
603819.SH,2021-11-19,12.78,13.12,12.69,13.01,12.91,0.1,0.7746,23079.48,29788.39,2023-08-01
603822.SH,2021-11-19,44.8,46.22,44.12,44.76,44.31,0.45,1.0156,12452.5,56004.106,2023-08-01
603823.SH,2021-11-19,15.06,15.35,14.95,15.24,15.07,0.17,1.1281,14312.87,21723.756,2023-08-01
603825.SH,2021-11-19,18.6,18.94,18.46,18.71,18.79,-0.08,-0.4258,46547.37,87187.063,2023-08-01
603826.SH,2021-11-19,38.71,39.2,37.72,38.82,38.84,-0.02,-0.0515,16393.7,63198.617,2023-08-01
603828.SH,2021-11-19,4.01,4.06,3.91,3.96,4.03,-0.07,-1.737,108697.08,43096.101,2023-08-01
603829.SH,2021-11-19,11.55,11.7,11.28,11.63,11.48,0.15,1.3066,14458.0,16680.04,2023-08-01
603833.SH,2021-11-19,126.01,127.98,123.0,124.82,126.76,-1.94,-1.5305,15196.49,189909.109,2023-08-01
603836.SH,2021-11-19,25.0,25.49,24.53,24.72,24.6,0.12,0.4878,45750.55,114211.783,2023-08-01
603838.SH,2021-11-19,7.42,7.47,7.21,7.37,7.36,0.01,0.1359,21815.0,16023.764,2023-08-01
603839.SH,2021-11-19,8.22,8.33,8.18,8.32,8.24,0.08,0.9709,11526.4,9526.991,2023-08-01
603843.SH,2021-11-19,4.12,4.13,4.02,4.08,4.13,-0.05,-1.2107,64514.6,26214.483,2023-08-01
603848.SH,2021-11-19,15.2,15.3,14.15,14.26,14.94,-0.68,-4.5515,59490.98,86163.118,2023-08-01
603855.SH,2021-11-19,24.76,26.5,24.38,24.83,24.73,0.1,0.4044,45370.62,113566.405,2023-08-01
603856.SH,2021-11-19,12.8,12.97,12.66,12.93,12.8,0.13,1.0156,34386.57,44294.15,2023-08-01
603858.SH,2021-11-19,18.07,18.37,18.03,18.35,18.07,0.28,1.5495,31061.63,56525.494,2023-08-01
603859.SH,2021-11-19,36.6,36.95,36.08,36.67,36.67,0.0,0.0,26249.0,96031.509,2023-08-01
603860.SH,2021-11-19,20.38,20.95,20.31,20.8,20.55,0.25,1.2165,2864.01,5923.815,2023-08-01
603861.SH,2021-11-19,9.77,9.93,9.62,9.86,9.74,0.12,1.232,36061.0,35281.649,2023-08-01
603863.SH,2021-11-19,8.46,8.8,8.46,8.63,8.48,0.15,1.7689,18174.0,15664.467,2023-08-01
603866.SH,2021-11-19,31.24,31.31,30.32,30.89,30.85,0.04,0.1297,50853.92,156798.294,2023-08-01
603867.SH,2021-11-19,32.42,32.58,31.89,32.55,32.57,-0.02,-0.0614,31063.59,100202.46,2023-08-01
603868.SH,2021-11-19,43.25,44.41,41.68,42.46,43.15,-0.69,-1.5991,13635.39,58406.283,2023-08-01
603869.SH,2021-11-19,9.79,9.98,9.75,9.83,9.91,-0.08,-0.8073,28157.7,27641.738,2023-08-01
603871.SH,2021-11-19,19.44,20.1,19.44,20.06,19.55,0.51,2.6087,11811.94,23529.64,2023-08-01
603876.SH,2021-11-19,38.12,41.5,37.9,41.26,38.58,2.68,6.9466,135033.48,542473.551,2023-08-01
603877.SH,2021-11-19,35.92,36.1,35.22,35.86,36.18,-0.32,-0.8845,10613.83,37748.887,2023-08-01
603878.SH,2021-11-19,6.54,6.54,6.43,6.49,6.47,0.02,0.3091,17098.2,11058.814,2023-08-01
603879.SH,2021-11-19,6.85,7.03,6.7,6.82,6.75,0.07,1.037,44696.39,30551.635,2023-08-01
603880.SH,2021-11-19,6.3,6.3,6.2,6.28,6.27,0.01,0.1595,14668.83,9153.949,2023-08-01
603881.SH,2021-11-19,33.01,34.26,33.0,33.97,33.15,0.82,2.4736,54683.73,184257.678,2023-08-01
603882.SH,2021-11-19,107.5,111.01,106.51,109.25,107.58,1.67,1.5523,32897.05,360576.109,2023-08-01
603883.SH,2021-11-19,43.9,44.02,43.1,43.9,43.89,0.01,0.0228,26203.65,113995.629,2023-08-01
603885.SH,2021-11-19,15.61,15.75,15.38,15.72,15.61,0.11,0.7047,37510.22,58403.182,2023-08-01
603886.SH,2021-11-19,19.51,19.81,19.1,19.2,19.8,-0.6,-3.0303,60446.0,116581.372,2023-08-01
603887.SH,2021-11-19,7.48,7.63,7.43,7.61,7.46,0.15,2.0107,28444.36,21475.784,2023-08-01
603888.SH,2021-11-19,19.19,19.68,19.1,19.28,19.06,0.22,1.1542,58502.12,113262.681,2023-08-01
603889.SH,2021-11-19,6.12,6.15,6.0,6.04,6.04,0.0,0.0,52224.37,31618.376,2023-08-01
603890.SH,2021-11-19,12.5,13.72,12.5,13.5,12.47,1.03,8.2598,284192.08,379334.86,2023-08-01
603893.SH,2021-11-19,137.28,147.0,133.56,144.2,137.06,7.14,5.2094,51068.41,712608.503,2023-08-01
603895.SH,2021-11-19,18.82,20.75,18.82,20.75,18.86,1.89,10.0212,43060.49,87086.83,2023-08-01
603896.SH,2021-11-19,44.25,44.79,42.72,43.25,44.28,-1.03,-2.3261,11406.77,49379.222,2023-08-01
603897.SH,2021-11-19,54.08,54.76,52.03,53.6,54.29,-0.69,-1.271,45327.29,241084.629,2023-08-01
603898.SH,2021-11-19,11.05,11.19,11.02,11.16,11.06,0.1,0.9042,10086.96,11223.898,2023-08-01
603899.SH,2021-11-19,60.56,61.2,60.08,60.55,60.81,-0.26,-0.4276,23088.37,139471.688,2023-08-01
603900.SH,2021-11-19,7.0,7.1,6.95,7.03,6.98,0.05,0.7163,10688.2,7516.627,2023-08-01
603901.SH,2021-11-19,15.36,16.3,15.35,16.07,15.34,0.73,4.7588,51110.0,81349.534,2023-08-01
603903.SH,2021-11-19,10.56,10.62,10.44,10.56,10.55,0.01,0.0948,20349.96,21415.925,2023-08-01
603906.SH,2021-11-19,49.5,51.77,49.22,49.82,50.75,-0.93,-1.8325,104643.55,524198.776,2023-08-01
603908.SH,2021-11-19,32.3,32.64,31.25,32.5,32.95,-0.45,-1.3657,12589.74,40416.179,2023-08-01
603909.SH,2021-11-19,14.9,15.0,14.51,14.98,14.92,0.06,0.4021,6725.98,9976.762,2023-08-01
603912.SH,2021-11-19,13.9,14.08,13.7,14.0,13.87,0.13,0.9373,19199.37,26703.509,2023-08-01
603915.SH,2021-11-19,42.36,42.36,41.21,41.94,41.64,0.3,0.7205,9631.37,40130.948,2023-08-01
603916.SH,2021-11-19,20.72,21.95,20.55,21.95,19.95,2.0,10.0251,405010.01,878303.519,2023-08-01
603917.SH,2021-11-19,22.32,23.85,21.85,22.68,22.63,0.05,0.2209,142591.84,324379.009,2023-08-01
603918.SH,2021-11-19,7.15,7.57,7.15,7.49,7.15,0.34,4.7552,96024.06,71287.743,2023-08-01
603919.SH,2021-11-19,34.12,34.8,34.05,34.12,34.1,0.02,0.0587,44698.32,153604.537,2023-08-01
603920.SH,2021-11-19,20.6,21.33,20.0,21.3,20.5,0.8,3.9024,143059.72,295670.093,2023-08-01
603922.SH,2021-11-19,23.31,23.64,22.7,23.15,23.31,-0.16,-0.6864,26290.89,60821.049,2023-08-01
603926.SH,2021-11-19,17.58,18.24,17.25,18.07,17.58,0.49,2.7873,42774.37,76538.921,2023-08-01
603927.SH,2021-11-19,27.0,27.19,26.67,26.85,26.97,-0.12,-0.4449,60354.8,162417.401,2023-08-01
603928.SH,2021-11-19,11.6,12.49,11.6,12.49,11.35,1.14,10.0441,77333.53,94068.046,2023-08-01
603929.SH,2021-11-19,11.2,11.41,11.11,11.33,11.18,0.15,1.3417,14276.23,16153.865,2023-08-01
603931.SH,2021-11-19,33.6,36.66,33.6,36.26,33.7,2.56,7.5964,47330.29,168104.83,2023-08-01
603933.SH,2021-11-19,13.44,13.84,13.38,13.81,13.54,0.27,1.9941,25367.44,34688.836,2023-08-01
603936.SH,2021-11-19,13.26,13.63,13.2,13.54,13.32,0.22,1.6517,140392.75,189681.02,2023-08-01
603937.SH,2021-11-19,10.5,10.73,10.47,10.7,10.56,0.14,1.3258,22203.83,23594.725,2023-08-01
603938.SH,2021-11-19,41.39,41.77,40.39,41.59,41.39,0.2,0.4832,32771.9,134582.214,2023-08-01
603939.SH,2021-11-19,47.21,47.44,46.8,46.98,47.1,-0.12,-0.2548,36618.06,172248.974,2023-08-01
603948.SH,2021-11-19,32.06,32.97,31.11,31.88,33.0,-1.12,-3.3939,85254.0,272319.57,2023-08-01
603949.SH,2021-11-19,18.6,19.31,18.52,19.3,18.59,0.71,3.8193,25652.51,48834.532,2023-08-01
603950.SH,2021-11-19,16.96,17.34,16.91,17.29,17.04,0.25,1.4671,7910.0,13614.395,2023-08-01
603955.SH,2021-11-19,12.39,12.62,12.31,12.59,12.45,0.14,1.1245,7481.9,9338.761,2023-08-01
603956.SH,2021-11-19,16.32,17.08,16.17,16.93,16.44,0.49,2.9805,14071.08,23608.124,2023-08-01
603958.SH,2021-11-19,6.22,6.43,6.15,6.41,6.22,0.19,3.0547,18674.0,11801.296,2023-08-01
603959.SH,2021-11-19,18.83,19.31,18.5,18.93,18.84,0.09,0.4777,89078.66,169469.554,2023-08-01
603960.SH,2021-11-19,36.78,38.2,36.41,37.91,36.84,1.07,2.9045,37669.95,141917.874,2023-08-01
603963.SH,2021-11-19,6.97,7.15,6.93,7.06,6.95,0.11,1.5827,8476.45,5969.637,2023-08-01
603966.SH,2021-11-19,9.29,9.29,9.04,9.17,9.29,-0.12,-1.2917,26458.92,24230.159,2023-08-01
603967.SH,2021-11-19,12.71,13.3,12.6,13.3,12.71,0.59,4.642,50606.54,66139.416,2023-08-01
603968.SH,2021-11-19,16.53,16.93,16.4,16.67,16.78,-0.11,-0.6555,37084.0,61692.366,2023-08-01
603969.SH,2021-11-19,4.04,4.07,3.98,4.05,4.04,0.01,0.2475,69805.87,28091.358,2023-08-01
603970.SH,2021-11-19,21.4,21.5,21.05,21.31,21.49,-0.18,-0.8376,15194.4,32216.989,2023-08-01
603976.SH,2021-11-19,32.7,33.21,32.55,33.08,32.86,0.22,0.6695,10767.84,35478.87,2023-08-01
603977.SH,2021-11-19,9.65,9.89,9.51,9.87,9.73,0.14,1.4388,50249.47,48952.128,2023-08-01
603978.SH,2021-11-19,29.53,31.22,26.51,28.95,28.61,0.34,1.1884,154883.21,439703.309,2023-08-01
603979.SH,2021-11-19,19.24,20.28,19.0,19.92,19.24,0.68,3.5343,69972.11,138431.451,2023-08-01
603980.SH,2021-11-19,6.12,6.16,6.08,6.15,6.12,0.03,0.4902,22053.0,13483.484,2023-08-01
603982.SH,2021-11-19,35.21,36.22,35.21,35.58,35.59,-0.01,-0.0281,35144.64,125677.897,2023-08-01
603983.SH,2021-11-19,30.33,30.49,30.01,30.3,30.23,0.07,0.2316,10966.37,33147.645,2023-08-01
603985.SH,2021-11-19,53.18,53.18,51.0,52.11,53.72,-1.61,-2.997,65375.78,340059.485,2023-08-01
603986.SH,2021-11-19,158.65,160.3,157.03,159.3,158.59,0.71,0.4477,115570.95,1831289.086,2023-08-01
603987.SH,2021-11-19,19.19,19.34,19.02,19.09,19.19,-0.1,-0.5211,33476.74,64090.734,2023-08-01
603988.SH,2021-11-19,19.32,19.6,18.9,19.19,19.41,-0.22,-1.1334,92876.61,177884.22,2023-08-01
603989.SH,2021-11-19,43.5,44.5,43.0,44.08,42.88,1.2,2.7985,43667.67,191477.367,2023-08-01
603990.SH,2021-11-19,17.8,17.98,17.6,17.88,17.85,0.03,0.1681,24274.48,43213.009,2023-08-01
603991.SH,2021-11-19,41.01,41.99,40.0,41.91,41.07,0.84,2.0453,3873.0,16011.973,2023-08-01
603992.SH,2021-11-19,20.67,21.7,20.5,21.4,20.75,0.65,3.1325,20099.32,42654.778,2023-08-01
603993.SH,2021-11-19,5.55,5.69,5.52,5.69,5.53,0.16,2.8933,2464592.41,1390567.767,2023-08-01
603995.SH,2021-11-19,48.4,50.5,48.4,49.8,48.5,1.3,2.6804,21057.0,104283.175,2023-08-01
603996.SH,2021-11-19,2.83,2.83,2.83,2.83,2.98,-0.15,-5.0336,11532.0,3263.556,2023-08-01
603997.SH,2021-11-19,13.6,14.05,13.39,13.91,13.6,0.31,2.2794,223476.15,307699.181,2023-08-01
603998.SH,2021-11-19,5.38,5.43,5.36,5.42,5.4,0.02,0.3704,13313.0,7185.298,2023-08-01
603999.SH,2021-11-19,4.96,5.04,4.96,5.02,4.98,0.04,0.8032,19003.4,9514.634,2023-08-01
605001.SH,2021-11-19,8.06,8.16,8.06,8.15,8.05,0.1,1.2422,8108.1,6581.914,2023-08-01
605003.SH,2021-11-19,22.92,22.96,22.12,22.63,22.94,-0.31,-1.3514,6644.25,14947.651,2023-08-01
605005.SH,2021-11-19,25.89,27.4,25.77,26.45,25.77,0.68,2.6387,66867.11,176834.881,2023-08-01
605006.SH,2021-11-19,14.79,14.86,14.46,14.72,14.8,-0.08,-0.5405,72235.47,106127.408,2023-08-01
605007.SH,2021-11-19,17.5,17.55,17.22,17.5,17.54,-0.04,-0.2281,7184.99,12508.66,2023-08-01
605008.SH,2021-11-19,15.41,16.9,15.36,16.76,15.41,1.35,8.7605,88558.48,144658.0,2023-08-01
605009.SH,2021-11-19,54.6,54.6,53.55,54.33,54.66,-0.33,-0.6037,10880.66,58886.072,2023-08-01
605011.SH,2021-11-19,25.0,25.08,24.03,24.59,25.15,-0.56,-2.2266,54960.58,134340.3,2023-08-01
605016.SH,2021-11-19,30.25,30.8,29.7,29.92,30.25,-0.33,-1.0909,6723.0,20239.57,2023-08-01
605018.SH,2021-11-19,14.3,16.17,14.21,16.17,14.7,1.47,10.0,97241.05,151596.391,2023-08-01
605020.SH,2021-11-19,30.51,31.33,30.02,30.76,30.66,0.1,0.3262,46079.02,141432.746,2023-08-01
605028.SH,2021-11-19,26.48,26.5,25.6,26.22,26.43,-0.21,-0.7946,53040.0,138364.475,2023-08-01
605033.SH,2021-11-19,15.59,15.89,15.52,15.73,15.52,0.21,1.3531,20005.71,31431.385,2023-08-01
605050.SH,2021-11-19,11.24,11.5,11.2,11.29,11.25,0.04,0.3556,42902.8,48721.265,2023-08-01
605055.SH,2021-11-19,7.46,7.51,7.33,7.47,7.45,0.02,0.2685,20488.22,15185.063,2023-08-01
605056.SH,2021-11-19,19.01,19.2,18.51,19.07,19.11,-0.04,-0.2093,20035.45,37829.363,2023-08-01
605058.SH,2021-11-19,24.98,25.6,24.86,25.45,25.0,0.45,1.8,15243.46,38671.162,2023-08-01
605060.SH,2021-11-19,17.6,18.18,17.5,17.8,17.62,0.18,1.0216,36185.19,64795.538,2023-08-01
605066.SH,2021-11-19,12.34,12.72,12.2,12.59,12.35,0.24,1.9433,143345.48,179821.788,2023-08-01
605068.SH,2021-11-19,36.02,36.73,35.68,36.23,36.02,0.21,0.583,9443.5,34179.414,2023-08-01
605069.SH,2021-11-19,18.82,18.88,18.53,18.78,18.82,-0.04,-0.2125,14930.03,27947.171,2023-08-01
605077.SH,2021-11-19,43.5,44.54,43.28,43.87,43.7,0.17,0.389,3939.21,17218.917,2023-08-01
605080.SH,2021-11-19,70.94,71.0,67.66,69.5,70.94,-1.44,-2.0299,4459.0,30881.259,2023-08-01
605081.SH,2021-11-19,31.8,32.17,31.64,32.04,31.83,0.21,0.6598,2630.07,8399.234,2023-08-01
605086.SH,2021-11-19,22.8,23.17,22.71,23.15,22.77,0.38,1.6689,8678.57,19944.513,2023-08-01
605088.SH,2021-11-19,15.74,16.14,15.7,15.95,15.7,0.25,1.5924,22285.0,35607.277,2023-08-01
605089.SH,2021-11-19,77.0,78.32,74.64,75.54,77.0,-1.46,-1.8961,24047.82,182429.889,2023-08-01
605090.SH,2021-11-19,32.62,35.53,31.7,35.2,32.98,2.22,6.7314,115741.72,395069.045,2023-08-01
605098.SH,2021-11-19,49.13,49.8,47.57,48.06,49.22,-1.16,-2.3568,9476.13,45864.929,2023-08-01
605099.SH,2021-11-19,37.5,39.28,36.68,38.76,37.5,1.26,3.36,22202.09,84767.445,2023-08-01
605100.SH,2021-11-19,23.91,24.24,23.89,24.19,23.95,0.24,1.0021,5138.6,12385.948,2023-08-01
605108.SH,2021-11-19,17.44,17.88,17.3,17.51,17.44,0.07,0.4014,9329.8,16387.467,2023-08-01
605111.SH,2021-11-19,202.67,216.27,201.17,213.26,202.83,10.43,5.1422,56424.1,1193272.311,2023-08-01
605116.SH,2021-11-19,13.84,13.98,13.65,13.93,13.84,0.09,0.6503,7627.94,10607.061,2023-08-01
605117.SH,2021-11-19,271.5,283.83,271.5,278.02,277.0,1.02,0.3682,16000.69,445172.313,2023-08-01
605118.SH,2021-11-19,14.77,15.3,14.5,15.14,15.02,0.12,0.7989,61265.65,91609.129,2023-08-01
605122.SH,2021-11-19,21.23,21.3,21.02,21.29,21.23,0.06,0.2826,5291.4,11189.543,2023-08-01
605123.SH,2021-11-19,134.13,138.38,129.21,131.0,134.13,-3.13,-2.3336,22499.08,298988.013,2023-08-01
605128.SH,2021-11-19,32.17,32.52,31.26,31.71,32.48,-0.77,-2.3707,18560.0,58915.054,2023-08-01
605133.SH,2021-11-19,27.6,30.21,26.67,27.84,28.44,-0.6,-2.1097,174677.23,497058.431,2023-08-01
605136.SH,2021-11-19,24.17,24.46,23.92,24.32,24.27,0.05,0.206,24670.6,59661.29,2023-08-01
605138.SH,2021-11-19,11.7,11.74,11.43,11.69,11.59,0.1,0.8628,54597.73,63391.779,2023-08-01
605151.SH,2021-11-19,18.3,18.82,18.15,18.65,18.28,0.37,2.0241,30361.81,56331.433,2023-08-01
605155.SH,2021-11-19,20.45,20.62,20.0,20.6,20.36,0.24,1.1788,11767.98,24002.349,2023-08-01
605158.SH,2021-11-19,7.33,7.4,7.24,7.37,7.29,0.08,1.0974,10942.76,8037.313,2023-08-01
605162.SH,2021-11-19,13.8,14.3,13.62,14.04,13.91,0.13,0.9346,118654.41,166036.612,2023-08-01
605166.SH,2021-11-19,12.55,12.98,12.28,12.94,12.53,0.41,3.2721,105848.26,134286.223,2023-08-01
605167.SH,2021-11-19,8.92,9.45,8.88,9.28,8.9,0.38,4.2697,105936.28,98060.358,2023-08-01
605168.SH,2021-11-19,120.68,122.27,119.0,119.51,120.45,-0.94,-0.7804,3800.5,45649.614,2023-08-01
605169.SH,2021-11-19,18.08,18.95,17.86,18.9,18.08,0.82,4.5354,112234.01,208866.403,2023-08-01
605177.SH,2021-11-19,26.52,26.68,26.1,26.49,26.52,-0.03,-0.1131,6690.75,17628.032,2023-08-01
605178.SH,2021-11-19,36.59,37.24,36.58,36.94,36.59,0.35,0.9565,4820.8,17799.612,2023-08-01
605179.SH,2021-11-19,14.19,14.32,14.06,14.22,14.17,0.05,0.3529,12743.38,18056.965,2023-08-01
605180.SH,2021-11-19,37.59,37.6,36.5,36.97,37.27,-0.3,-0.8049,9923.48,36605.924,2023-08-01
605183.SH,2021-11-19,18.66,18.94,18.12,18.9,18.66,0.24,1.2862,52625.28,97854.554,2023-08-01
605186.SH,2021-11-19,39.39,39.4,38.15,38.61,39.5,-0.89,-2.2532,12209.98,47115.527,2023-08-01
605188.SH,2021-11-19,7.69,7.75,7.59,7.73,7.68,0.05,0.651,19224.0,14745.861,2023-08-01
605189.SH,2021-11-19,22.48,22.65,22.23,22.52,22.35,0.17,0.7606,10418.82,23439.942,2023-08-01
605196.SH,2021-11-19,11.2,11.53,11.2,11.39,11.58,-0.19,-1.6408,128173.36,146224.172,2023-08-01
605198.SH,2021-11-19,20.6,20.6,19.56,20.16,20.81,-0.65,-3.1235,29117.77,58193.393,2023-08-01
605199.SH,2021-11-19,23.53,24.09,23.12,24.03,23.45,0.58,2.4733,99654.23,234983.941,2023-08-01
605208.SH,2021-11-19,22.52,22.71,22.14,22.5,22.66,-0.16,-0.7061,30736.83,68982.755,2023-08-01
605218.SH,2021-11-19,17.21,18.65,16.77,17.28,17.71,-0.43,-2.428,172904.97,305428.782,2023-08-01
605222.SH,2021-11-19,30.66,31.4,28.95,29.8,31.44,-1.64,-5.2163,246062.29,740148.887,2023-08-01
605228.SH,2021-11-19,9.15,9.5,9.07,9.32,9.15,0.17,1.8579,66156.52,61668.997,2023-08-01
605255.SH,2021-11-19,16.71,17.66,16.71,17.44,16.8,0.64,3.8095,32372.22,56059.79,2023-08-01
605258.SH,2021-11-19,29.0,29.99,28.8,29.78,28.81,0.97,3.3669,8138.16,24068.4,2023-08-01
605259.SH,2021-11-19,38.68,39.15,37.2,37.2,38.27,-1.07,-2.7959,32429.5,122208.024,2023-08-01
605266.SH,2021-11-19,77.63,78.36,77.3,77.98,77.63,0.35,0.4509,1125.6,8760.807,2023-08-01
605268.SH,2021-11-19,11.82,12.15,11.8,12.15,11.81,0.34,2.8789,20707.49,24785.386,2023-08-01
605277.SH,2021-11-19,35.24,36.38,35.19,35.45,35.22,0.23,0.653,32553.43,116192.366,2023-08-01
605286.SH,2021-11-19,41.46,43.66,41.04,43.0,42.22,0.78,1.8475,33035.89,139333.786,2023-08-01
605287.SH,2021-11-19,27.0,27.55,27.0,27.41,27.12,0.29,1.0693,4114.55,11266.933,2023-08-01
605288.SH,2021-11-19,75.01,76.0,71.8,72.01,75.18,-3.17,-4.2165,8304.33,61162.286,2023-08-01
605289.SH,2021-11-19,28.8,30.88,28.73,30.1,28.7,1.4,4.878,61170.28,184419.728,2023-08-01
605296.SH,2021-11-19,39.63,39.98,39.5,39.98,39.9,0.08,0.2005,10006.38,39784.065,2023-08-01
605298.SH,2021-11-19,18.26,18.69,18.1,18.58,18.27,0.31,1.6968,8653.92,16000.77,2023-08-01
605299.SH,2021-11-19,19.59,20.56,19.5,20.17,19.59,0.58,2.9607,27205.79,54497.774,2023-08-01
605300.SH,2021-11-19,21.3,21.8,20.2,20.49,20.85,-0.36,-1.7266,59229.76,123560.956,2023-08-01
605303.SH,2021-11-19,14.41,15.5,14.39,14.78,14.32,0.46,3.2123,18660.1,27813.09,2023-08-01
605305.SH,2021-11-19,113.86,115.5,109.47,109.5,112.79,-3.29,-2.9169,10946.0,122384.427,2023-08-01
605318.SH,2021-11-19,14.91,14.91,14.42,14.64,14.51,0.13,0.8959,6963.16,10189.937,2023-08-01
605319.SH,2021-11-19,17.09,17.54,16.66,16.78,17.1,-0.32,-1.8713,71555.83,122027.103,2023-08-01
605333.SH,2021-11-19,24.5,26.0,23.8,25.23,24.9,0.33,1.3253,217129.18,543091.384,2023-08-01
605336.SH,2021-11-19,31.89,32.78,31.62,32.4,31.93,0.47,1.472,12178.0,39213.444,2023-08-01
605337.SH,2021-11-19,41.86,42.69,40.6,41.22,42.02,-0.8,-1.9039,45114.74,186637.203,2023-08-01
605338.SH,2021-11-19,35.4,36.5,34.76,35.4,35.13,0.27,0.7686,20112.41,71559.014,2023-08-01
605339.SH,2021-11-19,33.5,33.94,33.32,33.66,33.6,0.06,0.1786,19828.51,66612.385,2023-08-01
605358.SH,2021-11-19,128.51,131.28,125.94,126.28,128.85,-2.57,-1.9946,70316.92,898350.533,2023-08-01
605365.SH,2021-11-19,18.49,18.68,18.32,18.62,18.56,0.06,0.3233,14820.0,27446.312,2023-08-01
605366.SH,2021-11-19,13.9,14.07,13.64,13.98,13.99,-0.01,-0.0715,51392.98,71305.227,2023-08-01
605368.SH,2021-11-19,14.8,14.85,14.51,14.73,14.65,0.08,0.5461,36921.02,54332.609,2023-08-01
605369.SH,2021-11-19,104.12,106.56,101.52,103.2,105.14,-1.94,-1.8452,5782.22,59760.872,2023-08-01
605376.SH,2021-11-19,76.48,78.18,74.2,77.77,76.5,1.27,1.6601,26511.44,203234.922,2023-08-01
605377.SH,2021-11-19,16.54,17.13,16.48,17.01,16.65,0.36,2.1622,20784.98,35006.484,2023-08-01
605378.SH,2021-11-19,30.3,30.3,29.7,30.05,30.32,-0.27,-0.8905,20060.83,60173.839,2023-08-01
605388.SH,2021-11-19,17.65,17.85,17.4,17.52,17.61,-0.09,-0.5111,38055.61,66863.058,2023-08-01
605389.SH,2021-11-19,47.55,48.97,47.2,48.63,47.55,1.08,2.2713,7694.15,37182.573,2023-08-01
605398.SH,2021-11-19,38.79,39.2,38.62,38.88,38.56,0.32,0.8299,2657.0,10358.654,2023-08-01
605399.SH,2021-11-19,42.5,43.3,40.35,40.48,41.29,-0.81,-1.9617,132876.19,552080.703,2023-08-01
605488.SH,2021-11-19,26.1,26.9,26.1,26.86,26.11,0.75,2.8725,15990.68,42614.115,2023-08-01
605499.SH,2021-11-19,178.04,182.91,176.0,177.3,178.11,-0.81,-0.4548,9289.68,165885.073,2023-08-01
605500.SH,2021-11-19,17.05,17.24,17.05,17.2,17.04,0.16,0.939,5609.01,9624.331,2023-08-01
605507.SH,2021-11-19,27.74,28.06,27.74,27.96,27.73,0.23,0.8294,10817.66,30197.398,2023-08-01
605555.SH,2021-11-19,47.0,48.1,45.0,45.92,47.46,-1.54,-3.2448,74175.81,339918.031,2023-08-01
605566.SH,2021-11-19,30.28,30.66,29.94,30.38,30.32,0.06,0.1979,19994.86,60547.903,2023-08-01
605567.SH,2021-11-19,15.5,15.68,15.14,15.5,15.61,-0.11,-0.7047,71479.31,110177.651,2023-08-01
605577.SH,2021-11-19,13.08,13.24,12.84,12.92,13.08,-0.16,-1.2232,50810.41,66013.153,2023-08-01
605580.SH,2021-11-19,18.66,18.68,18.2,18.52,18.66,-0.14,-0.7503,74115.36,136339.662,2023-08-01
605588.SH,2021-11-19,42.0,42.94,41.91,42.44,42.38,0.06,0.1416,7958.92,33818.294,2023-08-01
605589.SH,2021-11-19,37.85,40.4,37.46,39.02,37.94,1.08,2.8466,61233.07,238808.064,2023-08-01
605598.SH,2021-11-19,14.99,15.41,14.81,15.37,15.05,0.32,2.1262,44580.91,67540.406,2023-08-01
605599.SH,2021-11-19,12.06,12.12,11.89,12.03,12.05,-0.02,-0.166,25818.82,30957.724,2023-08-01
688001.SH,2021-11-19,37.85,38.89,37.66,38.61,37.57,1.04,2.7682,14410.48,55528.005,2023-08-01
688002.SH,2021-11-19,78.09,78.34,76.2,77.0,78.09,-1.09,-1.3958,37030.65,285790.715,2023-08-01
688003.SH,2021-11-19,41.07,41.98,40.28,41.25,40.88,0.37,0.9051,15917.13,65763.316,2023-08-01
688004.SH,2021-11-19,33.05,33.95,33.03,33.76,33.32,0.44,1.3205,3998.72,13443.101,2023-08-01
688005.SH,2021-11-19,117.9,125.0,117.16,120.1,113.9,6.2,5.4434,88365.41,1067662.446,2023-08-01
688006.SH,2021-11-19,109.88,118.0,109.8,116.87,110.18,6.69,6.0719,24602.63,281178.624,2023-08-01
688007.SH,2021-11-19,32.47,33.96,32.4,33.69,32.47,1.22,3.7573,62724.4,209384.305,2023-08-01
688008.SH,2021-11-19,74.51,75.57,73.18,74.86,74.61,0.25,0.3351,57918.57,430447.927,2023-08-01
688009.SH,2021-11-19,4.93,4.95,4.91,4.95,4.93,0.02,0.4057,80131.55,39534.517,2023-08-01
688010.SH,2021-11-19,27.99,28.83,27.99,28.46,28.05,0.41,1.4617,7739.83,22059.627,2023-08-01
688011.SH,2021-11-19,33.38,33.68,33.03,33.63,33.23,0.4,1.2037,5536.68,18483.665,2023-08-01
688012.SH,2021-11-19,163.9,165.39,161.78,164.5,164.45,0.05,0.0304,43076.74,706344.47,2023-08-01
688013.SH,2021-11-19,25.02,25.39,24.9,25.13,25.02,0.11,0.4396,4642.21,11689.596,2023-08-01
688015.SH,2021-11-19,31.42,31.74,31.29,31.71,31.29,0.42,1.3423,4525.45,14300.218,2023-08-01
688016.SH,2021-11-19,269.95,280.96,269.9,275.0,272.0,3.0,1.1029,7551.98,207518.408,2023-08-01
688017.SH,2021-11-19,159.42,169.47,159.42,165.6,159.42,6.18,3.8766,9901.88,163183.647,2023-08-01
688018.SH,2021-11-19,184.5,195.99,184.5,194.0,186.0,8.0,4.3011,11703.77,224130.539,2023-08-01
688019.SH,2021-11-19,293.0,308.66,290.0,305.0,293.0,12.0,4.0956,9848.87,296324.539,2023-08-01
688020.SH,2021-11-19,95.39,97.24,91.7,93.12,95.09,-1.97,-2.0717,9629.37,90032.482,2023-08-01
688021.SH,2021-11-19,49.9,50.52,49.03,50.25,49.9,0.35,0.7014,10471.54,52378.302,2023-08-01
688022.SH,2021-11-19,57.4,61.78,57.33,60.18,57.4,2.78,4.8432,55396.85,332044.432,2023-08-01
688023.SH,2021-11-19,289.0,300.98,288.99,295.19,289.0,6.19,2.1419,4643.04,137825.365,2023-08-01
688025.SH,2021-11-19,54.29,56.6,52.5,56.0,54.5,1.5,2.7523,38758.72,212805.653,2023-08-01
688026.SH,2021-11-19,72.95,76.15,72.95,75.45,73.94,1.51,2.0422,5799.31,43420.91,2023-08-01
688027.SH,2021-11-19,179.95,181.81,177.73,178.54,179.95,-1.41,-0.7836,5781.3,103508.241,2023-08-01
688028.SH,2021-11-19,51.21,56.43,51.21,55.01,51.37,3.64,7.0858,27001.63,147460.807,2023-08-01
688029.SH,2021-11-19,255.05,270.88,252.43,267.2,257.0,10.2,3.9689,6415.86,170313.117,2023-08-01
688030.SH,2021-11-19,29.4,29.76,29.0,29.52,29.2,0.32,1.0959,11126.88,32819.066,2023-08-01
688033.SH,2021-11-19,29.36,32.49,29.36,31.93,29.45,2.48,8.4211,93348.17,290526.548,2023-08-01
688036.SH,2021-11-19,169.0,174.07,166.85,169.0,169.54,-0.54,-0.3185,29858.97,510152.096,2023-08-01
688037.SH,2021-11-19,206.74,211.0,205.0,208.25,207.09,1.16,0.5601,9624.49,199852.908,2023-08-01
688038.SH,2021-11-19,18.85,19.4,18.71,19.05,18.71,0.34,1.8172,7069.71,13515.737,2023-08-01
688039.SH,2021-11-19,66.79,69.6,63.3,65.4,65.9,-0.5,-0.7587,37989.67,251239.57,2023-08-01
688050.SH,2021-11-19,249.16,256.0,247.4,249.98,251.38,-1.4,-0.5569,6166.03,155069.154,2023-08-01
688051.SH,2021-11-19,46.5,47.08,45.38,46.54,45.61,0.93,2.039,2639.25,12211.92,2023-08-01
688055.SH,2021-11-19,6.98,7.18,6.94,7.14,6.93,0.21,3.0303,90056.5,63900.757,2023-08-01
688056.SH,2021-11-19,60.0,66.71,59.9,64.4,61.07,3.33,5.4528,11761.27,75201.542,2023-08-01
688057.SH,2021-11-19,26.19,26.75,26.01,26.56,26.25,0.31,1.181,14686.61,38845.554,2023-08-01
688058.SH,2021-11-19,77.98,80.66,77.9,80.3,77.98,2.32,2.9751,1734.62,13817.78,2023-08-01
688059.SH,2021-11-19,170.69,175.39,169.06,171.82,172.49,-0.67,-0.3884,2419.49,41601.436,2023-08-01
688060.SH,2021-11-19,71.0,72.22,69.0,71.49,73.12,-1.63,-2.2292,12256.5,86582.511,2023-08-01
688063.SH,2021-11-19,234.8,238.95,227.03,238.2,231.39,6.81,2.9431,14700.48,342844.467,2023-08-01
688065.SH,2021-11-19,134.55,139.18,133.01,139.0,134.55,4.45,3.3073,15392.67,210277.447,2023-08-01
688066.SH,2021-11-19,64.0,64.0,62.3,63.13,63.8,-0.67,-1.0502,14867.95,93354.785,2023-08-01
688067.SH,2021-11-19,26.45,27.26,26.4,27.04,26.4,0.64,2.4242,2766.67,7440.088,2023-08-01
688068.SH,2021-11-19,96.72,97.2,95.1,96.63,96.0,0.63,0.6563,7970.81,76631.675,2023-08-01
688069.SH,2021-11-19,49.34,49.93,48.9,49.45,49.61,-0.16,-0.3225,2671.65,13166.154,2023-08-01
688070.SH,2021-11-19,35.0,36.87,35.0,36.69,35.27,1.42,4.0261,9516.24,34518.811,2023-08-01
688071.SH,2021-11-19,47.74,50.85,46.79,47.75,47.74,0.01,0.0209,6335.74,30487.533,2023-08-01
688075.SH,2021-11-19,85.02,86.99,81.69,82.82,88.8,-5.98,-6.7342,46933.99,391538.354,2023-08-01
688076.SH,2021-11-19,41.49,42.99,40.91,41.6,41.07,0.53,1.2905,12419.01,52015.317,2023-08-01
688077.SH,2021-11-19,68.28,69.5,65.74,67.46,68.83,-1.37,-1.9904,30722.42,207456.763,2023-08-01
688078.SH,2021-11-19,68.44,69.99,66.13,69.99,68.6,1.39,2.0262,4580.02,31290.456,2023-08-01
688079.SH,2021-11-19,15.07,15.55,14.92,15.28,14.98,0.3,2.0027,22727.33,34794.496,2023-08-01
688080.SH,2021-11-19,64.74,73.0,64.0,70.78,64.81,5.97,9.2115,35243.98,247770.554,2023-08-01
688081.SH,2021-11-19,25.38,25.8,25.26,25.73,25.2,0.53,2.1032,3166.34,8100.984,2023-08-01
688082.SH,2021-11-19,130.99,132.9,122.56,125.27,129.75,-4.48,-3.4528,89095.27,1131714.16,2023-08-01
688083.SH,2021-11-19,318.98,332.88,315.08,328.21,315.99,12.22,3.8672,4158.52,135471.652,2023-08-01
688085.SH,2021-11-19,29.02,29.9,29.0,29.8,29.26,0.54,1.8455,9940.24,29359.479,2023-08-01
688086.SH,2021-11-19,24.56,26.19,24.43,25.83,24.6,1.23,5.0,42969.55,109896.063,2023-08-01
688087.SH,2021-11-19,89.9,92.12,88.92,90.51,90.01,0.5,0.5555,4100.24,37135.546,2023-08-01
688088.SH,2021-11-19,45.21,46.58,45.21,45.87,45.35,0.52,1.1466,27654.57,126977.683,2023-08-01
688089.SH,2021-11-19,48.6,49.28,47.73,48.88,49.0,-0.12,-0.2449,6167.73,30050.213,2023-08-01
688090.SH,2021-11-19,31.66,33.06,31.66,32.91,32.08,0.83,2.5873,5707.08,18645.674,2023-08-01
688091.SH,2021-11-19,51.2,51.65,50.52,51.47,50.86,0.61,1.1994,5968.37,30605.683,2023-08-01
688092.SH,2021-11-19,42.29,43.0,41.1,41.7,42.2,-0.5,-1.1848,7340.34,30693.175,2023-08-01
688093.SH,2021-11-19,41.31,43.35,41.31,42.9,41.94,0.96,2.289,7501.24,31885.749,2023-08-01
688095.SH,2021-11-19,149.16,156.59,148.5,153.81,148.71,5.1,3.4295,6888.69,106557.449,2023-08-01
688096.SH,2021-11-19,13.77,14.17,13.77,14.15,13.9,0.25,1.7986,4490.73,6314.132,2023-08-01
688097.SH,2021-11-19,46.2,47.45,44.81,45.4,46.88,-1.48,-3.157,19815.54,90047.223,2023-08-01
688098.SH,2021-11-19,11.0,11.27,11.0,11.14,11.0,0.14,1.2727,11943.83,13309.831,2023-08-01
688099.SH,2021-11-19,122.05,126.0,119.9,121.3,122.05,-0.75,-0.6145,24903.29,303165.288,2023-08-01
688100.SH,2021-11-19,27.63,28.57,27.38,27.7,28.23,-0.53,-1.8774,37393.96,104145.077,2023-08-01
688101.SH,2021-11-19,20.48,21.18,20.34,20.59,20.73,-0.14,-0.6753,69837.06,144566.37,2023-08-01
688103.SH,2021-11-19,77.01,78.88,75.17,76.87,76.66,0.21,0.2739,6344.02,48632.083,2023-08-01
688105.SH,2021-11-19,91.98,103.88,91.12,100.25,93.0,7.25,7.7957,42682.86,419957.113,2023-08-01
688106.SH,2021-11-19,25.93,26.42,25.63,26.06,25.91,0.15,0.5789,37674.39,98001.692,2023-08-01
688107.SH,2021-11-19,79.99,83.55,76.23,83.55,82.34,1.21,1.4695,64528.96,514595.7,2023-08-01
688108.SH,2021-11-19,8.2,8.28,8.08,8.21,8.1,0.11,1.358,18402.81,15057.203,2023-08-01
688109.SH,2021-11-19,52.4,55.57,52.4,55.2,53.2,2.0,3.7594,3707.98,20307.076,2023-08-01
688111.SH,2021-11-19,276.0,278.9,273.32,273.63,276.0,-2.37,-0.8587,9288.01,255968.954,2023-08-01
688113.SH,2021-11-19,67.11,69.54,67.11,68.11,68.01,0.1,0.147,2312.8,15874.991,2023-08-01
688116.SH,2021-11-19,156.29,163.88,156.29,161.95,155.97,5.98,3.8341,19911.18,322202.731,2023-08-01
688117.SH,2021-11-19,35.02,35.49,34.81,35.26,34.92,0.34,0.9737,4072.15,14321.608,2023-08-01
688118.SH,2021-11-19,25.07,25.57,25.0,25.16,25.13,0.03,0.1194,6843.56,17333.985,2023-08-01
688121.SH,2021-11-19,28.6,29.48,28.1,29.21,28.23,0.98,3.4715,17776.85,51200.632,2023-08-01
688122.SH,2021-11-19,90.5,95.5,90.5,92.4,91.49,0.91,0.9946,44489.31,413715.504,2023-08-01
688123.SH,2021-11-19,55.64,58.43,55.55,57.5,55.55,1.95,3.5104,42372.68,243231.828,2023-08-01
688126.SH,2021-11-19,28.55,28.98,27.9,28.37,28.65,-0.28,-0.9773,118110.2,334013.098,2023-08-01
688127.SH,2021-11-19,18.9,20.2,18.8,19.67,19.26,0.41,2.1288,76703.86,150193.733,2023-08-01
688128.SH,2021-11-19,31.9,32.0,30.53,31.23,31.68,-0.45,-1.4205,46166.66,143621.771,2023-08-01
688129.SH,2021-11-19,18.5,18.5,18.02,18.3,17.97,0.33,1.8364,8860.36,16238.107,2023-08-01
688131.SH,2021-11-19,293.66,297.89,290.65,294.38,292.1,2.28,0.7806,2871.18,84694.54,2023-08-01
688133.SH,2021-11-19,217.8,226.5,213.81,220.0,218.01,1.99,0.9128,4431.55,98213.091,2023-08-01
688135.SH,2021-11-19,46.81,48.27,46.53,47.75,46.81,0.94,2.0081,45270.11,216538.412,2023-08-01
688136.SH,2021-11-19,27.91,29.06,27.9,28.95,27.9,1.05,3.7634,14347.17,40876.819,2023-08-01
688138.SH,2021-11-19,17.16,17.52,16.95,17.01,17.2,-0.19,-1.1047,21924.51,37713.526,2023-08-01
688139.SH,2021-11-19,89.03,89.78,87.07,88.09,89.43,-1.34,-1.4984,13521.82,118810.317,2023-08-01
688148.SH,2021-11-19,32.99,37.72,32.71,36.41,32.54,3.87,11.8931,94377.57,336241.339,2023-08-01
688155.SH,2021-11-19,110.43,117.98,109.0,115.79,111.5,4.29,3.8475,11774.39,134211.347,2023-08-01
688156.SH,2021-11-19,18.52,18.52,18.18,18.45,18.3,0.15,0.8197,5484.27,10056.611,2023-08-01
688157.SH,2021-11-19,102.13,104.7,102.12,104.0,104.25,-0.25,-0.2398,2875.52,29787.919,2023-08-01
688158.SH,2021-11-19,26.83,27.28,26.77,27.02,26.94,0.08,0.297,21592.09,58282.596,2023-08-01
688159.SH,2021-11-19,23.79,25.15,23.73,24.81,23.79,1.02,4.2875,14171.27,34879.543,2023-08-01
688160.SH,2021-11-19,37.14,38.31,37.0,37.86,37.6,0.26,0.6915,5901.56,22241.046,2023-08-01
688161.SH,2021-11-19,67.09,68.29,66.53,67.94,67.47,0.47,0.6966,8553.85,57725.364,2023-08-01
688162.SH,2021-11-19,90.88,95.99,90.18,91.98,93.6,-1.62,-1.7308,64060.81,591190.536,2023-08-01
688165.SH,2021-11-19,10.66,10.94,10.66,10.87,10.66,0.21,1.97,17048.24,18459.08,2023-08-01
688166.SH,2021-11-19,35.83,36.5,34.84,36.43,36.0,0.43,1.1944,29051.97,103268.773,2023-08-01
688168.SH,2021-11-19,61.73,64.78,61.73,63.8,61.99,1.81,2.9198,11601.95,74016.134,2023-08-01
688169.SH,2021-11-19,855.07,888.0,850.0,882.0,855.07,26.93,3.1494,3905.05,342858.416,2023-08-01
688177.SH,2021-11-19,27.0,27.96,27.0,27.85,26.96,0.89,3.3012,10484.1,28954.628,2023-08-01
688178.SH,2021-11-19,23.95,24.37,23.81,24.32,23.9,0.42,1.7573,2078.6,5019.45,2023-08-01
688179.SH,2021-11-19,78.38,83.21,77.51,79.12,78.26,0.86,1.0989,19669.99,159367.77,2023-08-01
688180.SH,2021-11-19,56.0,57.23,54.1,55.2,52.83,2.37,4.4861,79759.48,441757.598,2023-08-01
688181.SH,2021-11-19,49.0,50.22,48.85,49.5,49.0,0.5,1.0204,8134.92,40302.436,2023-08-01
688182.SH,2021-11-19,24.9,26.88,24.04,26.32,25.5,0.82,3.2157,238942.1,607138.301,2023-08-01
688183.SH,2021-11-19,13.72,13.83,13.63,13.77,13.72,0.05,0.3644,15508.79,21294.341,2023-08-01
688185.SH,2021-11-19,271.77,274.8,268.0,269.42,270.78,-1.36,-0.5023,13445.98,363648.975,2023-08-01
688186.SH,2021-11-19,62.26,65.87,62.1,64.87,63.97,0.9,1.4069,49254.07,314813.382,2023-08-01
688187.SH,2021-11-19,72.3,73.9,70.88,72.35,72.7,-0.35,-0.4814,32680.19,235647.821,2023-08-01
688188.SH,2021-11-19,387.0,391.77,383.14,387.0,387.1,-0.1,-0.0258,5071.36,196208.29,2023-08-01
688189.SH,2021-11-19,27.78,28.47,27.33,28.22,27.85,0.37,1.3285,6306.74,17577.77,2023-08-01
688191.SH,2021-11-19,25.78,27.74,25.49,27.35,25.42,1.93,7.5924,29978.0,80672.548,2023-08-01
688195.SH,2021-11-19,31.86,33.96,30.91,33.92,32.08,1.84,5.7357,75237.77,242692.503,2023-08-01
688196.SH,2021-11-19,56.28,58.76,56.04,58.1,56.04,2.06,3.6759,8792.93,50612.784,2023-08-01
688198.SH,2021-11-19,260.63,276.01,260.63,272.02,257.93,14.09,5.4627,2997.62,81391.826,2023-08-01
688199.SH,2021-11-19,43.42,44.6,43.42,43.98,43.68,0.3,0.6868,12330.56,54334.625,2023-08-01
688200.SH,2021-11-19,570.4,589.68,570.4,579.44,572.71,6.73,1.1751,4008.25,233167.52,2023-08-01
688201.SH,2021-11-19,52.34,55.92,52.34,54.68,52.67,2.01,3.8162,9654.78,52633.137,2023-08-01
688202.SH,2021-11-19,617.19,630.0,603.31,607.99,616.5,-8.51,-1.3804,3458.34,211972.167,2023-08-01
688208.SH,2021-11-19,68.81,72.6,68.61,70.87,68.81,2.06,2.9938,20684.36,146017.431,2023-08-01
688211.SH,2021-11-19,80.1,80.98,77.81,78.7,80.0,-1.3,-1.625,20780.76,163146.205,2023-08-01
688212.SH,2021-11-19,35.09,38.6,34.55,37.08,35.14,1.94,5.5208,105452.11,389265.162,2023-08-01
688215.SH,2021-11-19,34.24,35.02,34.19,34.9,34.09,0.81,2.3761,2378.94,8247.475,2023-08-01
688216.SH,2021-11-19,54.15,55.65,54.15,55.65,54.13,1.52,2.8081,11879.18,65448.068,2023-08-01
688217.SH,2021-11-19,60.8,60.8,58.83,59.71,60.01,-0.3,-0.4999,3490.73,20846.711,2023-08-01
688218.SH,2021-11-19,15.3,15.52,15.05,15.35,15.06,0.29,1.9256,9387.03,14429.099,2023-08-01
688219.SH,2021-11-19,12.18,13.04,12.13,12.75,12.11,0.64,5.2849,45751.14,57966.384,2023-08-01
688221.SH,2021-11-19,15.56,15.81,15.54,15.72,15.52,0.2,1.2887,12888.84,20226.753,2023-08-01
688222.SH,2021-11-19,22.74,22.95,22.49,22.82,22.72,0.1,0.4401,14577.3,33169.181,2023-08-01
688226.SH,2021-11-19,16.05,16.47,15.7,16.23,16.06,0.17,1.0585,27313.75,44196.426,2023-08-01
688228.SH,2021-11-19,36.0,36.5,35.55,36.03,35.96,0.07,0.1947,5618.34,20275.299,2023-08-01
688229.SH,2021-11-19,52.63,55.2,52.27,54.45,53.2,1.25,2.3496,2197.66,11908.283,2023-08-01
688232.SH,2021-11-19,46.49,49.98,45.88,47.39,48.63,-1.24,-2.5499,148767.81,711331.458,2023-08-01
688233.SH,2021-11-19,78.21,80.74,78.19,78.6,78.88,-0.28,-0.355,31452.88,248747.351,2023-08-01
688239.SH,2021-11-19,66.37,69.9,65.71,66.06,67.22,-1.16,-1.7257,21717.95,146527.368,2023-08-01
688255.SH,2021-11-19,41.6,42.15,41.31,41.98,41.33,0.65,1.5727,9939.6,41603.012,2023-08-01
688256.SH,2021-11-19,83.35,84.74,82.5,83.75,83.2,0.55,0.6611,17857.11,148973.305,2023-08-01
688257.SH,2021-11-19,59.59,61.3,59.39,60.5,58.8,1.7,2.8912,13216.31,80140.774,2023-08-01
688258.SH,2021-11-19,37.59,38.28,37.41,37.88,37.38,0.5,1.3376,5227.64,19862.651,2023-08-01
688260.SH,2021-11-19,18.35,19.32,18.15,18.83,18.04,0.79,4.3792,23390.51,43769.166,2023-08-01
688266.SH,2021-11-19,65.12,65.42,64.0,64.41,65.12,-0.71,-1.0903,7864.56,50774.163,2023-08-01
688268.SH,2021-11-19,84.5,85.97,81.08,84.78,83.33,1.45,1.7401,10380.63,86995.089,2023-08-01
688269.SH,2021-11-19,115.0,125.0,115.0,122.48,115.85,6.63,5.7229,7640.22,93225.091,2023-08-01
688272.SH,2021-11-19,54.99,55.98,54.23,55.3,55.38,-0.08,-0.1445,10908.02,59973.463,2023-08-01
688276.SH,2021-11-19,76.44,76.9,75.05,76.01,76.0,0.01,0.0132,5205.96,39453.435,2023-08-01
688277.SH,2021-11-19,22.0,22.54,21.91,22.33,21.95,0.38,1.7312,20696.76,46248.03,2023-08-01
688278.SH,2021-11-19,29.46,29.94,29.08,29.85,29.57,0.28,0.9469,9059.66,26690.638,2023-08-01
688280.SH,2021-11-19,20.41,21.65,20.18,20.6,20.38,0.22,1.0795,188595.17,395043.131,2023-08-01
688285.SH,2021-11-19,9.58,9.88,9.4,9.71,9.58,0.13,1.357,66706.98,64423.467,2023-08-01
688286.SH,2021-11-19,89.2,92.0,88.28,88.94,90.13,-1.19,-1.3203,4202.86,37587.323,2023-08-01
688288.SH,2021-11-19,34.8,39.38,34.66,38.15,35.56,2.59,7.2835,42432.23,156983.59,2023-08-01
688289.SH,2021-11-19,54.7,55.68,54.7,55.25,54.69,0.56,1.024,10382.29,57378.046,2023-08-01
688296.SH,2021-11-19,48.33,48.97,47.67,48.49,48.43,0.06,0.1239,3552.45,17201.08,2023-08-01
688298.SH,2021-11-19,147.01,148.76,145.03,146.12,147.0,-0.88,-0.5986,13951.98,203923.885,2023-08-01
688299.SH,2021-11-19,29.35,32.0,28.88,31.6,29.35,2.25,7.6661,114965.23,355626.545,2023-08-01
688300.SH,2021-11-19,88.6,92.69,87.58,92.0,88.0,4.0,4.5455,10570.63,96468.898,2023-08-01
688301.SH,2021-11-19,483.8,498.5,479.14,483.88,481.94,1.94,0.4025,4241.79,206678.058,2023-08-01
688303.SH,2021-11-19,70.0,70.5,68.7,69.99,70.08,-0.09,-0.1284,83893.69,582996.372,2023-08-01
688305.SH,2021-11-19,121.38,125.35,119.2,124.46,121.38,3.08,2.5375,8716.88,107021.053,2023-08-01
688308.SH,2021-11-19,70.4,72.69,69.4,70.59,70.05,0.54,0.7709,10228.35,72858.581,2023-08-01
688309.SH,2021-11-19,20.85,21.08,20.5,21.04,20.92,0.12,0.5736,3278.35,6814.447,2023-08-01
688310.SH,2021-11-19,42.36,44.55,42.35,44.0,42.33,1.67,3.9452,5566.95,24384.407,2023-08-01
688311.SH,2021-11-19,74.83,74.85,72.88,74.12,74.88,-0.76,-1.015,14913.41,110410.076,2023-08-01
688312.SH,2021-11-19,27.51,28.1,27.45,27.9,27.41,0.49,1.7877,6466.44,18031.496,2023-08-01
688313.SH,2021-11-19,12.92,13.49,12.8,13.1,12.77,0.33,2.5842,65637.3,86506.858,2023-08-01
688314.SH,2021-11-19,69.95,75.77,69.24,74.14,70.4,3.74,5.3125,6354.68,46454.458,2023-08-01
688315.SH,2021-11-19,49.9,50.97,48.32,49.28,50.0,-0.72,-1.44,17971.86,88667.925,2023-08-01
688316.SH,2021-11-19,53.78,57.58,53.38,56.63,53.78,2.85,5.2994,4485.53,25156.645,2023-08-01
688317.SH,2021-11-19,50.74,51.0,49.88,50.76,50.2,0.56,1.1155,7225.33,36507.923,2023-08-01
688318.SH,2021-11-19,140.53,147.66,140.53,145.74,141.29,4.45,3.1496,5726.44,82664.135,2023-08-01
688319.SH,2021-11-19,32.5,33.17,32.15,32.61,32.31,0.3,0.9285,4273.49,13961.841,2023-08-01
688321.SH,2021-11-19,36.9,37.5,36.81,37.25,36.98,0.27,0.7301,14819.21,55180.363,2023-08-01
688323.SH,2021-11-19,29.72,31.32,28.89,31.1,29.1,2.0,6.8729,16895.38,51518.878,2023-08-01
688328.SH,2021-11-19,41.6,42.9,41.19,42.5,41.9,0.6,1.432,14364.26,60322.801,2023-08-01
688329.SH,2021-11-19,38.59,40.43,38.01,40.04,38.26,1.78,4.6524,11122.09,44083.318,2023-08-01
688330.SH,2021-11-19,139.0,146.66,139.0,142.68,138.44,4.24,3.0627,18505.4,264497.489,2023-08-01
688333.SH,2021-11-19,226.7,227.78,224.11,226.92,226.8,0.12,0.0529,1696.95,38332.649,2023-08-01
688335.SH,2021-11-19,31.43,31.85,31.4,31.7,31.7,0.0,0.0,1330.28,4207.617,2023-08-01
688336.SH,2021-11-19,18.59,18.65,18.39,18.58,18.55,0.03,0.1617,4146.99,7684.211,2023-08-01
688338.SH,2021-11-19,44.29,44.58,43.5,44.42,43.91,0.51,1.1615,3198.12,14095.401,2023-08-01
688339.SH,2021-11-19,270.0,292.95,268.0,292.0,274.32,17.68,6.445,24118.67,689550.561,2023-08-01
688345.SH,2021-11-19,66.9,71.6,66.9,68.91,66.58,2.33,3.4995,35513.81,246455.183,2023-08-01
688350.SH,2021-11-19,21.15,21.9,21.15,21.79,21.37,0.42,1.9654,9094.3,19695.391,2023-08-01
688355.SH,2021-11-19,27.16,28.04,27.01,27.58,27.26,0.32,1.1739,11612.69,32027.384,2023-08-01
688356.SH,2021-11-19,362.0,366.6,353.53,359.3,361.0,-1.7,-0.4709,3572.6,128816.497,2023-08-01
688357.SH,2021-11-19,230.0,237.83,223.0,225.0,227.62,-2.62,-1.151,11158.02,256949.298,2023-08-01
688358.SH,2021-11-19,43.5,44.36,43.32,44.18,43.68,0.5,1.1447,3478.66,15229.287,2023-08-01
688359.SH,2021-11-19,56.0,58.09,55.11,56.48,56.45,0.03,0.0531,10342.65,58540.348,2023-08-01
688360.SH,2021-11-19,32.8,34.66,32.8,34.22,32.8,1.42,4.3293,21207.02,72215.632,2023-08-01
688363.SH,2021-11-19,165.61,166.9,164.1,164.65,165.9,-1.25,-0.7535,15576.37,257084.097,2023-08-01
688365.SH,2021-11-19,14.01,14.39,13.93,14.28,13.88,0.4,2.8818,20806.05,29579.447,2023-08-01
688366.SH,2021-11-19,127.89,129.42,125.0,125.84,127.9,-2.06,-1.6106,11358.11,143428.24,2023-08-01
688367.SH,2021-11-19,20.79,21.3,20.78,21.3,20.72,0.58,2.7992,8525.52,18001.499,2023-08-01
688368.SH,2021-11-19,315.0,318.03,310.0,316.3,315.0,1.3,0.4127,3201.27,100584.067,2023-08-01
688369.SH,2021-11-19,60.33,61.48,60.33,61.11,60.66,0.45,0.7418,4297.62,26231.351,2023-08-01
688377.SH,2021-11-19,15.84,16.68,15.83,16.4,15.89,0.51,3.2096,16029.21,26313.003,2023-08-01
688378.SH,2021-11-19,72.5,74.36,71.31,73.78,72.54,1.24,1.7094,8657.01,63008.913,2023-08-01
688379.SH,2021-11-19,20.38,21.09,20.27,20.76,20.36,0.4,1.9646,10128.46,20965.075,2023-08-01
688383.SH,2021-11-19,116.52,128.32,116.0,124.59,117.77,6.82,5.7909,15805.1,195824.633,2023-08-01
688385.SH,2021-11-19,49.9,50.98,49.42,49.51,50.06,-0.55,-1.0987,33346.96,166965.894,2023-08-01
688386.SH,2021-11-19,59.53,61.46,59.17,59.25,59.53,-0.28,-0.4704,3027.85,18112.936,2023-08-01
688388.SH,2021-11-19,139.34,149.5,139.34,146.21,138.99,7.22,5.1946,56925.95,830890.504,2023-08-01
688389.SH,2021-11-19,22.82,22.93,22.38,22.61,22.41,0.2,0.8925,19656.17,44550.901,2023-08-01
688390.SH,2021-11-19,406.98,444.87,406.01,442.33,412.0,30.33,7.3617,11537.61,497864.333,2023-08-01
688393.SH,2021-11-19,28.84,29.11,28.72,28.98,28.77,0.21,0.7299,2642.19,7643.476,2023-08-01
688395.SH,2021-11-19,29.82,31.49,29.63,30.24,29.85,0.39,1.3065,12972.56,39684.103,2023-08-01
688396.SH,2021-11-19,64.5,65.58,64.3,65.2,64.5,0.7,1.0853,80210.85,521727.487,2023-08-01
688398.SH,2021-11-19,48.68,48.97,47.4,48.0,49.0,-1.0,-2.0408,8118.01,39091.259,2023-08-01
688399.SH,2021-11-19,120.66,121.88,119.1,119.97,120.85,-0.88,-0.7282,4407.23,52970.013,2023-08-01
688408.SH,2021-11-19,220.98,242.18,217.03,237.5,217.98,19.52,8.9549,28058.99,661160.582,2023-08-01
688418.SH,2021-11-19,14.5,14.81,14.25,14.56,14.36,0.2,1.3928,9161.26,13367.801,2023-08-01
688425.SH,2021-11-19,4.94,4.98,4.92,4.95,4.95,0.0,0.0,126401.0,62466.029,2023-08-01
688456.SH,2021-11-19,29.31,29.87,29.07,29.42,29.07,0.35,1.204,12741.21,37504.064,2023-08-01
688466.SH,2021-11-19,20.75,21.06,20.61,20.88,20.7,0.18,0.8696,3961.18,8259.445,2023-08-01
688468.SH,2021-11-19,16.99,17.19,16.88,17.02,17.02,0.0,0.0,5863.43,9997.339,2023-08-01
688488.SH,2021-11-19,15.82,16.08,15.78,15.98,15.86,0.12,0.7566,7369.25,11744.409,2023-08-01
688499.SH,2021-11-19,284.49,287.96,275.98,283.1,287.92,-4.82,-1.6741,7342.09,206344.786,2023-08-01
688500.SH,2021-11-19,33.86,33.99,33.55,33.88,33.87,0.01,0.0295,2879.2,9727.115,2023-08-01
688501.SH,2021-11-19,16.15,16.43,16.15,16.39,16.17,0.22,1.3605,4269.81,6978.788,2023-08-01
688505.SH,2021-11-19,14.0,14.11,13.94,14.05,14.0,0.05,0.3571,12005.79,16853.527,2023-08-01
688508.SH,2021-11-19,138.76,146.22,138.76,144.48,138.31,6.17,4.461,16941.52,244905.057,2023-08-01
688509.SH,2021-11-19,6.05,6.17,6.05,6.14,6.08,0.06,0.9868,23932.62,14670.544,2023-08-01
688510.SH,2021-11-19,29.12,29.59,28.65,29.15,29.13,0.02,0.0687,22492.92,65528.821,2023-08-01
688511.SH,2021-11-19,60.15,60.76,59.72,60.03,60.1,-0.07,-0.1165,3097.44,18651.732,2023-08-01
688513.SH,2021-11-19,44.78,44.97,44.48,44.88,44.87,0.01,0.0223,6050.01,27040.306,2023-08-01
688516.SH,2021-11-19,228.47,236.8,225.51,233.8,227.55,6.25,2.7466,8887.99,205722.864,2023-08-01
688517.SH,2021-11-19,14.45,14.72,14.12,14.5,14.09,0.41,2.9099,18156.76,26222.297,2023-08-01
688518.SH,2021-11-19,46.49,46.49,43.7,44.84,45.97,-1.13,-2.4581,55511.93,248498.328,2023-08-01
688519.SH,2021-11-19,39.9,40.44,39.35,40.1,39.9,0.2,0.5013,23050.43,92178.349,2023-08-01
688520.SH,2021-11-19,56.06,56.68,53.86,54.77,55.63,-0.86,-1.5459,9505.17,52188.553,2023-08-01
688521.SH,2021-11-19,75.0,76.77,74.29,74.88,74.6,0.28,0.3753,38674.77,291385.98,2023-08-01
688526.SH,2021-11-19,26.27,26.35,25.7,26.33,26.26,0.07,0.2666,10505.46,27336.976,2023-08-01
688528.SH,2021-11-19,12.63,12.89,12.6,12.86,12.63,0.23,1.8211,4157.81,5314.648,2023-08-01
688529.SH,2021-11-19,31.97,33.1,31.38,32.62,31.55,1.07,3.3914,29052.06,94198.978,2023-08-01
688533.SH,2021-11-19,37.93,38.85,36.3,38.15,37.7,0.45,1.1936,51116.36,193586.525,2023-08-01
688536.SH,2021-11-19,807.88,856.68,792.0,816.0,808.0,8.0,0.9901,5140.64,419647.468,2023-08-01
688538.SH,2021-11-19,3.15,3.16,3.12,3.13,3.14,-0.01,-0.3185,187681.72,58824.21,2023-08-01
688550.SH,2021-11-19,103.55,104.52,101.74,102.4,103.81,-1.41,-1.3583,14996.89,154240.956,2023-08-01
688551.SH,2021-11-19,66.62,71.98,66.0,70.01,66.75,3.26,4.8839,12174.02,85459.693,2023-08-01
688553.SH,2021-11-19,34.54,35.08,34.48,34.78,34.46,0.32,0.9286,19795.75,68767.05,2023-08-01
688555.SH,2021-11-19,25.99,26.69,25.79,26.58,25.91,0.67,2.5859,2757.32,7286.16,2023-08-01
688556.SH,2021-11-19,82.0,90.18,81.19,86.6,83.35,3.25,3.8992,38467.28,332146.357,2023-08-01
688557.SH,2021-11-19,26.98,27.8,26.98,27.53,26.99,0.54,2.0007,2376.3,6508.793,2023-08-01
688558.SH,2021-11-19,48.9,50.69,48.41,50.06,48.86,1.2,2.456,23791.53,118225.4,2023-08-01
688559.SH,2021-11-19,69.81,70.0,64.0,67.45,69.17,-1.72,-2.4866,48693.5,325545.034,2023-08-01
688560.SH,2021-11-19,35.86,38.2,35.01,36.68,35.67,1.01,2.8315,33814.14,124616.718,2023-08-01
688561.SH,2021-11-19,93.27,95.38,93.27,94.31,93.83,0.48,0.5116,22587.47,213318.331,2023-08-01
688565.SH,2021-11-19,15.33,15.84,15.32,15.7,15.38,0.32,2.0806,8375.06,13114.774,2023-08-01
688566.SH,2021-11-19,21.02,21.55,20.81,21.14,21.02,0.12,0.5709,1778.31,3779.872,2023-08-01
688567.SH,2021-11-19,40.0,40.5,37.95,38.48,39.68,-1.2,-3.0242,245119.86,957764.823,2023-08-01
688568.SH,2021-11-19,74.18,76.68,73.58,76.18,74.33,1.85,2.4889,7973.59,59849.521,2023-08-01
688569.SH,2021-11-19,18.57,18.63,18.41,18.6,18.48,0.12,0.6494,4418.9,8186.877,2023-08-01
688571.SH,2021-11-19,8.26,8.45,8.26,8.42,8.29,0.13,1.5682,15574.41,13086.059,2023-08-01
688575.SH,2021-11-19,27.84,27.84,27.08,27.5,27.54,-0.04,-0.1452,8365.51,22852.895,2023-08-01
688577.SH,2021-11-19,65.9,67.99,64.05,66.49,65.96,0.53,0.8035,8161.64,53968.141,2023-08-01
688578.SH,2021-11-19,35.16,35.99,35.12,35.61,35.0,0.61,1.7429,23988.7,85339.313,2023-08-01
688579.SH,2021-11-19,11.45,11.5,11.21,11.44,11.36,0.08,0.7042,8775.52,9957.555,2023-08-01
688580.SH,2021-11-19,104.56,104.9,102.26,103.95,103.25,0.7,0.678,1620.86,16779.681,2023-08-01
688585.SH,2021-11-19,11.13,12.49,11.01,11.9,10.97,0.93,8.4777,49533.32,58290.041,2023-08-01
688586.SH,2021-11-19,31.99,32.87,31.6,32.35,31.97,0.38,1.1886,59060.39,190292.883,2023-08-01
688588.SH,2021-11-19,14.51,14.85,14.5,14.82,14.64,0.18,1.2295,19461.02,28654.934,2023-08-01
688589.SH,2021-11-19,48.02,55.88,48.02,54.75,48.02,6.73,14.015,56397.5,302262.954,2023-08-01
688590.SH,2021-11-19,18.28,18.44,17.8,18.28,17.72,0.56,3.1603,14811.92,26988.569,2023-08-01
688595.SH,2021-11-19,97.27,98.95,96.4,98.11,96.57,1.54,1.5947,15622.96,153053.281,2023-08-01
688596.SH,2021-11-19,29.33,29.4,28.32,28.95,28.9,0.05,0.173,49599.68,143160.698,2023-08-01
688597.SH,2021-11-19,12.82,13.68,12.82,13.54,12.8,0.74,5.7813,41527.85,55610.29,2023-08-01
688598.SH,2021-11-19,317.01,338.5,317.0,336.15,320.5,15.65,4.883,18274.46,603428.67,2023-08-01
688599.SH,2021-11-19,74.0,82.28,73.0,81.8,74.36,7.44,10.0054,328216.35,2547721.872,2023-08-01
688600.SH,2021-11-19,18.94,20.8,18.94,19.66,18.74,0.92,4.9093,57759.77,114784.246,2023-08-01
688601.SH,2021-11-19,175.12,186.2,174.58,184.26,175.4,8.86,5.0513,8603.16,156531.993,2023-08-01
688606.SH,2021-11-19,111.69,112.42,110.08,111.86,110.0,1.86,1.6909,1782.47,19869.67,2023-08-01
688607.SH,2021-11-19,38.47,38.88,37.52,38.45,37.18,1.27,3.4158,8385.05,32243.128,2023-08-01
688608.SH,2021-11-19,250.17,254.39,243.0,252.33,249.21,3.12,1.252,6927.21,173486.877,2023-08-01
688609.SH,2021-11-19,13.9,14.77,13.8,14.27,13.89,0.38,2.7358,87009.39,124725.053,2023-08-01
688611.SH,2021-11-19,93.41,96.4,90.67,94.14,92.3,1.84,1.9935,7939.75,75021.814,2023-08-01
688613.SH,2021-11-19,55.89,56.96,55.66,56.4,55.94,0.46,0.8223,5656.31,31900.304,2023-08-01
688616.SH,2021-11-19,13.32,13.68,13.32,13.54,13.29,0.25,1.8811,11459.21,15521.967,2023-08-01
688617.SH,2021-11-19,288.66,296.0,282.28,285.73,288.5,-2.77,-0.9601,5100.54,147112.597,2023-08-01
688618.SH,2021-11-19,42.9,43.89,42.51,43.61,42.88,0.73,1.7024,3356.41,14526.516,2023-08-01
688619.SH,2021-11-19,20.4,20.84,20.4,20.69,20.4,0.29,1.4216,8101.34,16751.268,2023-08-01
688621.SH,2021-11-19,118.5,120.3,117.8,119.02,118.6,0.42,0.3541,5934.81,70628.775,2023-08-01
688622.SH,2021-11-19,67.23,70.83,66.65,68.8,66.53,2.27,3.412,2745.11,18901.896,2023-08-01
688625.SH,2021-11-19,57.51,58.88,57.14,57.81,57.6,0.21,0.3646,5237.48,30347.831,2023-08-01
688626.SH,2021-11-19,56.46,57.9,55.39,55.79,56.35,-0.56,-0.9938,14055.63,79191.674,2023-08-01
688628.SH,2021-11-19,25.62,26.42,25.62,26.36,25.62,0.74,2.8884,4700.43,12284.675,2023-08-01
688630.SH,2021-11-19,72.13,75.61,71.43,74.29,71.42,2.87,4.0185,17970.85,133979.132,2023-08-01
688633.SH,2021-11-19,66.91,74.46,66.91,73.06,67.7,5.36,7.9173,11557.47,82502.562,2023-08-01
688636.SH,2021-11-19,164.21,168.2,163.11,163.9,166.06,-2.16,-1.3007,2497.24,41139.63,2023-08-01
688639.SH,2021-11-19,93.0,93.0,89.44,90.53,92.26,-1.73,-1.8751,5779.59,52391.214,2023-08-01
688655.SH,2021-11-19,18.85,19.77,18.7,19.55,18.84,0.71,3.7686,20025.49,38965.3,2023-08-01
688656.SH,2021-11-19,65.5,66.62,64.43,65.67,65.5,0.17,0.2595,3339.91,21945.896,2023-08-01
688658.SH,2021-11-19,22.1,22.11,21.72,21.97,22.12,-0.15,-0.6781,12238.51,26798.718,2023-08-01
688659.SH,2021-11-19,13.22,13.51,13.09,13.4,13.13,0.27,2.0564,13395.59,17919.951,2023-08-01
688660.SH,2021-11-19,14.12,14.75,14.03,14.59,14.23,0.36,2.5299,364936.81,525856.47,2023-08-01
688661.SH,2021-11-19,109.66,114.96,108.47,111.45,109.04,2.41,2.2102,8194.16,92085.354,2023-08-01
688662.SH,2021-11-19,38.19,41.39,38.19,40.74,38.15,2.59,6.789,18333.82,73662.629,2023-08-01
688663.SH,2021-11-19,60.04,64.97,60.0,62.5,59.8,2.7,4.5151,40604.93,255871.868,2023-08-01
688665.SH,2021-11-19,160.19,173.73,160.19,173.18,160.19,12.99,8.1091,7029.14,119000.559,2023-08-01
688667.SH,2021-11-19,168.73,173.0,164.0,168.19,167.01,1.18,0.7065,3746.41,63344.271,2023-08-01
688668.SH,2021-11-19,70.0,72.99,68.29,71.53,69.94,1.59,2.2734,16405.24,115973.083,2023-08-01
688669.SH,2021-11-19,35.26,35.95,34.71,35.38,35.59,-0.21,-0.5901,15234.72,53689.878,2023-08-01
688670.SH,2021-11-19,79.93,81.54,79.53,80.11,79.93,0.18,0.2252,5017.49,40171.765,2023-08-01
688676.SH,2021-11-19,35.16,35.7,33.0,34.5,35.79,-1.29,-3.6044,72693.33,248590.833,2023-08-01
688677.SH,2021-11-19,97.91,101.46,97.28,100.12,97.64,2.48,2.5399,3816.02,38270.952,2023-08-01
688678.SH,2021-11-19,33.26,34.17,32.49,33.41,32.88,0.53,1.6119,35116.03,117014.208,2023-08-01
688679.SH,2021-11-19,12.5,12.59,12.3,12.51,12.4,0.11,0.8871,8031.01,10008.465,2023-08-01
688680.SH,2021-11-19,308.11,362.21,306.12,352.0,312.7,39.3,12.568,14584.59,497736.124,2023-08-01
688681.SH,2021-11-19,23.67,24.18,22.86,23.1,24.15,-1.05,-4.3478,35953.26,83567.292,2023-08-01
688682.SH,2021-11-19,127.11,129.78,125.19,127.63,128.87,-1.24,-0.9622,1915.35,24516.452,2023-08-01
688683.SH,2021-11-19,25.64,27.22,25.64,26.73,25.8,0.93,3.6047,8725.43,23184.964,2023-08-01
688685.SH,2021-11-19,31.0,32.2,30.2,30.62,30.47,0.15,0.4923,24282.91,75341.922,2023-08-01
688686.SH,2021-11-19,300.08,307.33,296.1,304.57,303.5,1.07,0.3526,2083.23,62869.978,2023-08-01
688687.SH,2021-11-19,24.56,25.52,24.56,24.91,24.34,0.57,2.3418,11017.29,27660.94,2023-08-01
688689.SH,2021-11-19,42.94,49.39,42.94,48.1,42.83,5.27,12.3045,66039.17,307327.479,2023-08-01
688690.SH,2021-11-19,86.68,88.06,85.39,87.56,87.0,0.56,0.6437,8648.87,75092.862,2023-08-01
688696.SH,2021-11-19,567.79,571.0,555.0,565.0,570.99,-5.99,-1.0491,2717.07,152712.553,2023-08-01
688697.SH,2021-11-19,19.01,19.9,19.01,19.32,19.1,0.22,1.1518,73698.89,143421.508,2023-08-01
688698.SH,2021-11-19,25.56,25.97,24.97,25.11,25.5,-0.39,-1.5294,17825.13,45142.33,2023-08-01
688699.SH,2021-11-19,207.08,210.59,202.0,210.2,206.6,3.6,1.7425,12278.93,254238.471,2023-08-01
688700.SH,2021-11-19,86.55,90.99,85.89,90.12,86.75,3.37,3.8847,13300.8,118934.683,2023-08-01
688701.SH,2021-11-19,12.69,13.1,12.63,13.05,12.69,0.36,2.8369,20200.67,26112.365,2023-08-01
688707.SH,2021-11-19,49.0,53.0,48.92,51.49,48.92,2.57,5.2535,73156.1,375595.301,2023-08-01
688711.SH,2021-11-19,150.0,162.3,149.44,153.2,152.59,0.61,0.3998,15205.34,237947.112,2023-08-01
688718.SH,2021-11-19,36.01,37.5,35.11,35.5,36.65,-1.15,-3.1378,31754.49,113841.881,2023-08-01
688722.SH,2021-11-19,15.69,16.29,15.41,16.19,15.73,0.46,2.9243,44661.83,70701.345,2023-08-01
688728.SH,2021-11-19,31.8,32.23,31.61,32.05,31.75,0.3,0.9449,61560.6,196790.858,2023-08-01
688733.SH,2021-11-19,71.33,74.97,71.33,72.45,71.09,1.36,1.9131,21961.65,160659.602,2023-08-01
688737.SH,2021-11-19,53.8,56.36,53.11,55.41,53.84,1.57,2.916,19079.61,104678.088,2023-08-01
688739.SH,2021-11-19,78.02,78.52,77.68,78.41,78.09,0.32,0.4098,14174.84,110812.953,2023-08-01
688766.SH,2021-11-19,411.11,437.99,411.1,437.0,413.25,23.75,5.7471,5980.26,257166.828,2023-08-01
688767.SH,2021-11-19,61.41,63.11,60.61,62.96,61.0,1.96,3.2131,12521.63,77991.059,2023-08-01
688768.SH,2021-11-19,116.03,117.99,111.84,112.44,117.81,-5.37,-4.5582,4251.95,48457.217,2023-08-01
688772.SH,2021-11-19,64.6,64.6,57.77,58.77,62.78,-4.01,-6.3874,115566.0,686638.832,2023-08-01
688776.SH,2021-11-19,209.76,214.77,204.1,205.1,211.73,-6.63,-3.1313,6107.75,127666.087,2023-08-01
688777.SH,2021-11-19,87.2,92.17,87.2,91.06,87.9,3.16,3.595,14749.75,133983.651,2023-08-01
688778.SH,2021-11-19,115.0,119.0,113.5,114.67,111.45,3.22,2.8892,43190.56,501485.744,2023-08-01
688779.SH,2021-11-19,26.62,27.95,26.62,26.8,26.67,0.13,0.4874,245846.24,667589.846,2023-08-01
688786.SH,2021-11-19,56.31,57.35,54.5,56.01,56.88,-0.87,-1.5295,4189.73,23344.1,2023-08-01
688787.SH,2021-11-19,74.05,88.82,74.05,88.82,74.02,14.8,19.9946,17558.5,147358.486,2023-08-01
688788.SH,2021-11-19,138.63,140.88,136.89,139.6,138.5,1.1,0.7942,8046.0,111618.541,2023-08-01
688789.SH,2021-11-19,304.0,310.98,284.86,293.0,306.0,-13.0,-4.2484,3834.34,113448.129,2023-08-01
688793.SH,2021-11-19,105.0,107.86,103.66,104.69,105.28,-0.59,-0.5604,3432.95,36078.39,2023-08-01
688798.SH,2021-11-19,232.55,234.69,226.5,228.0,231.0,-3.0,-1.2987,5008.78,114888.905,2023-08-01
688799.SH,2021-11-19,39.59,40.77,39.58,40.63,39.07,1.56,3.9928,11246.6,45464.576,2023-08-01
688800.SH,2021-11-19,118.0,123.37,116.85,121.2,120.3,0.9,0.7481,9194.43,110768.871,2023-08-01
688819.SH,2021-11-19,45.3,48.28,45.11,47.74,45.66,2.08,4.5554,77913.51,368668.236,2023-08-01
688981.SH,2021-11-19,54.56,54.89,54.3,54.71,54.57,0.14,0.2566,223466.41,1219942.4,2023-08-01
830799.BJ,2021-11-19,15.9,16.1,15.88,16.01,15.9,0.11,0.6918,4167.82,6668.441,2023-08-01
830832.BJ,2021-11-19,8.91,9.09,8.86,8.95,8.85,0.1,1.1299,9382.3,8426.078,2023-08-01
830839.BJ,2021-11-19,9.68,9.69,9.28,9.41,9.67,-0.26,-2.6887,7789.85,7308.505,2023-08-01
830946.BJ,2021-11-19,9.18,9.18,8.18,8.74,9.09,-0.35,-3.8504,65178.45,55363.486,2023-08-01
830964.BJ,2021-11-19,5.25,5.26,5.14,5.15,5.23,-0.08,-1.5296,28463.78,14719.517,2023-08-01
831010.BJ,2021-11-19,7.02,7.66,6.85,7.47,7.28,0.19,2.6099,103893.66,75485.564,2023-08-01
831039.BJ,2021-11-19,9.35,9.35,8.81,9.16,9.34,-0.18,-1.9272,8647.08,7799.115,2023-08-01
831305.BJ,2021-11-19,30.37,30.7,29.53,30.39,29.9,0.49,1.6388,6147.93,18486.694,2023-08-01
831370.BJ,2021-11-19,6.26,6.29,6.07,6.2,6.25,-0.05,-0.8,13660.68,8395.423,2023-08-01
831445.BJ,2021-11-19,23.5,23.97,22.73,23.97,23.41,0.56,2.3921,3728.16,8743.691,2023-08-01
831726.BJ,2021-11-19,15.5,16.1,15.31,15.72,15.44,0.28,1.8135,9974.67,15750.242,2023-08-01
831768.BJ,2021-11-19,14.19,14.28,13.33,13.7,13.94,-0.24,-1.7217,10840.31,14686.855,2023-08-01
831832.BJ,2021-11-19,22.16,22.3,20.6,21.06,22.15,-1.09,-4.921,23922.47,50721.238,2023-08-01
831856.BJ,2021-11-19,10.0,10.07,9.7,9.89,9.92,-0.03,-0.3024,3423.97,3382.096,2023-08-01
831961.BJ,2021-11-19,23.8,23.95,23.37,23.71,23.62,0.09,0.381,4780.71,11314.887,2023-08-01
832000.BJ,2021-11-19,9.9,9.95,9.71,9.87,9.9,-0.03,-0.303,7792.19,7629.268,2023-08-01
832089.BJ,2021-11-19,15.26,15.28,15.0,15.26,15.12,0.14,0.9259,7412.66,11229.151,2023-08-01
832145.BJ,2021-11-19,15.27,15.41,14.14,14.4,15.22,-0.82,-5.3876,29375.14,42657.223,2023-08-01
832171.BJ,2021-11-19,19.75,19.95,18.7,18.9,19.27,-0.37,-1.9201,25229.54,48397.719,2023-08-01
832225.BJ,2021-11-19,9.84,9.86,9.39,9.47,9.68,-0.21,-2.1694,5067.67,4820.019,2023-08-01
832278.BJ,2021-11-19,10.03,10.18,9.91,10.12,10.0,0.12,1.2,3345.48,3345.781,2023-08-01
832566.BJ,2021-11-19,17.68,17.89,17.39,17.7,17.67,0.03,0.1698,3482.99,6134.21,2023-08-01
832735.BJ,2021-11-19,23.37,23.37,22.74,23.04,23.38,-0.34,-1.4542,2807.5,6428.583,2023-08-01
832885.BJ,2021-11-19,21.83,21.85,20.72,21.05,21.49,-0.44,-2.0475,4580.68,9638.543,2023-08-01
833266.BJ,2021-11-19,13.38,13.48,13.11,13.16,13.36,-0.2,-1.497,6102.85,8083.493,2023-08-01
833427.BJ,2021-11-19,11.75,11.9,11.62,11.79,11.79,0.0,0.0,3548.09,4160.622,2023-08-01
833454.BJ,2021-11-19,16.97,17.45,16.2,16.22,16.83,-0.61,-3.6245,45788.5,75979.668,2023-08-01
833509.BJ,2021-11-19,15.7,15.87,15.19,15.69,15.63,0.06,0.3839,6133.6,9542.618,2023-08-01
833523.BJ,2021-11-19,32.98,33.48,29.76,30.2,32.47,-2.27,-6.9911,31038.77,95550.871,2023-08-01
833819.BJ,2021-11-19,6.32,6.33,6.2,6.26,6.32,-0.06,-0.9494,42930.6,26856.723,2023-08-01
833873.BJ,2021-11-19,7.6,7.68,7.18,7.26,7.53,-0.27,-3.5857,52325.89,38329.648,2023-08-01
834021.BJ,2021-11-19,5.21,5.26,5.13,5.17,5.19,-0.02,-0.3854,27613.58,14242.474,2023-08-01
834415.BJ,2021-11-19,6.58,6.73,6.5,6.59,6.61,-0.02,-0.3026,18898.79,12454.727,2023-08-01
834475.BJ,2021-11-19,12.73,12.74,12.0,12.2,12.6,-0.4,-3.1746,8330.9,10171.175,2023-08-01
834599.BJ,2021-11-19,10.02,10.07,9.91,9.94,9.93,0.01,0.1007,13501.71,13460.411,2023-08-01
834682.BJ,2021-11-19,7.52,7.55,7.3,7.4,7.51,-0.11,-1.4647,12692.28,9374.229,2023-08-01
834765.BJ,2021-11-19,11.05,11.05,10.79,11.0,11.04,-0.04,-0.3623,2533.52,2760.66,2023-08-01
835174.BJ,2021-11-19,24.13,24.29,22.56,23.16,24.12,-0.96,-3.9801,7689.78,17749.776,2023-08-01
835184.BJ,2021-11-19,8.95,9.01,8.87,9.0,8.95,0.05,0.5587,2684.49,2393.613,2023-08-01
835185.BJ,2021-11-19,173.0,173.0,161.5,167.0,174.0,-7.0,-4.023,14731.05,244913.929,2023-08-01
835305.BJ,2021-11-19,20.85,20.88,20.15,20.24,20.54,-0.3,-1.4606,6261.98,12715.854,2023-08-01
835368.BJ,2021-11-19,106.46,107.95,103.95,105.0,105.0,0.0,0.0,5491.83,57747.011,2023-08-01
835508.BJ,2021-11-19,12.31,12.49,12.07,12.19,12.41,-0.22,-1.7728,3521.49,4300.492,2023-08-01
835640.BJ,2021-11-19,23.65,23.95,22.8,23.36,23.65,-0.29,-1.2262,10355.13,23950.031,2023-08-01
835670.BJ,2021-11-19,16.95,17.12,16.66,16.83,16.75,0.08,0.4776,7080.05,12005.909,2023-08-01
836077.BJ,2021-11-19,43.38,46.3,43.38,46.17,43.36,2.81,6.4806,35700.42,162789.128,2023-08-01
836149.BJ,2021-11-19,8.91,9.02,8.86,8.92,8.95,-0.03,-0.3352,3284.38,2925.538,2023-08-01
836239.BJ,2021-11-19,124.2,131.02,119.0,130.68,125.0,5.68,4.544,11034.99,137349.257,2023-08-01
836260.BJ,2021-11-19,23.08,23.08,20.52,20.8,22.78,-1.98,-8.6918,25265.3,53306.033,2023-08-01
836263.BJ,2021-11-19,6.29,6.31,6.13,6.23,6.3,-0.07,-1.1111,9252.08,5729.664,2023-08-01
836433.BJ,2021-11-19,8.93,8.93,8.58,8.7,8.9,-0.2,-2.2472,7207.45,6246.191,2023-08-01
836675.BJ,2021-11-19,9.99,10.11,9.92,10.04,9.98,0.06,0.6012,6041.44,6050.029,2023-08-01
836826.BJ,2021-11-19,13.5,14.75,13.36,14.28,13.3,0.98,7.3684,32014.74,45073.275,2023-08-01
836892.BJ,2021-11-19,19.16,19.4,18.0,18.63,19.13,-0.5,-2.6137,5129.33,9434.257,2023-08-01
837092.BJ,2021-11-19,32.1,32.28,30.11,30.6,31.8,-1.2,-3.7736,8757.0,26884.272,2023-08-01
837212.BJ,2021-11-19,16.88,17.72,16.78,17.7,16.55,1.15,6.9486,13483.19,23345.931,2023-08-01
837242.BJ,2021-11-19,14.2,14.47,13.65,13.82,14.14,-0.32,-2.2631,5288.58,7371.312,2023-08-01
837344.BJ,2021-11-19,25.63,25.9,24.81,25.15,25.31,-0.16,-0.6322,3694.87,9281.812,2023-08-01
838030.BJ,2021-11-19,6.76,6.77,6.33,6.53,6.66,-0.13,-1.952,22170.17,14349.452,2023-08-01
838163.BJ,2021-11-19,8.68,8.68,8.32,8.44,8.45,-0.01,-0.1183,2833.61,2389.64,2023-08-01
838275.BJ,2021-11-19,7.39,7.6,7.19,7.33,7.5,-0.17,-2.2667,12527.69,9180.513,2023-08-01
838924.BJ,2021-11-19,11.12,11.34,10.94,11.31,10.95,0.36,3.2877,12198.36,13598.38,2023-08-01
839167.BJ,2021-11-19,21.17,21.6,21.0,21.35,21.32,0.03,0.1407,6323.43,13414.526,2023-08-01
839680.BJ,2021-11-19,23.48,23.74,22.54,22.79,23.18,-0.39,-1.6825,17823.06,40677.74,2023-08-01
839729.BJ,2021-11-19,15.91,15.91,15.5,15.68,15.99,-0.31,-1.9387,4955.43,7748.94,2023-08-01
839946.BJ,2021-11-19,6.99,7.13,6.74,6.94,6.94,0.0,0.0,11161.36,7681.949,2023-08-01
870436.BJ,2021-11-19,24.27,24.6,22.71,22.9,23.96,-1.06,-4.424,27566.58,64144.077,2023-08-01
871396.BJ,2021-11-19,13.7,13.95,13.46,13.83,13.9,-0.07,-0.5036,2725.09,3718.271,2023-08-01
871553.BJ,2021-11-19,6.29,6.29,6.11,6.2,6.23,-0.03,-0.4815,6621.53,4091.158,2023-08-01
871642.BJ,2021-11-19,17.59,17.91,16.9,17.09,17.93,-0.84,-4.6849,6781.76,11604.865,2023-08-01
871981.BJ,2021-11-19,50.99,51.45,45.18,46.06,50.18,-4.12,-8.2104,21608.29,101427.99,2023-08-01
872925.BJ,2021-11-19,23.35,23.77,22.61,23.14,23.32,-0.18,-0.7719,3070.83,7043.35,2023-08-01
689009.SH,2021-11-19,62.37,62.56,60.3,60.87,62.57,-1.7,-2.717,18731.67,114216.266,2023-08-01
